3.297955032119914449e+02 8.917633832976445092e+02
3.297955032119914449e+02 8.917633832976445092e+02
3.367538940809968722e+02 8.948130841121495678e+02
3.449589041095890138e+02 8.987660695468914582e+02
3.528662486938349048e+02 9.024221525600836458e+02
3.608648363252376043e+02 9.052185850052798060e+02
3.705863991081382665e+02 9.078717948717949184e+02
3.790703703703703695e+02 9.103061728395061891e+02
3.891532258064515872e+02 9.130426267281105766e+02
4.006438053097344891e+02 9.147079646017699588e+02
4.096636971046770554e+02 9.161403118040088884e+02
4.187522026431718132e+02 9.177202643171806358e+02
4.302729281767955740e+02 9.189944751381215156e+02
4.399347826086956275e+02 9.202228260869565020e+02
4.478658798283261717e+02 9.204420600858369426e+02
4.554322033898305335e+02 9.201822033898305335e+02
4.612472406181015572e+02 9.200673289183223460e+02
4.673663793103448256e+02 9.194536637931034875e+02
4.742268266085059736e+02 9.187099236641221296e+02
4.803241758241758248e+02 9.183043956043956086e+02
4.868599779492833477e+02 9.176108048511576953e+02
4.945667789001122401e+02 9.178350168350168587e+02
5.012935153583617875e+02 9.176825938566553305e+02
5.077767857142857224e+02 9.179341517857143344e+02
5.151499999999999773e+02 9.178722222222222626e+02
5.204803149606299257e+02 9.178785151856018274e+02
5.260881696428571104e+02 9.173984375000000000e+02
5.312788671023964753e+02 9.163355119825707789e+02
5.345206703910614578e+02 9.149944134078211846e+02
5.374900221729490113e+02 9.134722838137472536e+02
5.395684093437151887e+02 9.114938820912124129e+02
5.404015748031496287e+02 9.094926884139482581e+02
5.406490649064905938e+02 9.072299229922991799e+02
5.404355895196506481e+02 9.050218340611353369e+02
5.393212719298245474e+02 9.034057017543859729e+02
5.378287526427061493e+02 9.009608879492600408e+02
5.362551130247577476e+02 8.986383207750269548e+02
5.350605405405405008e+02 8.965924324324324743e+02
5.345097402597402834e+02 8.945941558441558072e+02
5.343257328990227961e+02 8.923344191096633722e+02
5.351963519313304687e+02 8.903819742489270084e+02
5.369246119733924161e+02 8.889113082039910978e+02
5.397589576547230763e+02 8.881465798045602469e+02
5.430684491978610140e+02 8.877839572192513060e+02
5.473626492942453297e+02 8.872638436482084217e+02
5.528412526997840359e+02 8.876360691144708426e+02
5.580546875000000000e+02 8.887566964285714448e+02
5.639249183895539090e+02 8.891926006528835842e+02
5.718218262806235543e+02 8.910400890868596662e+02
5.794888143176733593e+02 8.921968680089485133e+02
5.880101123595505896e+02 8.935898876404494331e+02
5.981791713325867477e+02 8.950414333706606840e+02
6.075442329227323626e+02 8.971500559910414268e+02
6.172319309600862880e+02 8.987734627831715670e+02
6.267733990147783061e+02 9.022249589490968447e+02
6.331066878980891488e+02 9.037245222929935835e+02
6.393272357723577670e+02 9.069166666666666288e+02
6.425821678321677837e+02 9.040349650349650119e+02
6.427283763277692969e+02 9.006555386949924014e+02
6.417136514983351390e+02 8.955449500554939277e+02
6.383934426229508290e+02 8.952737704918032478e+02
6.347911802853436711e+02 8.901621271076523954e+02
6.287291169451074211e+02 8.856980906921240830e+02
6.206006711409396530e+02 8.817091722595077954e+02
6.134588100686498819e+02 8.781292906178489375e+02
6.054235423542354511e+02 8.744268426842684221e+02
5.959471365638765974e+02 8.703986784140969348e+02
5.879822024471635586e+02 8.669477196885428611e+02
5.800817679558010695e+02 8.645303867403314371e+02
5.715018050541516459e+02 8.623646209386281498e+02
5.632026431718061303e+02 8.598843612334801492e+02
5.536108647450110993e+02 8.585199556541019774e+02
5.431623036649214100e+02 8.575643979057591650e+02
5.353995609220636425e+02 8.565664105378705244e+02
5.282614240170031508e+02 8.559192348565355815e+02
5.213938753959873793e+02 8.552280887011615960e+02
5.154744680851064231e+02 8.549063829787233999e+02
5.100430107526881898e+02 8.549419354838710206e+02
5.032976190476190368e+02 8.549372294372294618e+02
4.972019230769230944e+02 8.546250000000000000e+02
4.907691489361702111e+02 8.546723404255319565e+02
4.829590958019375648e+02 8.543659849300322549e+02
4.758838709677419274e+02 8.550408602150537263e+02
4.685149572649572747e+02 8.555202991452991910e+02
4.604128342245989529e+02 8.563593582887700677e+02
4.542442348008385693e+02 8.570387840670859987e+02
4.485748691099476559e+02 8.572680628272250942e+02
4.425015839493136127e+02 8.581436114044350916e+02
4.383975535168195847e+02 8.591539245667686373e+02
4.354399585921324842e+02 8.597670807453415591e+02
4.337178683385579916e+02 8.613406478578892802e+02
4.327430910951893566e+02 8.630962128966223190e+02
4.325565843621399154e+02 8.648384773662551197e+02
4.332582644628099047e+02 8.672045454545454959e+02
4.344375000000000000e+02 8.697786016949152099e+02
4.358952879581152047e+02 8.722879581151833008e+02
4.379351464435146681e+02 8.756349372384937624e+02
4.399666666666666401e+02 8.783635416666667197e+02
4.414387550200802934e+02 8.806034136546185209e+02
4.420723014256619194e+02 8.829348268839104321e+02
4.423464249748237762e+02 8.846273917421954138e+02
4.416823176823176595e+02 8.865694305694305513e+02
4.390371113340020202e+02 8.870361083249749754e+02
4.350704800817160276e+02 8.882012257405515356e+02
4.307921686746988144e+02 8.883604417670683233e+02
4.245690376569037880e+02 8.880742677824267730e+02
4.180030895983522328e+02 8.881297631307929805e+02
4.121161356628982730e+02 8.870822199383350153e+02
4.047671794871794759e+02 8.864553846153845598e+02
3.964645093945720191e+02 8.857129436325678853e+02
3.875708108108108263e+02 8.838735135135135579e+02
3.775068637803590264e+02 8.818257655755015776e+02
3.684345114345114212e+02 8.801943866943867079e+02
3.599831223628692101e+02 8.792521097046413843e+02
3.507056410256410004e+02 8.781846153846154266e+02
3.440679999999999836e+02 8.782229999999999563e+02
3.391352459016393368e+02 8.788678278688524870e+02
3.356416243654822438e+02 8.798802030456853345e+02
3.332442105263157828e+02 8.813621052631579005e+02
3.328522114347356933e+02 8.829784250269686936e+02
3.342939297124600557e+02 8.862907348242811167e+02
3.381397288842544526e+02 8.893086548488008702e+02
3.429156378600823132e+02 8.923786008230453035e+02
3.493997965412004305e+02 8.963591047812817578e+02
3.567056410256410004e+02 8.997384615384615927e+02
3.631148577449947084e+02 9.021728134878819674e+02
3.711584051724137794e+02 9.059935344827586050e+02
3.795613048368953741e+02 9.083397075365579667e+02
3.886640271493212708e+02 9.111481900452488389e+02
3.995331125827814844e+02 9.135739514348786088e+02
4.104167573449401516e+02 9.146768226332970926e+02
4.195526036131774958e+02 9.166726886291179426e+02
4.293401069518716326e+02 9.185967914438502930e+02
4.378028322440086981e+02 9.197222222222221717e+02
4.445477707006369315e+02 9.201242038216560104e+02
4.514775641025640880e+02 9.202831196581196309e+02
4.575094936708860587e+02 9.206139240506329315e+02
4.628804347826086882e+02 9.196282608695652243e+02
4.700345211581291665e+02 9.196202672605791122e+02
4.768411316648530942e+02 9.191131664853101029e+02
4.829751351351351332e+02 9.192562162162162167e+02
4.904217907227616138e+02 9.188155339805824724e+02
4.975487012987013031e+02 9.188463203463203399e+02
5.038349726775956015e+02 9.187737704918032478e+02
5.112942453854506084e+02 9.188534201954397531e+02
5.176410810810810972e+02 9.185945945945945823e+02
5.230097508125677450e+02 9.185211267605633338e+02
5.288157602663707166e+02 9.173396226415094361e+02
5.330743534482758150e+02 9.165183189655172100e+02
5.357980456026058391e+02 9.149261672095548192e+02
5.379266958424507266e+02 9.131597374179431199e+02
5.397210065645514305e+02 9.111586433260393960e+02
5.399956188389923000e+02 9.090032858707558034e+02
5.392494600431965637e+02 9.070431965442764977e+02
5.382297008547008090e+02 9.045929487179487296e+02
5.371420882669536923e+02 9.022217438105490146e+02
5.354689507494646250e+02 8.999785867237687853e+02
5.332459546925566656e+02 8.971197411003236084e+02
5.317794273594910237e+02 8.952279957582184124e+02
5.310000000000000000e+02 8.930193756727663867e+02
5.310272628135223840e+02 8.912595419847327776e+02
5.325752979414951369e+02 8.901765980498374802e+02
5.353717948717949184e+02 8.893418803418803691e+02
5.395172786177105309e+02 8.884838012958963418e+02
5.434623541887592637e+02 8.881304347826087451e+02
5.489046587215601676e+02 8.882795232936077809e+02
5.543967032967033219e+02 8.888263736263736519e+02
5.596873638344226265e+02 8.893333333333333712e+02
5.665808580858085861e+02 8.904994499449944669e+02
5.740033557046980377e+02 8.923926174496643853e+02
5.811375422773393211e+02 8.935963923337091046e+02
5.904372918978912139e+02 8.954839067702553166e+02
5.997452513966480865e+02 8.966000000000000227e+02
6.078064516129031745e+02 8.976682027649769680e+02
6.157392290249432563e+02 8.993684807256236127e+02
6.218506944444444571e+02 9.032864583333333712e+02
6.266656151419558682e+02 9.010252365930599581e+02
6.313102941176470040e+02 9.012338235294117794e+02
6.329357021996615913e+02 9.007394247038917001e+02
6.347584745762711691e+02 8.980692090395480136e+02
6.329563253012048563e+02 8.960361445783132694e+02
6.305077881619937443e+02 8.932476635514018426e+02
6.263994811932554967e+02 8.891919584954604261e+02
6.210185873605947791e+02 8.859714993804212781e+02
6.154084682440847018e+02 8.822777085927771168e+02
6.103851276359600888e+02 8.787658157602663778e+02
6.036703296703296928e+02 8.750626373626373606e+02
5.958563474387527776e+02 8.714342984409800010e+02
5.883386004514673004e+02 8.679480812641083958e+02
5.785251875669881656e+02 8.654619506966773770e+02
5.681556039173013914e+02 8.623384113166484894e+02
5.600284463894967075e+02 8.606433260393872615e+02
5.505141304347826008e+02 8.587097826086956047e+02
5.421517761033369425e+02 8.571216361679224747e+02
5.357823779193205382e+02 8.566783439490445744e+02
5.294648187633262069e+02 8.556439232409381930e+02
5.236723404255319565e+02 8.553287234042553564e+02
5.184584681769148347e+02 8.548522114347357501e+02
5.130075107296137276e+02 8.547103004291845991e+02
5.068341968911917093e+02 8.547886010362694833e+02
5.002779552715654745e+02 8.546954206602769091e+02
4.928450413223140458e+02 8.551022727272727479e+02
4.851837381203801556e+02 8.547170010559661932e+02
4.787709437963944765e+02 8.549936373276776749e+02
4.706439957492029862e+02 8.555398512221041756e+02
4.626949152542372872e+02 8.555889830508474461e+02
4.565850487540628251e+02 8.558873239436619542e+02
4.507441113490364160e+02 8.566124197002141045e+02
4.460400421496311765e+02 8.574162276080083984e+02
4.431759834368530164e+02 8.584368530020703929e+02
4.415731832139201742e+02 8.602374616171955495e+02
4.397963152507676341e+02 8.616489252814739075e+02
4.390119760479041702e+02 8.637205588822355367e+02
4.388321392016376876e+02 8.654155578300920979e+02
4.397599591419815965e+02 8.680520939734423109e+02
4.415816115702479578e+02 8.707479338842974812e+02
4.436248715313463435e+02 8.735231243576566840e+02
4.456680761099365782e+02 8.765380549682874971e+02
4.468603696098562637e+02 8.790472279260779942e+02
4.476149843912590995e+02 8.816597294484911345e+02
4.480675537359263103e+02 8.838935516888434449e+02
4.466505154639175430e+02 8.848443298969071975e+02
4.443597938144329760e+02 8.861659793814433215e+02
4.408669396110542493e+02 8.865731832139201742e+02
4.369083419155509773e+02 8.864778578784757883e+02
4.316708463949843235e+02 8.862330198537094930e+02
4.254216494845360899e+02 8.862051546391752481e+02
4.196843783209351955e+02 8.857290116896917880e+02
4.127217573221757334e+02 8.845251046025105097e+02
4.043567681007345413e+02 8.836589716684155746e+02
3.961775401069518807e+02 8.827540106951871621e+02
3.869717698154180425e+02 8.817633007600434212e+02
3.780952890792291328e+02 8.799197002141327175e+02
3.711457233368532229e+02 8.786156282998944107e+02
3.634839710444674097e+02 8.786173733195449813e+02
3.560309278350515569e+02 8.767154639175257671e+02
3.507623762376237551e+02 8.768855885588558294e+02
3.467731277533039815e+02 8.769096916299560007e+02
3.445612134344528954e+02 8.784160346695557564e+02
3.451211801896733391e+02 8.816775553213909689e+02
