6.247980730630268908e+02 7.405254917703733781e+02
6.231452922077921812e+02 7.406250000000000000e+02
6.198789294817331665e+02 7.402816482582837807e+02
6.168017391304348394e+02 7.400147826086956684e+02
6.144519927536232444e+02 7.395742753623188719e+02
6.137693718477762559e+02 7.397721228794131321e+02
6.136741889985895568e+02 7.392628114715562333e+02
6.147448397013614567e+02 7.405406236275802030e+02
6.167434689507495023e+02 7.406458244111348677e+02
6.187560873215785477e+02 7.410831234256927473e+02
6.198073770491803316e+02 7.403918032786884851e+02
6.197252435064934843e+02 7.403831168831168270e+02
6.173408427200668029e+02 7.393629536921151839e+02
6.111689895470383362e+02 7.380997386759581786e+02
6.084455227172475134e+02 7.378381120423466655e+02
6.081244302643573292e+02 7.371221513217866459e+02
6.098595936794582713e+02 7.368555304740406200e+02
6.131752080595707639e+02 7.375869469995619738e+02
6.163928724774581269e+02 7.376826964362387571e+02
6.204878863826231736e+02 7.390242272347535391e+02
6.239093877551019887e+02 7.399763265306122548e+02
6.248779495524817094e+02 7.401899918633034758e+02
6.231700652528547835e+02 7.406439641109298009e+02
6.199527860484899975e+02 7.407043811144194478e+02
6.170695728753853473e+02 7.402461470717745442e+02
6.137740909090908872e+02 7.404668181818182120e+02
