6.142217573221756766e+02 7.396552301255229622e+02
6.146544698544698804e+02 7.396548856548856747e+02
6.159741853575962978e+02 7.395391451544646770e+02
6.171514505119454270e+02 7.392312286689419807e+02
6.186407236011779105e+02 7.397538914598233077e+02
6.207101142615319986e+02 7.395878121032585568e+02
6.211872088098263021e+02 7.397674714104192617e+02
6.208262336566849626e+02 7.400388021931673848e+02
6.209509888220120502e+02 7.396650902837488957e+02
6.217737746124843170e+02 7.398303309593632093e+02
6.221385064664164020e+02 7.398552357113057951e+02
6.220066777963272671e+02 7.400333889816361079e+02
6.216867219917012335e+02 7.403398340248962768e+02
6.216749792186201375e+02 7.402032418952618400e+02
6.217996640067199223e+02 7.400134397312053807e+02
6.216718162839248407e+02 7.399298538622128945e+02
6.217142857142856656e+02 7.397555836493889956e+02
6.217345575959933512e+02 7.401606844741235136e+02
6.218829654310703745e+02 7.401874219075385781e+02
6.218375571250519442e+02 7.403078520980473058e+02
6.217108433734939581e+02 7.403207312006646816e+02
6.205350291909925318e+02 7.397635529608006664e+02
6.194187234042552745e+02 7.394919148936170359e+02
6.186223067173636991e+02 7.399256442754541467e+02
6.178446969696969973e+02 7.397685185185184764e+02
6.167383333333333439e+02 7.398799999999999955e+02
6.152464135021097036e+02 7.398118143459915927e+02
6.150315258511980119e+02 7.398209331651954699e+02
6.156652666946661157e+02 7.396640067198655970e+02
6.158909952606635443e+02 7.392813442481689208e+02
6.155585355470412878e+02 7.396611323967646285e+02
6.154211195928753568e+02 7.397141645462255610e+02
6.157405036278275929e+02 7.396248399487835741e+02
6.151724872231686732e+02 7.394620954003406723e+02
6.150739299610894477e+02 7.391915261565067112e+02
6.149952442715089092e+02 7.392814526588845183e+02
6.160198190435157812e+02 7.395678586816027291e+02
6.160144989339019048e+02 7.399053304904051629e+02
6.162489251934651975e+02 7.398116938950988697e+02
6.170829769033362027e+02 7.400680068434559189e+02
6.176731517509728064e+02 7.395620406398616069e+02
6.189868131868131513e+02 7.393648351648351991e+02
6.207349978098992551e+02 7.397932544897065554e+02
6.219494505494506029e+02 7.401349450549450921e+02
6.217559704732957471e+02 7.400529743812418246e+02
