6.167254063301967335e+02 7.394225834046193313e+02
6.187929687500000000e+02 7.399123263888889142e+02
6.198377325832972247e+02 7.400558199913457429e+02
6.198374193548387439e+02 7.398563440860215223e+02
6.196751700680272279e+02 7.397784863945578309e+02
6.205987041036717073e+02 7.396345572354211981e+02
6.213301011804384189e+02 7.400910623946036822e+02
6.216602316602317160e+02 7.402955812955813144e+02
6.215772357723577670e+02 7.402481814291827504e+02
6.212656317378180120e+02 7.398732212160414292e+02
6.214579239641178674e+02 7.401072191371208646e+02
6.208204360837964941e+02 7.400517315091919954e+02
6.195614561027837226e+02 7.395974304068522542e+02
6.189328802039082120e+02 7.397769753610874659e+02
6.186979609175871246e+02 7.399800339847068926e+02
6.183441226575808969e+02 7.402367972742760003e+02
6.156521186440677411e+02 7.400499999999999545e+02
6.149093543046357127e+02 7.403762417218542851e+02
6.147128547579299038e+02 7.400292153589315376e+02
6.147442540743836616e+02 7.400150438779774049e+02
6.141774397972116049e+02 7.402446134347275120e+02
6.136041666666666288e+02 7.405095833333333530e+02
6.140126422250316409e+02 7.402203961230510458e+02
6.149194686591946493e+02 7.404479036944790096e+02
6.154267223382046268e+02 7.399949895615866353e+02
6.156902876198415697e+02 7.398636932055022726e+02
6.159803017602682758e+02 7.397971500419110953e+02
6.163219553308049399e+02 7.396447534766118679e+02
6.176724502750740839e+02 7.400749047820567057e+02
6.194792291220556990e+02 7.401134903640256653e+02
6.195912190963341573e+02 7.393256606990622686e+02
6.192005152425933829e+02 7.391841992271361050e+02
6.203435897435897459e+02 7.392341880341880369e+02
