6.178655352480417378e+02 7.401518711923412184e+02
6.175372601517179874e+02 7.401329763498438297e+02
6.182273526824977807e+02 7.402321899736148225e+02
6.194400000000000546e+02 7.403410989010989169e+02
6.191203501094091735e+02 7.400787746170677792e+02
6.182357723577235902e+02 7.398635002139494645e+02
6.176493731085171248e+02 7.403497622135754455e+02
6.173931769722814806e+02 7.403535181236674134e+02
6.179454701588664420e+02 7.402395878059253391e+02
6.179618644067796822e+02 7.400885593220339160e+02
6.173611708996986636e+02 7.402811020232458077e+02
6.171500426257459821e+02 7.403755328218244358e+02
6.168581344902386263e+02 7.407154013015184546e+02
6.165054182921543315e+02 7.406289553532726586e+02
6.167870129870129858e+02 7.399623376623376316e+02
6.177172503242542234e+02 7.401781236489407547e+02
6.191823275862069522e+02 7.402767241379310690e+02
6.204528954191875982e+02 7.398124459809853306e+02
6.198982035928144114e+02 7.400881094952951571e+02
6.188718505647262873e+02 7.399109470026064628e+02
6.178210890233361852e+02 7.402752808988764173e+02
6.178203566768160044e+02 7.403671161374510348e+02
6.191633275261324343e+02 7.403144599303135465e+02
6.195442708333333712e+02 7.399314236111110858e+02
