6.189394972305070723e+02 7.391256923732424866e+02
6.178142978003384087e+02 7.393248730964467086e+02
6.176029411764706083e+02 7.393852941176470495e+02
6.174543542280184738e+02 7.395103071098022838e+02
6.169035274118147072e+02 7.391041223969400562e+02
6.174112762237762126e+02 7.383269230769230944e+02
6.172297238053484989e+02 7.382639193336256085e+02
6.169285095320624350e+02 7.386178509532062435e+02
6.169807439824945732e+02 7.387908096280087875e+02
6.175123404255318746e+02 7.395357446808510531e+02
6.177377189235369315e+02 7.393101238786842941e+02
6.177271157167530191e+02 7.392767702936096157e+02
6.176485900216920299e+02 7.389973969631236059e+02
6.171919584954604261e+02 7.388625162127107160e+02
6.168016386373436717e+02 7.390470030185424548e+02
6.167722435078757144e+02 7.394108131119625114e+02
6.164107830551989764e+02 7.394694052203680030e+02
6.167617003005582319e+02 7.393434950622585120e+02
6.169111394557822905e+02 7.394846938775509670e+02
6.170672664952870718e+02 7.390488431876606228e+02
6.174643463497453695e+02 7.393692699490661653e+02
6.168022959183673493e+02 7.395085034013605991e+02
6.154978411053540412e+02 7.390699481865284497e+02
6.155230249260667961e+02 7.396366708914237051e+02
6.149545454545454959e+02 7.392585763293310492e+02
