6.229646808510638039e+02 7.402719148936170086e+02
6.264694236691597098e+02 7.400849098108227508e+02
6.310811744386874125e+02 7.408186528497409427e+02
6.344358426005132969e+02 7.411548331907613374e+02
6.367754580315296380e+02 7.411175969322539459e+02
6.385025295109612671e+02 7.414456155143338947e+02
6.400617858654253496e+02 7.414011849344053644e+02
6.412815410668924869e+02 7.416130397967823455e+02
6.427413868294810300e+02 7.408874836458787740e+02
6.438653344917463528e+02 7.407775847089487797e+02
6.450869936034115426e+02 7.412562899786780690e+02
6.462994945240101288e+02 7.409844144903116785e+02
6.476742043551088273e+02 7.406934673366833977e+02
6.488776389487289862e+02 7.403429556225764827e+02
6.497160909856781927e+02 7.400210614995787637e+02
6.507899872719558516e+02 7.398256257955027877e+02
6.514679133021674033e+02 7.397564810879728157e+02
6.514978973927670722e+02 7.396829268292682400e+02
6.518180661577607680e+02 7.397400339270568566e+02
6.519881104033970587e+02 7.396033970276008631e+02
6.524538101319710677e+02 7.395823754789272471e+02
6.528083579569438371e+02 7.394905023216547306e+02
6.532914358755858757e+02 7.392910097997443017e+02
6.534849128771780897e+02 7.391997450063748829e+02
6.536431305827308051e+02 7.393215652913653457e+02
6.540244006849314928e+02 7.390136986301370143e+02
6.542687393526405231e+02 7.389471890971038874e+02
6.541799914493373080e+02 7.386934587430525880e+02
6.540291720291720594e+02 7.385075075075075119e+02
6.539717344753747739e+02 7.387940042826552371e+02
6.530545375218150639e+02 7.381452879581152047e+02
6.525622837370242451e+02 7.382772491349480788e+02
6.517687961755758579e+02 7.382368535419383306e+02
6.509482020547944785e+02 7.379841609589041127e+02
6.500647388864911136e+02 7.375558912386707107e+02
6.491855848079412681e+02 7.374484246870953257e+02
6.488376651043886341e+02 7.376731998295696258e+02
6.481870229007633952e+02 7.378888888888889142e+02
6.475247148288973449e+02 7.379370511195605786e+02
6.463807692307692605e+02 7.372786324786325167e+02
6.458742640874684184e+02 7.376097560975609895e+02
6.450560985975350832e+02 7.375193370165745819e+02
6.437886597938144178e+02 7.372697594501718186e+02
6.431125429553264894e+02 7.375481099656357173e+02
6.416693790149893175e+02 7.377961456102783586e+02
6.398187363834422285e+02 7.381546840958606026e+02
6.385650493774152210e+02 7.385130957492485777e+02
6.370929432013768974e+02 7.385228055077452609e+02
6.360086730268864130e+02 7.383807458803122472e+02
6.348686956521738693e+02 7.384778260869564974e+02
6.338793706293706691e+02 7.385769230769230944e+02
6.323617391304347848e+02 7.388830434782609018e+02
6.312215136054421691e+02 7.393282312925169890e+02
6.295998307952622781e+02 7.393938240270728102e+02
6.274052918941621328e+02 7.394094918101637859e+02
6.256805614632071411e+02 7.393126329221607875e+02
6.234362558238034353e+02 7.391698432867428892e+02
6.206752861381941102e+02 7.391182704535819994e+02
6.172342116269343251e+02 7.390577164366374063e+02
6.129872177247550553e+02 7.387963357477631234e+02
6.084802188552188227e+02 7.390761784511784072e+02
6.053316348195329510e+02 7.389053078556263472e+02
6.028188405797101268e+02 7.384923273657288973e+02
6.009176076955249073e+02 7.385729820158928760e+02
5.996326963906582250e+02 7.378220806794055306e+02
5.981478000854335733e+02 7.377150790260571966e+02
5.963055673608159850e+02 7.377475563110922394e+02
5.952433817250213224e+02 7.379419299743808551e+02
5.939372294372294618e+02 7.383186147186147537e+02
5.913514417049727854e+02 7.394061847053907286e+02
5.901659716430358458e+02 7.397919099249374995e+02
5.886933783213834204e+02 7.396887389287220458e+02
5.881939163498099106e+02 7.396235741444867244e+02
5.876433067561896451e+02 7.399492236676458106e+02
5.868693617021276623e+02 7.401702127659574444e+02
5.865697969543147110e+02 7.402208121827411560e+02
5.861641541038526384e+02 7.404664991624790673e+02
5.858319863887707015e+02 7.402577626541897189e+02
5.857251063829787654e+02 7.403736170212765728e+02
5.856920796272765983e+02 7.404286319356205013e+02
5.850418760469011659e+02 7.407855946398659626e+02
5.845761561306745762e+02 7.408820534577853323e+02
5.840583723902855127e+02 7.408998721772475164e+02
5.839427238014425257e+02 7.411739499363598043e+02
5.839246575342465349e+02 7.411930650684931834e+02
5.836781024989411435e+02 7.411846675137653619e+02
5.838324808184142967e+02 7.412395566922421040e+02
5.842606292517007205e+02 7.414119897959183163e+02
5.851981212638770558e+02 7.413727583262168537e+02
5.862012765957447300e+02 7.414502127659574171e+02
5.866511427339370357e+02 7.411556705476498337e+02
5.873082868183770415e+02 7.412902533276084114e+02
5.873970212765957513e+02 7.415093617021276486e+02
5.879474130619169046e+02 7.416234096692112416e+02
5.884997867803838290e+02 7.421036247334754989e+02
5.889663543441226921e+02 7.424582623509369341e+02
5.896506994489189992e+02 7.424752013565070001e+02
5.902171331636980085e+02 7.423422391857506000e+02
5.912431289640592240e+02 7.424224101479915134e+02
5.922555178268250984e+02 7.421379456706281417e+02
5.934586882453152157e+02 7.416967632027257196e+02
5.947843560933448543e+02 7.416737251512532794e+02
5.956690893544249548e+02 7.415489525438221108e+02
5.970433305012744540e+02 7.415611724723873976e+02
5.989652061855670127e+02 7.410262027491409071e+02
6.001355498721227377e+02 7.406236146632566033e+02
6.007532852903773346e+02 7.404857990674014445e+02
6.016038216560509682e+02 7.404488322717621713e+02
6.026617583369423983e+02 7.402152446946730606e+02
6.041410311035364202e+02 7.407375372816361505e+02
6.061335631193451263e+02 7.407871607065919761e+02
6.078213367609254192e+02 7.406289631533848024e+02
6.100639999999999645e+02 7.405566315789474174e+02
6.127130289065772786e+02 7.403447842480100007e+02
6.159112903225806122e+02 7.398348896434634980e+02
6.196509754028837733e+02 7.399151823579304619e+02
6.239902953586497460e+02 7.401261603375527329e+02
6.270436625688851109e+02 7.406011021619329995e+02
6.303099137931034193e+02 7.405866379310344882e+02
6.327923566878980637e+02 7.408169851380042701e+02
6.346044934294192217e+02 7.411335311572699993e+02
6.358541315345700013e+02 7.410202360876896819e+02
6.371080034423407596e+02 7.405512048192771317e+02
6.382045552213149904e+02 7.406299957026213860e+02
6.391965591397849948e+02 7.407311827956989418e+02
6.405185025817555697e+02 7.407091222030981044e+02
6.418345572354211299e+02 7.405580993520518405e+02
6.428997451146983622e+02 7.404188615123194950e+02
6.441416561580496136e+02 7.400416141235813257e+02
6.450702127659574217e+02 7.394310638297872629e+02
6.457395525538202037e+02 7.394516673701983791e+02
6.467391489361701815e+02 7.395255319148935769e+02
6.469072340425532275e+02 7.393212765957447345e+02
6.472396411789833337e+02 7.393020076890218206e+02
6.473107466551575726e+02 7.390422960725074972e+02
6.481619658119658425e+02 7.390670940170940639e+02
6.487953865869286574e+02 7.392904741563434072e+02
6.496077512776831782e+02 7.393368824531515884e+02
