5.461352964584162919e+02 7.114695582968563485e+02
5.440003940110323128e+02 7.133877068557919756e+02
5.448999598232221615e+02 7.161108879067899124e+02
5.516626902509254933e+02 7.206709173179760910e+02
5.604505253940454850e+02 7.250814360770577878e+02
5.738903049613109033e+02 7.330937642239417755e+02
5.908281474389659707e+02 7.407740545715653298e+02
6.073600997506234762e+02 7.469226932668328800e+02
6.287347337567171053e+02 7.539506595017097652e+02
6.488239957716701838e+02 7.602642706131077830e+02
6.640287929125138362e+02 7.638294573643411240e+02
6.793667188315075691e+02 7.672258737610850403e+02
6.873987931980252597e+02 7.683351618211738696e+02
6.895896805896805972e+02 7.684466830466830061e+02
6.863577314590402239e+02 7.665104217159477002e+02
6.776083041520760162e+02 7.615957978989495132e+02
6.653438453713123408e+02 7.573926754832147026e+02
6.479576962283384773e+02 7.499082568807339158e+02
6.292910079051383718e+02 7.430765810276679986e+02
6.122560801144492189e+02 7.364368144969002969e+02
5.927560863573725101e+02 7.283270555810748874e+02
5.749445727482678876e+02 7.209168591224018883e+02
5.627293103448275815e+02 7.159862068965517210e+02
5.527086012861736890e+02 7.123480707395498257e+02
5.460016096579477107e+02 7.110780684104627198e+02
5.429325931800158287e+02 7.126340206185567467e+02
5.432708079577751050e+02 7.147295980511571543e+02
5.590903930131004245e+02 7.236777292576418859e+02
