6.184362191551651904e+02 7.386102049351735559e+02
6.201627104013811049e+02 7.377816141562365146e+02
6.208427401981904268e+02 7.373494183541577058e+02
6.214292412617220407e+02 7.370336743393008874e+02
6.230691283812794836e+02 7.369763847144697593e+02
6.244312878133102913e+02 7.367489196197061574e+02
6.257441860465115724e+02 7.375340380549682777e+02
6.258077744553609136e+02 7.381964972234087554e+02
6.249647857445905856e+02 7.393364446330081137e+02
6.234520373514430958e+02 7.398026315789473983e+02
6.218048162230671778e+02 7.410025348542459369e+02
6.211548748921484275e+02 7.415245901639344765e+02
6.198480801335559818e+02 7.430409015025041981e+02
6.152740647330811044e+02 7.434064733081127088e+02
6.126471852170176362e+02 7.429058874086806554e+02
6.117943107221007040e+02 7.423960612691465712e+02
6.128722849695916466e+02 7.424283231972198109e+02
6.133354894351012945e+02 7.419922380336352035e+02
6.127242567858681923e+02 7.408625592417062080e+02
6.132219873150105514e+02 7.406186046511627410e+02
6.150634582623509914e+02 7.391260647359455334e+02
6.178352490421456196e+02 7.381362281822051727e+02
6.197616426756985675e+02 7.375177815410669382e+02
6.211546123863143976e+02 7.370134257254222803e+02
6.215107758620689538e+02 7.364693965517241168e+02
6.243690116529995748e+02 7.362796719896417699e+02
