6.243305008944544170e+02 7.398819320214669233e+02
6.261360574764256626e+02 7.402689717108216882e+02
6.258275709219858527e+02 7.402123226950354820e+02
6.221101732563305404e+02 7.398982674366948231e+02
6.178549584971602826e+02 7.396055045871560196e+02
6.149053938356164508e+02 7.395907534246575779e+02
6.115284823284823688e+02 7.396037422037421720e+02
6.095120934111760107e+02 7.394186822351960018e+02
6.081493965875988579e+02 7.396092384519350844e+02
6.093235533822330581e+02 7.402257538712306086e+02
6.116387043189369024e+02 7.398625415282391486e+02
6.139699788583509417e+02 7.399378435517970729e+02
6.161374674761491406e+02 7.396331309627059909e+02
6.165626654898499055e+02 7.395838481906442894e+02
6.159099297012302259e+02 7.394046572934973938e+02
6.142926297426951123e+02 7.393074574792848352e+02
6.122536456031816670e+02 7.388192664604507627e+02
6.097668122270741833e+02 7.385882096069868794e+02
6.079836206896551403e+02 7.388879310344827900e+02
6.084613056636402462e+02 7.388815391266753068e+02
6.105337344220025670e+02 7.389256553502364113e+02
6.137760504201680760e+02 7.391100840336134752e+02
6.163739130434782965e+02 7.396931677018633309e+02
6.167257723233178694e+02 7.390892932712653192e+02
6.153941326530612059e+02 7.393090986394557831e+02
6.134905982905983137e+02 7.390559829059828871e+02
6.120186470078057255e+02 7.388668690372940091e+02
6.108349016253207537e+02 7.391432848588536899e+02
6.108738815509160531e+02 7.390545377077120293e+02
6.118799154334037667e+02 7.391420718816067392e+02
6.144798614118666364e+02 7.386617583369423983e+02
6.185983535528596349e+02 7.387157712305025825e+02
6.273645147123407924e+02 7.382204655248133349e+02
6.293972961186218527e+02 7.382969908416921498e+02
6.288421512898994479e+02 7.383729777000437480e+02
6.247332468655425828e+02 7.380990056204063876e+02
6.182969314079422247e+02 7.374273465703971624e+02
6.136628671635247656e+02 7.380245506356860687e+02
6.112399643175735946e+02 7.382109723461195472e+02
6.117060632688927626e+02 7.385918277680140136e+02
6.151624500665778896e+02 7.391038615179760427e+02
6.201620431527961728e+02 7.395706737120211756e+02
6.250513582342954351e+02 7.407516977928693223e+02
6.279668085106383160e+02 7.403714893617021744e+02
6.293710853710853144e+02 7.397220077220076746e+02
6.281990662139219239e+02 7.395870118845500656e+02
6.255794192997437904e+02 7.391067463706234548e+02
6.207344871253693555e+02 7.390780920219501695e+02
6.169345955249569897e+02 7.379432013769363721e+02
6.144280121792083946e+02 7.379304045237059881e+02
6.128361683079677960e+02 7.376463742166517932e+02
6.151680976050610070e+02 7.381830094893808791e+02
6.189348021582733281e+02 7.384568345323740459e+02
6.221447308909995400e+02 7.391334237901402275e+02
6.241430517711171433e+02 7.393079019073569498e+02
6.236960214573089161e+02 7.395020116227090057e+02
6.211929982046679015e+02 7.396476660682226338e+02
6.162859002169196856e+02 7.399839479392625208e+02
6.127447078746824900e+02 7.396968670618119859e+02
6.096161276774464568e+02 7.395128097438051782e+02
6.070242698477992462e+02 7.397560674619497831e+02
6.069137577002053376e+02 7.397917864476386285e+02
6.081999175597691192e+02 7.399348722176422370e+02
6.130293492131007724e+02 7.396571671629094453e+02
