6.080338703015282817e+02 7.376183395291202487e+02
6.098769167012018215e+02 7.373075010360547594e+02
6.116895397489539619e+02 7.373313807531380917e+02
6.130600083927821515e+02 7.376231640788921595e+02
6.141650983746792463e+02 7.368674080410606848e+02
6.133688627780109073e+02 7.373378094838438983e+02
6.113753617197188532e+02 7.373836295990078042e+02
6.094511120436424108e+02 7.371300881242132164e+02
6.079742738589211513e+02 7.376116182572613980e+02
6.068007598142676216e+02 7.372245673279865059e+02
6.066720407297411839e+02 7.372159524819686567e+02
6.074635083226633014e+02 7.375168587281262944e+02
6.073002114164904697e+02 7.377501057082452007e+02
6.069213020189534973e+02 7.386860321384425561e+02
6.072079701120796926e+02 7.392112909921129358e+02
6.090725975660931226e+02 7.390625262274444367e+02
6.100894274968658237e+02 7.388834099456748845e+02
6.103012098456404146e+02 7.387450980392156907e+02
6.101668056713928081e+02 7.388490408673894763e+02
6.099671855279764259e+02 7.386512410601599186e+02
6.098357023411371074e+02 7.391709866220735421e+02
6.105215189873417785e+02 7.392227848101265408e+02
6.123467060810810381e+02 7.395354729729730252e+02
6.156131051752921621e+02 7.399757929883138559e+02
6.189151103565365020e+02 7.397215619694396764e+02
6.212533670033669750e+02 7.399987373737374128e+02
6.229179916317991683e+02 7.404677824267782853e+02
6.230641733956650796e+02 7.406668083297917065e+02
6.223346121057118125e+02 7.406142369991474652e+02
6.228676345004270161e+02 7.408454312553373029e+02
6.240822033898305108e+02 7.412080508474575709e+02
6.241038412832418771e+02 7.411785563528915191e+02
6.234471996579734423e+02 7.409106455750320492e+02
6.229024493243243796e+02 7.413589527027027088e+02
6.229490878235044420e+02 7.412795927025880474e+02
6.239691853102574441e+02 7.417648796960743312e+02
6.249090529828953322e+02 7.418514810179391361e+02
6.248809026326786125e+02 7.418600083577099440e+02
6.245320833333333894e+02 7.419845833333333758e+02
6.229397894736841863e+02 7.416922105263157619e+02
6.215616264294790199e+02 7.414515036001694170e+02
6.200845369583687443e+02 7.413797790994052548e+02
6.189587058322690609e+02 7.410434227330779322e+02
6.189898819561551591e+02 7.409700674536256884e+02
6.200346723044397095e+02 7.408228329809725210e+02
6.218591731266150191e+02 7.407868217054264051e+02
6.216237750319556881e+02 7.409471665956540392e+02
6.212067528136723240e+02 7.413084618591079789e+02
6.207304492512479328e+02 7.408435940099833488e+02
6.207738294314381164e+02 7.404377090301003363e+02
6.210355499790882732e+02 7.401329987452947989e+02
6.199537231804796420e+02 7.397492637778713060e+02
6.182929120409905863e+02 7.395226302305721902e+02
6.171060928845334956e+02 7.393570515551767812e+02
6.169110922946655364e+02 7.396939034716342576e+02
6.171649181703734257e+02 7.393676038606797647e+02
6.165926551287462871e+02 7.392739552553820204e+02
6.163641373463332229e+02 7.388338278931751120e+02
6.147970464135021302e+02 7.390603375527425669e+02
6.119813664596273384e+02 7.384708074534161142e+02
6.093357385398981023e+02 7.379066213921901181e+02
6.061368773545416389e+02 7.381297614064461641e+02
6.035045304777594311e+02 7.383904448105436131e+02
6.013206751054851793e+02 7.377202531645569934e+02
6.008279932546374766e+02 7.380421585160202085e+02
6.012385512073271912e+02 7.378151540383014435e+02
6.014793835901707553e+02 7.378363182007497016e+02
6.014057971014492523e+02 7.378335403726707682e+02
6.012133168927250608e+02 7.377759967118782924e+02
6.013487499999999955e+02 7.376379166666666833e+02
6.017583612040133403e+02 7.376463210702340803e+02
6.018035190615835290e+02 7.375559279430246988e+02
6.019412751677851929e+02 7.374937080536913072e+02
6.014290470245526876e+02 7.375946733250103762e+02
6.009464659138435536e+02 7.374291091593476040e+02
6.018454810495626361e+02 7.375747605164515335e+02
6.041855583543241437e+02 7.377178841309823838e+02
6.067650296359017830e+02 7.373734123624047925e+02
6.087264851485148256e+02 7.380767326732673155e+02
6.097068676716918390e+02 7.378735343383584677e+02
6.090949767834529212e+02 7.378742085268045230e+02
6.080475989890479696e+02 7.377447346251052522e+02
6.065777964676198053e+02 7.375546677880571451e+02
6.054039429530200778e+02 7.376229026845637691e+02
6.043105196451203938e+02 7.379197296155471122e+02
6.044288702928870407e+02 7.385020920502091712e+02
6.048347315436241161e+02 7.386682046979865390e+02
6.052341851696689901e+02 7.388144113950565952e+02
6.052775891341256056e+02 7.390360780984719895e+02
6.063757371524852715e+02 7.394966301600674115e+02
6.095399334442595318e+02 7.400861064891846581e+02
