6.079571118349620065e+02 7.367567861020629607e+02
6.098839242350655923e+02 7.385939776590578276e+02
6.144813000890471812e+02 7.397791629563669176e+02
6.214918648310388107e+02 7.406382978723404449e+02
6.266863691194209878e+02 7.412191395255327961e+02
6.309043321299639047e+02 7.426714801444043133e+02
6.307016419703644488e+02 7.413388065678814201e+02
6.279902359641985186e+02 7.410646867371847293e+02
6.234524421593830539e+02 7.398277634961439162e+02
6.172874715261958727e+02 7.389845102505694285e+02
6.131523532265890708e+02 7.382819019893255472e+02
6.113937662337662005e+02 7.369527272727273157e+02
6.129305485656768724e+02 7.381348766985405518e+02
6.169003673094582609e+02 7.389168962350780703e+02
6.222234447735928597e+02 7.409517562420651302e+02
6.276200891049007851e+02 7.421680842446334054e+02
6.308591828639429195e+02 7.427219357397857493e+02
6.312113789016199235e+02 7.425408929276965182e+02
6.275539078156313053e+02 7.419490981963928107e+02
6.152077097505668917e+02 7.383460317460317128e+02
6.096277724204435344e+02 7.377082931533268493e+02
6.077226009438909387e+02 7.362894598846355620e+02
6.083446356275303515e+02 7.366169028340081013e+02
6.122515865820489580e+02 7.389193109700815967e+02
6.180608879492600636e+02 7.407446088794926027e+02
6.236183360258481798e+02 7.415262520193861064e+02
6.282459976571651623e+02 7.421007418976962526e+02
6.291560671088568597e+02 7.420838860710105109e+02
6.271696678671468135e+02 7.412781112444978362e+02
6.211387959866220854e+02 7.401872909698996637e+02
6.151747876620473789e+02 7.390053643272240151e+02
6.095347091932458170e+02 7.381937148217635922e+02
6.058646379853095141e+02 7.365645330535152198e+02
6.064273329933707828e+02 7.367317695053544639e+02
6.107177011494252383e+02 7.385935632183908410e+02
6.169376842105262995e+02 7.403385263157895224e+02
6.229127462806594622e+02 7.409690390028146112e+02
6.271394789579157987e+02 7.410601202404809555e+02
6.264810024252223002e+02 7.408734842360549919e+02
