6.141437151437150987e+02 7.397305877305877857e+02
6.138213831141281389e+02 7.398536274925753560e+02
6.143904721395150546e+02 7.398957890259464421e+02
6.157368869936034343e+02 7.395296375266524365e+02
6.162256944444444571e+02 7.392339409722221717e+02
6.159173228346456881e+02 7.390629921259842376e+02
6.153412629757785908e+02 7.394628027681660569e+02
6.151296854803963470e+02 7.395743214131839522e+02
6.143545179420665363e+02 7.394180717682663726e+02
6.151759619541720667e+02 7.393597060095114557e+02
6.158981880931837622e+02 7.390914581535806747e+02
6.165081533715292608e+02 7.388466284706919396e+02
6.155411513859274919e+02 7.398204690831556718e+02
6.149657680787333902e+02 7.396923406076166430e+02
6.153172384582803716e+02 7.399021601016518161e+02
6.171205857019810992e+02 7.393544358311800124e+02
6.182004210526315546e+02 7.397498947368420659e+02
6.187412467976089374e+02 7.393812980358667346e+02
6.179948586118251797e+02 7.394095972579262934e+02
6.164413911550021794e+02 7.396509231429797637e+02
6.151367373431414762e+02 7.394556469061012649e+02
6.152092122255703543e+02 7.396315109771846892e+02
6.162726488352027445e+02 7.395457290767902805e+02
6.178254172015404038e+02 7.393701326486949483e+02
6.180913319238900385e+02 7.397610993657505105e+02
