6.171863979848866393e+02 7.417216624685138413e+02
6.150322295805739259e+02 7.408816777041943169e+02
6.137037374658158342e+02 7.404731084776664147e+02
6.138604651162791015e+02 7.405125398996807462e+02
6.157688022284122553e+02 7.399568245125348085e+02
6.191685589519651103e+02 7.413986899563318502e+02
6.234877440797673671e+02 7.425766514333195119e+02
6.277015599343185386e+02 7.432315270935960143e+02
6.293126530612245233e+02 7.435534693877550581e+02
6.284051407588739266e+02 7.434953080375356649e+02
6.246670812603648528e+02 7.430762852404643581e+02
6.209117520447697416e+02 7.424868704261730272e+02
6.169841772151899022e+02 7.406243218806509958e+02
6.141718041704442612e+02 7.403785131459655986e+02
6.128129002744739182e+02 7.404190301921317996e+02
6.137948369565217490e+02 7.403736413043478706e+02
6.167401812688822247e+02 7.415951661631420393e+02
6.191459614596145684e+02 7.423985239852398763e+02
6.217974068071313241e+02 7.423176661264182030e+02
6.227117367168913233e+02 7.426744647105472268e+02
6.220614141414141613e+02 7.422501010101010479e+02
6.197170671085335698e+02 7.417837613918807165e+02
6.164404711821623550e+02 7.413180479596129544e+02
6.138501303214595737e+02 7.407115551694179203e+02
6.118058340929808310e+02 7.397639015496808952e+02
6.108398560503824228e+02 7.397224471434997213e+02
6.115528310298707311e+02 7.390566205974141667e+02
6.137742358078602365e+02 7.391279475982532858e+02
6.177496823379923399e+02 7.395781448538755285e+02
6.215313653136531684e+02 7.399524395243952313e+02
6.247053607416364684e+02 7.402333736396614086e+02
6.249850020267531363e+02 7.398512363194163299e+02
6.231842539159109720e+02 7.388891178895300982e+02
6.193808301240907213e+02 7.380363714163457871e+02
6.149063200358583572e+02 7.368045719408337391e+02
6.120677655677656048e+02 7.360018315018314752e+02
6.108943466172381704e+02 7.358086190917516660e+02
6.115630893578805853e+02 7.363237539290524865e+02
6.138351111111111322e+02 7.363226666666666915e+02
6.157504302925989350e+02 7.367426850258175364e+02
6.181732382550335387e+02 7.368389261744966916e+02
6.185438247011952626e+02 7.376701195219123974e+02
6.180678442392613761e+02 7.372653552790044387e+02
6.154165978530140819e+02 7.364397192402972223e+02
6.123943781942078886e+02 7.363249574105622060e+02
6.082165716790881334e+02 7.360214818062253244e+02
6.052403669724770907e+02 7.353600917431192556e+02
6.040932432432432506e+02 7.359193693693694058e+02
6.042902934537246438e+02 7.357033860045146412e+02
6.065903719912472525e+02 7.366437636761487511e+02
6.093676158096047857e+02 7.374041648958775568e+02
6.130445990180032823e+02 7.381395253682487692e+02
6.156303298471440257e+02 7.384714400643604222e+02
6.161396195872116550e+02 7.384225010117361307e+02
6.152128184059162095e+02 7.377806080525883772e+02
6.126432432432432051e+02 7.371330561330561295e+02
6.100375218150087449e+02 7.363595113438045701e+02
6.071099547511312267e+02 7.359773755656108278e+02
6.063283372365339119e+02 7.353400468384074884e+02
6.071545916012920543e+02 7.359912321181357129e+02
6.095640230394328682e+02 7.365015507310589555e+02
6.129285414039512716e+02 7.377414880201765754e+02
6.157571016879373929e+02 7.379802387813915630e+02
6.176655724251128277e+02 7.378797702092737154e+02
6.175609157808667078e+02 7.380118560915781245e+02
6.157148829431438344e+02 7.377261705685618836e+02
6.130110356536503105e+02 7.371931239388794666e+02
6.095676875277407589e+02 7.364496227252552671e+02
6.075108695652173765e+02 7.362862318840579974e+02
6.058883699205978246e+02 7.360140121438580536e+02
6.065795197100136420e+02 7.373937471681015268e+02
6.089014336917563242e+02 7.378297491039426177e+02
6.123170626349891563e+02 7.390086393088553223e+02
6.162010582010582311e+02 7.408050468050467998e+02
6.183898032918506260e+02 7.416816539542352302e+02
6.194955680902497761e+02 7.420197421434327225e+02
6.193076923076922640e+02 7.421420431420431214e+02
6.182641587432823371e+02 7.421302190988011489e+02
6.165420240137220844e+02 7.413319039451115486e+02
6.152435723951285809e+02 7.408006314839873312e+02
6.145725472132658069e+02 7.407369875633348784e+02
6.152703941338221512e+02 7.414560036663610845e+02
6.186351835273052302e+02 7.420496866606982849e+02
6.232219827586206975e+02 7.428844827586207202e+02
6.280090386195562360e+02 7.442292522596549134e+02
6.314783849918434271e+02 7.450640293637846980e+02
6.317770545158665527e+02 7.454800650935719659e+02
6.298653690186537233e+02 7.458004866180048111e+02
6.259797724399494427e+02 7.449405815423514241e+02
6.230043159257660363e+02 7.445977557186016611e+02
6.197907081641858440e+02 7.438985115020298053e+02
6.175977961432506618e+02 7.436147842056932404e+02
6.198191111111110558e+02 7.441586666666667043e+02
