6.270358391608391457e+02 7.394471153846153584e+02
6.292761000862813034e+02 7.402825711820535162e+02
6.294447311827957492e+02 7.406283870967741905e+02
6.284517226712036972e+02 7.405440238196512155e+02
6.261006369426751235e+02 7.402543524416136052e+02
6.214159897392047469e+02 7.391598973920479239e+02
6.156644125105663079e+02 7.388584108199493130e+02
6.114635325131810077e+02 7.382970123022846565e+02
6.095369733447979570e+02 7.385842648323301773e+02
6.096580198875918768e+02 7.385866839602248319e+02
6.107433361994841334e+02 7.387545141874462615e+02
6.134056482670090418e+02 7.393042362002566961e+02
6.184191745485812817e+02 7.391474634565778388e+02
6.229911467116357926e+02 7.394182124789207364e+02
6.256257510729614069e+02 7.389892703862660710e+02
6.266792854104636490e+02 7.386865163760102178e+02
6.247826271186440863e+02 7.388580508474576618e+02
6.213309623430961892e+02 7.387326359832635490e+02
6.157896070975918974e+02 7.382171525137304116e+02
6.109130063965884574e+02 7.381147121535180986e+02
6.074862660944205572e+02 7.384952789699570985e+02
6.050764552562989138e+02 7.384926151172893469e+02
6.057136806437949872e+02 7.387200338839475080e+02
6.081045553145336271e+02 7.386763557483731120e+02
6.126802374893977685e+02 7.395555555555555429e+02
6.173046245226983046e+02 7.401213406873143867e+02
6.209103272418190045e+02 7.409026774330641274e+02
6.234149115417017128e+02 7.413761583824768877e+02
6.227891414141414543e+02 7.416755050505050804e+02
6.208086844368013999e+02 7.409110060189166234e+02
6.167501071581654060e+02 7.406078011144448965e+02
6.125235069885641224e+02 7.397297755188479869e+02
6.086935276468067286e+02 7.388885555079297092e+02
6.050286937901498732e+02 7.386608137044968316e+02
6.031839521980366499e+02 7.383038839095177082e+02
6.036012136974425175e+02 7.383810143042912841e+02
6.068480167014613471e+02 7.394029227557410877e+02
6.115543657331136274e+02 7.395576606260297012e+02
6.157179269328802320e+02 7.393895497026337580e+02
6.245198446937014296e+02 7.398822260569456830e+02
6.252663811563169247e+02 7.399383297644540107e+02
6.249599826011309460e+02 7.402870813397129268e+02
6.220309460654287932e+02 7.398280282935455716e+02
6.182878390201225329e+02 7.395371828521434736e+02
6.137047377326565538e+02 7.397356175972927304e+02
6.103072113380575274e+02 7.393755731554814474e+02
6.087583721916066679e+02 7.391106401017379994e+02
6.089203688181056577e+02 7.395842414082145524e+02
6.110629660314830289e+02 7.396984258492129811e+02
6.139185803757828808e+02 7.400112734864300137e+02
6.178259949195596619e+02 7.403556308213378543e+02
6.217957594115101756e+02 7.404980527909996226e+02
6.243087916847119914e+02 7.409757470766566030e+02
6.265554101221640622e+02 7.411417975567189842e+02
6.274794344473007186e+02 7.412386461011140000e+02
6.270558611933981865e+02 7.411045281421921800e+02
6.249979235880398392e+02 7.406112956810630976e+02
6.217753001715266237e+02 7.394296740994853963e+02
6.180452049007182040e+02 7.392125052809464023e+02
6.156114893617021835e+02 7.388221276595744484e+02
6.148055908513341592e+02 7.388026260059297101e+02
6.143837606837606700e+02 7.385435897435897914e+02
6.151999125109360875e+02 7.383350831146107112e+02
6.186152844116370488e+02 7.389348675640468400e+02
6.225433376455368943e+02 7.393954290642518572e+02
6.267419631375910285e+02 7.404479211315901921e+02
6.287899563318777609e+02 7.410436681222707875e+02
6.293523070288918007e+02 7.414489003880983091e+02
6.291446088794925799e+02 7.415522198731500794e+02
6.269843153878762223e+02 7.413344637558287786e+02
6.225603448275861638e+02 7.401137931034483017e+02
6.162940436241610769e+02 7.398343120805369608e+02
6.129193277310923804e+02 7.394134453781512093e+02
6.103050127442651274e+02 7.388364485981308007e+02
6.087622950819671814e+02 7.387342536669542596e+02
6.100516717325227773e+02 7.389083803734259845e+02
6.133074235807860077e+02 7.392192139737991283e+02
6.184451273046531696e+02 7.395877963125549286e+02
6.272687946241074997e+02 7.406728265434691139e+02
