6.187584602368866626e+02 7.397999153976311391e+02
6.184148489932886150e+02 7.399429530201342686e+02
6.172567858681602502e+02 7.393373545885393696e+02
6.160116379310344428e+02 7.396107758620689765e+02
6.161305471779405707e+02 7.394933218440327209e+02
6.174058721934369487e+02 7.393160621761658149e+02
6.179475032010243467e+02 7.395407597097737380e+02
6.175382340515420765e+02 7.397097591888466468e+02
6.166849024597115658e+02 7.398740458015266768e+02
6.161403127715030905e+02 7.392445699391832932e+02
6.158620087336244069e+02 7.392091703056768210e+02
6.169886561954624540e+02 7.393368237347294780e+02
6.192656984194788947e+02 7.398453652285347744e+02
6.188994132439229361e+02 7.402112321877619934e+02
6.177653583617747017e+02 7.402150170648463927e+02
6.160452370595911589e+02 7.397846889952153333e+02
6.151879964695498302e+02 7.391977052074139465e+02
6.165208241999123402e+02 7.393814116615519652e+02
6.179457597933705983e+02 7.399048643994834720e+02
6.191715141146279393e+02 7.397600513259195623e+02
6.196014339940953732e+02 7.401838886545760943e+02
6.184746781115879912e+02 7.399304721030042629e+02
6.168212860310421775e+02 7.392842572062083946e+02
6.185697471665213243e+02 7.393836094158674541e+02
