6.249321521175453427e+02 7.404693171996542560e+02
6.250233261339093360e+02 7.404989200863931273e+02
6.249019014693171812e+02 7.403228176318064016e+02
6.258887489504618316e+02 7.409672544080603984e+02
6.276240033571128834e+02 7.409290809903483250e+02
6.287591118558860899e+02 7.406028487641391393e+02
6.295292372881356187e+02 7.404313559322033598e+02
6.306521371138383074e+02 7.402670334320778238e+02
6.308970029548332832e+02 7.404048121570282319e+02
6.305709445150359898e+02 7.399330792037272886e+02
6.305841541755888784e+02 7.396359743040685544e+02
6.304727195225916603e+02 7.398644501278772623e+02
6.288594343604896721e+02 7.401131279020684133e+02
6.253752647183397357e+02 7.401749258788648831e+02
6.234781501909207009e+02 7.398570216376749613e+02
6.224069373942470520e+02 7.394352791878172866e+02
6.205795935647755641e+02 7.393751058425064002e+02
6.194585263157895270e+02 7.397734736842105576e+02
6.183753753753753699e+02 7.398502788502788690e+02
6.169007274283269453e+02 7.402691484809585063e+02
6.138800335570469997e+02 7.406518456375838468e+02
6.101733615221987748e+02 7.397310782241014522e+02
6.073701542309295291e+02 7.396731971654855897e+02
6.045440199335548641e+02 7.397147009966777205e+02
6.023741554054054177e+02 7.392867398648648987e+02
6.004069622876087351e+02 7.398437629506837538e+02
5.997007874015747575e+02 7.399415665147120080e+02
5.999667911996679095e+02 7.397795765877957592e+02
6.007325291181364264e+02 7.394172212978369316e+02
6.015401521555368163e+02 7.393795435333896648e+02
6.021862910008410381e+02 7.394827586206896513e+02
6.037533277870215898e+02 7.398015806988353233e+02
6.050312239800166481e+02 7.397456286427976693e+02
6.043834648940589886e+02 7.399597008724553007e+02
6.032564210526315946e+02 7.395233684210526235e+02
6.036845212990299387e+02 7.394318852804723292e+02
6.054422110552764025e+02 7.394945561139028314e+02
6.078074197582326406e+02 7.395727386411005000e+02
6.098099315068493524e+02 7.389653253424658033e+02
6.116808691947167063e+02 7.392790796761823913e+02
6.137773037542661996e+02 7.395763651877133498e+02
6.173899563318777837e+02 7.392200873362445463e+02
6.199885613726353313e+02 7.385741311042675079e+02
6.230236152855302407e+02 7.392812365822240963e+02
6.250055084745762315e+02 7.395338983050847901e+02
6.250355648535564796e+02 7.395949790794978753e+02
6.260742616033754757e+02 7.393742616033755439e+02
6.277721680101824404e+02 7.393928722952906583e+02
6.289089361702127690e+02 7.391961702127659919e+02
6.300470639032814688e+02 7.387940414507771720e+02
6.314933103150625584e+02 7.388713854121708664e+02
6.316957857769973543e+02 7.384521510096575412e+02
