6.111584675663909820e+02 7.349995646495428900e+02
6.115843188786684550e+02 7.353140604467805588e+02
6.132565988749458938e+02 7.358615318044136302e+02
6.150199566160520135e+02 7.367605206073752697e+02
6.159143968871595689e+02 7.369148292261132838e+02
6.166813043478260852e+02 7.366978260869565247e+02
6.168581225889412281e+02 7.371440205743678007e+02
6.174263764404608992e+02 7.372129748186085862e+02
6.179304200254561010e+02 7.369813322019516590e+02
6.185133555926544204e+02 7.373722871452421259e+02
6.194527112232029822e+02 7.372320302648171264e+02
6.195776293823038259e+02 7.375141903171953572e+02
6.184386038687972587e+02 7.381312026913373074e+02
6.171017756604591114e+02 7.378245993936768627e+02
6.160827886710239909e+02 7.386043572984749517e+02
6.155570233377367231e+02 7.385852047556143134e+02
6.152040907069808782e+02 7.391129390840372935e+02
6.162916117698725884e+02 7.398981115502854209e+02
6.181677646025472086e+02 7.401857707509881266e+02
6.196250000000000000e+02 7.405863715277778283e+02
6.203207547169811278e+02 7.408945111492281512e+02
6.200127986348122704e+02 7.409658703071672790e+02
6.187774957698815115e+02 7.410207275803722951e+02
6.172535031847133951e+02 7.411125265392781785e+02
6.165935098206660996e+02 7.411729291204098899e+02
6.169911280101393913e+02 7.420544993662864499e+02
6.177297872340425329e+02 7.418987234042552927e+02
6.190662080825451312e+02 7.428061049011178056e+02
6.196567741935483582e+02 7.428206451612903720e+02
6.197092414995640866e+02 7.432423714036617639e+02
6.194903254177660301e+02 7.438293755496921449e+02
6.191637168141593293e+02 7.439938053097345119e+02
6.196817391304348348e+02 7.446000000000000227e+02
6.219767241379310008e+02 7.445159482758621152e+02
6.236958011996572395e+02 7.442013710368465809e+02
6.247819327731092471e+02 7.445092436974789507e+02
6.246708860759493973e+02 7.445113924050632477e+02
6.239962168978562431e+02 7.451252627154266293e+02
6.222045264040234542e+02 7.455850796311818840e+02
6.203551724137930705e+02 7.452405172413792798e+02
6.202841506129597065e+02 7.453730297723292324e+02
6.212166018158236511e+02 7.455516645049718818e+02
6.229532389532389516e+02 7.459485199485199018e+02
6.237682512733446174e+02 7.458208828522920157e+02
6.235456842105263604e+02 7.457187368421052724e+02
6.223179091688089102e+02 7.453161953727505988e+02
6.209619658119657970e+02 7.451209401709401163e+02
6.204621564482029044e+02 7.443644820295983209e+02
6.216835174171623066e+02 7.436270178419711101e+02
6.229033047735617856e+02 7.439045287637699175e+02
6.228607954545454959e+02 7.436176948051947875e+02
6.218134904510361594e+02 7.433567655424624263e+02
6.192822647793504984e+02 7.433813488759367374e+02
6.174244087837837469e+02 7.433293918918918735e+02
6.155979513444302711e+02 7.434067434912504950e+02
6.153446683459277438e+02 7.440083963056255243e+02
6.162198402690205512e+02 7.437313997477931480e+02
6.185885372112917366e+02 7.433015397775876636e+02
6.205172564438619247e+02 7.426203582350370880e+02
6.219470989761092596e+02 7.428327645051194850e+02
6.223251354731138463e+02 7.420220925385577857e+02
6.219749373433584196e+02 7.413270676691729477e+02
6.212050226430629891e+02 7.408472622478386711e+02
6.202268170426065126e+02 7.400743525480368135e+02
6.193392709196355099e+02 7.397344656172327859e+02
6.189161399072903578e+02 7.393286978508217544e+02
6.180675733106672851e+02 7.392945176370591298e+02
6.168278969957081017e+02 7.392489270386265616e+02
6.151982942430703361e+02 7.395863539445629158e+02
6.134728448275861865e+02 7.395603448275861638e+02
6.125722943722943228e+02 7.393259740259740056e+02
6.126386224934611846e+02 7.387310374891020501e+02
6.136900808854832121e+02 7.381958280119199571e+02
6.154372607401105597e+02 7.373755848575074197e+02
6.166343124733929244e+02 7.370208599404002143e+02
6.176617831728756300e+02 7.361448304730012069e+02
6.172563042579578223e+02 7.360562215791649123e+02
6.162965403624382361e+02 7.357718286655683642e+02
6.145893232450609958e+02 7.348095838587641992e+02
6.136582171525137710e+02 7.347359526827207219e+02
6.135025839793281648e+02 7.345331610680448193e+02
6.141017680034497062e+02 7.349659335920655394e+02
6.148678587003925031e+02 7.355778456170954769e+02
6.149913532209252480e+02 7.363843493298745670e+02
6.143399036355672251e+02 7.362067455102934446e+02
6.131735572782084773e+02 7.364237726098191388e+02
6.127006423982869592e+02 7.357683083511777795e+02
6.127532188841202014e+02 7.351759656652360491e+02
6.137607388316150718e+02 7.349033505154638988e+02
6.150016970725498595e+02 7.348464149342383962e+02
6.163493522774759867e+02 7.344408692018387228e+02
6.159566498316498837e+02 7.339532828282827950e+02
6.144055766793409248e+02 7.338365019011406503e+02
6.120258146424037022e+02 7.341417689377909710e+02
6.109127753303964710e+02 7.339621145374449043e+02
6.110486295313882010e+02 7.345636604774535954e+02
6.132170100832968274e+02 7.352209557211749598e+02
6.149721496953873157e+02 7.359551784160139505e+02
6.161090589270008877e+02 7.361934916446789430e+02
6.168735733099209710e+02 7.358424056189639941e+02
6.170376367614879882e+02 7.360363238512035196e+02
6.169660652920962320e+02 7.357375429553264894e+02
6.171866048862679008e+02 7.359418702611626486e+02
6.177825904121110625e+02 7.360849453322119871e+02
6.189936868686868365e+02 7.360820707070706703e+02
6.194408421052631866e+02 7.363591578947368816e+02
6.187619652689538725e+02 7.367077509529859753e+02
6.175254901960784082e+02 7.368531590413942922e+02
6.163716392020814965e+02 7.371873373807459302e+02
6.157961165048543535e+02 7.376888790820829627e+02
6.156532926297427366e+02 7.385329262974269113e+02
6.165006576063129842e+02 7.388877685225778578e+02
6.198436539306104578e+02 7.400197628458497547e+02
