6.191060670343657648e+02 7.389546033092914286e+02
6.179373677528565167e+02 7.393161235717308273e+02
6.156112292641429349e+02 7.393934495959166497e+02
6.136809685641461556e+02 7.394027187765505005e+02
6.127062906724512459e+02 7.389939262472885275e+02
6.134537597234226496e+02 7.390462402765773504e+02
6.150377520377520568e+02 7.390373230373230626e+02
6.167988064791134093e+02 7.393256606990622686e+02
6.170780984719864364e+02 7.392351443123939134e+02
6.158001700680272279e+02 7.393915816326530148e+02
6.146962079250106399e+02 7.393510864933957691e+02
6.135014899957428725e+02 7.395840783312047506e+02
6.133912483912483822e+02 7.393350493350493480e+02
6.138627284317891508e+02 7.394492137696557847e+02
6.154191489361702452e+02 7.393242553191489606e+02
6.161730279898218896e+02 7.392260390161153509e+02
6.158679164891350410e+02 7.391721346399658614e+02
6.139080508474576163e+02 7.389029661016949149e+02
6.124989420228523613e+02 7.388307236563690594e+02
6.121302503182010923e+02 7.387759864234195675e+02
6.138265524625268199e+02 7.386920770877944733e+02
6.159970326409495556e+02 7.387918609580331122e+02
6.181511430990685767e+02 7.388543607112616201e+02
6.194540425531914707e+02 7.388408510638297457e+02
6.187703329119258342e+02 7.392701222081752803e+02
6.178593816179585474e+02 7.394345616264295131e+02
6.166890474192194915e+02 7.395321023919428853e+02
6.163452586206896058e+02 7.392288793103448370e+02
6.172658119658119631e+02 7.392482905982906232e+02
6.185966991112992446e+02 7.391443080829453720e+02
6.198691786621507163e+02 7.392307366638442545e+02
6.209140791152700558e+02 7.391182475542321981e+02
6.216068522483940342e+02 7.392501070663811333e+02
6.216884550084889725e+02 7.394151103565365020e+02
6.212351421188629956e+02 7.390525409130060552e+02
6.212403433476395094e+02 7.388819742489270084e+02
6.216719283276451051e+02 7.386889931740614657e+02
6.217689377909437098e+02 7.385941599661447299e+02
6.224298469387755404e+02 7.386105442176871065e+02
6.228578138343295905e+02 7.386545687446626971e+02
6.225222984562607280e+02 7.385021440823327339e+02
6.217458633856597316e+02 7.387034365719134712e+02
6.212958297132927328e+02 7.383675065160730355e+02
6.212926829268292295e+02 7.385750962772785897e+02
6.215352966652230862e+02 7.381242962321351797e+02
6.217990594271055897e+02 7.385600684053014220e+02
6.218785683851725707e+02 7.386242011077971483e+02
6.219634042553191193e+02 7.387306382978723605e+02
6.217928270042193617e+02 7.388177215189873550e+02
6.205040825096690469e+02 7.385853029651912038e+02
6.200559829059828871e+02 7.388982905982906004e+02
6.199230122002524013e+02 7.390891880521666053e+02
6.199408762228838441e+02 7.392947681837515574e+02
6.195580319596299432e+02 7.395058873002523114e+02
6.195852320675105602e+02 7.396978902953586612e+02
6.186261722080135996e+02 7.392519181585677188e+02
6.172536543422183968e+02 7.388039552880482006e+02
6.153980375426621094e+02 7.389394197952218519e+02
6.144243197278912021e+02 7.391198979591836178e+02
6.142246035147878729e+02 7.389584226318045239e+02
6.146035223367697427e+02 7.385682989690722025e+02
6.148445108927808178e+02 7.384844083724904067e+02
6.152044877222692776e+02 7.385808636748517984e+02
6.148455696202531726e+02 7.386485232067510651e+02
6.139286624203821248e+02 7.384462845010615411e+02
6.115040373990650551e+02 7.386187845303867334e+02
6.093727234222786819e+02 7.389445150360016896e+02
6.086396743787489640e+02 7.388401885175663892e+02
6.093353605560382675e+02 7.381146828844482570e+02
6.106960950764006384e+02 7.383684210526315610e+02
6.114222972972972912e+02 7.381832770270269748e+02
6.106325757575757507e+02 7.386401515151515014e+02
6.093554603854389597e+02 7.385965738758029602e+02
6.086902011125374656e+02 7.387873341891313430e+02
6.082457810471656785e+02 7.387157074859368322e+02
