6.208274221453286827e+02 7.393460207612456543e+02
6.209931241942415454e+02 7.391121615814353163e+02
6.208074614065179730e+02 7.389802744425386436e+02
6.206256388415672518e+02 7.392968483816013077e+02
6.199409515717926524e+02 7.394898045879353958e+02
6.194484514212982731e+02 7.396792532880780300e+02
6.185885911840967992e+02 7.395756266205704605e+02
6.181203104786545737e+02 7.396360500215610045e+02
6.175430520034100255e+02 7.395775788576299874e+02
6.177322934232714715e+02 7.398482293423271585e+02
6.176793248945148207e+02 7.395143459915611857e+02
6.174383735705209801e+02 7.394819991529012668e+02
6.165726890756302510e+02 7.395659663865545781e+02
6.162968553459119221e+02 7.396054507337526047e+02
6.153974252491694870e+02 7.399767441860465169e+02
6.153720833333333076e+02 7.400266666666666424e+02
6.152935779816514241e+02 7.400658882402001382e+02
6.152143763213530292e+02 7.396862579281183798e+02
6.159731914893617386e+02 7.395480851063829277e+02
6.164156879194630392e+02 7.396946308724832306e+02
6.170752733389402920e+02 7.393364171572750365e+02
6.176359039190897420e+02 7.392836072482090231e+02
6.173190954773868953e+02 7.396067839195980014e+02
6.173758474576271738e+02 7.394533898305085131e+02
6.180468085106382432e+02 7.397753191489362052e+02
6.185141171512852907e+02 7.399233038348082800e+02
6.188733642887294764e+02 7.398011819333052017e+02
6.198442447582370960e+02 7.396820710312366600e+02
6.196676520270269748e+02 7.397347972972972912e+02
6.197700466694951729e+02 7.395710649130249976e+02
6.198907526881720287e+02 7.389032258064515872e+02
6.200371318822022886e+02 7.391702944942381919e+02
6.198355347251811054e+02 7.391546655304643991e+02
6.194997885835094849e+02 7.394668076109936692e+02
6.179147121535181668e+02 7.397074626865671689e+02
