6.161733041575491825e+02 7.393838074398249773e+02
6.173439897698209506e+02 7.397719522591645500e+02
6.187671174978867157e+02 7.398423499577345410e+02
6.197430143945808823e+02 7.396058425063505410e+02
6.201081883750530324e+02 7.394111158252014775e+02
6.201487462813429374e+02 7.391903952401189599e+02
6.198015497201894277e+02 7.388669823504089891e+02
6.188678835289005065e+02 7.387957409821816555e+02
6.178231707317073642e+02 7.386385017421603152e+02
6.175385609651012828e+02 7.389987074536837781e+02
6.175028224055579358e+02 7.388449848024315543e+02
6.174286321155479982e+02 7.394689889549703139e+02
6.169962105263157355e+02 7.394766315789473765e+02
6.159398244880902666e+02 7.394546594233180485e+02
6.146625155666251885e+02 7.394325446243254873e+02
6.133689909051537370e+02 7.386197488090082288e+02
6.121894234937147985e+02 7.387377546597313085e+02
6.110995156318801946e+02 7.385328049317481600e+02
6.120004409171075395e+02 7.383818342151676006e+02
6.128487068965516755e+02 7.385215517241379075e+02
6.139683895771038351e+02 7.383776164032465203e+02
6.142103225806451974e+02 7.382202150537634679e+02
6.134183116337673027e+02 7.388236035279294356e+02
6.113778801843318433e+02 7.389731881022203197e+02
6.097056571671629399e+02 7.390599744789451506e+02
6.086878194207836259e+02 7.389369676320272902e+02
6.093502363558229717e+02 7.387889987107864727e+02
6.110788453252907857e+02 7.387492460146488611e+02
6.135591993185689716e+02 7.387308347529813091e+02
6.166283411115824720e+02 7.386245226983453449e+02
6.185370138017566433e+02 7.391856963613550988e+02
6.189524203558130466e+02 7.396557716177079556e+02
6.176007556675062915e+02 7.394890848026867616e+02
6.157870448772226837e+02 7.393712955122776975e+02
6.139949066213921469e+02 7.390224957555178662e+02
6.126723768736616194e+02 7.392925053533190294e+02
6.125714285714285552e+02 7.393796768707483125e+02
6.133201563857514884e+02 7.389157254561250738e+02
6.159134029590948103e+02 7.386510008703220365e+02
6.181768027801911103e+02 7.387728062554300550e+02
6.197622915775972388e+02 7.386528430953399038e+02
6.207627768313458319e+02 7.384160988074957004e+02
6.203976058144505714e+02 7.378379649422830653e+02
6.194323050556984072e+02 7.381319622964866767e+02
6.184447334200259547e+02 7.380312093628087950e+02
6.181628608358465726e+02 7.387970702283498667e+02
6.186909944515577990e+02 7.391284677763551372e+02
6.202024117140396129e+02 7.393294573643411240e+02
6.217119078104993832e+02 7.395552710200597630e+02
6.222272149215768877e+02 7.398601102161933341e+02
6.221201842546063290e+02 7.398500837520938376e+02
6.210447952218430601e+02 7.393933447098976330e+02
6.202087817477399767e+02 7.392905725355144568e+02
6.195955786736020627e+02 7.389518855656697269e+02
6.193779044278825268e+02 7.381701008329680462e+02
6.203391862955031684e+02 7.381211991434689708e+02
6.218480101608805626e+02 7.381033022861981863e+02
6.231691022964508875e+02 7.384300626304801654e+02
6.239273341782846956e+02 7.386886354034643318e+02
6.231458422174839598e+02 7.389044776119402513e+02
6.219363327674024049e+02 7.394023769100169829e+02
6.199443236189647450e+02 7.394001739886907671e+02
6.176185216652506824e+02 7.397468139337298680e+02
6.156527838667251444e+02 7.389079351161771001e+02
6.139502617801047109e+02 7.388861256544502112e+02
6.139185695820766568e+02 7.390745368375700082e+02
6.154423320659061574e+02 7.391516687790451670e+02
6.166270833333333030e+02 7.394933333333333394e+02
6.172728785357736569e+02 7.394542429284525724e+02
6.171200505475990212e+02 7.390960404380791715e+02
6.165317869415807763e+02 7.386331615120275274e+02
6.149480294499783213e+02 7.384382849718492707e+02
6.137356619232427875e+02 7.383579128934885603e+02
6.132645411460576952e+02 7.389461439034898831e+02
6.134354148845167174e+02 7.393451668092386626e+02
6.136920488010097188e+02 7.397101388304586180e+02
6.135564784053156018e+02 7.400319767441860677e+02
