6.197215909090908781e+02 7.410515734265734409e+02
6.175636126791141578e+02 7.409544072948327766e+02
6.165573275862069522e+02 7.410357758620689310e+02
6.159310051107324853e+02 7.409348381601363371e+02
6.153945462292288084e+02 7.411525351512568704e+02
6.152549851506151981e+02 7.410470937632584310e+02
6.158620689655172100e+02 7.408577586206896513e+02
6.168645021645021416e+02 7.407406926406926004e+02
6.178283185840707574e+02 7.404181415929203922e+02
6.178376940133038033e+02 7.404434589800443973e+02
6.177981770833333712e+02 7.405629340277778283e+02
6.175648108797280429e+02 7.411058223544411021e+02
6.168339026473099693e+02 7.409594363791630940e+02
6.154648006785411098e+02 7.411183206106870784e+02
6.138541398541398166e+02 7.405306735306735391e+02
6.127658578118348487e+02 7.403682418050234446e+02
6.116867828304292516e+02 7.403399915002124771e+02
6.109307824591573990e+02 7.400361134995700922e+02
6.107459505541346516e+02 7.401180733162830165e+02
6.118558020477815944e+02 7.405644197952218519e+02
6.131385799828913150e+02 7.404619332763045350e+02
6.138215044623884751e+02 7.404912877178070403e+02
6.139170605930382862e+02 7.405981951009883915e+02
6.136496381438910248e+02 7.404878671775223893e+02
6.130367864693446336e+02 7.401708245243129340e+02
6.116732798649219376e+02 7.400000000000000000e+02
6.107053763440860621e+02 7.393518279569892684e+02
6.106262798634812725e+02 7.393792662116040901e+02
6.114622317596566745e+02 7.395592274678111835e+02
6.127938801529961665e+02 7.396974075648108737e+02
6.142987675308116877e+02 7.394934126646834329e+02
6.157655055225148999e+02 7.397884451996601456e+02
6.170268771331058133e+02 7.398212457337883734e+02
6.170124037639008066e+02 7.395479041916167944e+02
6.165388535031846686e+02 7.396849256900212595e+02
6.152371134020618229e+02 7.394806701030927343e+02
6.149023255813953028e+02 7.396524312896406173e+02
6.156665241556220280e+02 7.393608379649423341e+02
6.175678960603520409e+02 7.395632858340318307e+02
6.191454081632653015e+02 7.395297619047619264e+02
6.208995744680851203e+02 7.393106382978722877e+02
6.208657289002557036e+02 7.393367433930093284e+02
6.201248402215594524e+02 7.394337452066467904e+02
6.189599137931033965e+02 7.391991379310344428e+02
6.180616319444444571e+02 7.389444444444444571e+02
6.180249892287806688e+02 7.388940112020680999e+02
6.192863890081580394e+02 7.391416917131816717e+02
6.205319331333047330e+02 7.391033004714959134e+02
6.226395744680851294e+02 7.395548936170213210e+02
6.248226919758412805e+02 7.391138912855910803e+02
6.256653829696191451e+02 7.393140778776208890e+02
6.259083837510803505e+02 7.390103716508210709e+02
6.251185701830862627e+02 7.387162162162162531e+02
6.240730837789661791e+02 7.384295900178252623e+02
6.227673179396092564e+02 7.384507104795736723e+02
6.216370075254537824e+02 7.383718459495352135e+02
6.213247826086956138e+02 7.382056521739129948e+02
6.219635574837310514e+02 7.386819956616052423e+02
6.234847088395475794e+02 7.390385421030582620e+02
6.245622866894198069e+02 7.390046928327644764e+02
6.250440735986306890e+02 7.390945656824989101e+02
6.254674709177078284e+02 7.390568720379146725e+02
6.253113978494623098e+02 7.391948387096774695e+02
6.243025064822817285e+02 7.393751080380293388e+02
6.222291116974494116e+02 7.389309586631486582e+02
6.208806744487678770e+02 7.391867704280156204e+02
6.195757185757186107e+02 7.390634920634920491e+02
6.190139712108382355e+02 7.392311600338696280e+02
6.186310183212611946e+02 7.392317852577758686e+02
6.188802575107296207e+02 7.391330472103004467e+02
6.193445917058571695e+02 7.388909790508764672e+02
6.202880034647033654e+02 7.386574274577739061e+02
6.206590811507084027e+02 7.390528123658222057e+02
6.208116938950988697e+02 7.392072226999140412e+02
6.210012919896640824e+02 7.391554694229113238e+02
6.206378054007715264e+02 7.393231890270038775e+02
6.182762991128009844e+02 7.396708914237431145e+02
