6.213302790503956885e+02 7.407355268638067400e+02
6.200745891276865223e+02 7.405162241887906021e+02
6.183079847908745705e+02 7.400739332488382161e+02
6.162501078050884189e+02 7.397680034497627730e+02
6.146865934065933743e+02 7.390681318681318999e+02
6.135111706881143618e+02 7.388605898123324778e+02
6.123447967842787421e+02 7.393166592228673153e+02
6.111667425968108773e+02 7.389963553530751597e+02
6.097024943310657363e+02 7.390621315192744305e+02
6.100245864997764329e+02 7.394877067501117835e+02
6.123512323943662068e+02 7.393459507042254018e+02
6.139553145336225271e+02 7.399882863340563972e+02
6.155085940943147307e+02 7.399515204936095643e+02
6.171469676848163317e+02 7.403979637007525980e+02
6.181127004768096640e+02 7.405444299956653822e+02
6.194942965779467841e+02 7.411858893113645763e+02
6.205930572982016429e+02 7.411819322459222121e+02
6.224701277297074284e+02 7.412051915945611427e+02
6.227726324572381600e+02 7.407450980392156907e+02
6.217133163698049430e+02 7.403804071246819376e+02
6.202262462718364304e+02 7.401133361738388885e+02
6.205758232235701826e+02 7.403275563258232523e+02
6.201140881590320078e+02 7.402402765773551891e+02
6.187460801393727934e+02 7.401515679442508144e+02
6.171239740820734596e+02 7.396950323974082266e+02
6.166410934744268388e+02 7.390524691358024256e+02
6.161621741051701520e+02 7.389708351745470054e+02
6.169850678733031373e+02 7.388660633484163327e+02
6.188962223187147629e+02 7.404103343465045555e+02
6.209664948453607849e+02 7.408041237113402531e+02
6.210556268720581556e+02 7.407197261446298171e+02
6.208504273504273669e+02 7.408235042735042271e+02
6.217856543624161532e+02 7.411715604026845767e+02
6.226034696406443345e+02 7.412007434944238184e+02
6.224096033402922785e+02 7.411974947807933631e+02
6.218624629707998110e+02 7.410753279729158294e+02
6.206839681875261476e+02 7.415868564252825763e+02
6.196256499133448870e+02 7.407352686308491911e+02
6.172571182053494567e+02 7.408369283865400803e+02
6.155503062117235231e+02 7.397007874015747575e+02
6.140092920353981754e+02 7.396588495575221032e+02
6.117610343290235733e+02 7.396156932679447209e+02
