6.232545454545454504e+02 7.411688311688311614e+02
6.220017263703064145e+02 7.409171342252913064e+02
6.210618822518264324e+02 7.404813064030940950e+02
6.194265584970111149e+02 7.397625960717335829e+02
6.182001755926251008e+02 7.393143107989463942e+02
6.172292912040990132e+02 7.397399658411613927e+02
6.165920655454937105e+02 7.400694264769297206e+02
6.157720651242501617e+02 7.401705227077977725e+02
6.157019810508182900e+02 7.398910422049956424e+02
6.164645941278065493e+02 7.396606217616580352e+02
6.175350346020761663e+02 7.398226643598616192e+02
6.179194952132288563e+02 7.397288946910356344e+02
6.180115929583512298e+02 7.405251180764277024e+02
6.178488222698073287e+02 7.402226980728050876e+02
6.169587585034013273e+02 7.401764455782313235e+02
6.152599401453612700e+02 7.398294142796066808e+02
6.140676080445015259e+02 7.393902439024390105e+02
6.126407599309153511e+02 7.390198618307426841e+02
6.109661164205039086e+02 7.389856646394439394e+02
6.103022847100176023e+02 7.387346221441124499e+02
6.105754838709677870e+02 7.392984946236558699e+02
6.110394234845273331e+02 7.400754557015684441e+02
6.121580521144809381e+02 7.398363947031183443e+02
6.130385593220338478e+02 7.397228813559322589e+02
6.138019466779517188e+02 7.397862886161658480e+02
6.135991525423728490e+02 7.397978813559321907e+02
6.126057118499574017e+02 7.396786018755328769e+02
6.114640000000000555e+02 7.400202105263157364e+02
6.108085920884730058e+02 7.402786048490004305e+02
6.106181896181896036e+02 7.404096954096953596e+02
6.111237244897959044e+02 7.400973639455781949e+02
6.118295888088173342e+02 7.394679949130987779e+02
6.122411134903640004e+02 7.392209850107066131e+02
6.133784589186888070e+02 7.393282247765006332e+02
6.147733446519524705e+02 7.391880305602716135e+02
6.156114164904862491e+02 7.392913319238900840e+02
6.155398457583547724e+02 7.392189374464438743e+02
6.151065643648763626e+02 7.395140664961636503e+02
6.155930626057529480e+02 7.396095600676818549e+02
6.170725010725010407e+02 7.392368082368082014e+02
6.172590673575130040e+02 7.391679620034542495e+02
6.170985306828004013e+02 7.393880726015557912e+02
6.170221354166666288e+02 7.393081597222221717e+02
6.163493240296554632e+02 7.393597906672481486e+02
6.160768223483195243e+02 7.392601484068092077e+02
6.162004366812227545e+02 7.392048034934497309e+02
6.164409482758620697e+02 7.392965517241378848e+02
6.174282636794484915e+02 7.396777251184834086e+02
6.190361601377528586e+02 7.398441670253981783e+02
6.206874189364461927e+02 7.397310851707738948e+02
6.225632775632775520e+02 7.397065637065636565e+02
6.240116731517509834e+02 7.394976221357544546e+02
6.245826873385012732e+02 7.391451335055986647e+02
6.240190641247833128e+02 7.389792027729636175e+02
6.225566119273984214e+02 7.388202247191011338e+02
6.214993570510073368e+02 7.391573081868838244e+02
6.207741246797609165e+02 7.391895815542271748e+02
6.205021331058020451e+02 7.392781569965870858e+02
6.209677141627206538e+02 7.393818338355574724e+02
6.219521571977787744e+02 7.393900042716787766e+02
6.228650149508756613e+02 7.393840239214010808e+02
6.237065919862128567e+02 7.396863420939250773e+02
6.242565874730021278e+02 7.398289416846652102e+02
6.245365638766519396e+02 7.398343612334801946e+02
6.244336980306345595e+02 7.400411378555799047e+02
6.239315904139433542e+02 7.400653594771241615e+02
6.227972389991372211e+02 7.398731665228644943e+02
6.216929674099485510e+02 7.396179245283018417e+02
6.204331757627846855e+02 7.392801890846583319e+02
6.196635152556940511e+02 7.394181349376880235e+02
6.189766850360322223e+02 7.394489190334887780e+02
6.185757707338254932e+02 7.391011723838471426e+02
6.185706190061029019e+02 7.390383609415868023e+02
6.189956121105748252e+02 7.387354102676612229e+02
6.201933797909407531e+02 7.390897212543553678e+02
6.210238508239375506e+02 7.394705117085862867e+02
6.212425699300699762e+02 7.395681818181818699e+02
6.207399497487436975e+02 7.406390284757119389e+02
