6.190514928602336795e+02 7.395512765036780820e+02
6.201350771869639402e+02 7.397495711835334760e+02
6.207298701298701644e+02 7.400281385281385838e+02
6.205399913532208984e+02 7.399507133592736636e+02
6.200960698689956416e+02 7.395864628820960434e+02
6.199239412273120706e+02 7.398323249783924211e+02
6.203852739726027039e+02 7.396583904109588730e+02
6.214061022776106711e+02 7.396162440911044769e+02
6.218026541095890707e+02 7.396357020547944785e+02
6.214028837998304198e+02 7.398282442748092080e+02
6.210599156118142901e+02 7.398481012658228337e+02
6.203319310054690732e+02 7.399385780395456322e+02
6.197387234042553246e+02 7.394272340425532093e+02
6.195685431886548713e+02 7.394202836269874979e+02
6.196456352636128031e+02 7.392886776145203385e+02
6.196952956409149920e+02 7.393590850237376344e+02
6.202628450106157061e+02 7.396823779193206292e+02
6.199782608695652470e+02 7.395809889173060583e+02
6.186646934460887906e+02 7.394875264270613116e+02
6.179239791485664455e+02 7.387849695916594328e+02
6.171154009333898784e+02 7.392015273652948508e+02
6.164676290463692112e+02 7.388770778652668696e+02
6.139579500657030167e+02 7.384380201489268529e+02
6.138930412371133798e+02 7.391353092783505190e+02
6.144426090639559561e+02 7.394955527318932127e+02
6.151590717299577591e+02 7.394004219409282541e+02
6.160297745640152698e+02 7.392177796682262851e+02
6.161452089489235959e+02 7.394943013929928384e+02
6.152361937128292766e+02 7.392965165675445860e+02
6.147701943844492689e+02 7.387200863930885362e+02
6.148169681309216230e+02 7.390447889750215609e+02
6.149935594675825996e+02 7.390382138256762801e+02
6.163085787451984743e+02 7.393525394793000487e+02
6.171763683753257510e+02 7.389669852302346271e+02
6.176128337639966048e+02 7.393492678725236829e+02
6.183861087144089197e+02 7.391988783433994286e+02
6.197848047538200262e+02 7.398357385398981023e+02
6.212314734088927253e+02 7.395348735832607190e+02
6.223978354978354446e+02 7.399298701298700962e+02
6.223203058623619199e+02 7.402158028887000683e+02
6.219744572158365372e+02 7.404891443167305169e+02
6.216832271762208393e+02 7.404484076433120663e+02
6.218804071246819376e+02 7.406581849024597659e+02
6.235919148936170586e+02 7.408527659574467634e+02
