6.203203883495145874e+02 7.412119037568594422e+02
6.185292360221937997e+02 7.405898420827998052e+02
6.171277969018932481e+02 7.398519793459552147e+02
6.163718971631205932e+02 7.393594858156028522e+02
6.149870186066638098e+02 7.396287321505841419e+02
6.141023029229406802e+02 7.391634189548273071e+02
6.125133214920070941e+02 7.396842806394315630e+02
6.115862068965517437e+02 7.395735027223230418e+02
6.117456221198157209e+02 7.393921658986174634e+02
6.122594570538495873e+02 7.400725411659991551e+02
6.135667251975417003e+02 7.400965759438103078e+02
6.155382619974059253e+02 7.404773022049287192e+02
6.170514138817480898e+02 7.409143101970865928e+02
6.185615062761506806e+02 7.415163179916318086e+02
6.193079191238416570e+02 7.414528222409435330e+02
6.199670799486959822e+02 7.411693031209919127e+02
6.208113684210526344e+02 7.413734736842105804e+02
6.216439169139465548e+02 7.410313692242475554e+02
6.219630102040816837e+02 7.409579081632653015e+02
6.213441330998248304e+02 7.399597197898424383e+02
6.197360316761988770e+02 7.401575010998680000e+02
6.194479258605472296e+02 7.400401588702559366e+02
6.195277536860364762e+02 7.405065047701648382e+02
6.192257503262287628e+02 7.403675511091779526e+02
6.182038834951456465e+02 7.397912621359223522e+02
6.177550306211724092e+02 7.402213473315835017e+02
6.175879771829750098e+02 7.402751206669591966e+02
6.191662280701754071e+02 7.405249999999999773e+02
6.215152425933877112e+02 7.409416058394160700e+02
6.223544303797468729e+02 7.411599156118143128e+02
6.220987810004203311e+02 7.412017654476670714e+02
6.225447667087011041e+02 7.411105506515342540e+02
6.232384902530070576e+02 7.416022397345499257e+02
6.232173372044794633e+02 7.416055578598092097e+02
6.221511824324323925e+02 7.410886824324323925e+02
6.201938514090520584e+02 7.408125533731853238e+02
6.183364806866952677e+02 7.404609442060085485e+02
6.173627664201826519e+02 7.399969551979121434e+02
6.162157987643424804e+02 7.391941747572815302e+02
6.156481981981982017e+02 7.389481981981981562e+02
6.140963693411026725e+02 7.391573285522187007e+02
6.121679355127630515e+02 7.397510076130765810e+02
