6.176887110362257545e+02 7.394549283909013866e+02
6.181761168384879284e+02 7.390425257731958482e+02
6.185785194694052507e+02 7.394950791613179035e+02
6.175722814498933531e+02 7.397773987206822994e+02
6.168074957410561865e+02 7.401482112436116267e+02
6.161706586826347802e+02 7.404550898203592624e+02
6.155987261146497076e+02 7.405783439490445517e+02
6.153276955602536873e+02 7.406211416490485817e+02
6.157497865072587047e+02 7.397690008539709652e+02
6.161697072549851555e+02 7.398078065337292628e+02
6.167436006825938648e+02 7.395362627986347661e+02
6.180038395904437039e+02 7.394296075085323992e+02
6.183994181213632828e+02 7.399251870324189895e+02
6.187026571067060559e+02 7.395617882749894534e+02
6.194588086185044631e+02 7.393151668779045167e+02
6.197716836734693970e+02 7.391228741496598786e+02
6.195396825396825307e+02 7.398433583959899806e+02
6.187901390644753974e+02 7.398006742520017269e+02
6.169485294117647527e+02 7.395268166089965689e+02
6.167010752688172488e+02 7.401522580645161042e+02
6.165397579948141811e+02 7.400903197925670156e+02
6.172542444821731351e+02 7.408162139219015216e+02
6.186012931034482563e+02 7.406081896551723958e+02
6.203507430997876781e+02 7.405154989384288911e+02
6.218752189141856661e+02 7.398415061295971782e+02
6.227427101200686366e+02 7.402379931389365311e+02
6.223855678906917319e+02 7.397476515798463197e+02
6.207548415492957474e+02 7.387913732394366662e+02
6.193714161598610417e+02 7.390125977410947371e+02
6.177824377457404808e+02 7.389829619921363246e+02
6.171803989592367543e+02 7.389058976582826972e+02
6.180796083439761333e+02 7.393082162622392843e+02
6.189849007765315037e+02 7.391924072476272158e+02
6.194509137271568306e+02 7.394968125796855247e+02
6.195973526900085062e+02 7.397690008539709652e+02
6.189135750421585271e+02 7.403874367622260024e+02
6.182729193071398868e+02 7.407976341360372317e+02
6.164803216250528521e+02 7.407896741430384964e+02
