6.149319552110249560e+02 7.377842377260982403e+02
6.147131782945735949e+02 7.380465116279069662e+02
6.148590517241378848e+02 7.385874999999999773e+02
6.148920330866347967e+02 7.385441880713974570e+02
6.141474613686534667e+02 7.387231788079469652e+02
6.149703186381492515e+02 7.389257965953731855e+02
6.168696207925011095e+02 7.392611844908393550e+02
6.181488631488631427e+02 7.392449592449592046e+02
6.188242784380305466e+02 7.394813242784380236e+02
6.193989834815755557e+02 7.395688267683185586e+02
6.198726890756302055e+02 7.399373949579832015e+02
6.202564853556485787e+02 7.400937238493723953e+02
6.202106577851790234e+02 7.401960865945045498e+02
6.200062919463086928e+02 7.402969798657718457e+02
6.193905723905724017e+02 7.401889730639730942e+02
6.196955974842767318e+02 7.401052410901467056e+02
6.201767422334172579e+02 7.401968933669185162e+02
6.206724946695095468e+02 7.398767590618336953e+02
6.206068965517241622e+02 7.393637931034483017e+02
6.199527729636048434e+02 7.390246967071057043e+02
6.194811680067710995e+02 7.392196360558612014e+02
6.187633684210526326e+02 7.393482105263158246e+02
6.171415094339622556e+02 7.389948542024013705e+02
6.156312178387649965e+02 7.393310463121783869e+02
6.146945876288659747e+02 7.398509450171820845e+02
6.144358864027539084e+02 7.407276247848536741e+02
6.142327399044723961e+02 7.406864958749457628e+02
6.142041629760850583e+02 7.404712134632418383e+02
6.150154661953159803e+02 7.404794520547944785e+02
6.158790004384042049e+02 7.405523893029372857e+02
6.159480069324090437e+02 7.407547660311957998e+02
6.165834053586862638e+02 7.408500432152117128e+02
6.174258555133079653e+02 7.410333755809041349e+02
6.178273657289003040e+02 7.403337595907928517e+02
6.185217573221757448e+02 7.405384937238493421e+02
6.190029473684210188e+02 7.403692631578946930e+02
6.199562317632346549e+02 7.408520216756982109e+02
6.210164556962025699e+02 7.409156118143459935e+02
6.212983263598326857e+02 7.414276150627615607e+02
6.208520735356989917e+02 7.410927746900384818e+02
6.198921901528013905e+02 7.412971137521221863e+02
6.193842573000423499e+02 7.409521794329242539e+02
6.187621848739495363e+02 7.404575630252101064e+02
6.179093209616195281e+02 7.398823281315900431e+02
6.179585097375105534e+02 7.397739204064351952e+02
6.179570526315789039e+02 7.396976842105262904e+02
6.174446337308347665e+02 7.396473594548551773e+02
6.167753150803998778e+02 7.391016949152542566e+02
6.161467770034843170e+02 7.391755226480836427e+02
6.159227731461166968e+02 7.388609039052215621e+02
6.161148471615720155e+02 7.394375545851528386e+02
6.162653508771929864e+02 7.396872807017543892e+02
6.168349220103985999e+02 7.403526863084922525e+02
6.179427464485579549e+02 7.407042617305208978e+02
6.187145299145298623e+02 7.406867521367521476e+02
6.196074727120067109e+02 7.404366078925272632e+02
6.207449664429530003e+02 7.404408557046980377e+02
6.215907563025209583e+02 7.403445378151260456e+02
6.218976411120471539e+02 7.402792754844144838e+02
6.222031316123571969e+02 7.401531950909860598e+02
6.229201520912547494e+02 7.404351499788762112e+02
6.230823080186678453e+02 7.399579974543911476e+02
6.230157246068848735e+02 7.399859753506162861e+02
6.235163899531715970e+02 7.396309067688378036e+02
6.233079191238416570e+02 7.399604043807919425e+02
6.221914715719063906e+02 7.396981605351170401e+02
6.208407224958949655e+02 7.400554187192118434e+02
6.201242210220191282e+02 7.395363523057748125e+02
6.197092436974789962e+02 7.391655462184874068e+02
6.188510368176047223e+02 7.383457469318663016e+02
6.183429297205757393e+02 7.382404741744284138e+02
6.184626228107646284e+02 7.380179410508329738e+02
6.186947413424539945e+02 7.383655408294142717e+02
6.182059457130546889e+02 7.386255924170616254e+02
6.169851506151887861e+02 7.390203648705982005e+02
6.169413778348309734e+02 7.390119811724432566e+02
6.165359864521591362e+02 7.392040643522439041e+02
6.166529311809686078e+02 7.391253186066270473e+02
6.168107535986451921e+02 7.393789161727349892e+02
6.175188479457856374e+02 7.395569673867005349e+02
6.184076271186440863e+02 7.394453389830508740e+02
6.198988860325621317e+02 7.391349614395886647e+02
6.212291139240505800e+02 7.393278481012657721e+02
6.217487331081081265e+02 7.388775337837837469e+02
6.220663865546218858e+02 7.390306722689075514e+02
6.222763102725366480e+02 7.391555555555555657e+02
6.222307370184254296e+02 7.392114740368509729e+02
6.218794326241135195e+02 7.392574050896954532e+02
6.214542048293088783e+02 7.396157368859284134e+02
6.208302277432711662e+02 7.396749482401655769e+02
6.206819306930692619e+02 7.398943894389439038e+02
6.205556478405316057e+02 7.393737541528239490e+02
6.204581405132520331e+02 7.389848548590661039e+02
6.199733389758781641e+02 7.384858231062208915e+02
6.189097488292890148e+02 7.379799914857386511e+02
6.178363019508058187e+02 7.381611535199320997e+02
6.171341880341880142e+02 7.381538461538461888e+02
6.164209866220735421e+02 7.385359531772575110e+02
6.158228859907446804e+02 7.386937315944468310e+02
6.156141304347826235e+02 7.393612040133779146e+02
6.158168482816429332e+02 7.396693210393964364e+02
6.161580059146599524e+02 7.395399239543726253e+02
6.163061571125265345e+02 7.398730360934182499e+02
6.162202456586192056e+02 7.400825921219822021e+02
6.167895630038184436e+02 7.400755197284684073e+02
6.175159932659933020e+02 7.398215488215488449e+02
6.182170833333333348e+02 7.401429166666666788e+02
6.188609271523179132e+02 7.403687913907284610e+02
6.194212258329905580e+02 7.405512134923899339e+02
6.195807914262160239e+02 7.405189612530915610e+02
6.196883169934640136e+02 7.408549836601307561e+02
6.195270270270269748e+02 7.408312858312858680e+02
6.192153149444216069e+02 7.407608069164265316e+02
6.191441666666667061e+02 7.405800000000000409e+02
6.193545191910853873e+02 7.403664878250102674e+02
6.202205149501661481e+02 7.401411960132890044e+02
6.202474874371858959e+02 7.399133165829146037e+02
6.186400501672241035e+02 7.396262541806020181e+02
