6.207799913382416435e+02 7.405738414898224846e+02
6.202640424590889552e+02 7.404020344980096979e+02
6.206640211640211646e+02 7.406459435626102277e+02
6.218769430051813742e+02 7.409848877374784024e+02
6.231835443037974755e+02 7.415679324894514366e+02
6.234664970313825734e+02 7.413965224766751589e+02
6.231401948326980573e+02 7.415459551037696428e+02
6.226302016302016682e+02 7.412192192192192124e+02
6.223609087012430336e+02 7.413784826403772286e+02
6.221301927194861037e+02 7.411644539614560472e+02
6.216020495303159805e+02 7.412506404782237723e+02
6.214092071611253232e+02 7.411577152600170848e+02
6.207070279424216324e+02 7.413666384419983615e+02
6.202786956521739512e+02 7.412369565217391028e+02
6.185351681957187111e+02 7.407077326343381856e+02
6.163352448169387117e+02 7.407062196735773796e+02
6.144001724881414930e+02 7.408150064683053415e+02
6.132856536502546305e+02 7.411001697792869436e+02
6.129025862068965580e+02 7.409215517241378848e+02
6.129104541559554491e+02 7.409520137103684192e+02
6.129560017086714652e+02 7.411089278086287777e+02
6.119252849303503581e+02 7.412773322076825480e+02
6.115533980582524691e+02 7.411747572815534113e+02
6.114699453551912711e+02 7.406994535519125975e+02
6.117132043734230820e+02 7.403944491169049797e+02
6.119591062394604251e+02 7.405059021922428428e+02
6.117502088554720103e+02 7.408571428571428896e+02
6.109185708350644290e+02 7.410835064395513427e+02
6.106686094920898995e+02 7.404254787676935621e+02
6.110803533866218231e+02 7.399066049642406142e+02
6.115535939470365747e+02 7.399075241698192258e+02
6.114932942162615745e+02 7.398700754400670121e+02
6.108795282224094763e+02 7.397413647851726637e+02
6.096738013698629857e+02 7.394327910958903658e+02
6.093300344234079375e+02 7.392259036144578204e+02
6.094081023454157275e+02 7.391658848614072213e+02
6.101275862068965807e+02 7.387741379310344882e+02
6.116818950930626215e+02 7.391082910321489408e+02
6.124993652137113713e+02 7.394066864155734038e+02
6.131819306930692619e+02 7.403547854785479103e+02
6.137655662348516898e+02 7.397074801504387551e+02
6.143792390405293418e+02 7.397634408602150415e+02
6.159075168918918735e+02 7.388733108108108354e+02
6.180834053586862638e+02 7.387554019014693267e+02
6.196326438848921043e+02 7.380121402877697392e+02
6.199515260323159964e+02 7.383604129263914047e+02
6.192169894366197695e+02 7.387152288732394254e+02
6.177340517241378848e+02 7.393366379310344882e+02
6.184132519616390482e+02 7.391229293809939236e+02
6.198457903780068818e+02 7.393750000000000000e+02
6.212759219088936788e+02 7.393366594360086310e+02
6.225221532091097743e+02 7.402683229813665093e+02
6.226302904564315668e+02 7.398975103734439926e+02
6.213184931506849580e+02 7.395539383561643945e+02
6.197574561403508824e+02 7.388030701754386200e+02
6.197628458498023747e+02 7.387830478700043386e+02
6.208140659340659795e+02 7.386369230769230398e+02
6.218334813499111533e+02 7.387602131438720789e+02
6.220845132743362456e+02 7.385353982300885036e+02
6.225894645189376888e+02 7.388724423160643937e+02
6.228549783549783569e+02 7.390212121212121019e+02
6.230980985306828188e+02 7.390769230769230944e+02
6.230700389105057866e+02 7.390233463035019668e+02
6.227887144675435138e+02 7.395982180738226361e+02
6.228959390862944474e+02 7.397643824027072696e+02
6.231680923866553030e+02 7.394371257485030355e+02
6.215645788336933037e+02 7.392803455723542356e+02
