6.171584840654608115e+02 7.403785529715762550e+02
6.164613715277778283e+02 7.406427951388889142e+02
6.170999115826701882e+02 7.403806366047745087e+02
6.181028645833333712e+02 7.407473958333333712e+02
6.179460509279240341e+02 7.407803193785066469e+02
6.178691910499139794e+02 7.405417383820998793e+02
6.178330464716007100e+02 7.405697074010327015e+02
6.178135738831615527e+02 7.404759450171820845e+02
6.181376780319378668e+02 7.405161847216228352e+02
6.183629725085910422e+02 7.404755154639175316e+02
6.181077121930202338e+02 7.406135286514432892e+02
6.178831058020477940e+02 7.407512798634812725e+02
6.173407249466951043e+02 7.410810234541577302e+02
6.169863130881094548e+02 7.410902480752780548e+02
6.174980375054514070e+02 7.404365460095943945e+02
6.185461604831751856e+02 7.403222605694563754e+02
6.200819039451115486e+02 7.398662092624356319e+02
6.205808695652174265e+02 7.400886956521738966e+02
6.190185594343791990e+02 7.395665046398586355e+02
6.174577157802964393e+02 7.398761987794246124e+02
6.170717079530638784e+02 7.401269013472402776e+02
6.171785869094061354e+02 7.403805808409189240e+02
6.185695047784535063e+02 7.404496090356211653e+02
6.187566409597258144e+02 7.399854327335046946e+02
