6.135833685099197510e+02 7.394322498944702602e+02
6.127324486301370143e+02 7.392029109589041127e+02
6.111367741935483764e+02 7.391961290322581135e+02
6.090925282363162978e+02 7.390951346655082261e+02
6.083935144609990857e+02 7.391713409290096024e+02
6.087841601392515258e+02 7.391053089643168050e+02
6.107021459227468085e+02 7.393669527896995533e+02
6.118383795309168818e+02 7.397275053304904304e+02
6.120111016225448566e+02 7.397801024765158218e+02
6.111645408163265074e+02 7.399740646258503602e+02
6.100566037735849250e+02 7.401148846960168157e+02
6.095540483255616664e+02 7.400029673590504444e+02
6.096692539887882276e+02 7.396067270375161797e+02
6.114827437446074327e+02 7.395284728213977132e+02
6.131161987041036809e+02 7.395161987041036582e+02
6.138930075821398304e+02 7.400669755686604958e+02
6.131951427354068755e+02 7.399262888794205537e+02
6.116194539249146374e+02 7.396360921501706116e+02
6.110954816709291890e+02 7.398793691389599871e+02
6.116088071825566885e+02 7.397349294570328766e+02
6.134107220060527652e+02 7.397077388672719280e+02
6.155210229735587291e+02 7.399020372778500132e+02
6.162193548387097053e+02 7.399604301075269177e+02
6.162581896551723730e+02 7.398646551724137908e+02
6.158023106546854706e+02 7.402537441163885887e+02
6.153464163822525279e+02 7.403370307167235751e+02
6.161712180320762400e+02 7.398443866493281575e+02
6.172351676698194751e+02 7.402992261392948876e+02
6.181091779034362617e+02 7.406193997390170125e+02
6.186543422184006431e+02 7.403942390369733175e+02
6.190025210084033915e+02 7.408794117647058783e+02
6.200342784595852663e+02 7.411836648328395540e+02
6.210110356536503105e+02 7.407088285229201574e+02
6.215728601252609451e+02 7.408242171189979217e+02
6.219017857142856656e+02 7.404902210884354190e+02
6.218796256911952014e+02 7.406154827732879085e+02
6.214941785252264026e+02 7.403505821474773256e+02
6.224359846873670676e+02 7.407639302424499874e+02
6.233304610081861483e+02 7.407720809995691980e+02
6.234614722341799506e+02 7.408678433060697444e+02
6.231961888263317633e+02 7.405747076656560921e+02
6.225962680237489622e+02 7.406000848176420277e+02
6.217724107919930248e+02 7.405095735422106600e+02
6.213521795425118626e+02 7.408096676737160351e+02
6.212620181896925260e+02 7.407353832828064242e+02
6.216297890658630649e+02 7.405897546276366938e+02
6.220343053173241969e+02 7.405145797598627269e+02
6.219876121315677437e+02 7.403340452797949638e+02
6.221807228915662336e+02 7.402693631669535534e+02
6.214887834339948540e+02 7.404085418464193253e+02
6.204004329004328611e+02 7.404562770562770311e+02
6.189995663486556623e+02 7.406764960971379423e+02
6.182596236099229827e+02 7.410427715996578399e+02
6.183080241587575756e+02 7.404900776531492284e+02
6.187932794555508735e+02 7.407388345384943023e+02
6.190949767834529212e+02 7.406424651751793817e+02
6.188575757575757734e+02 7.408865800865801248e+02
6.178370860927152535e+02 7.404821192052979768e+02
6.164609035621199382e+02 7.407145960034752079e+02
6.163118233001299586e+02 7.407791251624079223e+02
6.167656994369857557e+02 7.404590731918578967e+02
6.172871664548920307e+02 7.404078780177890167e+02
6.172527287993283380e+02 7.407220822837950891e+02
6.157802245250431952e+02 7.403173575129533219e+02
6.140258509263248925e+02 7.404605773373546072e+02
6.121435344827585823e+02 7.404435344827586505e+02
6.118198389147944454e+02 7.407151335311572211e+02
6.131321888412016961e+02 7.400854077253219430e+02
6.143801268498942818e+02 7.404997885835094849e+02
6.146288135593219977e+02 7.402669491525423382e+02
6.138278061224490330e+02 7.402529761904761472e+02
6.121996630160067525e+02 7.405446503791069972e+02
6.107162276975360555e+02 7.401304163126593494e+02
6.118988715277778283e+02 7.395611979166666288e+02
