5.531946082561078128e+02 7.130526537489469092e+02
5.468759430008382196e+02 7.134333612740989565e+02
5.444601659751036777e+02 7.161896265560166057e+02
5.466106934001670652e+02 7.199051796157059471e+02
5.553324686554258278e+02 7.242524859489840310e+02
5.656149239981575647e+02 7.282943344081069199e+02
5.801369193154034747e+02 7.332503667481662433e+02
5.994866901054746222e+02 7.393400301356102773e+02
6.165383466135458548e+02 7.448162350597609702e+02
6.362065795839380371e+02 7.503449443638122602e+02
6.557733333333333121e+02 7.550405128205128449e+02
6.689780329505741747e+02 7.591827259111332751e+02
6.799203583872573518e+02 7.611747137879542606e+02
6.854369215781782714e+02 7.634607890891378474e+02
6.822330426356588760e+02 7.611642441860465169e+02
6.730962167211583846e+02 7.576539000467071219e+02
6.617437902483900416e+02 7.540050597976080553e+02
6.446090611863614868e+02 7.478351237739374255e+02
6.258928914505282819e+02 7.411469740634005348e+02
6.087343241987923648e+02 7.359921040408731869e+02
5.906191556967771703e+02 7.291706763504312221e+02
5.740334075723831120e+02 7.216770601336303343e+02
5.617685305591677434e+02 7.162457737321196873e+02
5.536551302931595728e+02 7.135228013029316116e+02
5.471551580698835551e+02 7.132828618968386536e+02
5.442530577815267634e+02 7.159957823703078930e+02
5.461824381926684282e+02 7.198196930946292014e+02
5.644198438217730427e+02 7.285654570509875612e+02
