6.119738675958187741e+02 7.390309233449477233e+02
6.113374679213002310e+02 7.392305389221556879e+02
6.113969005596211446e+02 7.390860955660783702e+02
6.113071643071642711e+02 7.390729300729300348e+02
6.112620778110303945e+02 7.390641299700727131e+02
6.112042826552462884e+02 7.390659528907923459e+02
6.112284853700516578e+02 7.390460413080894568e+02
6.117414465136422450e+02 7.388488523170203734e+02
6.114106529209622067e+02 7.389707903780068818e+02
6.114722102542008315e+02 7.389672554933218862e+02
6.120261493040910636e+02 7.397039223956136311e+02
6.132953165654813574e+02 7.392840416305290319e+02
6.154980661796304275e+02 7.391547056295659104e+02
6.183186253712345888e+02 7.397276198557487987e+02
6.206367187500000000e+02 7.396644965277778283e+02
6.214087559601214252e+02 7.396766363242305715e+02
6.228543897216273990e+02 7.394732334047108679e+02
6.233559539052496348e+02 7.395591122492530758e+02
6.237830551989729884e+02 7.395382969619170126e+02
6.240142302716687936e+02 7.392069857697283624e+02
6.235797962648556449e+02 7.393637521222410669e+02
6.233632496809867689e+02 7.394100382815822741e+02
6.225853344768438546e+02 7.392439965694683224e+02
6.221117465904090977e+02 7.387650681918170221e+02
6.218385980095197283e+02 7.393046300302898999e+02
6.218831392841742627e+02 7.393139284174212662e+02
6.224523707817172635e+02 7.392887654848354941e+02
6.223864693446088268e+02 7.394955602536997503e+02
6.219200343938091464e+02 7.390859845227859068e+02
6.210742637644045772e+02 7.393388817755014770e+02
6.200517241379310462e+02 7.390474137931034875e+02
6.175145175064047862e+02 7.388121263877028468e+02
6.151177220569485371e+02 7.390199745006374314e+02
6.133320396722725718e+02 7.388749460974557906e+02
6.109559775571859745e+02 7.391458782908933927e+02
6.100433662516101094e+02 7.393782739373122013e+02
6.089764252036005701e+02 7.395563651950278654e+02
6.087230246389125341e+02 7.399966015293117607e+02
6.082823834196891539e+02 7.400185664939550634e+02
6.085124892334195010e+02 7.402803617571059931e+02
6.086790439607341341e+02 7.404532650448143158e+02
6.089691973969630681e+02 7.401861171366593908e+02
6.088610271903323792e+02 7.405718601640052157e+02
6.088686605981794173e+02 7.407958387516255243e+02
6.089952380952380508e+02 7.405939393939394222e+02
6.098711629917855817e+02 7.405732814526588754e+02
