6.250609137055837436e+02 7.399763113367174583e+02
6.248770833333333030e+02 7.404133333333332985e+02
6.240957854406129854e+02 7.402128565346955611e+02
6.225295608108108354e+02 7.404176520270269748e+02
6.214596876319121748e+02 7.402009286618826991e+02
6.204270657672849438e+02 7.401121416526137864e+02
6.193465096719933172e+02 7.401984861227922465e+02
6.189381926683716983e+02 7.398827791986359443e+02
6.189103972950126717e+02 7.404108199492815174e+02
6.196027049873204078e+02 7.403617920540997375e+02
6.208808911739503174e+02 7.407197943444730299e+02
6.220376884422111061e+02 7.414644053601340374e+02
6.231171974522293340e+02 7.412547770700637102e+02
6.239686192468619765e+02 7.414510460251045743e+02
6.238500629987399861e+02 7.413532129357413396e+02
6.233688833124215307e+02 7.414742785445420168e+02
6.224038216560509227e+02 7.408437367303608880e+02
6.214281524926685734e+02 7.410737327188940071e+02
6.199505862646566356e+02 7.406959798994975017e+02
6.189839119390346696e+02 7.402091447925487273e+02
6.178021367521367893e+02 7.396910256410255897e+02
6.174230125523012020e+02 7.403820083682007862e+02
6.171977186311787591e+02 7.404638783269962232e+02
6.174860524091293428e+02 7.410367709213862781e+02
6.184348936170213165e+02 7.411702127659574444e+02
6.191031678082191547e+02 7.410321061643835492e+02
6.197500000000000000e+02 7.412538200339558898e+02
6.201412671232876619e+02 7.410791952054794365e+02
6.201201698513800693e+02 7.411817409766454148e+02
6.189933026370866855e+02 7.413729593972373095e+02
6.181903171953255196e+02 7.412253756260433875e+02
6.174529091670154912e+02 7.414148179154458376e+02
6.155210569777043474e+02 7.411581337737407011e+02
6.138274559193954474e+02 7.404441645675902919e+02
6.122796822742475342e+02 7.401237458193979819e+02
6.119417517006802427e+02 7.402393707482992795e+02
6.127972057578323302e+02 7.403958509737510667e+02
6.141300085251491510e+02 7.408452685421995056e+02
6.151462585034013273e+02 7.409800170068027683e+02
6.149034019319614117e+02 7.413658126837462987e+02
6.144735269000854032e+02 7.408911187019641602e+02
6.136149892933618730e+02 7.409815845824410872e+02
6.129202929771649906e+02 7.409043515725979887e+02
6.121886227544910071e+02 7.409978614200171023e+02
6.110827586206896740e+02 7.407219827586206975e+02
6.090988725065047902e+02 7.405000000000000000e+02
6.079783643444396830e+02 7.406343574210299039e+02
6.077000426075841233e+02 7.404512143161482527e+02
6.078537634408602344e+02 7.399707526881720696e+02
6.090326963906582023e+02 7.403171974522292658e+02
6.107152061855670127e+02 7.405519759450171478e+02
6.119788428324698089e+02 7.400712435233160704e+02
6.125575447570332699e+02 7.405238704177322688e+02
6.131483233018057035e+02 7.403783319002579901e+02
6.132009446114211642e+02 7.404911979390295755e+02
6.127059073523162169e+02 7.400208244793880112e+02
6.111981050818260428e+02 7.398303186907837699e+02
6.098435197225834372e+02 7.395843086259211532e+02
6.091276052743513674e+02 7.399880901743938466e+02
6.076610526315789684e+02 7.398160000000000309e+02
6.074529485570890301e+02 7.402241739857799985e+02
6.081169940222032437e+02 7.396639624252775320e+02
6.091858974358974592e+02 7.397829059829059588e+02
6.118863829787234181e+02 7.399289361702127508e+02
6.133073995771670752e+02 7.400993657505285910e+02
6.148063306955435792e+02 7.402290712203248404e+02
6.152270815811606326e+02 7.403637510513036659e+02
6.148144588382782558e+02 7.401395737567905826e+02
6.141673003802280846e+02 7.397887621461766230e+02
6.128117349092443646e+02 7.393338961587168114e+02
6.108213981244671231e+02 7.390430520034100255e+02
6.098150684931506476e+02 7.388077910958903658e+02
6.096252667520273008e+02 7.390729833546735108e+02
6.097847073900043142e+02 7.390713370354549170e+02
6.100883105802047339e+02 7.393690273037542511e+02
6.104756045820959116e+02 7.394157827747136480e+02
6.117634136037178223e+02 7.395656949725390632e+02
6.131648116438356055e+02 7.393916952054794365e+02
6.141476453118370955e+02 7.398595672464997506e+02
6.154612419700214332e+02 7.397438972162740356e+02
6.163030945315812232e+02 7.399834675710046668e+02
6.162078249894825603e+02 7.397749263777870965e+02
6.153134328358208904e+02 7.391786780383795303e+02
6.151331072488342215e+02 7.391780415430266657e+02
6.147255574614065381e+02 7.388276157804459672e+02
6.149305912596400958e+02 7.386606683804627664e+02
6.155957081545063829e+02 7.386944206008583933e+02
6.162938099389712079e+02 7.384363557105492646e+02
6.170975298126064672e+02 7.387551107325383555e+02
6.184658064516129343e+02 7.384081720430107225e+02
6.196865284974093129e+02 7.385768566493954950e+02
6.210697573656846089e+02 7.387872616984402612e+02
6.222386266094420080e+02 7.390356223175965624e+02
6.218683870967741996e+02 7.390197849462365411e+02
6.211435224386113987e+02 7.391270110076206947e+02
6.198349016253207537e+02 7.389401197604790923e+02
6.184580838323353191e+02 7.384880239520957730e+02
6.178577494692144683e+02 7.387974522292993242e+02
6.177525083612040362e+02 7.388260869565217490e+02
6.183956466069141698e+02 7.386308151941955202e+02
6.187407564810879421e+02 7.389213769655758597e+02
6.190667511618081562e+02 7.390071820870299462e+02
6.199164588528677768e+02 7.391812136325852407e+02
6.218127931769722636e+02 7.387906183368869506e+02
6.227853492333900931e+02 7.389016183986370834e+02
6.230390824129142402e+02 7.389137638062871929e+02
6.228470688190313922e+02 7.391057774001699272e+02
6.219092844974446734e+02 7.392274275979557387e+02
6.209345594525235583e+02 7.391415739948673718e+02
6.195546183045128146e+02 7.390733867566427762e+02
6.184920770877944278e+02 7.389922912205566945e+02
6.174797936371453488e+02 7.387927773000859588e+02
6.167243726074010510e+02 7.389383241173968599e+02
6.169215517241378848e+02 7.389038793103447915e+02
6.178259930915371569e+02 7.386873920552676509e+02
6.195289855072463752e+02 7.394075021312872877e+02
6.204928148774303054e+02 7.396652578191039993e+02
6.219347269624573755e+02 7.395460750853242189e+02
6.228344709897611438e+02 7.394769624573378906e+02
6.228880471380471135e+02 7.398358585858585457e+02
6.227121910347716494e+02 7.400930037704231381e+02
6.220756159728122157e+02 7.401788445199659918e+02
6.207687393526405231e+02 7.401034923339011584e+02
6.190613026819922879e+02 7.398373776074924990e+02
6.178272957034540696e+02 7.397497893850041919e+02
6.165711871567384605e+02 7.396075200675961696e+02
