6.031258445945945823e+02 7.387221283783783292e+02
6.048311742582532133e+02 7.389916422900125781e+02
6.066338320864505249e+02 7.387955112219451621e+02
6.083811544991510800e+02 7.384588285229201574e+02
6.094587737843552304e+02 7.385471458773783979e+02
6.093316498316498837e+02 7.388787878787878753e+02
6.077541054451166929e+02 7.385937770095073347e+02
6.058241056218057565e+02 7.390438671209540189e+02
6.048109936575052643e+02 7.393822410147992059e+02
6.037878151260504183e+02 7.394920168067227451e+02
6.038970155527532597e+02 7.395060949978982308e+02
6.040579710144927503e+02 7.390771526001705070e+02
6.047771058315335040e+02 7.391382289416847016e+02
6.053385895751204089e+02 7.395269382391589943e+02
6.058066037735849250e+02 7.407234133790738042e+02
6.070961619569801542e+02 7.412256431885280108e+02
6.083735144312394141e+02 7.412606112054329515e+02
6.087912785774767599e+02 7.412764606265876637e+02
6.095275094498109638e+02 7.408761024779504396e+02
6.099887453105460509e+02 7.414051688203418280e+02
6.105628415300546976e+02 7.415842791088692820e+02
6.116834686031610318e+02 7.411328492097394474e+02
6.138678678678678580e+02 7.412102102102102208e+02
6.161794320137693148e+02 7.413326161790017750e+02
6.193894107600341385e+02 7.412762596071733014e+02
6.220550774526677742e+02 7.418192771084337664e+02
6.236120471777591092e+02 7.424077506318450332e+02
6.245121742844937671e+02 7.427223408799658273e+02
6.246115351993214517e+02 7.423693808312128795e+02
6.252563025210083651e+02 7.421605042016806237e+02
6.254555084745762770e+02 7.419622881355932122e+02
6.253992395437262530e+02 7.420215462610899522e+02
6.252955894826123995e+02 7.424338422391857648e+02
6.258975462763667110e+02 7.421541110632801974e+02
6.263043478260869961e+02 7.424847180370211390e+02
6.265697177074422370e+02 7.425419161676646809e+02
6.274846445098863796e+02 7.425683634833824271e+02
6.271490787269681277e+02 7.425117252931323719e+02
6.266613107822410029e+02 7.423014799154334469e+02
6.254021276595744894e+02 7.422182978723403721e+02
6.239112599413980433e+02 7.424993721222268732e+02
6.222269295302013461e+02 7.424731543624161532e+02
6.212611087600507744e+02 7.420055014811680394e+02
6.213365957446808352e+02 7.417493617021276577e+02
6.224379370629370669e+02 7.409576048951048506e+02
6.244480968858131291e+02 7.410912629757785908e+02
6.255406330196749423e+02 7.410842600513259413e+02
6.260168918918918735e+02 7.410810810810810381e+02
6.260436058700209969e+02 7.411542976939202845e+02
6.257570715474209919e+02 7.410886023294509641e+02
6.251331626120359033e+02 7.404549722577891089e+02
6.242696488294313895e+02 7.404924749163880051e+02
6.234695761644985623e+02 7.399399916072178485e+02
6.222858347386171545e+02 7.393195615514333667e+02
6.209297274275979817e+02 7.389936115843271409e+02
6.204718430034129142e+02 7.390836177474402575e+02
6.196016365202411862e+02 7.388565891472868543e+02
6.188831775700934941e+02 7.387650807136787989e+02
6.186147959183673493e+02 7.387368197278912021e+02
6.175673197165485817e+02 7.385952480200082846e+02
6.152699957680914622e+02 7.377363520947947109e+02
6.128514022603600324e+02 7.372427794056089851e+02
6.105886344359627174e+02 7.371153519932146310e+02
6.080401182432432279e+02 7.368391047297296836e+02
6.063911592994161310e+02 7.371822351959966682e+02
6.055482233502538065e+02 7.368659052453468803e+02
6.050722433460075536e+02 7.367372201098436335e+02
6.051688755878581105e+02 7.364908080376229691e+02
6.052850447379634033e+02 7.364916915210907291e+02
6.051719015280135636e+02 7.361935483870968255e+02
6.052842724978974047e+02 7.361463414634146147e+02
6.053116883116882718e+02 7.360586510263929085e+02
6.054622444722569981e+02 7.362102628285356332e+02
6.058162926018287635e+02 7.362032418952618400e+02
6.056590245935806252e+02 7.362563568153397000e+02
6.053404255319148888e+02 7.362073425114726888e+02
6.055941052631578714e+02 7.363793684210526180e+02
6.065725190839694960e+02 7.365356234096692560e+02
6.086978598405371486e+02 7.368699118757867836e+02
6.105913705583756155e+02 7.364894247038917001e+02
6.121010570824524848e+02 7.365864693446088722e+02
6.123481764206954949e+02 7.365000000000000000e+02
6.113861635220125663e+02 7.373589098532494290e+02
6.100008281573499289e+02 7.381523809523810087e+02
6.085292878213232370e+02 7.380257058575642759e+02
6.080833677259595333e+02 7.388039620305406743e+02
6.082746598639455442e+02 7.379965986394557831e+02
6.086928999144568024e+02 7.381223267750214063e+02
6.087515073212747438e+02 7.379892334194660179e+02
6.091357111787733629e+02 7.383723357981731397e+02
6.106502145922746649e+02 7.399665236051502006e+02
