6.226306649724692761e+02 7.400952986022871301e+02
6.221752885848653705e+02 7.400299273193672889e+02
6.207193507048269794e+02 7.401337035454934039e+02
6.190439947206335773e+02 7.396775186977562271e+02
6.190444250871080385e+02 7.399886759581881961e+02
6.208093816631129584e+02 7.405855010660981179e+02
6.223401567944250701e+02 7.402325783972125919e+02
6.216580508474576163e+02 7.404050847457626787e+02
6.206858728126334199e+02 7.400571916346564194e+02
6.202891156462585514e+02 7.400029761904761472e+02
6.196656319290465262e+02 7.400261640798225926e+02
6.204545049063336819e+02 7.399817127564674593e+02
6.213035405872193451e+02 7.402940414507771720e+02
6.222397761515281900e+02 7.407029702970296512e+02
6.219712668698301741e+02 7.404688724423160693e+02
6.213079268292682400e+02 7.404612369337978635e+02
6.197742218325296335e+02 7.405703638754931717e+02
6.181797703180211556e+02 7.400923144876325068e+02
6.174763365468886605e+02 7.398575810692375399e+02
6.196801029159519203e+02 7.400540308747855534e+02
6.212308673469387941e+02 7.402636054421768677e+02
6.212728437233133718e+02 7.404197267292912557e+02
6.192248394004282090e+02 7.401785867237687171e+02
6.159715555555555966e+02 7.399093333333332794e+02
