6.209072819644369474e+02 7.398463166807789548e+02
6.215745762711864018e+02 7.398495762711864927e+02
6.219852195945945823e+02 7.399265202702703164e+02
6.221649703138252789e+02 7.400339270568277925e+02
6.216775818639798672e+02 7.405512174643157550e+02
6.209075095460331113e+02 7.401310988544760221e+02
6.199001264222503096e+02 7.400164348925410422e+02
6.189533590072742300e+02 7.393804022250749313e+02
6.176570824524312684e+02 7.392279069767441797e+02
6.173690129112869727e+02 7.394847980008329387e+02
6.179884713919726664e+02 7.390550811272416922e+02
6.185605932203390012e+02 7.394461864406779341e+02
6.191737451737451465e+02 7.392754182754182466e+02
6.193517652062952266e+02 7.395227562739260065e+02
6.201455319148935814e+02 7.393859574468085611e+02
6.207781569965870858e+02 7.392696245733787919e+02
6.209687895402784079e+02 7.393466891606916533e+02
6.204885368903709377e+02 7.397403084618590583e+02
6.199970123772940269e+02 7.392398634229620029e+02
6.192608508809626073e+02 7.390885259991405292e+02
6.187159284497444105e+02 7.387512776831346173e+02
6.185632965165675614e+02 7.388228547153780710e+02
6.184079898002549953e+02 7.386842328941776259e+02
6.183991471215351794e+02 7.388571428571428896e+02
6.183958421722528556e+02 7.391739499363598043e+02
6.191306001690617222e+02 7.394323753169907150e+02
6.199780405405405190e+02 7.393315033783783292e+02
6.208629787234042396e+02 7.392519148936170268e+02
6.216389845094664679e+02 7.388601549053356621e+02
6.220134841235319527e+02 7.387794693344932284e+02
6.222146551724138135e+02 7.392219827586206975e+02
6.229461439034898831e+02 7.391120206807410113e+02
6.230365591397849130e+02 7.391045161290322767e+02
6.227722984562607280e+02 7.392238421955403282e+02
6.218439130434782101e+02 7.386599999999999682e+02
6.207241977450130435e+02 7.382918473547267695e+02
6.202046332046331827e+02 7.385139425139425384e+02
6.203409581355200544e+02 7.386452309020285156e+02
6.205677782589865501e+02 7.388302295365958798e+02
6.211329032258064444e+02 7.389767741935484082e+02
6.218050448909790475e+02 7.393437366395895651e+02
6.212946466809421509e+02 7.391657387580299883e+02
6.205464620630860964e+02 7.392212276214834219e+02
6.199066164154104399e+02 7.396641541038526384e+02
6.188573811509590996e+02 7.398015012510425095e+02
6.183863541230640521e+02 7.397254081205525154e+02
6.181714406065711955e+02 7.398294018534119232e+02
6.177729957805906906e+02 7.397105485232067394e+02
6.176214376860909852e+02 7.396639727775415167e+02
6.178720136518771824e+02 7.393967576791808369e+02
6.185070362473347814e+02 7.393458422174840052e+02
6.195960236886633083e+02 7.394521996615904982e+02
6.199816631130064479e+02 7.395876332622601694e+02
6.199528380634391169e+02 7.401740400667779340e+02
6.199491094147582544e+02 7.404266327396098859e+02
6.194632198402690619e+02 7.402471626733921539e+02
6.193084072665822077e+02 7.401335023236164261e+02
6.192035472972972912e+02 7.399286317567567721e+02
6.182185263157895179e+02 7.399397894736841863e+02
6.176560268794623880e+02 7.402171356572868035e+02
6.168298494983278033e+02 7.405564381270902459e+02
6.164211626934337573e+02 7.405713090757005830e+02
6.167935457178319894e+02 7.404824162184526131e+02
6.172089366983864238e+02 7.404426975589574340e+02
6.177701102490813128e+02 7.405516537362188956e+02
6.187264033264033287e+02 7.408968814968815195e+02
6.194298393913778682e+02 7.408338968723584230e+02
6.195249895002100402e+02 7.412813943721125725e+02
6.194972677595628738e+02 7.411668768390079549e+02
6.191536868268434546e+02 7.408782104391052599e+02
6.184610854017669226e+02 7.402322254943205735e+02
6.177316666666666833e+02 7.406745833333333167e+02
6.168851435705367976e+02 7.409833541406575250e+02
6.161920529801324165e+02 7.410111754966887929e+02
6.162749269920734605e+02 7.407943262411347405e+02
6.163613338961587260e+02 7.404693963697762911e+02
6.166508403361344790e+02 7.401457983193276959e+02
6.168054375531011146e+02 7.400140186915888307e+02
6.168488471391972325e+02 7.403215200683176818e+02
6.175497272345783131e+02 7.407859840537138325e+02
6.181605196982396819e+02 7.408826487845766451e+02
6.185966527196652578e+02 7.407753138075313473e+02
6.186614539306847291e+02 7.402540152155536362e+02
6.180191407911527222e+02 7.398298596341982147e+02
6.172853535353535790e+02 7.399591750841750581e+02
6.174097807757167402e+02 7.395986509274873697e+02
6.177457992244721936e+02 7.392817750969409190e+02
6.180812182741116203e+02 7.396302876480541499e+02
6.184265524625267290e+02 7.396758029978586819e+02
6.185728856778580393e+02 7.395822354441138486e+02
6.191413412563666725e+02 7.396052631578946830e+02
6.194115417017691243e+02 7.398736310025274179e+02
6.200088757396449637e+02 7.396124260355029492e+02
6.205191163976210191e+02 7.399830076465590309e+02
6.203076923076922640e+02 7.402814782982380848e+02
6.193038029386343624e+02 7.401884183232498344e+02
6.183256704980842642e+02 7.400800340570455091e+02
6.171815111861544665e+02 7.396606162937948739e+02
6.165516074450084716e+02 7.394352791878172866e+02
6.161244277985850886e+02 7.397648772367873562e+02
6.165896027049873283e+02 7.393372781065088475e+02
6.171246315789474011e+02 7.393549473684211080e+02
6.184269473684209970e+02 7.395094736842105476e+02
6.189970426700464259e+02 7.394347275031685740e+02
6.194616687844134049e+02 7.394468445573909321e+02
6.202543822146216144e+02 7.391821291150064326e+02
6.205993121238177537e+02 7.387760103181427667e+02
6.199868365180467435e+02 7.391821656050955198e+02
6.184417536534447208e+02 7.397883089770355127e+02
