6.296339814032121467e+02 7.397772612003381028e+02
6.306257261410788715e+02 7.403149377593360896e+02
6.309356993736952290e+02 7.404906054279749696e+02
6.302657695542472993e+02 7.403696383515559774e+02
6.292927341453171266e+02 7.402797144057118430e+02
6.284553119730185244e+02 7.401462900505902098e+02
6.277351077313054475e+02 7.395606252640473031e+02
6.270370212765957376e+02 7.393765957446807988e+02
6.267975434138077162e+02 7.394739517153748238e+02
6.270457264957265124e+02 7.390320512820512704e+02
6.279440941572089514e+02 7.394993694829760216e+02
6.286936367467341142e+02 7.393295406658238562e+02
6.293694929343308786e+02 7.394904405652534933e+02
6.297206375838926533e+02 7.392940436241610769e+02
6.298548455353363806e+02 7.391100296233601057e+02
6.296460364561254437e+02 7.391432810512928882e+02
6.288169073916737943e+02 7.393262531860663103e+02
6.279217096910706459e+02 7.396356326703343029e+02
6.275950378469301540e+02 7.398010933557611679e+02
6.275338377469524858e+02 7.397419083648592277e+02
6.274375793482860217e+02 7.395806178586542501e+02
6.272634003350083276e+02 7.397931323283081610e+02
6.272852941176470267e+02 7.398411764705882661e+02
6.273459436738124850e+02 7.398478352248844203e+02
6.273173400673400693e+02 7.398080808080808310e+02
6.267947103274559595e+02 7.398685978169605733e+02
6.262413937867338518e+02 7.400596137699412793e+02
6.252637130801688272e+02 7.401291139240506709e+02
6.246588235294117339e+02 7.400668067226890798e+02
6.239593908629441330e+02 7.400088832487309674e+02
6.235148971884179900e+02 7.402702475870751186e+02
6.236469843947701293e+02 7.400493462673977092e+02
6.239172963895886141e+02 7.400575146935348130e+02
6.242858343841950273e+02 7.401584699453551366e+02
6.245735171261486585e+02 7.401010860484544764e+02
6.245405405405405190e+02 7.400532224532224745e+02
6.242064162093710138e+02 7.401067961165048246e+02
6.232091944327288502e+02 7.402745676929565661e+02
6.219752348420154249e+02 7.402882152006832257e+02
6.215086243163651716e+02 7.404997896508203894e+02
6.208787748058671241e+02 7.403399482312338478e+02
6.200707547169811278e+02 7.402341337907375873e+02
6.195421120136810487e+02 7.405245831551944775e+02
6.193313381787088474e+02 7.407674219752030922e+02
6.193514309764309473e+02 7.411931818181818699e+02
6.191528529779258179e+02 7.416651395251977874e+02
6.190817766708178169e+02 7.416185139061851714e+02
6.178914598233067181e+02 7.413331931005469642e+02
6.156071277047093417e+02 7.411866779804836369e+02
6.136970212765957058e+02 7.410140425531915298e+02
6.115292110874200944e+02 7.409168443496802183e+02
6.092422926617455232e+02 7.407264437689970009e+02
6.078449033391915464e+02 7.406779437609841352e+02
6.067968957871396469e+02 7.403844789356984393e+02
6.074245446660884227e+02 7.407736339982653817e+02
6.086538298772746884e+02 7.412467202708421610e+02
6.100377278507842220e+02 7.410135650699448888e+02
6.106131202691336739e+02 7.408923465096719383e+02
6.103166946308724619e+02 7.411858221476510380e+02
6.097259414225941327e+02 7.408610878661087327e+02
6.086678009357719930e+02 7.407460655040408710e+02
6.081059376334899298e+02 7.406300726185390886e+02
6.075237489397794661e+02 7.407955894826123995e+02
6.070025575447569963e+02 7.409658994032395185e+02
6.068469167744717652e+02 7.409943941354032404e+02
6.069805110437418989e+02 7.407141619748808807e+02
6.084266384778012480e+02 7.411530655391120490e+02
6.089568496020109478e+02 7.411713447842480491e+02
6.088452830188679172e+02 7.411471698113207367e+02
6.087030531158511621e+02 7.413145127561689378e+02
6.083627492575307087e+02 7.410712770470937585e+02
6.076713080168776742e+02 7.412396624472573876e+02
6.074367469879517785e+02 7.408412220309810436e+02
6.074301029159519203e+02 7.408700686106346893e+02
6.079183760683761193e+02 7.409132478632478751e+02
6.083016688061617288e+02 7.410136927685066439e+02
6.091998281048560102e+02 7.409643317576278605e+02
6.096573367260390341e+02 7.407519083969465328e+02
6.103396946564885184e+02 7.409707379134860048e+02
6.105663679043960883e+02 7.409901835253947411e+02
6.106763450042698196e+02 7.410162254483348079e+02
6.110231560891937761e+02 7.410287307032590434e+02
6.109910102739726199e+02 7.410107020547944785e+02
6.110197509660798687e+02 7.407513954486904595e+02
6.110561797752809525e+02 7.406797752808988662e+02
6.114884120171674340e+02 7.406961373390557810e+02
6.119863130881094548e+02 7.409786142001711369e+02
6.128195943029779755e+02 7.407682347863616314e+02
6.137967479674796323e+02 7.409272571673085395e+02
6.141953727506427185e+02 7.409704370179948683e+02
6.143976058144505714e+02 7.408003420265071099e+02
6.143274678111588400e+02 7.409154506437768077e+02
6.142453563714902884e+02 7.409239740820734141e+02
6.144550660792951930e+02 7.403414096916299059e+02
6.146460061108685977e+02 7.405272806634657172e+02
6.147853082641014453e+02 7.401241801486663690e+02
6.152130792550888145e+02 7.400402771762667271e+02
6.159083803734259845e+02 7.398241424229265704e+02
6.170750750750751195e+02 7.398065208065207798e+02
6.189813874788494559e+02 7.403223350253807666e+02
6.210869384359400556e+02 7.404417637271214971e+02
6.230050420168066694e+02 7.399453781512604564e+02
6.245976578837306761e+02 7.403350062735257779e+02
6.254922301553968964e+02 7.399172616547668895e+02
6.256929936305732554e+02 7.396263269639065356e+02
6.259276797244941690e+02 7.392371932845458105e+02
6.256165957446808079e+02 7.394914893617021789e+02
6.253952890792290873e+02 7.392929336188436764e+02
6.262489251934651975e+02 7.395447119518486261e+02
6.274712939160240239e+02 7.396161096829476946e+02
6.290142917192097229e+02 7.401622530474988935e+02
6.302767744645107086e+02 7.404288114237715490e+02
6.305226422933111508e+02 7.405978396343996337e+02
6.303038397328881501e+02 7.408171953255425706e+02
6.293239202657807709e+02 7.409123754152824404e+02
6.288704706372344617e+02 7.403486047480216712e+02
6.281690862510674833e+02 7.399508966695132131e+02
6.279879569892473228e+02 7.397393548387096871e+02
6.277504302925989350e+02 7.397891566265060419e+02
6.280004301075268813e+02 7.398030107526881238e+02
6.281309322033898752e+02 7.400029661016949376e+02
6.291094082588335823e+02 7.397675606641123522e+02
6.299850555081127368e+02 7.397075149444918907e+02
6.303116772823779002e+02 7.398683651804670944e+02
6.302365038560411676e+02 7.396165381319623293e+02
6.301302681992336829e+02 7.398467432950191096e+02
6.296370967741935374e+02 7.399571307300509488e+02
6.290097789115645810e+02 7.400059523809524080e+02
6.284291171477079843e+02 7.400679117147708439e+02
6.279855993223210362e+02 7.400758153324862860e+02
6.280597457627118274e+02 7.400127118644068105e+02
6.280194256756756204e+02 7.400768581081081265e+02
6.280757575757576205e+02 7.401902356902356814e+02
