6.185836177474402575e+02 7.401382252559726567e+02
6.198683304647159957e+02 7.402336488812392190e+02
6.207431906614785930e+02 7.398789450929529039e+02
6.208206896551723730e+02 7.397525862068965807e+02
6.195120455540954936e+02 7.396990801576872627e+02
6.176889271865575211e+02 7.398160275743214243e+02
6.170175890175889890e+02 7.395903045903046404e+02
6.173170626349891563e+02 7.392133909287257438e+02
6.181908264820424392e+02 7.391800086542622239e+02
6.193311631944444571e+02 7.390555555555555429e+02
6.211247293200519834e+02 7.389991338241662788e+02
6.223323236694071738e+02 7.391566421462570133e+02
6.224827295703454411e+02 7.395101095197977656e+02
6.211626531474440753e+02 7.395416138572031741e+02
6.197096227214921100e+02 7.392912250953794455e+02
6.180345721694036456e+02 7.387986171132238269e+02
6.158399828399828948e+02 7.391510081510081136e+02
6.153568339100346520e+02 7.389247404844290941e+02
6.153299956464953766e+02 7.386935132781889024e+02
6.168219237435008608e+02 7.389874350086655568e+02
6.181013215859030652e+02 7.389696035242291146e+02
6.189325259515570679e+02 7.394312283737024245e+02
6.205156316916488777e+02 7.397374732334046712e+02
6.210414686825054105e+02 7.395922246220302441e+02
6.189287885366912860e+02 7.396382978723404449e+02
