6.193875968992248318e+02 7.392876830318690509e+02
6.203103154305200633e+02 7.390882352941176805e+02
6.210898637137989908e+02 7.389118398637137943e+02
6.219179136383069135e+02 7.393163745190252030e+02
6.219865334491746580e+02 7.392445699391832932e+02
6.215698371893744252e+02 7.397077977720650779e+02
6.203267070008643032e+02 7.393673292999135356e+02
6.196316477768090181e+02 7.386721883173496508e+02
6.191422469030328557e+02 7.388543357539513181e+02
6.184769892473118489e+02 7.387453763440860257e+02
6.177819804504887315e+02 7.391215469613259756e+02
6.185224331320104056e+02 7.392075064710958259e+02
6.190479422995333607e+02 7.396767076792532407e+02
6.190679487179487523e+02 7.393662393162393300e+02
6.192751299826690001e+02 7.387071057192374610e+02
6.192977988778593499e+02 7.388981441519206328e+02
6.193243010752688633e+02 7.389961290322580680e+02
6.192292202227935149e+02 7.394160239931447904e+02
6.191273118279569871e+02 7.394025806451612652e+02
6.189858125537402884e+02 7.394892519346517474e+02
6.186378938282261970e+02 7.394782045748812607e+02
6.186162232882686567e+02 7.389786306149150050e+02
6.191410912190963245e+02 7.391696504688832192e+02
6.202281368821293199e+02 7.392915082382762648e+02
6.233521367521367438e+02 7.398047008547008545e+02
