6.176554828150573258e+02 7.362561374795417350e+02
6.143294653957728997e+02 7.357128056361375457e+02
6.094506455643481786e+02 7.355980841316118131e+02
6.041671018276762197e+02 7.355713664055700747e+02
5.993387241689129041e+02 7.361500449236298209e+02
5.946680871212121247e+02 7.365800189393939945e+02
5.917186749879980425e+02 7.375242438790206734e+02
5.905389507154212652e+02 7.372941176470587834e+02
5.908307528029898776e+02 7.382178323545115290e+02
5.925857300884955521e+02 7.390669247787610630e+02
5.961556039173013914e+02 7.396164309031555604e+02
6.016495160468670065e+02 7.402017320427916047e+02
6.080052132701422352e+02 7.417033175355450112e+02
6.147410430839001947e+02 7.418208616780045759e+02
6.215534644995723284e+02 7.430389221556886241e+02
6.266200085873765602e+02 7.431309574924860044e+02
6.303560955173858247e+02 7.428336824465857262e+02
6.343767693588675911e+02 7.427464612822648178e+02
6.374292181069959042e+02 7.423234567901234868e+02
6.395004065040650403e+02 7.422983739837397934e+02
6.412000000000000455e+02 7.428340611353711438e+02
6.416979835013748925e+02 7.423249312557286430e+02
6.401626423690205456e+02 7.413794988610478640e+02
6.372987288135593644e+02 7.397271186440677866e+02
6.331548492257538783e+02 7.377909535452322416e+02
6.292376882376881895e+02 7.369894179894180297e+02
6.237013096746936753e+02 7.360143641740600060e+02
6.183084967320261285e+02 7.359089324618736327e+02
6.139720720720720237e+02 7.360585585585585022e+02
6.098978370915784808e+02 7.368435342843994249e+02
6.061552138395002203e+02 7.376794810187409439e+02
6.038233454924439911e+02 7.373069306930692619e+02
6.025177453027139336e+02 7.389279749478079111e+02
6.022540597171293939e+02 7.401980094290204306e+02
6.023221128948731575e+02 7.405504919730709616e+02
6.038276397515528515e+02 7.403964803312629783e+02
6.072604373757454823e+02 7.412564612326043516e+02
6.118592074592074823e+02 7.421524475524475974e+02
6.181757656458055408e+02 7.427328007101642697e+02
6.248133216476775260e+02 7.428159509202454274e+02
6.297488332626219290e+02 7.433915994908782068e+02
6.336798866855524466e+02 7.439044921084581574e+02
6.362837951301427211e+02 7.440621326616288798e+02
6.371967213114753577e+02 7.444952545297670667e+02
6.363847191011235509e+02 7.424494382022471655e+02
6.353663865546218403e+02 7.403823529411764639e+02
6.332541819665442517e+02 7.383186454508363568e+02
6.306095317725752238e+02 7.378323578595317258e+02
6.277964386887899764e+02 7.364548765681910254e+02
6.232175697865352504e+02 7.354224137931034875e+02
6.177243891984569473e+02 7.347166738105443073e+02
6.120732026143790563e+02 7.350244008714596475e+02
6.059706413730804115e+02 7.351522131887985552e+02
6.000898345153664195e+02 7.357550827423167448e+02
5.964380858411445843e+02 7.367257030093734329e+02
5.939275825346112470e+02 7.364787007454739296e+02
5.936830687830687339e+02 7.374111111111111541e+02
5.952666666666666515e+02 7.385958333333333030e+02
5.980583979328165469e+02 7.389436692506459394e+02
6.022444870565675501e+02 7.402770853307765719e+02
6.064140989729224884e+02 7.398804855275443515e+02
6.113709106984969139e+02 7.408435013262599114e+02
6.164914210294764416e+02 7.409533655961284921e+02
6.208672945205479436e+02 7.411536815068493524e+02
6.256024896265560074e+02 7.414979253112032893e+02
6.289709443099274040e+02 7.417966101694914869e+02
6.312421543681085723e+02 7.420292620865139952e+02
6.324634935304990222e+02 7.431122920517559578e+02
6.335389162561576768e+02 7.431763546798030120e+02
6.321691033138401963e+02 7.423849902534112744e+02
6.292489311163895991e+02 7.411976247030878540e+02
6.241896690879741527e+02 7.377360774818401978e+02
6.208297527361166885e+02 7.365918119173085188e+02
6.168981891348088311e+02 7.358708249496982035e+02
6.125096801346801385e+02 7.345025252525252881e+02
6.087713427713428018e+02 7.346833976833976294e+02
6.042880034647033654e+02 7.353659592897357697e+02
5.997498889382496827e+02 7.361599289204798424e+02
5.961338732729871026e+02 7.362563125297760962e+02
5.940071258907363472e+02 7.382342042755344664e+02
5.934994797086368408e+02 7.378017689906347414e+02
5.938821333333332859e+02 7.385978666666666186e+02
5.955089098532495200e+02 7.393511530398322975e+02
6.004371859296481944e+02 7.408005025125628435e+02
6.053318756073857685e+02 7.407298347910592611e+02
6.118644067796610670e+02 7.415652771415483357e+02
6.192248441674087189e+02 7.414283170080142327e+02
6.289493087557603985e+02 7.420460829493088113e+02
