6.212950089126559305e+02 7.382566844919786035e+02
6.238047914818100708e+02 7.385598935226264530e+02
6.252708516242317955e+02 7.389482001755926603e+02
6.256938053097345573e+02 7.387013274336283075e+02
6.244086918349429425e+02 7.387879719051800294e+02
6.216780701754386200e+02 7.387732456140350905e+02
6.189904222899433535e+02 7.387736177622986133e+02
6.173923341946597247e+02 7.388785529715762550e+02
6.156535637149028162e+02 7.389321814254859646e+02
6.148640103941099824e+02 7.388384582070160604e+02
6.141530524505589028e+02 7.389200343938091464e+02
6.135232758620689992e+02 7.389159482758620925e+02
6.131184041184041007e+02 7.390012870012869826e+02
6.132407648848326289e+02 7.389269882659713176e+02
6.131570498915401686e+02 7.390147505422993390e+02
6.130121054907046982e+02 7.390998702983139310e+02
6.131722634103794007e+02 7.389672917575228439e+02
6.131346153846153584e+02 7.387478146853146654e+02
6.130176647996553356e+02 7.390348987505385594e+02
6.128382668382668044e+02 7.389227799227799096e+02
6.125023717119447610e+02 7.388020698576972336e+02
6.120821319353429999e+02 7.386574923547400431e+02
6.115202086049544050e+02 7.387635810517166419e+02
6.112530701754385518e+02 7.385184210526315383e+02
6.115181034482758378e+02 7.389650862068965580e+02
6.123481641468682710e+02 7.392051835853131934e+02
6.127311361665221057e+02 7.390862966175195652e+02
6.130181034482758378e+02 7.391538793103447915e+02
6.134542709232097195e+02 7.391829163071613493e+02
6.135943844492441031e+02 7.392591792656587586e+02
6.138261811876895990e+02 7.391920242739488458e+02
6.136668114682884152e+02 7.390173761946133482e+02
6.147521626297577768e+02 7.393053633217992910e+02
6.169703315881325807e+02 7.390676265270506065e+02
6.201024200518583029e+02 7.392904062229904412e+02
6.230555800617556770e+02 7.387406263784737348e+02
6.241982261640798697e+02 7.390057649667405713e+02
6.242988913525498447e+02 7.389494456762749905e+02
6.227200000000000273e+02 7.387702222222221735e+02
6.204208185053380475e+02 7.387451067615658076e+02
6.182438596491227827e+02 7.388157894736841627e+02
6.173924158500212798e+02 7.395892628887942237e+02
6.178583047945205635e+02 7.394589041095890707e+02
6.194188034188034635e+02 7.400153846153846189e+02
6.223239619377162626e+02 7.400397923875432298e+02
6.247138514980459831e+02 7.402987407729049210e+02
6.263529155787641685e+02 7.400648389904264377e+02
6.259457330415755223e+02 7.401614879649890781e+02
6.243733509234828034e+02 7.400989445910290669e+02
6.219422743055555429e+02 7.397269965277778283e+02
6.188014642549526343e+02 7.399918173987941827e+02
6.170672231985939789e+02 7.397697715289982625e+02
6.172719646799116617e+02 7.397907284768211866e+02
6.191789848619768009e+02 7.399363312555655057e+02
6.217558876811593791e+02 7.395009057971014954e+02
6.243896046201688250e+02 7.399871168369613770e+02
6.253537921964050383e+02 7.403314335817624396e+02
6.247729636048526345e+02 7.407075389948006432e+02
6.224571428571429124e+02 7.405898901098901206e+02
6.191393548387096644e+02 7.409195698924730777e+02
6.171990541702493829e+02 7.408147033533963395e+02
6.153347788378143832e+02 7.405871639202081269e+02
6.141227919000431257e+02 7.402240413614821364e+02
6.136204819277108982e+02 7.405490533562822293e+02
6.133563119345110408e+02 7.408500646273157599e+02
