6.106653846153845961e+02 7.391777777777778056e+02
6.109323797139142016e+02 7.388305158214130870e+02
6.114841065292096118e+02 7.387306701030927343e+02
6.122332902112980264e+02 7.391293661060801696e+02
6.126752466752466262e+02 7.390098670098669800e+02
6.143365134431916204e+02 7.387445793581960061e+02
6.168963123644251709e+02 7.389635574837310514e+02
6.185782871972318162e+02 7.389982698961937331e+02
6.196831683168317113e+02 7.391222557038312289e+02
6.192489270386265616e+02 7.391733905579399107e+02
6.197117545375972441e+02 7.390151253241141376e+02
6.206548483554037148e+02 7.394463904314395677e+02
6.210766609880749911e+02 7.394084327086882240e+02
6.209881002974925650e+02 7.396192095197619665e+02
6.204495567750105920e+02 7.397454622203460985e+02
6.206031079378412869e+02 7.397635447291054334e+02
6.207426160337553256e+02 7.396628691983122508e+02
6.207135021097046774e+02 7.396890295358649610e+02
6.207400169923533895e+02 7.401125743415462921e+02
6.207208809826345259e+02 7.402160101651842297e+02
6.207699451245250657e+02 7.399442802870408968e+02
6.208845010615710862e+02 7.398297239915074215e+02
6.193693230505570000e+02 7.397493573264781617e+02
6.175295883361920914e+02 7.397109777015436975e+02
6.163405520169851570e+02 7.399966029723991596e+02
6.155943517329909582e+02 7.397454000855798313e+02
6.137149572649573201e+02 7.397529914529914095e+02
6.126809153713298883e+02 7.391908462867012304e+02
6.123764553686934278e+02 7.393380767572228933e+02
6.125930735930735409e+02 7.391363636363636260e+02
6.124561933534743048e+02 7.392731981009926585e+02
6.121139130434783056e+02 7.390143478260869188e+02
6.121677588466578754e+02 7.388602009611183803e+02
6.123130169786678607e+02 7.389003047453199997e+02
6.119622317596566745e+02 7.393690987124463163e+02
6.118670940170940185e+02 7.393089743589744103e+02
6.120709982788296202e+02 7.390675559380379127e+02
6.124527342094107780e+02 7.392174650275539989e+02
6.129123182207014224e+02 7.392262617621898926e+02
6.135859441151566216e+02 7.390736663844199938e+02
6.141856467554791834e+02 7.388324022346369020e+02
6.149647917561185295e+02 7.388621726062688140e+02
6.167056783701776794e+02 7.388517555266580530e+02
6.191001727115716449e+02 7.388510362694300966e+02
6.212863321799308096e+02 7.390484429065744507e+02
