6.105782871972318162e+02 7.212560553633218206e+02
6.024339622641509777e+02 7.185774462483545904e+02
5.965431767337807969e+02 7.179154362416107915e+02
5.907717391304347530e+02 7.179328063241106292e+02
5.858830151737640790e+02 7.226529613313754226e+02
5.824918032786885078e+02 7.294143070044709702e+02
5.785255767301905507e+02 7.372788365095285599e+02
5.789270534175760758e+02 7.425835726593911659e+02
5.816654846335696902e+02 7.480478723404255561e+02
5.895948223961469239e+02 7.524714027694160450e+02
6.015598434004474484e+02 7.561414988814317439e+02
6.124109666478236704e+02 7.561164499717353920e+02
6.228189241114313290e+02 7.593117195004803079e+02
6.332701485817199227e+02 7.589063484916704283e+02
6.419810344827586732e+02 7.564103448275861865e+02
6.488675551853394836e+02 7.526476468138275777e+02
6.529142011834319419e+02 7.491813186813186576e+02
6.539236798679868343e+02 7.459946369636963937e+02
6.530692906929069750e+02 7.418212382123821271e+02
6.496611470113085716e+02 7.393021001615509249e+02
6.446030290952570567e+02 7.370362694300517887e+02
6.372858319604613371e+02 7.320922570016474538e+02
6.301599675192853738e+02 7.288712951684937025e+02
6.237513626834381739e+02 7.257505241090146910e+02
6.146007556675062915e+02 7.229613769941225883e+02
6.043467293715262940e+02 7.198358272766139407e+02
5.992064883822885122e+02 7.186242875931609433e+02
5.932537931034482881e+02 7.185733333333333803e+02
5.845684210526316065e+02 7.259067669172932256e+02
