6.054755826859045555e+02 7.366276359600443584e+02
6.086174223127865162e+02 7.375063678043810569e+02
6.135423183072676920e+02 7.387971481140754122e+02
6.213784006595218443e+02 7.403627370156636971e+02
6.280317651789304136e+02 7.412525130679533731e+02
6.306554160125588169e+02 7.420769230769230944e+02
6.305383405426661056e+02 7.418946126622099655e+02
6.270471736478243656e+02 7.413123220821472614e+02
6.213917878528657184e+02 7.400786997433704073e+02
6.141998149861240108e+02 7.386086956521738784e+02
6.091254554919312341e+02 7.358500780843311304e+02
6.079045822102425518e+02 7.359644204851751965e+02
6.107954314720811908e+02 7.367812182741116658e+02
6.159829901521933380e+02 7.390317815577440115e+02
6.211927912824811528e+02 7.404103101424979059e+02
6.270414342629482007e+02 7.419960159362549348e+02
6.306231769806857983e+02 7.422510839574300689e+02
6.304523527085805199e+02 7.420616844602609490e+02
6.257906976744186522e+02 7.412991178829189494e+02
6.129568480300188185e+02 7.375792682926829684e+02
6.082666322846828280e+02 7.362475502836513215e+02
6.062318059299191191e+02 7.357574123989218151e+02
6.078562532433835486e+02 7.365557861961598292e+02
6.132854503464203617e+02 7.385501154734411102e+02
6.208536990856192688e+02 7.409921030756441951e+02
6.268376897133221064e+02 7.424675379426644213e+02
6.318179933665007866e+02 7.434025704809287163e+02
6.321430948419300648e+02 7.429089018302828435e+02
6.280257856567284307e+02 7.412800161160354264e+02
6.214372895622896067e+02 7.404107744107743656e+02
6.136309355900328910e+02 7.388067700987305670e+02
6.086111111111110858e+02 7.376661569826707137e+02
6.056869266055045955e+02 7.357580275229357767e+02
6.073207847295864212e+02 7.368918345705195634e+02
6.123114985862393951e+02 7.386837888784166353e+02
6.195852130325814642e+02 7.402761069340016320e+02
6.272774427020506209e+02 7.414732609569763326e+02
6.311829111206526477e+02 7.430674109059682451e+02
6.290248198558847434e+02 7.418751000800640441e+02
