6.249500213583938830e+02 7.407629218282785359e+02
6.262742759795570464e+02 7.415200170357751404e+02
6.263119584055459654e+02 7.416096187175043042e+02
6.261989574283231832e+02 7.416390095569070127e+02
6.259059024807527294e+02 7.419692044482463871e+02
6.254225531914893281e+02 7.421055319148936178e+02
6.249401349072512630e+02 7.418414839797638933e+02
6.237269230769230717e+02 7.412277777777777601e+02
6.220921052631579187e+02 7.405343803056026672e+02
6.193093183779119499e+02 7.394542709232097195e+02
6.153447684391080656e+02 7.388340480274442825e+02
6.125992268041237594e+02 7.379630584192440210e+02
6.103292110874200489e+02 7.375134328358209359e+02
6.087973436161096288e+02 7.364965724078834910e+02
6.093657094594594810e+02 7.366507601351351013e+02
6.096196943972835243e+02 7.366786926994906253e+02
6.101216389244558513e+02 7.369304310712761890e+02
6.111983648881239333e+02 7.369978485370052113e+02
6.130773913043477705e+02 7.373760869565217035e+02
6.155871598639455442e+02 7.386887755102040956e+02
6.184457167090754410e+02 7.393524173027989264e+02
6.220522931847407335e+02 7.399678525503643414e+02
6.245712446351931249e+02 7.406270386266094192e+02
6.259786233433090956e+02 7.412223172295853146e+02
6.269028253424658033e+02 7.414666095890411270e+02
6.264855810008481285e+02 7.419444444444444571e+02
6.258546536336591544e+02 7.419524011899702600e+02
