6.133999999999999773e+02 7.391827956989246786e+02
6.140151712180320374e+02 7.390476809709579129e+02
6.155636915077989215e+02 7.390420277296360609e+02
6.165932565087495050e+02 7.391156636790439052e+02
6.166376440460948061e+02 7.389018352539479793e+02
6.155578260869565383e+02 7.389052173913044044e+02
6.147521626297577768e+02 7.391669550173010066e+02
6.138430107526882011e+02 7.390249462365591171e+02
6.138454584588893113e+02 7.392449418854929490e+02
6.151989619377162626e+02 7.389528546712803063e+02
6.159982832618026123e+02 7.389171673819741955e+02
6.164618698836708290e+02 7.384791038345540528e+02
6.161332763776164256e+02 7.391089278086287777e+02
6.148740191804707820e+02 7.390562336530078937e+02
6.142709873858199217e+02 7.391065680730752092e+02
6.149878577623591127e+02 7.391712922810061173e+02
6.163262077811029940e+02 7.393719538264215316e+02
6.172727659574468362e+02 7.392365957446808125e+02
6.171578272027373941e+02 7.391300256629598380e+02
6.158259179265659213e+02 7.389032397408207089e+02
6.142135461604831335e+02 7.391427955133735850e+02
6.137129948364888605e+02 7.391062822719449059e+02
6.145707567336468173e+02 7.391128687473278660e+02
6.162776338514680674e+02 7.387098445595854628e+02
6.171617391304347393e+02 7.386221739130435253e+02
