6.251933774834436690e+02 7.385139072847682655e+02
6.241689159773617348e+02 7.389481932956030050e+02
6.215182022471909704e+02 7.382979775280898593e+02
6.195685840707964189e+02 7.386823008849557937e+02
6.180337662337661868e+02 7.391004329004329065e+02
6.163234524847428020e+02 7.388626852659110682e+02
6.161150862068965353e+02 7.395125000000000455e+02
6.159839688041594172e+02 7.394163778162911740e+02
6.146616225304750287e+02 7.402992854140395593e+02
6.145886761032472805e+02 7.412306411323896782e+02
6.145514057910197607e+02 7.408266890474192223e+02
6.137670716380393969e+02 7.407490573942186529e+02
6.135910623946036822e+02 7.406226812816188385e+02
6.133970021413276754e+02 7.402925053533190294e+02
6.132590541116318263e+02 7.400583723902855127e+02
6.134885231702035071e+02 7.394252923343439079e+02
6.144694229112833455e+02 7.397230835486649312e+02
6.149133219470537597e+02 7.397365499573014631e+02
6.152710200597524590e+02 7.397059325650875508e+02
6.166212381771281343e+02 7.393344797936371151e+02
6.178599054576708340e+02 7.391340782122905466e+02
6.197593147751606466e+02 7.393832976445396525e+02
6.217580225498699065e+02 7.390429314830876137e+02
6.235372873964239488e+02 7.387440034888792297e+02
6.247438016528925573e+02 7.387772944758590938e+02
6.252240921169176318e+02 7.385434012400354504e+02
6.245048832271762649e+02 7.394118895966029186e+02
6.237430434782609154e+02 7.388847826086956729e+02
6.217777290661990719e+02 7.387067075843928023e+02
6.193333333333333712e+02 7.384724409448818960e+02
6.162300347222221717e+02 7.392452256944444571e+02
