6.262798264642082131e+02 7.393895878524946284e+02
6.270315607436230039e+02 7.389567661046260127e+02
6.277806367204535718e+02 7.386764064544265693e+02
6.282971232288535930e+02 7.391979390296264683e+02
6.283007712082262515e+02 7.392776349614396167e+02
6.281406117247238399e+02 7.400666949872556870e+02
6.275938161795849055e+02 7.401202880135535906e+02
6.269141649048625595e+02 7.403162790697674609e+02
6.261065468549422803e+02 7.399974326059050327e+02
6.258371689101172706e+02 7.396369952236213976e+02
6.258537211291702533e+02 7.398109495295124134e+02
6.263827527612573931e+02 7.394723874256584395e+02
6.276679536679536113e+02 7.386808236808236643e+02
6.291923566878980409e+02 7.380292993630573619e+02
6.303606837606837416e+02 7.379051282051282215e+02
6.307900505902192663e+02 7.381222596964587410e+02
6.301843003412968756e+02 7.379598976109215300e+02
6.294300341296927854e+02 7.386646757679180837e+02
6.285316617084572499e+02 7.393977900552486062e+02
6.274494569757728186e+02 7.401365914786966869e+02
6.262747863247863052e+02 7.400773504273504386e+02
6.252132478632478296e+02 7.402085470085470433e+02
6.247821397756687247e+02 7.399611734253667237e+02
6.247929096411586443e+02 7.395473411154345058e+02
6.246930051813471891e+02 7.393424006908462616e+02
6.246539462272332912e+02 7.392189939288812184e+02
6.249171318162301532e+02 7.393958780592529365e+02
6.258215371254884758e+02 7.392483716891011909e+02
6.262435278630978246e+02 7.390596752961824905e+02
6.269773504273504159e+02 7.395269230769230262e+02
6.278317677198974707e+02 7.397549103330486560e+02
6.283301805674979050e+02 7.403873602751505132e+02
6.286648140230868194e+02 7.405865754595980661e+02
6.287251585623678238e+02 7.402482029598309055e+02
6.283414012738853671e+02 7.398849256900211913e+02
6.276267515923566407e+02 7.393639065817409346e+02
6.267161070973226060e+02 7.388487037824054369e+02
6.265821398483572011e+02 7.385417017691659112e+02
6.267729202037351115e+02 7.381833616298811194e+02
6.272691818567190012e+02 7.382501059771090013e+02
6.278914237431347374e+02 7.383988170680186158e+02
6.286115563053564301e+02 7.390375369042598095e+02
6.290990725126475809e+02 7.397655986509274726e+02
6.291607294317218475e+02 7.399219677692959749e+02
6.286929936305732554e+02 7.405002123142251094e+02
6.270539278131634546e+02 7.410318471337579922e+02
6.252724957555178662e+02 7.402992359932088675e+02
6.238923076923076678e+02 7.402162393162393528e+02
6.228369335027530269e+02 7.397632359169842857e+02
6.223527646806686562e+02 7.396159451350192739e+02
6.216734166307626310e+02 7.390706591986212288e+02
6.211987096774194015e+02 7.392060215053763841e+02
6.212991014120667614e+02 7.392700042789902000e+02
6.209328198545143778e+02 7.398489516474112406e+02
6.206662371134020759e+02 7.405313573883161098e+02
6.199969618055555429e+02 7.405972222222221717e+02
6.198056892778993188e+02 7.403903719912473207e+02
6.194218340611354279e+02 7.405388646288209884e+02
6.189579904720658305e+02 7.407210913815504227e+02
6.187806722689075514e+02 7.407184873949579469e+02
6.186191072173550083e+02 7.400963704630788698e+02
6.179501867995019211e+02 7.393839767538397609e+02
6.167254568635784153e+02 7.385129621759456313e+02
6.154059739167016687e+02 7.385506941522928628e+02
6.138241164241163688e+02 7.383230769230768828e+02
6.128199584199584251e+02 7.384054054054054177e+02
6.120231871838111601e+02 7.390122259696458968e+02
6.112252816020024966e+02 7.397183979974968224e+02
6.105353283458022133e+02 7.405947630922693179e+02
6.096371756699277284e+02 7.406758826031475564e+02
6.091424319727891543e+02 7.409166666666666288e+02
6.085123793537558186e+02 7.411640788921527019e+02
6.077292191435768700e+02 7.405638119227539846e+02
6.065949314499376896e+02 7.403211466555878815e+02
6.060476588628762329e+02 7.399962374581939457e+02
6.057235195996663606e+02 7.399053377814846044e+02
6.057365771812080766e+02 7.396782718120805384e+02
6.057041245791245956e+02 7.397117003367003463e+02
6.057808161548169892e+02 7.398068994530921145e+02
6.062328535139712358e+02 7.405397967823878389e+02
6.064946740519812920e+02 7.407925010651896400e+02
6.069217900460058672e+02 7.418937682977833674e+02
6.073424999999999727e+02 7.416854166666666970e+02
6.077976240984302194e+02 7.411794654221467908e+02
6.084343096234309769e+02 7.405832635983263117e+02
6.089649269311064472e+02 7.398759916492692810e+02
6.094256559766763530e+02 7.398042482299042604e+02
6.092337770382695226e+02 7.393685524126456130e+02
6.082838895756077591e+02 7.397902760609806592e+02
6.076463926174496919e+02 7.395776006711408854e+02
6.065573637103335614e+02 7.406021155410903702e+02
6.060626828249060054e+02 7.403343083994985818e+02
6.058813344594594810e+02 7.410464527027027088e+02
6.062214736842105367e+02 7.414593684210526590e+02
6.070747782002534905e+02 7.415407689057878997e+02
6.083452380952380736e+02 7.413890306122449374e+02
6.086976149914821690e+02 7.412776831345826167e+02
6.088999577880962306e+02 7.412059940903334336e+02
6.085433770630554591e+02 7.404299619128227050e+02
6.084171907756813198e+02 7.404360587002096281e+02
6.073299406276505579e+02 7.398842239185751168e+02
6.062614543926018769e+02 7.403631778058007740e+02
6.056260611205433406e+02 7.407903225806451246e+02
6.060046044370029676e+02 7.416802009208873869e+02
6.071616288832913142e+02 7.418837111670865170e+02
6.083337510442773919e+02 7.418813700918964287e+02
6.097691029900332751e+02 7.418737541528239490e+02
6.109148580968280839e+02 7.417696160267112191e+02
6.118827004219409673e+02 7.411405063291139186e+02
6.127562709030099768e+02 7.409051003344482069e+02
6.135398082534388777e+02 7.399191329720716794e+02
6.137770780856423016e+02 7.395142737195634481e+02
6.138182952182952477e+02 7.392278586278586090e+02
6.128952814569536258e+02 7.392744205298013185e+02
6.118757841907151942e+02 7.394650773734839504e+02
6.105532359081419145e+02 7.403791231732776623e+02
6.088936698386429498e+02 7.415287546545304167e+02
6.077322540473224990e+02 7.416787048567870215e+02
6.070768909318846909e+02 7.418453823652318988e+02
6.074791847354726997e+02 7.412766695576756319e+02
6.087191634656422821e+02 7.409679897567222042e+02
6.101113967437875090e+02 7.406178234790060060e+02
6.118760259179265404e+02 7.405265658747300677e+02
6.125807002561913350e+02 7.401682322801025293e+02
6.132103463018383991e+02 7.399581017528857956e+02
6.138085106382978893e+02 7.397804255319149433e+02
6.138939457202504855e+02 7.403574112734863775e+02
6.140320539856600135e+02 7.402699283002951915e+02
6.139503575936054176e+02 7.408346655448043521e+02
6.145261162594777034e+02 7.411478517270429620e+02
6.158515061518879747e+02 7.410899448451420994e+02
6.176827615417196284e+02 7.407636594663277947e+02
6.197962328767123381e+02 7.400689212328767326e+02
6.217699451245250657e+02 7.396002532714225026e+02
6.240760233918128961e+02 7.395304928989139626e+02
6.253223489649344629e+02 7.389987325728770884e+02
6.263566523605149996e+02 7.385077253218884152e+02
6.267955311973018979e+02 7.388937605396290564e+02
6.267628341111582131e+02 7.388845990666101216e+02
6.265655877342419444e+02 7.388982112436116267e+02
6.259841947885519176e+02 7.392511747116616334e+02
6.259158075601374094e+02 7.393857388316150718e+02
6.259808020477815944e+02 7.395720989761092596e+02
6.262510692899913920e+02 7.399807527801540346e+02
6.263604800685811824e+02 7.398748392627518342e+02
6.265182133564613878e+02 7.396396357328707154e+02
6.270165649520488387e+02 7.390571054925893577e+02
6.277448096885813129e+02 7.387703287197232385e+02
6.281012548680224654e+02 7.389675465166594677e+02
6.285389918138732810e+02 7.391740629039206851e+02
6.283835263835263731e+02 7.391072501072501382e+02
6.283380706287682642e+02 7.392364341085270780e+02
6.275286209887250379e+02 7.396621856027753665e+02
6.269654141759179993e+02 7.399282664389410229e+02
6.265960967331353686e+02 7.401327959270258816e+02
6.261479289940828039e+02 7.398389687235841166e+02
6.260957805907172542e+02 7.395839662447257297e+02
6.268788008565310292e+02 7.392556745182013174e+02
6.282956081081081265e+02 7.383234797297296836e+02
6.300166880616175149e+02 7.379589216944800683e+02
6.309687760199833519e+02 7.381502914238135418e+02
6.315039765592298409e+02 7.379765592298032288e+02
6.313623989791577742e+02 7.379570395576350847e+02
6.303743064447289726e+02 7.381502347417840610e+02
6.293633262260127594e+02 7.388417910447760732e+02
6.282215669755686349e+02 7.395425442291491436e+02
6.271969309462915589e+02 7.398222506393861977e+02
6.262474446337308791e+02 7.401316013628620567e+02
6.255683453237410276e+02 7.399669911129919910e+02
6.255416842996190780e+02 7.396842996191281827e+02
6.256526946107784397e+02 7.393785286569717528e+02
6.256984732824427056e+02 7.393460559796437792e+02
6.259140251845418561e+02 7.390308293530177934e+02
6.269133993968117693e+02 7.392533390779835827e+02
6.273063025210084334e+02 7.398466386554621295e+02
6.287459834997829375e+02 7.395996526270082541e+02
