6.210226185297955226e+02 7.392257503262287628e+02
6.197623549634722622e+02 7.391637301246239531e+02
6.197195225916453865e+02 7.391675191815857033e+02
6.194744463373083363e+02 7.391371379897785800e+02
6.180881341358555119e+02 7.390296646603611634e+02
6.177201716738197774e+02 7.389699570815450897e+02
6.178702026735661548e+02 7.390413971539456952e+02
6.176986301369862531e+02 7.391369863013699160e+02
6.174159862483884353e+02 7.393738719381177589e+02
6.177401981904351942e+02 7.398776389487289862e+02
6.186844783715013136e+02 7.407383375742153930e+02
6.188717731696995088e+02 7.408802369868810729e+02
6.177336152219872929e+02 7.410672304439746085e+02
6.162672969488611443e+02 7.408809626128062291e+02
6.145462648556875820e+02 7.404206281833616003e+02
6.132867552507501614e+02 7.403407629661380724e+02
6.112479726845923551e+02 7.401404182671788021e+02
6.112363558229479850e+02 7.399351095831542580e+02
6.121790787774430100e+02 7.400099009900990268e+02
6.140494714587738372e+02 7.407019027484143407e+02
6.155040000000000191e+02 7.407524210526315755e+02
6.160029523407845318e+02 7.408650358498523474e+02
6.163196790540540633e+02 7.410751689189189619e+02
6.157600840336134524e+02 7.409193277310923804e+02
6.135608421052631911e+02 7.408307368421052388e+02
6.102974818608621490e+02 7.407848911651728940e+02
6.082509570395576475e+02 7.404223734581029248e+02
6.080410842863193466e+02 7.402850487081744859e+02
6.092930961457009289e+02 7.404976704786107575e+02
6.107675308117296709e+02 7.402175945601360354e+02
6.124483347566182374e+02 7.396771989752348873e+02
6.140939708939708908e+02 7.406844074844075294e+02
6.155815691158156824e+02 7.404167704441676960e+02
6.151494205298013185e+02 7.407628311258278018e+02
6.136961602671118499e+02 7.405964106844741082e+02
6.120310559006211406e+02 7.409238095238094957e+02
6.113915611814345539e+02 7.402497890295359184e+02
6.114333474396953534e+02 7.400998730427422743e+02
6.120758947822337177e+02 7.396640793445450299e+02
6.141794432548180112e+02 7.397443254817986826e+02
6.172231759656652912e+02 7.397214592274677898e+02
6.192141935483871293e+02 7.402855913978494300e+02
6.190209850107066814e+02 7.400706638115631222e+02
6.180189982728842324e+02 7.397910189982728753e+02
6.180075287865367955e+02 7.399844995571302206e+02
6.174718614718614162e+02 7.402861471861472182e+02
6.169236442516269108e+02 7.404082429501085016e+02
6.168485243055555429e+02 7.407400173611110858e+02
6.178739819974282454e+02 7.409198456922417790e+02
6.195279661016949149e+02 7.411182203389830647e+02
6.209144201968335892e+02 7.407543859649123306e+02
6.215250865051903020e+02 7.401630622837370765e+02
6.215808917197451819e+02 7.401278131634819601e+02
6.207650602409638623e+02 7.394483648881239333e+02
6.201393229166666288e+02 7.394787326388889142e+02
6.191950585175552533e+02 7.392423060251409197e+02
6.185134557881247019e+02 7.397069628363947231e+02
6.188626279863481159e+02 7.396420648464163605e+02
6.194908393694078086e+02 7.399590967192160633e+02
6.197638830012717790e+02 7.400763035184399996e+02
6.196136656639449711e+02 7.405853029651912038e+02
6.194254215304798663e+02 7.408586251621270549e+02
6.198622493461202794e+02 7.407227550130776308e+02
6.196692742285962368e+02 7.406162538026944731e+02
6.191845342706502606e+02 7.403594024604569768e+02
6.182670405522002284e+02 7.402286453839516298e+02
6.186496788008565773e+02 7.396509635974304047e+02
6.189226165027789648e+02 7.394510474561778892e+02
6.178551401869158326e+02 7.393840271877654686e+02
6.171333333333333258e+02 7.390060606060606005e+02
6.171946133796698177e+02 7.389748045178106395e+02
6.174037639007699454e+02 7.394867408041060344e+02
6.168545611015490522e+02 7.394203958691909975e+02
6.163834488734835304e+02 7.393119584055459654e+02
6.171342957130358400e+02 7.391430446194225397e+02
6.178910847606499601e+02 7.393223539745279140e+02
6.168252804141501429e+02 7.397748058671268154e+02
