6.138772151898733682e+02 7.392215189873418240e+02
6.122451063829787472e+02 7.391565957446808852e+02
6.111264466352336058e+02 7.384582083154735983e+02
6.108668131868131468e+02 7.380127472527472037e+02
6.102672790901137887e+02 7.379492563429571419e+02
6.102183856502242634e+02 7.378071748878924154e+02
6.108413699864803448e+02 7.378864353312302455e+02
6.116881100266193698e+02 7.382772848269743236e+02
6.131694250871080385e+02 7.397060104529616638e+02
6.143009238891332870e+02 7.400413550373955331e+02
6.149508196721311606e+02 7.409193270060396799e+02
6.148379191745485741e+02 7.411143594153052163e+02
6.148800675675676075e+02 7.415785472972972912e+02
6.144577962577963035e+02 7.419471933471933198e+02
6.141395251978342458e+02 7.417513536026655174e+02
6.151299245599329879e+02 7.416668063704945553e+02
6.177077051926297599e+02 7.413856783919598001e+02
6.235190935795216092e+02 7.412287033151490050e+02
6.297922297297296836e+02 7.411486486486486456e+02
6.344340796019901063e+02 7.414784411276948504e+02
6.372863175675676075e+02 7.411423141891891646e+02
6.371221566975568749e+02 7.411946082561078128e+02
6.347788583509513956e+02 7.405598308668076015e+02
6.306786460509820245e+02 7.404011700793982982e+02
6.270578791719476612e+02 7.394275454161386278e+02
6.245420875420875291e+02 7.388661616161616621e+02
6.217762088147197801e+02 7.378284124946512748e+02
6.196899696048632222e+02 7.372097264437690001e+02
6.192322064056940008e+02 7.372117437722420163e+02
6.193482542524619703e+02 7.369153983885407797e+02
6.202011888431641182e+02 7.370269775948788720e+02
6.216291877007802213e+02 7.375575952271684628e+02
6.220423111919926669e+02 7.387083712465878307e+02
6.234525416104363558e+02 7.400566801619432908e+02
6.239325099250110043e+02 7.408173797970886199e+02
6.236433007985802988e+02 7.412196095829635851e+02
6.234672166739036356e+02 7.419144594007815385e+02
6.234259338772004639e+02 7.419540575354229759e+02
6.236894036894036617e+02 7.416546546546546779e+02
6.244412388629614270e+02 7.414980907933813796e+02
6.255614839516465508e+02 7.412855356398499680e+02
6.272770687525730864e+02 7.408900782214902847e+02
6.280699386503067672e+02 7.406519427402862448e+02
6.285141916906623010e+02 7.405133689839572071e+02
6.294347285536675827e+02 7.398731869042685503e+02
6.304429336629583531e+02 7.398220024721879327e+02
6.321417190775681547e+02 7.398750524109015032e+02
6.334047317279256504e+02 7.397351077313054475e+02
6.341135781383433141e+02 7.398629376601195418e+02
6.340348537005163507e+02 7.395520654044750017e+02
6.327285028371890121e+02 7.391191619380183511e+02
6.296632258064515781e+02 7.389113978494623325e+02
6.257060379021595509e+02 7.384548259144997928e+02
6.214039560439561001e+02 7.382281318681318680e+02
6.186223934723481079e+02 7.376627379873073096e+02
6.168185502026113909e+02 7.377703737055380770e+02
6.166248892825509529e+02 7.384468556244463571e+02
6.180342070191026096e+02 7.387152376721456903e+02
6.197547597461468740e+02 7.393195829555756973e+02
6.209864864864864558e+02 7.405462074978204328e+02
6.228524945770064960e+02 7.414911062906724055e+02
6.242290845378887525e+02 7.416333771353482689e+02
6.254887759423972966e+02 7.423096145700974375e+02
6.268189473684210498e+02 7.423941052631579396e+02
6.279189075630251864e+02 7.422739495798318785e+02
6.285081487672377989e+02 7.416147095695779399e+02
6.286434563758389231e+02 7.408129194630872689e+02
6.285876718034152191e+02 7.402869637650978802e+02
6.283566490443270141e+02 7.406531110207400843e+02
6.281616202945990608e+02 7.403964811783960158e+02
6.289218362282878161e+02 7.404243176178659951e+02
6.310200417536534587e+02 7.404663883089770025e+02
6.342654716175842395e+02 7.400682885189927447e+02
6.363884120171674112e+02 7.402442060085836602e+02
6.365778850372970510e+02 7.396415094339622556e+02
6.337324755989352525e+02 7.387151730257320423e+02
6.290902255639098257e+02 7.384829721362228838e+02
6.227872146118721730e+02 7.375223744292237598e+02
6.173771610555049847e+02 7.370919017288443911e+02
6.140134589502018798e+02 7.368743831314491217e+02
6.124980306345732970e+02 7.372411378555798365e+02
6.135054151624548240e+02 7.376768953068592509e+02
6.154039647577092182e+02 7.384599118942730911e+02
6.175967458223394715e+02 7.397277924362357453e+02
6.200380743982494778e+02 7.410577680525163942e+02
6.220724890829694687e+02 7.417829694323144167e+02
6.236894463667820219e+02 7.427478373702422232e+02
6.255025575447569963e+02 7.430464620630860964e+02
6.263499573742540179e+02 7.431129582267690239e+02
6.264041211101766748e+02 7.425058873002523114e+02
6.261182840483131713e+02 7.420812161599333194e+02
6.255329716193656395e+02 7.414186143572620722e+02
6.247976588628762329e+02 7.406918896321070633e+02
6.245177539223782333e+02 7.403889347646572787e+02
6.245826771653543119e+02 7.400783257355988098e+02
6.243574698293799656e+02 7.400491052850603637e+02
6.245696202531645440e+02 7.394607594936709347e+02
6.243649544324772478e+02 7.398429991714996277e+02
6.234698693636746611e+02 7.394618626211546371e+02
6.224643463497453695e+02 7.393085738539898557e+02
6.216566710126031694e+02 7.388761408083441893e+02
6.208039128501555979e+02 7.383832814584259268e+02
6.196509009009008651e+02 7.381509009009008651e+02
6.154769230769230717e+02 7.380524886877827839e+02
6.117840501792114765e+02 7.382253584229390526e+02
6.082246793454223734e+02 7.386563467492260315e+02
6.046506701253782694e+02 7.392732382187634812e+02
6.025450625269512557e+02 7.398809831824062258e+02
6.020424892703862270e+02 7.404407725321888165e+02
6.032221748400852448e+02 7.411347547974413601e+02
6.068118600682594206e+02 7.414650170648463927e+02
6.099245915374947344e+02 7.418085462924173044e+02
6.132297185430463742e+02 7.420314569536424187e+02
6.158204711616572240e+02 7.422883834281071813e+02
6.171386831275719942e+02 7.419440329218107308e+02
6.170229790726302781e+02 7.414136233073451194e+02
6.162204014748053851e+02 7.407406800491602326e+02
6.154761709120788282e+02 7.404461791290057135e+02
6.145070480928690131e+02 7.402093698175788177e+02
6.131592883740173647e+02 7.397389325610261039e+02
6.121699916874480323e+02 7.395203657522858975e+02
6.104063280599500558e+02 7.396019983347210882e+02
6.093761080624735769e+02 7.392612916842549566e+02
6.087584873227331173e+02 7.389574559518694059e+02
6.090436096718480030e+02 7.389818652849741056e+02
6.096952216960826263e+02 7.389513560051657350e+02
6.103431848257608863e+02 7.383784737538596801e+02
6.099391833188532246e+02 7.388436142484796392e+02
6.082547128452432617e+02 7.385988601490574865e+02
6.051472663139329597e+02 7.383068783068782750e+02
6.013294723294723099e+02 7.390030030030029593e+02
5.975598438855159884e+02 7.391366001734605788e+02
5.962600955275727301e+02 7.399018671298306344e+02
5.973340517241379075e+02 7.408586206896551403e+02
6.016613665663944630e+02 7.413682853459389435e+02
6.072644067796610443e+02 7.424758474576270828e+02
6.127330873308733317e+02 7.429881098810988078e+02
6.174209866220735421e+02 7.430530936454849780e+02
6.199436795994993190e+02 7.430650813516896278e+02
6.210247729149463112e+02 7.429405450041288077e+02
6.211285240464344497e+02 7.423200663349916795e+02
6.203021048287247368e+02 7.419550144449029858e+02
6.184123711340206455e+02 7.410804123711340026e+02
6.168123191401405165e+02 7.404530797850351291e+02
6.145358306188925326e+02 7.401934039087948349e+02
6.126528177704648215e+02 7.400950226244343639e+02
6.108778850188837168e+02 7.394884599244649053e+02
6.106567741935483582e+02 7.387862365591397520e+02
6.106601362862010092e+02 7.390553662691652335e+02
6.110269922879177784e+02 7.386371036846614970e+02
6.110951346655082261e+02 7.385573414422241285e+02
6.110557734204793405e+02 7.388535947712417737e+02
6.104542253521126440e+02 7.386034330985914949e+02
6.094909871244635724e+02 7.395489270386266298e+02
6.085794960903562014e+02 7.398609904430929873e+02
6.077021369385084881e+02 7.404334932402965705e+02
6.064328489652135659e+02 7.403813298106560978e+02
6.059176776429809479e+02 7.412196707105719042e+02
6.052659303313508872e+02 7.413445199660152412e+02
6.046693378321383534e+02 7.415259384226064867e+02
6.045933194154488319e+02 7.417582463465553246e+02
6.060254306808859610e+02 7.419015586546349823e+02
6.083054270088346129e+02 7.415418594867479669e+02
6.114254349627175316e+02 7.415231980115989927e+02
6.162401837928154009e+02 7.410802005012531026e+02
6.196193205075726382e+02 7.414068767908308928e+02
6.224977505112474319e+02 7.409141104294478737e+02
6.237000000000000455e+02 7.408004132231404810e+02
6.230556232237108816e+02 7.408826634185952571e+02
6.211453344343517529e+02 7.404921552436003367e+02
6.176063741721853830e+02 7.401610099337748352e+02
6.146803823773898330e+02 7.397593516209476547e+02
6.121668074324323925e+02 7.392850506756756204e+02
6.110405872193437062e+02 7.384170984455959115e+02
6.107352185089973773e+02 7.381435304198799940e+02
6.100866347409664741e+02 7.379638659120591910e+02
6.097755644090304941e+02 7.378747233289066116e+02
6.099383378016085544e+02 7.379740840035746032e+02
6.109814077025232564e+02 7.384329349269588647e+02
6.121185250219490399e+02 7.387427568042141957e+02
6.130740574506284020e+02 7.393240574506284020e+02
6.137567215958368934e+02 7.403733738074588473e+02
6.139427839453458091e+02 7.408539709649871838e+02
6.140219316743989566e+02 7.412977646562632117e+02
6.139465106560802496e+02 7.415386544086919685e+02
6.137421646468867493e+02 7.417133305474300187e+02
6.139421248449772293e+02 7.418023976849938208e+02
6.160070306038047647e+02 7.410074441687345370e+02
6.212697886448404461e+02 7.404836303356817098e+02
6.271724570950187854e+02 7.402766848053579452e+02
6.325311083642357062e+02 7.404309847548413472e+02
6.366434075342465349e+02 7.404272260273972961e+02
6.370735418427725563e+02 7.405198647506339285e+02
6.353346055979643552e+02 7.401166242578456149e+02
6.315784523300555975e+02 7.395258657545959977e+02
6.277590051457975733e+02 7.389644082332761172e+02
6.246467116357504210e+02 7.388048060708263165e+02
6.217296834901625289e+02 7.379097519247219452e+02
6.198964912280702038e+02 7.367820175438596380e+02
6.183397296118621398e+02 7.366013955516790475e+02
6.181316489361702224e+02 7.365500886524822590e+02
6.190159235668789961e+02 7.365423111919926669e+02
6.201872710622710656e+02 7.369134615384615472e+02
6.216175534333788164e+02 7.379099590723055826e+02
6.227928341754708299e+02 7.387087735415709631e+02
6.244632867132867204e+02 7.409020979020979212e+02
