6.160642006802721653e+02 7.375161564625850588e+02
6.180678985818650517e+02 7.374568113450794726e+02
6.194249452954047683e+02 7.372599562363238874e+02
6.199829396325459356e+02 7.368215223097113267e+02
6.197161929371231963e+02 7.367093023255813478e+02
6.189190353143841321e+02 7.364905254091301003e+02
6.170579957356076193e+02 7.360004264392324558e+02
6.149219827586207430e+02 7.353051724137931160e+02
6.123446351931330582e+02 7.352300429184549557e+02
6.103413071337035944e+02 7.348316958564715833e+02
6.099631668077900031e+02 7.349686706181201998e+02
6.100269814502529471e+02 7.347297639123103181e+02
6.114527112232029822e+02 7.344779319041614372e+02
6.137021276595744439e+02 7.346434042553191830e+02
6.164426158510177629e+02 7.349636206149848476e+02
6.181036559139785140e+02 7.356937634408602662e+02
6.190617828773168867e+02 7.353852603706972104e+02
6.184696639022261024e+02 7.351955477957224048e+02
6.177858081471747482e+02 7.349899255365746740e+02
6.166559652928416426e+02 7.350919739696312263e+02
6.143326105810928084e+02 7.345598438855159884e+02
6.123205072146917018e+02 7.343200699606471744e+02
6.106260720411663669e+02 7.346543739279588863e+02
6.095548523206750815e+02 7.345392405063290653e+02
6.096712328767123381e+02 7.346459760273972961e+02
6.115511265164644783e+02 7.348440207972270173e+02
6.135888456549935199e+02 7.348594898400345983e+02
6.163779595350839600e+02 7.356224709427464177e+02
6.178873543375053714e+02 7.362032801035821876e+02
6.194390765284309737e+02 7.367764001710132789e+02
6.199766738660906640e+02 7.367650107991361210e+02
6.196576692373607784e+02 7.370998286203941916e+02
6.184509043927648690e+02 7.369013781223083015e+02
6.168038461538461661e+02 7.372115384615384528e+02
6.147866269165247104e+02 7.371345826235093455e+02
6.135983193277311329e+02 7.377546218487394754e+02
6.135697329376854441e+02 7.378503603221704452e+02
6.145344680851063686e+02 7.379510638297872447e+02
6.162236954662104154e+02 7.388229255774166404e+02
6.179143952299829152e+02 7.395596252129471395e+02
6.198380129589633043e+02 7.396725701943844342e+02
6.206331745344305091e+02 7.401364226938068214e+02
6.225084233261338795e+02 7.408142548596111965e+02
6.235994798439531905e+02 7.410619852622453436e+02
6.236512122501063686e+02 7.420008507018289947e+02
6.231236146632566033e+02 7.418742540494458808e+02
6.214903361344537416e+02 7.420407563025210038e+02
6.185424013434088693e+02 7.419815281276238466e+02
6.160705882352941671e+02 7.421764705882352473e+02
6.147389627089584110e+02 7.423176168024003800e+02
6.141007588532883119e+02 7.432242833052276865e+02
6.158868164476473339e+02 7.435727002967358885e+02
6.176737411568872176e+02 7.446783187682063954e+02
6.197644131065948159e+02 7.454147656574035636e+02
6.220264372639529711e+02 7.454964330675619522e+02
6.251130063965885029e+02 7.460093816631130039e+02
6.257021097046413161e+02 7.469375527426160488e+02
6.249461179465422447e+02 7.466843445057276085e+02
6.225149725854070084e+02 7.462091944327288502e+02
6.212938978829389498e+02 7.459626400996263555e+02
6.197754930759547278e+02 7.455249685270666760e+02
6.180673400673400693e+02 7.452916666666666288e+02
6.168231578947368234e+02 7.455949473684210034e+02
6.163776842105263540e+02 7.457018947368420640e+02
6.174985614467735786e+02 7.465187011919440465e+02
6.190606948514022179e+02 7.464579321892005055e+02
6.206253699788583162e+02 7.467086680761099160e+02
6.225101533360960957e+02 7.472615002072109291e+02
6.234413735343383678e+02 7.471084589614740707e+02
6.234271966527196582e+02 7.472146443514644716e+02
6.226813460739509765e+02 7.470037390943082301e+02
6.206958333333333258e+02 7.458041666666666742e+02
6.188665830196570141e+02 7.452396486825596185e+02
6.170435875943001065e+02 7.442929589270745510e+02
6.154566115702479010e+02 7.438851239669421602e+02
6.148449709060681698e+02 7.431637572734829291e+02
6.145493827160494220e+02 7.432106995884773823e+02
6.150087245533859459e+02 7.429746572496884482e+02
6.161068734283319372e+02 7.427326068734283808e+02
6.180408844388819034e+02 7.432394659991656454e+02
6.202269861286255264e+02 7.430529634300125963e+02
6.211686797167847089e+02 7.431524364847980451e+02
6.212833263685749898e+02 7.426339323025490557e+02
6.206314237573715218e+02 7.420054759898904422e+02
6.196250521920668461e+02 7.415473903966596936e+02
6.175432972522897899e+02 7.408209825145711420e+02
6.149586323343182812e+02 7.398720979316167359e+02
6.127424177701836925e+02 7.388175993165314139e+02
6.119970187393525975e+02 7.381341567291311776e+02
6.119542372881355732e+02 7.377444915254237685e+02
6.128151085141903422e+02 7.378852253756260779e+02
6.145218476903870624e+02 7.379047024552642142e+02
6.170000000000000000e+02 7.376614867702645597e+02
6.191093413689194449e+02 7.379569522169608717e+02
6.203598452278589548e+02 7.374570077386071034e+02
6.209214255045084201e+02 7.371438385573206915e+02
6.207046808510638130e+02 7.372336170212765865e+02
6.199329608938547835e+02 7.368332617103567372e+02
6.179232096635030302e+02 7.359710957722173816e+02
6.157796391752577847e+02 7.357276632302405233e+02
6.132642733564014179e+02 7.351340830449827308e+02
6.105701981050817722e+02 7.349457364341085395e+02
6.092690465824989587e+02 7.345981715280801154e+02
6.092178649237472428e+02 7.345010893246187607e+02
6.102396193771626258e+02 7.344234429065744507e+02
6.120074106364428417e+02 7.346517000871839400e+02
6.147965292841648761e+02 7.348290672451192904e+02
6.172722964239551402e+02 7.352796208530805870e+02
6.183226781857451897e+02 7.352639308855291347e+02
6.184035776614310862e+02 7.352953752181500704e+02
6.157182974989029844e+02 7.346981132075471805e+02
