6.118296019900496958e+02 7.398349917081260401e+02
6.105982218458933630e+02 7.394796782387807070e+02
6.106629454701588884e+02 7.392924001717475448e+02
6.118916887709991670e+02 7.392007073386383809e+02
6.142639372822300174e+02 7.396232578397213047e+02
6.168122289679098458e+02 7.399947961838681749e+02
6.194578675838348545e+02 7.401680997420464792e+02
6.211607758620689310e+02 7.397525862068965807e+02
6.221101880192392173e+02 7.392710975076519162e+02
6.230456340500219312e+02 7.391548924967090670e+02
6.239088541666666288e+02 7.392994791666666288e+02
6.248183398522381822e+02 7.391386353759235135e+02
6.264248421052631102e+02 7.394652631578946966e+02
6.259059757626409919e+02 7.396920183869619905e+02
6.232250108178277515e+02 7.392990047598442516e+02
6.188906595838866451e+02 7.392496679946879112e+02
6.161887401938163293e+02 7.391264420858329913e+02
6.153558000917010986e+02 7.395740486015589568e+02
6.174218887908208444e+02 7.406460723742277423e+02
6.203373754872238806e+02 7.410168904287570513e+02
6.208291328492097136e+02 7.413225117471166641e+02
6.190705933304460586e+02 7.407665656128193632e+02
6.160236762806715660e+02 7.401868273783900349e+02
6.136027457927369824e+02 7.391908768821966760e+02
6.121872659176029856e+02 7.399184352892218612e+02
6.121481791544579210e+02 7.395935537881958908e+02
6.124068647969861559e+02 7.393365424863959561e+02
6.110726972325485349e+02 7.398025609252374579e+02
6.103499788404570836e+02 7.391929750317393655e+02
6.108094199738334282e+02 7.389415612734409251e+02
6.120964066608238454e+02 7.394189307624890262e+02
6.166137961335676891e+02 7.400540421792618417e+02
