6.191642949547218677e+02 7.390125053902544323e+02
6.184144965277778283e+02 7.387730034722221717e+02
6.176818572656922015e+02 7.389505588993980609e+02
6.175472093999160279e+02 7.396298783046579501e+02
6.169606099110546893e+02 7.396836086404066464e+02
6.160801174496643853e+02 7.397525167785234999e+02
6.154331641285956493e+02 7.393608291032148827e+02
6.151251591005515138e+02 7.394098430207891397e+02
6.150653008962867716e+02 7.390584720443874858e+02
6.150818414322250192e+02 7.391589940323955261e+02
6.150944041008116301e+02 7.392550192225544379e+02
6.155844768439108066e+02 7.391650943396226694e+02
6.157238742565845087e+02 7.394889549702634213e+02
6.161545647558386918e+02 7.398428874734606779e+02
6.166080964685615982e+02 7.396042204995693510e+02
6.167237851662404182e+02 7.392787723785165781e+02
6.174746423927177830e+02 7.390910273081924515e+02
6.177550761421319976e+02 7.395697969543147110e+02
6.186199829205806964e+02 7.394713919726729046e+02
6.188044692737430523e+02 7.392213149978513229e+02
6.189428694158075359e+02 7.392147766323024598e+02
6.196402569593147973e+02 7.398394004282655487e+02
6.194186245194360936e+02 7.398257155061938874e+02
6.196805139186295719e+02 7.394736616702355150e+02
6.196192915066154683e+02 7.395262483994878266e+02
6.194458653026428010e+02 7.397412617220801394e+02
6.191887931034482335e+02 7.394905172413792798e+02
6.186743989877688819e+02 7.401138760016870037e+02
6.181253186066270473e+02 7.398865760407816197e+02
6.178657154846831645e+02 7.397654217373059282e+02
6.172574298869819813e+02 7.399037254081205219e+02
6.167102127659574080e+02 7.395974468085106537e+02
6.162932996207332508e+02 7.396982722292457311e+02
6.158881002087682646e+02 7.397979123173278140e+02
6.147959697732997029e+02 7.398455079764903530e+02
