6.176874189364461927e+02 7.391223519239083544e+02
6.169978420371169250e+02 7.396309883470004252e+02
6.162158211521925750e+02 7.396418744625967747e+02
6.152125583368689377e+02 7.398638099278743994e+02
6.147859287859288315e+02 7.399438009438009658e+02
6.155542685542685604e+02 7.396310596310596566e+02
6.174132762312633531e+02 7.396535331905781732e+02
6.191993983669960926e+02 7.395423291792006921e+02
6.203026259147653718e+02 7.394476969436074114e+02
6.216243046640993271e+02 7.394415917843389252e+02
6.211657315494173872e+02 7.395032369443246125e+02
6.200847311827957355e+02 7.396804301075268313e+02
6.166663837011884652e+02 7.396044142614600787e+02
6.157358329782700821e+02 7.395287601193011824e+02
6.152312013828867521e+02 7.390397579948141811e+02
6.149713062098501268e+02 7.390642398286937578e+02
6.155692373242436588e+02 7.392982530890498083e+02
6.167402819307988011e+02 7.395070482699701415e+02
6.179103713188220581e+02 7.393414425949637234e+02
6.182025806451613335e+02 7.394787096774193742e+02
6.171907216494845443e+02 7.393539518900344092e+02
6.160899218071242558e+02 7.392102519548218424e+02
6.157061631944444571e+02 7.391657986111110858e+02
6.146119914346894575e+02 7.392676659528907521e+02
6.143479202772963390e+02 7.391741767764298174e+02
