6.066333899745114877e+02 7.372706032285472020e+02
6.044640551011623302e+02 7.364933275936289192e+02
6.027468193384223696e+02 7.359452926208651888e+02
6.018035329599310899e+02 7.354829814735028322e+02
6.012356495468277444e+02 7.356227880880448993e+02
6.010851426138782472e+02 7.355304384844614560e+02
6.015503612409689822e+02 7.354725881852954217e+02
6.016362451108213918e+02 7.351008257279444251e+02
6.016167899086559601e+02 7.356159199652022380e+02
6.023600514359194449e+02 7.359652807543934614e+02
6.037692982456139816e+02 7.353513157894736878e+02
6.054498480243161112e+02 7.361328701693443008e+02
6.073595553655408139e+02 7.365438221462163710e+02
6.080906724511930861e+02 7.367370932754880641e+02
6.083575757575757734e+02 7.373077922077922040e+02
6.093373597929249854e+02 7.378024158757549458e+02
6.117093227792436210e+02 7.382053649956025083e+02
6.161248908296943227e+02 7.386855895196506481e+02
6.222418244406196663e+02 7.399513769363167057e+02
6.263370141342755915e+02 7.399103356890459509e+02
6.288868894601542934e+02 7.410308483290488084e+02
6.307460869565217081e+02 7.413447826086955956e+02
6.312383695170580040e+02 7.412290651307044982e+02
6.309810426540284425e+02 7.425040930633347216e+02
6.315848892748588241e+02 7.423178462874511752e+02
6.321061065396274898e+02 7.420662624512775665e+02
6.318078078078077624e+02 7.422312312312312770e+02
6.313036175710594762e+02 7.421808785529715351e+02
6.308349849202929818e+02 7.424735028005170534e+02
6.292283498492029139e+02 7.420120637656182225e+02
6.278697939500219718e+02 7.415449364313897149e+02
6.266038310840226586e+02 7.414087940792337577e+02
6.254847428073234141e+02 7.413722755013077403e+02
6.248915094339622556e+02 7.413469125214407995e+02
6.238481833910034311e+02 7.405294117647058556e+02
6.202589897260273801e+02 7.397320205479452397e+02
6.150264928511354583e+02 7.396257359125315816e+02
6.094847048685911659e+02 7.384515295131409403e+02
6.057674923946110539e+02 7.372468491960017900e+02
6.040730337078651928e+02 7.368984442523768621e+02
6.030930726731832010e+02 7.370008499787505798e+02
6.026144013634426528e+02 7.367950575202386290e+02
6.020720910623946338e+02 7.369026138279932638e+02
6.015799319727891543e+02 7.360165816326530148e+02
6.013546189868028478e+02 7.359063431247338940e+02
6.004751169715015067e+02 7.359693747341556218e+02
