6.106459369817579272e+02 7.404021558872304922e+02
6.111035353535353352e+02 7.407344276094275983e+02
6.111210055389859690e+02 7.408142309331060460e+02
6.111566780821917746e+02 7.410299657534246762e+02
6.112743850720950149e+02 7.417010178117047872e+02
6.116137699412258826e+02 7.419492023509656065e+02
6.115785924989464775e+02 7.419582806573956759e+02
6.115753252203105603e+02 7.422832563994963948e+02
6.112209253855772886e+02 7.420875364735306903e+02
6.107130942452043882e+02 7.417693911592994027e+02
6.097534707614640865e+02 7.411215818258308445e+02
6.088933669185557847e+02 7.410591939546599178e+02
6.079195020746888076e+02 7.410419087136929193e+02
6.063540888335409136e+02 7.408825238688252739e+02
6.054909539473684390e+02 7.407195723684210407e+02
6.052965997541990646e+02 7.405280622695617012e+02
6.064981335545417096e+02 7.404384072998756210e+02
6.091768848384424473e+02 7.405198840099419613e+02
6.128030690537084411e+02 7.401943734015345626e+02
6.164478861448304770e+02 7.410263708664713249e+02
6.186433684210526280e+02 7.412425263157895188e+02
6.196319733555370703e+02 7.416565362198168714e+02
6.187941176470587834e+02 7.412289002557545246e+02
6.168949597628123911e+02 7.413917831427361307e+02
6.137170542635658421e+02 7.408807062876829832e+02
6.103135341535850102e+02 7.408510818837505667e+02
6.081575107296137048e+02 7.404467811158798440e+02
6.065940260832983313e+02 7.406268405553217917e+02
6.064398496240601162e+02 7.403776106934001291e+02
6.071713803292528837e+02 7.395356690586745572e+02
6.090175732217572886e+02 7.399096234309623696e+02
6.116816463670726307e+02 7.395842083158337346e+02
6.131580698835274461e+02 7.397300332778702341e+02
6.143495867768594962e+02 7.399243801652892216e+02
6.148035714285714448e+02 7.397142857142856656e+02
6.147497925311203062e+02 7.397551867219916630e+02
6.141579164944191689e+02 7.398453906572964343e+02
6.127809917355372136e+02 7.399785123966942137e+02
6.117778242677824210e+02 7.397652719665271661e+02
6.104555278470490975e+02 7.397585203657522470e+02
6.096416281997481974e+02 7.395455308434745803e+02
6.098007503126302709e+02 7.396840350145894263e+02
6.105145954962468977e+02 7.395004170141785380e+02
6.115798742138364332e+02 7.395547169811320600e+02
6.125387840670859987e+02 7.396322851153039437e+02
6.132537562604341019e+02 7.397249582637729191e+02
6.138097601323407844e+02 7.397961124896609135e+02
6.133782211138819775e+02 7.397107231920199411e+02
6.129139429044270173e+02 7.395357881671493487e+02
6.123172875680201059e+02 7.391833403097530208e+02
6.121205794631443950e+02 7.388538559863656019e+02
6.117822240943555698e+02 7.390505475989890556e+02
6.118630653266332047e+02 7.389991624790619653e+02
6.122652119177507757e+02 7.393382291229542034e+02
6.130511195606252386e+02 7.392598225602027924e+02
6.139701746910950533e+02 7.393855986365573472e+02
6.145274584929757111e+02 7.393839931885909209e+02
6.148197351559163053e+02 7.397133703545492835e+02
6.150055154857869866e+02 7.398472634705133260e+02
6.152216560509554029e+02 7.399002123142250866e+02
6.155683544303797134e+02 7.399198312236286483e+02
6.157118432026688879e+02 7.401488740617180611e+02
6.153913043478261216e+02 7.399035196687370899e+02
6.150970024979184245e+02 7.397181515403830190e+02
6.149252181138346032e+02 7.394233485666804881e+02
6.152834448160534748e+02 7.392428929765886778e+02
6.157989991659716225e+02 7.391467889908257121e+02
6.164004132231405038e+02 7.390396694214875879e+02
6.170347970173985459e+02 7.397568351284176060e+02
6.183262980160404823e+02 7.393689320388349415e+02
6.205435702199661137e+02 7.393481387478849456e+02
6.234033433347620985e+02 7.396626660951563963e+02
6.266033591731265915e+02 7.404229112833763793e+02
6.301131669535284345e+02 7.409840791738381540e+02
6.317333897587811862e+02 7.416690647482014356e+02
6.318881327094853759e+02 7.419204593789876299e+02
6.302242911553109934e+02 7.417371984765129582e+02
6.283676038606797647e+02 7.416953420058749771e+02
6.259458064516129525e+02 7.409539784946236978e+02
6.231574232081911759e+02 7.403255119453924635e+02
6.219608938547486332e+02 7.392642887838418346e+02
6.217697201017812176e+02 7.392379134860051408e+02
6.235617546848382062e+02 7.387529812606474025e+02
6.256719216020451313e+02 7.386344269279932178e+02
6.277928421052631620e+02 7.389385263157894315e+02
6.298956485002112231e+02 7.393227714406422137e+02
6.307027253668762796e+02 7.397714884696016497e+02
6.309411512027490971e+02 7.402581615120275274e+02
6.302949251247920301e+02 7.409696339434276524e+02
6.291314791403286790e+02 7.411934260429835604e+02
6.275600840336134070e+02 7.410789915966386161e+02
6.258201589293182678e+02 7.413287327478042243e+02
6.243692178301093918e+02 7.411534903280066828e+02
6.233641327173456830e+02 7.412524149517009846e+02
6.228915713680644330e+02 7.408826768318508584e+02
6.231134903640256653e+02 7.409027837259100124e+02
6.235389221556886241e+02 7.408156544054747883e+02
6.244995733788396137e+02 7.404590443686006438e+02
6.253954754922497159e+02 7.407419354838709751e+02
6.257665827036104247e+02 7.402225020990764506e+02
6.257514668901927735e+02 7.400993294216261802e+02
6.256340141725719377e+02 7.399562317632346549e+02
6.247748735244518912e+02 7.389456155143338947e+02
6.233388185654008566e+02 7.390012658227848306e+02
6.218454773869347036e+02 7.392428810720267620e+02
6.213360033726812617e+02 7.391901349072512630e+02
6.207647804054054177e+02 7.391182432432432279e+02
6.212837665104389089e+02 7.395436727737537694e+02
6.215867733782645246e+02 7.398268744734625670e+02
6.217006237006237370e+02 7.408486486486486911e+02
6.218830950378469424e+02 7.409987384356602433e+02
6.218040370058872668e+02 7.408456686291000324e+02
6.215459183673469852e+02 7.404732142857143344e+02
6.210898685883848884e+02 7.401428571428571104e+02
6.209629473684210552e+02 7.399111578947367889e+02
6.203080508474575936e+02 7.390991525423728490e+02
6.196694490818030090e+02 7.392420701168614414e+02
6.187743271221531813e+02 7.393325051759834423e+02
6.186205468102733676e+02 7.395020712510356589e+02
6.192121212121212466e+02 7.390879629629629335e+02
6.204920906370243756e+02 7.386066695168875640e+02
6.217199493884436379e+02 7.389164909320961669e+02
6.227025210084033233e+02 7.390642857142856883e+02
6.236654275092936359e+02 7.399657166460140161e+02
6.251042735042734648e+02 7.399636752136751738e+02
6.265786136939983635e+02 7.405207100591716198e+02
6.280921222557038845e+02 7.407197589324149476e+02
6.288138936535162884e+02 7.410248713550599859e+02
6.279096020761245427e+02 7.406717128027681838e+02
6.260842332613391363e+02 7.398842332613390909e+02
6.238018747337025616e+02 7.391934384320409208e+02
6.207577720207253833e+02 7.386826424870466781e+02
6.177865931268561326e+02 7.382443784471786330e+02
6.154490060501296966e+02 7.375963699222126024e+02
6.139171597633136344e+02 7.377861369399830664e+02
6.165227074235807549e+02 7.380262008733624270e+02
6.187404418011894904e+02 7.392982158028886488e+02
6.213075296108290786e+02 7.402423857868020605e+02
6.233289806234204207e+02 7.410821398483572011e+02
6.234422911283376152e+02 7.409483204134367043e+02
6.233990630323679625e+02 7.413330494037478502e+02
6.225357751277682610e+02 7.413109028960817568e+02
6.208926891834116759e+02 7.411684480547241947e+02
6.197407251264755814e+02 7.410872681281618952e+02
6.188674242424242493e+02 7.410892255892256344e+02
6.179987458193979819e+02 7.406647157190635653e+02
6.179537500000000136e+02 7.406187499999999773e+02
6.185537121526338069e+02 7.404520945665699401e+02
6.200973942759504780e+02 7.399256727894062351e+02
6.217191578947368953e+02 7.401204210526316274e+02
6.230928233777395917e+02 7.394709926944564131e+02
6.240343200343199896e+02 7.394285714285714448e+02
6.241593895718524436e+02 7.394980924120390000e+02
6.242049215103945699e+02 7.396270683071701342e+02
6.236415014761704469e+02 7.396836777730915173e+02
6.228514600084638460e+02 7.397084214980956176e+02
6.215232656514382370e+02 7.401370558375634801e+02
6.203094420600858712e+02 7.398686695278969410e+02
6.203283709059974171e+02 7.407864738409188021e+02
6.203511450381679424e+02 7.411102629346904678e+02
6.219805743243243796e+02 7.411955236486486456e+02
6.230578969774371672e+02 7.412579821200511105e+02
6.241842783505154557e+02 7.411550687285223376e+02
6.240992725716730547e+02 7.413136499786050990e+02
6.238663216903837565e+02 7.409081500646830136e+02
6.238296584522265675e+02 7.405611759619541772e+02
6.237336769759450590e+02 7.402783505154638988e+02
6.234448217317486751e+02 7.401608658743633669e+02
6.228091828138163919e+02 7.399502948609940631e+02
6.223009181969949850e+02 7.399574290484140420e+02
6.215589592950062752e+02 7.395870751154008076e+02
6.214145424153781505e+02 7.395081487672377989e+02
6.220761743546339630e+02 7.394159966144731015e+02
6.224230606189063337e+02 7.393429419245443341e+02
6.226231028667790497e+02 7.397301854974705293e+02
6.227737843551797141e+02 7.401171247357293623e+02
6.228400509121764799e+02 7.403495969452693544e+02
6.224044463445917472e+02 7.403659683625480739e+02
6.218349638451722967e+02 7.408005104210974423e+02
6.208232518232517805e+02 7.404586014586014926e+02
6.194517788255465121e+02 7.396686669524217450e+02
6.175361445783132694e+02 7.391781411359725098e+02
6.152337773957885929e+02 7.390081650193382075e+02
6.116079182630907098e+02 7.381805023414218567e+02
6.083718763235916640e+02 7.382634476916560970e+02
6.056325837929571207e+02 7.381747984726347340e+02
6.040329853862212985e+02 7.385858037578287849e+02
6.040856063785145125e+02 7.386592530423835115e+02
6.053127348643006371e+02 7.393098121085595267e+02
6.085244667503136498e+02 7.396537013801756757e+02
6.122229589722337550e+02 7.399821798590965045e+02
6.148237018425460292e+02 7.398324958123953365e+02
6.166686266274674608e+02 7.395833683326333130e+02
6.169662019433882278e+02 7.394989438107309070e+02
6.158617920540997375e+02 7.391280642434488755e+02
6.135483333333332894e+02 7.389379166666666379e+02
6.106040523427606104e+02 7.389510341916420657e+02
6.086655574043261367e+02 7.387895174708818331e+02
6.074783157894736405e+02 7.385406315789473410e+02
6.073078538429231230e+02 7.385699286014279323e+02
6.073525668222316654e+02 7.384145099703011965e+02
6.087928303459774497e+02 7.386456857023759994e+02
6.102315745393634643e+02 7.390883584589614657e+02
6.115547717842323436e+02 7.391780082987552305e+02
6.127788819875776198e+02 7.394567287784678911e+02
6.128851575456053524e+02 7.397980928689884195e+02
6.126150627615062376e+02 7.395451882845188720e+02
6.117395484949832962e+02 7.397282608695652470e+02
6.111270440251572609e+02 7.397002096436058309e+02
6.104569646569646011e+02 7.403330561330561750e+02
6.092962193601994159e+02 7.402858329871208980e+02
6.087237337798242152e+02 7.401414817915446065e+02
6.091992465466722706e+02 7.402946839681875417e+02
6.107449066213921469e+02 7.398505942275041889e+02
6.122102628285356332e+02 7.403270755110554546e+02
6.136944795617362161e+02 7.403586177833965394e+02
6.146127677446451116e+02 7.405720285594287589e+02
6.140893456375838468e+02 7.404022651006711158e+02
6.138213836477987115e+02 7.405878406708595776e+02
6.131750940242374099e+02 7.408554116172168733e+02
6.125962500000000546e+02 7.403500000000000227e+02
6.120885654885654503e+02 7.400182952182951794e+02
6.116576426488962852e+02 7.400637234485631097e+02
6.111732611411911193e+02 7.401074552269888045e+02
6.110615320217664248e+02 7.400711594809544067e+02
6.111858333333333348e+02 7.401725000000000136e+02
6.117436655405405190e+02 7.401030405405405190e+02
6.120197086546701257e+02 7.404952870608398143e+02
6.125057422373457712e+02 7.411905572096979995e+02
6.128680672268907301e+02 7.415521008403361520e+02
6.131331360946745690e+02 7.417709213863059858e+02
6.129550797649034166e+02 7.419143576826196522e+02
6.127535387177351822e+02 7.422352206494588245e+02
6.120448637316561644e+02 7.416419287211740539e+02
6.108837209302325846e+02 7.419526578073089240e+02
6.100025359256128468e+02 7.412857142857143344e+02
6.086447368421053170e+02 7.407975382003395453e+02
6.076066330814442153e+02 7.409689336691855033e+02
6.066550290939318302e+02 7.412219451371571495e+02
6.059937707641196312e+02 7.412624584717608514e+02
6.061743697478991635e+02 7.407932773109243954e+02
6.078938053097344891e+02 7.408053097345132301e+02
6.106898866974402154e+02 7.407217792698279482e+02
6.140105042016806465e+02 7.409378151260503955e+02
6.171632309633992008e+02 7.412368531762725752e+02
6.190411418975651259e+02 7.414235936188076721e+02
6.193924640135478512e+02 7.415237087214225085e+02
6.179883187317479951e+02 7.417271589486858829e+02
6.156360587002096736e+02 7.416020964360586731e+02
6.115710021321962131e+02 7.411530916844349122e+02
6.083013230900554618e+02 7.409065300896286317e+02
6.062891462891462879e+02 7.407391677391677831e+02
6.053406686415573859e+02 7.405895048666948242e+02
6.059066328686100178e+02 7.403008027038445107e+02
6.071239388794566594e+02 7.403251273344651509e+02
6.094692082111437230e+02 7.400833682446585726e+02
6.114642262895174554e+02 7.403019966722130221e+02
6.129362786745964513e+02 7.401087510620220655e+02
6.136901763224180968e+02 7.400902602854744146e+02
6.138416422287390333e+02 7.404105571847507008e+02
6.135273486430062349e+02 7.403920668058455021e+02
6.125081761006289298e+02 7.402540880503145218e+02
6.113867380560132005e+02 7.401960461285008250e+02
6.103895885810243271e+02 7.402237615449201940e+02
6.093281901584654179e+02 7.397397831526271830e+02
6.090927013422818845e+02 7.395771812080537302e+02
6.095809725158562742e+02 7.395057082452431132e+02
6.104421797004991959e+02 7.398698003327787092e+02
6.116806899453092683e+02 7.401396718552797438e+02
6.127496876301540851e+02 7.400145772594752316e+02
