6.204852813852813824e+02 7.409272727272726797e+02
6.230873324686554042e+02 7.405391266753134687e+02
6.247693293464330964e+02 7.402661255873558730e+02
6.259577702702703164e+02 7.401891891891891646e+02
6.271405723905724017e+02 7.396957070707070443e+02
6.275348446683459542e+02 7.393375314861460765e+02
6.284112970711297521e+02 7.392970711297070920e+02
6.286453930684699571e+02 7.389488588334742190e+02
6.287286198137171596e+02 7.388289585097375038e+02
6.288213367609254192e+02 7.390492716366752575e+02
6.279961389961390523e+02 7.393260403260403564e+02
6.272218430034129142e+02 7.401198805460751373e+02
6.264566249460509653e+02 7.402926197669399926e+02
6.256424825174825628e+02 7.404724650349650119e+02
6.258129589632828811e+02 7.409317494600431928e+02
6.270736117089969639e+02 7.410060266896255143e+02
6.288627705627706064e+02 7.410649350649350708e+02
6.304893153074574457e+02 7.411434801569995443e+02
6.311422469030328557e+02 7.415446390431440022e+02
6.310449871465295928e+02 7.410385604113110958e+02
6.307546777546778003e+02 7.408619542619542244e+02
6.300012605042016958e+02 7.401512605042016730e+02
6.291312837557125022e+02 7.399393435812214648e+02
6.277078980359381148e+02 7.393104889260342816e+02
6.270454350621516824e+02 7.390488641234461511e+02
6.259915469146238820e+02 7.390849535080304804e+02
6.250102432778488719e+02 7.390699957319675377e+02
6.237986348122866502e+02 7.390452218430034463e+02
6.223835674755215450e+02 7.388254576415496331e+02
6.220131746706332478e+02 7.392698682532936800e+02
6.221375480563862084e+02 7.389611277231952045e+02
6.227966248377325655e+02 7.389671138035482727e+02
6.235980180956483991e+02 7.391292546316243488e+02
6.241769031141868709e+02 7.391310553633218206e+02
6.247505394907207119e+02 7.391191195511437400e+02
6.252397610921501609e+02 7.393071672354948305e+02
6.259628670120897596e+02 7.388506044905008139e+02
6.271850899742930778e+02 7.388444730077120539e+02
6.278836820083681687e+02 7.385698744769874793e+02
6.278183716075157008e+02 7.384400835073068947e+02
6.272194816053511204e+02 7.384117892976588564e+02
6.258598807495741312e+02 7.383377342419080378e+02
6.245705263157894933e+02 7.390366315789473219e+02
6.228680033416875403e+02 7.393383458646616191e+02
6.217428940568474900e+02 7.388583118001722596e+02
6.213583938487826117e+02 7.390230670653567131e+02
6.207569178373776140e+02 7.391668795232013736e+02
6.208383410918323762e+02 7.394248836225137893e+02
6.209902002556455045e+02 7.395764806135491654e+02
6.212841056734516769e+02 7.395967951494153567e+02
6.210564411891425607e+02 7.400249892287806688e+02
6.210576006929406958e+02 7.402052836725855514e+02
6.219622886866060298e+02 7.399202427394884580e+02
6.231029159519725908e+02 7.397302744425386436e+02
6.252374409617862057e+02 7.394959209961357374e+02
6.275937101572460506e+02 7.388308542286442844e+02
6.288154686843211039e+02 7.382278268179907172e+02
6.291679966400671447e+02 7.380025199496010373e+02
6.280650440621066082e+02 7.378812421317667258e+02
6.262916491817037468e+02 7.379806966009232383e+02
6.247179379715004188e+02 7.379979044425816710e+02
6.229400764980875920e+02 7.380182745431363855e+02
6.221658868566566980e+02 7.380757124627817802e+02
6.213839169909208522e+02 7.385235624729788242e+02
6.198170940170940639e+02 7.392081196581196991e+02
6.188097079037801223e+02 7.394888316151202616e+02
6.180151253241141376e+02 7.395103716508210709e+02
6.172530487804878021e+02 7.403937282229965149e+02
6.167576923076923094e+02 7.412017094017094223e+02
6.176460817717205600e+02 7.413015332197614953e+02
6.191967700807480242e+02 7.409485762855928215e+02
6.205401709401709240e+02 7.405465811965812009e+02
6.216734864300626668e+02 7.401244258872651471e+02
6.220139005897219704e+02 7.393824768323504486e+02
6.214903035413153702e+02 7.387154300168633654e+02
6.205443514644351808e+02 7.384066945606695072e+02
6.195713687735453732e+02 7.378246128087065472e+02
6.189306139613120195e+02 7.376841883936081103e+02
6.186473327688399877e+02 7.374292972057578481e+02
6.174009294465568018e+02 7.375551330798479057e+02
6.160165184243963949e+02 7.377496823379923399e+02
6.146260504201680988e+02 7.381537815126050646e+02
6.129974640743871532e+02 7.391508875739644964e+02
6.118407423392317241e+02 7.397893828226154938e+02
6.113429556225764827e+02 7.404144765187419353e+02
6.113692838654012576e+02 7.408075927523727842e+02
6.117741935483870748e+02 7.408217088055797603e+02
6.122821505376343794e+02 7.410873118279570235e+02
6.126048317515098915e+02 7.411561691113028019e+02
6.123722316865416815e+02 7.414267461669505792e+02
6.120389937106917841e+02 7.416817610062893209e+02
6.118036681950812863e+02 7.414989578991246617e+02
6.119628221377271302e+02 7.409374735952682158e+02
6.123603678929765692e+02 7.404055183946488796e+02
6.120745522698875902e+02 7.395576842982090966e+02
6.114200417536534360e+02 7.395039665970772376e+02
6.099795321637426468e+02 7.397577276524644958e+02
6.087039059218815282e+02 7.396606467870642518e+02
6.085852008456660087e+02 7.395657505285412299e+02
6.076652173913043953e+02 7.401778260869565429e+02
6.077096212451023121e+02 7.406508489333913303e+02
6.081550387596898872e+02 7.410150732127476658e+02
6.086504854368931774e+02 7.405750220653133056e+02
6.087072853425845551e+02 7.408356461405030586e+02
6.091964670400689101e+02 7.406290392072382929e+02
6.087038461538461434e+02 7.405034188034187537e+02
6.086622881355932577e+02 7.398478813559322589e+02
6.088439597315435776e+02 7.397260906040268083e+02
6.099738589211618773e+02 7.393676348547718362e+02
6.099885010266940526e+02 7.390993839835729204e+02
6.096331262939958151e+02 7.386455486542442941e+02
6.085507541785568719e+02 7.386212800652263013e+02
6.067155812036273801e+02 7.383705688375927139e+02
6.045128097438051782e+02 7.381003779924401442e+02
6.025091528309918658e+02 7.381643252447850045e+02
6.014026248941574977e+02 7.390702794242167784e+02
6.013876689189189619e+02 7.396744087837837469e+02
6.023883909517712709e+02 7.399163465642338906e+02
6.037053726169843912e+02 7.396841421143847128e+02
6.053742249778565565e+02 7.392710363153232720e+02
6.068115251299826696e+02 7.394844020797227131e+02
6.076330472103004467e+02 7.393682403433476793e+02
6.087064026958719296e+02 7.397354675652906053e+02
6.106652433817250767e+02 7.390021349274124987e+02
6.116942701798410553e+02 7.389594312003346204e+02
6.124335839598996927e+02 7.383588137009189722e+02
6.131285594639865622e+02 7.381457286432161027e+02
6.129474789915966539e+02 7.377970588235293690e+02
6.121968372867248718e+02 7.379142738243862141e+02
6.101781512605042508e+02 7.378567226890755819e+02
6.083716216216216708e+02 7.383652871621621898e+02
6.069026774330641274e+02 7.390267743306417287e+02
6.056791013141161102e+02 7.397753285290377789e+02
6.050844463593278988e+02 7.399379577768203262e+02
6.048568357695614850e+02 7.408963886500430363e+02
6.040819097678493108e+02 7.406320630749014526e+02
6.043434650455926658e+02 7.410208423795049839e+02
6.056174323744096455e+02 7.411442679261485864e+02
6.074473118279570372e+02 7.411991397849462828e+02
6.095491304347825690e+02 7.405056521739130631e+02
6.114903392013740131e+02 7.402206955775010329e+02
6.133173198482933230e+02 7.399249894648124837e+02
6.148929612661390820e+02 7.392644731361932600e+02
6.155976578837306761e+02 7.386286072772898024e+02
6.158689938398357526e+02 7.383712525667351656e+02
6.160099833610648830e+02 7.378178036605656871e+02
6.160255144032921635e+02 7.380954732510288068e+02
6.160821114369501856e+02 7.381675743611227745e+02
6.157833262801523233e+02 7.389572577232331696e+02
6.157193791946308465e+02 7.398020134228188454e+02
6.153698399326032131e+02 7.402847514743049260e+02
6.146602023608769514e+02 7.408794266441821037e+02
6.138912006935413501e+02 7.405565669700910121e+02
6.139650862068965580e+02 7.409974137931034193e+02
6.152452749140893502e+02 7.409682130584192237e+02
6.164545454545454959e+02 7.409491598448944387e+02
6.194268292682926358e+02 7.404085365853658232e+02
6.217994869602393919e+02 7.407635741769987590e+02
6.238472340425531684e+02 7.400110638297871901e+02
6.252900923593618927e+02 7.399458438287153967e+02
6.265074626865671235e+02 7.392780383795309262e+02
6.273225535489290223e+02 7.389731205375892387e+02
6.282149851000425542e+02 7.381000425713069717e+02
6.285603926589842558e+02 7.377814767392231943e+02
6.287326607818411048e+02 7.381731820092476255e+02
6.288640033999149637e+02 7.385282617934551581e+02
6.286499571550984911e+02 7.390081405312768084e+02
6.279599659284497193e+02 7.394169505962521498e+02
6.265745422842196604e+02 7.394638186573670282e+02
6.264374456993917875e+02 7.395525629887055175e+02
6.266875000000000000e+02 7.401316021126760916e+02
6.281182266009851674e+02 7.399480519480518979e+02
6.296940200785683146e+02 7.407551287647315803e+02
6.308703382480485971e+02 7.407515177797050683e+02
6.318098501070663815e+02 7.409927194860813415e+02
6.317984628522630146e+02 7.405798462852262674e+02
6.316487499999999500e+02 7.406162500000000364e+02
6.311319148936170222e+02 7.391846808510638311e+02
6.304178662150719674e+02 7.388031329381880141e+02
6.300740580337808296e+02 7.380913815504547983e+02
6.286683544303797362e+02 7.385763713080168600e+02
6.278864592094196269e+02 7.386774600504626278e+02
6.269674049310489181e+02 7.388775595486836210e+02
6.256048454469506623e+02 7.390455304928989335e+02
6.240554844216816264e+02 7.384993597951344100e+02
6.232745270567531861e+02 7.381491421029476214e+02
6.232063423110338363e+02 7.386081668114683225e+02
6.239398168338420874e+02 7.388142171827300899e+02
