6.203073630136985912e+02 7.371579623287670984e+02
6.192947903430749648e+02 7.376188055908513661e+02
6.178949849978567954e+02 7.377573939134161947e+02
6.161924999999999955e+02 7.385845833333332848e+02
6.155318336162988544e+02 7.388646010186756712e+02
6.154894603709949479e+02 7.392036256323777934e+02
6.156410472972972912e+02 7.392478885135135442e+02
6.155131244707874885e+02 7.391092294665537565e+02
6.156668076109936010e+02 7.392735729386891990e+02
6.158133164770332542e+02 7.394260429835651394e+02
6.163830334190231497e+02 7.392266495287060479e+02
6.174090714591355891e+02 7.390949935815148137e+02
6.190192389910217798e+02 7.390004275331338022e+02
6.200287483414418830e+02 7.380429013710747768e+02
6.199692239072256825e+02 7.380771632471007706e+02
6.185129442738043508e+02 7.382961825362000354e+02
6.171460043196544802e+02 7.385477321814254310e+02
6.171762208067940492e+02 7.389673036093417977e+02
6.175877829987184668e+02 7.388013669372063532e+02
6.189013906447535192e+02 7.390825958702065464e+02
6.201073422069557637e+02 7.388870759982825120e+02
6.207381355932203633e+02 7.394377118644067650e+02
6.207714528462191765e+02 7.391499575191163558e+02
6.204863364645601678e+02 7.390691716481640015e+02
6.207883710987601944e+02 7.392539546814878122e+02
6.214541984732824176e+02 7.392391857506361248e+02
6.224332052923601850e+02 7.389624413145539847e+02
6.224039282664389248e+02 7.392036720751494840e+02
6.217044500419815449e+02 7.401700251889168385e+02
6.201232876712329016e+02 7.405783390410958873e+02
6.184831843337590271e+02 7.410315027671349526e+02
6.173034482758620243e+02 7.410870689655172328e+02
6.173606911447084258e+02 7.408678185745139899e+02
6.179656073138876309e+02 7.404915106660862421e+02
6.186894301870378285e+02 7.403192692474989371e+02
6.187388345384943023e+02 7.405869842620161307e+02
6.186679340937896541e+02 7.403464300802703519e+02
6.183614609571787923e+02 7.402246011754828032e+02
6.182575630252100609e+02 7.404865546218487680e+02
6.189046218487394526e+02 7.402836134453781369e+02
6.202070879590094137e+02 7.400602049530316435e+02
6.206005843071786785e+02 7.404887312186978079e+02
6.201448733914487548e+02 7.407911996679119966e+02
6.187107263513513544e+02 7.407871621621621898e+02
6.173725321888412054e+02 7.407515021459227000e+02
6.176173688736027998e+02 7.407355975924333507e+02
6.188934707903780463e+02 7.407873711340206455e+02
6.197403267411865500e+02 7.406831470335339418e+02
6.194210298572046440e+02 7.408680225010817821e+02
6.183491789109766614e+02 7.405484010371650356e+02
6.169416376306620577e+02 7.405849303135888704e+02
6.161840542832909478e+02 7.412777777777778283e+02
6.158304366256888898e+02 7.414196693514201115e+02
6.149264013692768458e+02 7.413675652545998673e+02
6.148882729211087508e+02 7.415138592750532780e+02
6.149492600422832993e+02 7.414181818181817789e+02
6.149607925801011561e+02 7.414456155143338947e+02
6.147503131524008495e+02 7.415620041753653595e+02
6.149831223628691532e+02 7.410535864978902509e+02
6.157314814814815236e+02 7.405854377104377591e+02
6.175106828655216304e+02 7.399987431922916130e+02
6.191718487394957720e+02 7.399134453781512093e+02
6.195423011844331995e+02 7.393578680203045224e+02
6.190817267393126713e+02 7.397904442581726698e+02
6.181743237440962275e+02 7.391902103907256105e+02
6.177164750957854267e+02 7.392754363558960904e+02
6.170844594594594810e+02 7.392605574324323925e+02
6.166221178479931950e+02 7.391174210076857207e+02
6.151216908625107180e+02 7.393923996584115912e+02
6.130222412318220222e+02 7.395975192472197932e+02
6.113909677419354693e+02 7.399238709677418910e+02
6.107975742367210614e+02 7.401258887494772125e+02
6.118136363636364194e+02 7.400549586776859314e+02
6.134026567040265263e+02 7.399045246990452824e+02
6.153786810452094187e+02 7.394471173786810141e+02
6.156104699093157251e+02 7.395222588623248612e+02
6.150393374741200887e+02 7.392997929606625576e+02
6.141214137214137736e+02 7.395205821205821621e+02
6.142216054654141999e+02 7.389901793339026881e+02
6.148929188255613099e+02 7.385686528497409427e+02
6.166454269614217765e+02 7.385240572171651365e+02
6.177012483857081406e+02 7.383090830822212638e+02
6.179709401709401391e+02 7.377944444444444798e+02
6.182950537634408192e+02 7.377354838709677551e+02
6.181096064325010957e+02 7.377105374523910086e+02
6.179666381522669099e+02 7.374516680923866261e+02
6.184723768736616876e+02 7.371725910064239997e+02
6.192940163581575916e+02 7.370697374085234514e+02
6.199078719723183895e+02 7.369420415224913086e+02
6.196979522184300322e+02 7.369394197952218519e+02
6.182897115798535879e+02 7.371980198019801946e+02
6.168233532934132199e+02 7.376659538066724053e+02
6.151705069124424199e+02 7.383317972350230320e+02
6.153379864636209504e+02 7.382060067681894679e+02
6.160955008488964495e+02 7.382932937181664101e+02
6.170568965517240940e+02 7.380215517241379075e+02
6.172334038054967777e+02 7.384765327695560018e+02
6.167879692832764249e+02 7.383472696245734141e+02
6.159485199485199018e+02 7.381887601887601704e+02
6.157466493731085393e+02 7.381547773454387880e+02
6.163251612903226260e+02 7.380249462365591171e+02
6.176321129245699240e+02 7.372227613586237567e+02
6.189233766233766119e+02 7.370935064935065384e+02
6.188129060199220248e+02 7.371979211779990919e+02
6.177507456327226691e+02 7.376812952705581665e+02
6.167314067148321328e+02 7.375546111347216538e+02
6.182518358531317517e+02 7.376431965442764067e+02
