6.175303418803418936e+02 7.391927350427350802e+02
6.173922066920796397e+02 7.400563320626853283e+02
6.178781512605041826e+02 7.410525210084033461e+02
6.179336970205623629e+02 7.411695342005874636e+02
6.178940481215703358e+02 7.408180666948079534e+02
6.183167305236270295e+02 7.402252022137079166e+02
6.188450881612091052e+02 7.398140218303946085e+02
6.189528261793454931e+02 7.394462388440289260e+02
6.188201103097156874e+02 7.395282138311413291e+02
6.185317460317460245e+02 7.398930659983291207e+02
6.188537616229923515e+02 7.398698224852071235e+02
6.187390029325513296e+02 7.406635944700460641e+02
6.188475991649269190e+02 7.408810020876826457e+02
6.188139245752175839e+02 7.410891007045172501e+02
6.179178139340842790e+02 7.409808093450145634e+02
6.173496474491912522e+02 7.406424720033181757e+02
6.180413327709827627e+02 7.396642766765078250e+02
6.186619718309858627e+02 7.391638924455826327e+02
6.188154506437767850e+02 7.390433476394849777e+02
6.184790677600345816e+02 7.383815278377211371e+02
6.180919790758500767e+02 7.385597210113338633e+02
6.177862429255550296e+02 7.389320853286895954e+02
6.171235521235521446e+02 7.398129558129558063e+02
6.164660691421254342e+02 7.405258215962441000e+02
6.158676407391491239e+02 7.407112161581435430e+02
6.155638615976079109e+02 7.408692866296454440e+02
6.153237774030353648e+02 7.406960370994941059e+02
6.154024127531235990e+02 7.405118483412322803e+02
6.155083655083655003e+02 7.402179322179322298e+02
6.164239454622922949e+02 7.405091606305921914e+02
6.165770547945205635e+02 7.408339041095890707e+02
6.159357917570498557e+02 7.407748373101952666e+02
6.155263383297644850e+02 7.415250535331905439e+02
6.149978849407783628e+02 7.414526226734348029e+02
6.162733389402859530e+02 7.413557611438183130e+02
6.171945945945946050e+02 7.412873180873181127e+02
6.179037656903765310e+02 7.402112970711297066e+02
6.181688257417467867e+02 7.402937735060593241e+02
6.181069473684210607e+02 7.402168421052631402e+02
6.174463017133305129e+02 7.406794818219807439e+02
6.168444444444444343e+02 7.403594017094017090e+02
6.162595652173913550e+02 7.406382608695652152e+02
6.155028297779712148e+02 7.408589464518937575e+02
6.153711604095562961e+02 7.407145904436860064e+02
6.152570824524312911e+02 7.400126849894292036e+02
6.158596863077575563e+02 7.392992793556592233e+02
6.160468085106382432e+02 7.385221276595744939e+02
6.162728813559322134e+02 7.387792372881356187e+02
6.164066924066924003e+02 7.389352209352209684e+02
6.161696891191710392e+02 7.394296200345422676e+02
6.157956427015250256e+02 7.406915032679738715e+02
6.147060333761232869e+02 7.413915275994864942e+02
6.145390893470790843e+02 7.413896048109966159e+02
6.153797953964194676e+02 7.415950554134697086e+02
6.159858429858429645e+02 7.408481338481338980e+02
6.175942464577071860e+02 7.402133963074280700e+02
6.189661089661090045e+02 7.393470613470612989e+02
6.200261353898886227e+02 7.393637532133676586e+02
6.204894067796610670e+02 7.396775423728813621e+02
6.201508003369840480e+02 7.400994102780117601e+02
6.201364605543709558e+02 7.406012793176972764e+02
6.197942543303760203e+02 7.408495986480777447e+02
6.195484282073067561e+02 7.404252336448597589e+02
6.190739000427167866e+02 7.405207176420333326e+02
6.192324093816631603e+02 7.399134328358209132e+02
6.195000000000000000e+02 7.395173141891891646e+02
6.197890422778257289e+02 7.384779982743744995e+02
6.198246505717916079e+02 7.380135535789919459e+02
6.195370370370370665e+02 7.381191077441077368e+02
6.191034775233248411e+02 7.380110262934690581e+02
6.181841109709962439e+02 7.385569567044976793e+02
6.183202391118702508e+02 7.387826643894107974e+02
6.187380439465747486e+02 7.393507109004739277e+02
6.187617801047119883e+02 7.393001745200698451e+02
6.181538128249566171e+02 7.394917677642980607e+02
6.177191989551589586e+02 7.389851980844580339e+02
6.178924216027874081e+02 7.386293554006969089e+02
6.177277375372816550e+02 7.385811674478056830e+02
6.183316084519188962e+02 7.386830530401034594e+02
6.188480744815911976e+02 7.391988997037664149e+02
6.189262536873155796e+02 7.398398651495996319e+02
6.191265392781316450e+02 7.400309978768577821e+02
6.196983857264231119e+02 7.402807986406116925e+02
6.201573129251701175e+02 7.400629251700680697e+02
6.204720235591081519e+02 7.403689524610854278e+02
6.202258744205646508e+02 7.396278971765697179e+02
6.203272495755518321e+02 7.390666383701188806e+02
6.202214736842105367e+02 7.385082105263157928e+02
6.198142676234698456e+02 7.385373575348247641e+02
6.193609693877550626e+02 7.388958333333333712e+02
6.190782122905028473e+02 7.389419853889127126e+02
6.190758474576271055e+02 7.395572033898305335e+02
6.194465811965811781e+02 7.395499999999999545e+02
6.187719148936170086e+02 7.391923404255319383e+02
6.183640238704177818e+02 7.387864450127876808e+02
6.179741713301765458e+02 7.376117089969866356e+02
6.175127210004312701e+02 7.371444588184562008e+02
6.169058874086806554e+02 7.373038246669531190e+02
6.159584415584415638e+02 7.376385281385281587e+02
6.158266146510619592e+02 7.390008669267447203e+02
6.159452401010952372e+02 7.400703454085930844e+02
6.163872611464968259e+02 7.403282377919321107e+02
6.163491525423728490e+02 7.402262711864407265e+02
6.167106054100472647e+02 7.396672391584370416e+02
6.170331514897188754e+02 7.395862358371799701e+02
6.178017602682313054e+02 7.391043587594300561e+02
6.180012706480305269e+02 7.388797119864464094e+02
6.175383969785983709e+02 7.393684431389006022e+02
6.174974853310981189e+02 7.396211232187762334e+02
6.176163865546218403e+02 7.400298319327731633e+02
6.176553030303030027e+02 7.404667508417508088e+02
6.177061068702290640e+02 7.403647158608990821e+02
6.175507368421052661e+02 7.405612631578947003e+02
6.168609132802681643e+02 7.404453288646836882e+02
6.177892281594571386e+02 7.399075487701442171e+02
6.187538071065989698e+02 7.395926395939086433e+02
6.194340588988476384e+02 7.390699957319675377e+02
6.188967741935483673e+02 7.386894623655914529e+02
