6.206771855010661056e+02 7.398891257995735486e+02
6.208962304108429180e+02 7.398936891147818642e+02
6.210119352088661344e+02 7.397020460358056653e+02
6.208299785867237688e+02 7.395610278372590756e+02
6.205957446808511122e+02 7.396289361702127962e+02
6.201672398968186144e+02 7.398250214961307165e+02
6.193546284224249803e+02 7.396023468057366017e+02
6.187046035805626616e+02 7.401176470588235361e+02
6.183309044149164038e+02 7.398306900985854782e+02
6.182039612305098899e+02 7.401314791403286790e+02
6.187024162780838878e+02 7.397359050445103321e+02
6.183929180887372468e+02 7.397086177474402575e+02
6.172324210526315937e+02 7.397103157894737251e+02
6.165387515710095840e+02 7.399987431922916130e+02
6.159494477485131938e+02 7.397778249787595541e+02
6.151156779661016571e+02 7.400669491525424064e+02
6.147686536056689874e+02 7.405485619007920377e+02
6.148063439065108469e+02 7.403785475792988109e+02
6.149874371859295934e+02 7.403530150753769021e+02
6.158193629505448143e+02 7.401680637049455527e+02
6.165204382638011111e+02 7.396144121365359752e+02
6.171513877207737551e+02 7.398204373423044444e+02
6.175247899159663802e+02 7.398735294117647072e+02
6.168622881355931895e+02 7.398127118644067650e+02
6.168917089678510592e+02 7.396827411167512309e+02
6.177851662404092394e+02 7.400255754475703043e+02
6.184588634435962149e+02 7.400585241730279904e+02
6.192223655913978746e+02 7.396670967741935101e+02
6.199646507666099069e+02 7.399186541737649350e+02
6.202610732538330467e+02 7.395647359454854950e+02
6.204497242257106109e+02 7.396308867204072612e+02
6.205033898305084676e+02 7.394436440677966402e+02
6.200021349274124987e+02 7.392924850555081093e+02
6.194418112568768038e+02 7.396762589928057423e+02
6.180081545064377906e+02 7.396914163090128795e+02
