6.130240594925634241e+02 7.400979877515310363e+02
6.137051724137930933e+02 7.403288793103448597e+02
6.144492070295756321e+02 7.400107158165452574e+02
6.147383419689118682e+02 7.402417962003454477e+02
6.150835846617836751e+02 7.403227057302887033e+02
6.161117318435753987e+02 7.399449935539321359e+02
6.169337606837607382e+02 7.402957264957265124e+02
6.175543103448276270e+02 7.406262931034482335e+02
6.179921363040629103e+02 7.405740498034075472e+02
6.182832691484809402e+02 7.405652545999143967e+02
6.193353500432151577e+02 7.403331892826274725e+02
6.200751648351648555e+02 7.401371428571428623e+02
6.210753724802804072e+02 7.400219106047327386e+02
6.217753591641271669e+02 7.402629516760993056e+02
6.225155440414507666e+02 7.401338514680483058e+02
6.221502613240418214e+02 7.399381533101045534e+02
6.221088674275680432e+02 7.398160667251975156e+02
6.221093275488069594e+02 7.403691973969631590e+02
6.229045785194693963e+02 7.403384681215233059e+02
6.229315946985891514e+02 7.405472424112869021e+02
6.230000000000000000e+02 7.406970085470085223e+02
6.229610169491525085e+02 7.407970338983051306e+02
6.226390058972199313e+02 7.405366470092670852e+02
6.229580508474575709e+02 7.404677966101694437e+02
6.232696534234995625e+02 7.401724429416736939e+02
6.234269949066214167e+02 7.401994906621391692e+02
6.234249146757679227e+02 7.403801194539248627e+02
6.227853513971210759e+02 7.403226079593564464e+02
6.225515463917525949e+02 7.403702749140893502e+02
6.225002132196161710e+02 7.407202558635394780e+02
6.226420068027210846e+02 7.406547619047619264e+02
6.228369932432432279e+02 7.404869087837837469e+02
6.222991925201870345e+02 7.404819379515512310e+02
6.217032871972318162e+02 7.397720588235293917e+02
6.209300937766411153e+02 7.396099744245524334e+02
6.205253796095444159e+02 7.398073752711496809e+02
6.198182978723403949e+02 7.398782978723404540e+02
6.194753191489361370e+02 7.398931914893616977e+02
6.189424307036247228e+02 7.403889125799573776e+02
6.174174174174173686e+02 7.402166452166452473e+02
6.164553648068668963e+02 7.400635193133047096e+02
6.159897304236200171e+02 7.402225074882327363e+02
6.158331918505941758e+02 7.401184210526315610e+02
6.156084566596194918e+02 7.398866807610993419e+02
6.152735042735042725e+02 7.397081196581196991e+02
6.146193903471634030e+02 7.400169348010160775e+02
6.141280746395250389e+02 7.399592875318065808e+02
6.140386576040781392e+02 7.397425658453695405e+02
6.141291291291291827e+02 7.397945087945088289e+02
6.142471092077088315e+02 7.399905781584582201e+02
6.138973271107339542e+02 7.401086126431904404e+02
6.136119592875318176e+02 7.400890585241730832e+02
6.136457361052184751e+02 7.399062367416206598e+02
6.141311682834246994e+02 7.397625474483340895e+02
6.148032576082297282e+02 7.395700814402057404e+02
6.145927659574467725e+02 7.394761702127659646e+02
6.141167883211678600e+02 7.395607556891369541e+02
6.139939888364104945e+02 7.398097896092743895e+02
6.139768140832975405e+02 7.399205667668527440e+02
6.142271944922547391e+02 7.400051635111875612e+02
6.149378435517970729e+02 7.403543340380549580e+02
6.154638047138047341e+02 7.401489898989899530e+02
6.156939546599496680e+02 7.399995801847187522e+02
6.161678800856531097e+02 7.398008565310492486e+02
6.165270727580372068e+02 7.395951776649745852e+02
6.172618644067796367e+02 7.397542372881356414e+02
6.177851063829787108e+02 7.399570212765956967e+02
6.180093856655290665e+02 7.400584470989761030e+02
6.183753728163612777e+02 7.398645078824030179e+02
6.190448717948718240e+02 7.401705128205128403e+02
6.201554982817868904e+02 7.396267182130584388e+02
