6.196109395677106022e+02 7.384428760476400839e+02
6.175852575488454477e+02 7.386145648312610774e+02
6.165547219770520542e+02 7.388195057369814549e+02
6.155636204634893147e+02 7.390498469610844268e+02
6.147924281984334129e+02 7.395953002610965541e+02
6.139678260869565065e+02 7.400882608695652607e+02
6.138734782608695468e+02 7.405726086956522067e+02
6.140637467476149141e+02 7.410013009540330131e+02
6.148800346470333125e+02 7.409012559549588559e+02
6.152445604873803404e+02 7.406775456919060616e+02
6.163337623337623654e+02 7.411265551265551039e+02
6.176591107236268954e+02 7.404389712292937702e+02
6.183849171752397069e+02 7.407393199651264695e+02
6.193282141290039817e+02 7.406103554190434579e+02
6.203572695035461493e+02 7.401679964539007415e+02
6.218791739894552393e+02 7.403053602811951350e+02
6.232595019659239597e+02 7.393591087811271336e+02
6.246974425661031773e+02 7.398526224534026596e+02
6.258319364799293680e+02 7.390701367445964252e+02
6.271246696035242394e+02 7.390101321585902951e+02
6.274351245085190385e+02 7.389183049366536125e+02
6.263225233229675268e+02 7.385730786317192269e+02
6.246945921985815176e+02 7.381848404255318883e+02
6.233626226583407970e+02 7.379834968777877293e+02
6.221992898357744934e+02 7.381318242343542124e+02
6.203108945969885326e+02 7.382090345438441545e+02
6.186080070391552681e+02 7.382604487461504732e+02
6.171756161971831034e+02 7.383921654929577016e+02
6.157835006547359171e+02 7.388515931907463710e+02
6.153544631306597239e+02 7.396235446313065722e+02
6.133665373005605943e+02 7.401405778352738025e+02
