6.134354838709676869e+02 7.390937227550131183e+02
6.164520367936925140e+02 7.399671484888305031e+02
6.185788787483702436e+02 7.405215123859192090e+02
6.209442493415276658e+02 7.404060579455663174e+02
6.224709733740725142e+02 7.403736359668266687e+02
6.239644867908185688e+02 7.406071892594196697e+02
6.243625756266205826e+02 7.408504753673292953e+02
6.241482595616673734e+02 7.410068758057584546e+02
6.237756768371293674e+02 7.406420283626987384e+02
6.230421237384817914e+02 7.400131636682755243e+02
6.222235915492957474e+02 7.401800176056337932e+02
6.198051372896368321e+02 7.401257750221434435e+02
6.191588209414869652e+02 7.403132424109106751e+02
6.183354175971415998e+02 7.404631531933898714e+02
6.193810359964880945e+02 7.407712906057945474e+02
6.203111209179170373e+02 7.411165048543689409e+02
6.205054042369217768e+02 7.412753999135321692e+02
6.201856649395509749e+02 7.412577720207253833e+02
6.180668402777778283e+02 7.407591145833333712e+02
6.149552951388889142e+02 7.408993055555555429e+02
6.109143233743409382e+02 7.403106326889279671e+02
6.085445116681071340e+02 7.401231633535004448e+02
6.068794759825327674e+02 7.395117903930131433e+02
6.055990422289943353e+02 7.393073574227253175e+02
6.054834061135371712e+02 7.392694323144104374e+02
6.070008565310492941e+02 7.396907922912205322e+02
6.100869375273044852e+02 7.396369593709043784e+02
6.130165577342047527e+02 7.397799564270152359e+02
6.149699477351916812e+02 7.398989547038327146e+02
6.171675415573052987e+02 7.402847769028871880e+02
6.190559167750325287e+02 7.406237537928045640e+02
6.224893893460372283e+02 7.406686877436119403e+02
