6.289545060658579132e+02 7.428106585788561915e+02
6.230949312714776624e+02 7.401546391752577847e+02
6.165614859094790745e+02 7.368766011955593740e+02
6.100679146713104046e+02 7.335084893339137579e+02
6.040691716481640015e+02 7.307608881298035612e+02
5.998138343296327548e+02 7.280072587532023363e+02
5.970327044025157193e+02 7.264503144654088373e+02
5.957384036773923981e+02 7.255963226076055435e+02
5.977911205073995689e+02 7.253856236786468799e+02
6.007180597661325692e+02 7.259021221307925771e+02
6.047215958369471309e+02 7.277163920208153058e+02
6.107613488975356404e+02 7.308577604842196251e+02
6.169549978364344724e+02 7.340510601471224845e+02
6.245307855626326727e+02 7.374475583864118562e+02
6.332109409190371707e+02 7.413308533916848546e+02
6.402431838170624587e+02 7.446530343007915462e+02
6.475666814355339511e+02 7.470420912715994746e+02
6.532181577787571314e+02 7.493724107536360179e+02
6.557304116865869901e+02 7.506029216467463812e+02
6.554472972972972684e+02 7.508824324324324380e+02
6.525868995633187524e+02 7.509947598253274919e+02
6.478937664618085819e+02 7.508871817383669622e+02
6.401115140525838569e+02 7.488454215775158218e+02
6.310052793664759747e+02 7.471390233172019180e+02
6.227271523178808366e+02 7.455704194260486020e+02
6.132220750551875881e+02 7.427293598233995908e+02
6.035324276950043441e+02 7.398282208588957474e+02
5.951714912280701810e+02 7.378912280701754298e+02
5.881924223073648363e+02 7.355410813111963080e+02
5.827584317032039962e+02 7.325118043844856857e+02
5.797947543713571577e+02 7.317310574521231956e+02
5.785389096962130679e+02 7.309796088223054085e+02
5.804611853088480302e+02 7.304156928213689071e+02
5.846368597816961028e+02 7.309042821158690231e+02
5.911059574468084747e+02 7.318127659574467998e+02
6.001169230769230580e+02 7.333683516483516769e+02
6.088291083916084290e+02 7.357500000000000000e+02
6.186115169746454967e+02 7.387357112161581654e+02
6.297533215234720956e+02 7.407099202834366451e+02
6.389886309805779092e+02 7.423382283278067462e+02
6.496623722789871636e+02 7.455104398045313019e+02
6.597946428571428896e+02 7.474281250000000227e+02
6.657041499330656507e+02 7.482387327086122468e+02
6.671201429209468188e+02 7.481380080393032586e+02
6.639991146525011345e+02 7.475989375830013159e+02
6.587810810810810835e+02 7.463175675675676075e+02
6.493117298037425371e+02 7.436417161113646443e+02
6.405218945487041537e+02 7.420035746201965594e+02
6.293163444639718591e+02 7.394903339191564555e+02
6.162742358078602365e+02 7.363650655021833700e+02
6.068874725274724824e+02 7.334703296703296473e+02
5.968993981083405060e+02 7.318379191745485741e+02
5.852997811816192097e+02 7.293553610503282698e+02
5.778324675324674899e+02 7.286800865800865949e+02
5.720878552971576028e+02 7.281705426356588760e+02
5.682437153813378927e+02 7.292599062633148606e+02
5.672573749465583433e+02 7.297687045746044987e+02
5.687414529914530021e+02 7.320183760683760283e+02
5.728644214162349044e+02 7.341830742659758471e+02
5.786425806451612743e+02 7.371010752688172261e+02
5.856545131169408478e+02 7.387905735882613953e+02
5.965474006116207875e+02 7.420205329838357784e+02
6.056960431654675858e+02 7.436119604316546656e+02
6.151578243423986123e+02 7.455149353544360338e+02
6.241825181159420026e+02 7.470593297101448798e+02
6.305291777188328979e+02 7.482488947833775228e+02
6.354006999125109587e+02 7.491675415573052987e+02
6.386094858156028522e+02 7.496298758865248146e+02
6.399181698196216530e+02 7.487782666080070157e+02
6.383183437221726990e+02 7.473406055209261467e+02
6.339537925021795672e+02 7.456054925893635072e+02
6.292022327179047352e+02 7.431137827393731641e+02
6.235608714224690630e+02 7.404374199060230239e+02
6.155902353966870351e+02 7.369511769834350616e+02
6.087157622739017597e+02 7.338901808785529965e+02
6.017870994940977880e+02 7.317925801011804197e+02
5.957800338409475671e+02 7.287952622673434462e+02
5.929468537414966249e+02 7.268401360544218051e+02
5.923976160068114041e+02 7.260097914005959865e+02
5.959902002556455045e+02 7.256463570515551282e+02
5.996510438858116459e+02 7.268282914358755988e+02
6.043063258232235739e+02 7.283037261698440261e+02
6.108799828546934805e+02 7.315520788684098079e+02
6.183057600692940241e+02 7.349454309224772715e+02
6.253529411764706083e+02 7.378729068269643676e+02
6.393556338028168966e+02 7.448710387323943678e+02
