6.163666666666666742e+02 7.390900432900432406e+02
6.213363095238095184e+02 7.402568027210884338e+02
6.246441613588110613e+02 7.409617834394904321e+02
6.263109028960817568e+02 7.414024701873935328e+02
6.269019940602461247e+02 7.418137462876537711e+02
6.267092436974789962e+02 7.420869747899159847e+02
6.260498721227621672e+02 7.418670076726342586e+02
6.256078598889363320e+02 7.416189662537377671e+02
6.254008492569001874e+02 7.415571125265392993e+02
6.250500631047539173e+02 7.417358014303744085e+02
6.244937848264037257e+02 7.404354907843977571e+02
6.219589614740368688e+02 7.402893634840870618e+02
6.181016736401674052e+02 7.399309623430962120e+02
6.137932816537468170e+02 7.385456503014642067e+02
6.106660929432014200e+02 7.381148881239242883e+02
6.094194805194805440e+02 7.375809523809523398e+02
6.087777777777778283e+02 7.374177433247200497e+02
6.080885801128962385e+02 7.369448545375596495e+02
6.083730569948186258e+02 7.370146804835924286e+02
6.089110922946655364e+02 7.378628281117696588e+02
6.091022052586938571e+02 7.381552162849873184e+02
6.091271258503401214e+02 7.383405612244897611e+02
6.104936278674596224e+02 7.389859813084111693e+02
6.132012142237640546e+02 7.390355594102342138e+02
6.170296425457715941e+02 7.393356582388840934e+02
6.213487773487773893e+02 7.405697125697125784e+02
6.235342116447088756e+02 7.410305992350191673e+02
6.247877378435517812e+02 7.417729386892177672e+02
