6.884772937905468098e+02 7.621816496756256356e+02
6.825295992714025033e+02 7.615409836065573472e+02
6.726267985611510767e+02 7.594644784172661502e+02
6.628966124065111671e+02 7.582120545534536404e+02
6.515740492170021980e+02 7.557293064876957942e+02
6.396244988864142442e+02 7.531670378619153325e+02
6.310846325167037776e+02 7.511839643652560881e+02
6.238244485294117112e+02 7.489765625000000000e+02
6.182929247408742413e+02 7.464465975664713824e+02
6.145364208633093313e+02 7.443228417266186625e+02
6.098744374437443412e+02 7.417223222322231777e+02
6.038721033868092718e+02 7.383453654188948576e+02
5.976767317939609256e+02 7.350088809946713582e+02
5.884029982363315412e+02 7.313955026455026882e+02
5.781305518169582456e+02 7.271260655002242856e+02
5.689068934646373918e+02 7.244861235452103756e+02
5.582399647110719343e+02 7.217494486104984617e+02
5.482632724107919557e+02 7.202667536988685697e+02
5.433550821127386143e+02 7.188459831335995887e+02
5.420557222460352023e+02 7.190012858979854400e+02
5.454578313253011856e+02 7.183240103270223926e+02
5.521380952380952749e+02 7.183069264069264364e+02
5.617511737089201915e+02 7.192402902262057296e+02
5.845072137060415116e+02 7.210532010820559208e+02
5.936514756944444571e+02 7.234965277777778283e+02
6.000746136865342351e+02 7.261624724061809957e+02
6.047081881533100614e+02 7.287574041811847110e+02
6.084380664652568385e+02 7.309680621493309900e+02
6.131093817552961127e+02 7.343722438391698688e+02
6.179509846827133970e+02 7.362328227571116486e+02
6.240102783725909603e+02 7.390098501070664270e+02
6.331191507798960174e+02 7.418505199306758868e+02
6.410097560975609667e+02 7.443401330376940450e+02
6.500983245149911909e+02 7.475828924162257181e+02
6.620103324348607430e+02 7.514451931716082527e+02
6.709391860996798869e+02 7.547485139460447954e+02
6.795875628715134553e+02 7.577407407407407618e+02
6.851608876560333101e+02 7.599787332408691327e+02
6.868079561042524119e+02 7.617850937357110297e+02
6.845980751604032548e+02 7.617131072410631987e+02
6.770213830755232038e+02 7.604572338489535923e+02
6.695318769505126966e+02 7.600249665626392925e+02
6.589597878921784968e+02 7.587211665930180970e+02
6.468269742679680121e+02 7.562142857142856656e+02
6.375061946902654881e+02 7.544623893805310217e+02
6.288040689960195095e+02 7.523056169836355593e+02
6.193342342342342590e+02 7.481653153153152971e+02
