6.151411359724612566e+02 7.390000000000000000e+02
6.168046272493572815e+02 7.391169665809768503e+02
6.180874734607218670e+02 7.392972399150743286e+02
6.180272879932829255e+02 7.393513853904281632e+02
6.178115758343894868e+02 7.393172792564427027e+02
6.172879045996593277e+02 7.391358603066439628e+02
6.170729342327150562e+02 7.392972175379426290e+02
6.166925347954449990e+02 7.392395613665120209e+02
6.160377919320594629e+02 7.392292993630572937e+02
6.160073339085417956e+02 7.388067299396030876e+02
6.171379310344827900e+02 7.388090517241379303e+02
6.200555555555555429e+02 7.386406525573191857e+02
6.226692708333333712e+02 7.396141493055555429e+02
6.250056669572799137e+02 7.395065387968613777e+02
6.260504347826087042e+02 7.400404347826087132e+02
6.268038111736682367e+02 7.403521004763966857e+02
6.274579598804950820e+02 7.407511737089201915e+02
6.281335044929396645e+02 7.408934531450577197e+02
6.285916275096112713e+02 7.408803929944467654e+02
6.280073656845753476e+02 7.405255632582321823e+02
6.253010247651579903e+02 7.404163108454312123e+02
6.229559640872167847e+02 7.400649850363403175e+02
6.219492600422832993e+02 7.401805496828752666e+02
6.211817413355875033e+02 7.399492814877430646e+02
6.203670033670033490e+02 7.398737373737374128e+02
6.191409766454352166e+02 7.399244161358810743e+02
6.175021459227467631e+02 7.393231759656652002e+02
6.167429062768701442e+02 7.396564918314703618e+02
6.171613041613042014e+02 7.396816816816816527e+02
6.192145299145298623e+02 7.396132478632478069e+02
6.207561492790500779e+02 7.399855810008481285e+02
6.217807509710833074e+02 7.396141562365127129e+02
6.214662655779974330e+02 7.399737859905458208e+02
6.215975924333620242e+02 7.396711092003439489e+02
6.217840375586854407e+02 7.395885616730687389e+02
6.207673416630763086e+02 7.396010340370529548e+02
6.194982817869415612e+02 7.396365979381442912e+02
6.168697301854974739e+02 7.398920741989882117e+02
6.133838599487617103e+02 7.392356959863365091e+02
6.107317596566523434e+02 7.391493562231759142e+02
6.088148936170213119e+02 7.391608510638297957e+02
6.076260720411663669e+02 7.390497427101200856e+02
6.059753353526612045e+02 7.387607096495023598e+02
6.055557498906864566e+02 7.383314385658067067e+02
6.061915725456125301e+02 7.384943527367506704e+02
6.078656587473002446e+02 7.387334773218142345e+02
6.095008703220191819e+02 7.385391644908615945e+02
6.115308483290488084e+02 7.390659811482433952e+02
6.136381718154888176e+02 7.395827338129496411e+02
6.151467576791808369e+02 7.392657849829352017e+02
6.171557724957555138e+02 7.391455857385399213e+02
6.191109693877550626e+02 7.392835884353740994e+02
6.196793570219965659e+02 7.393620981387479105e+02
6.185056794278502821e+02 7.395620530079933133e+02
6.167536047497879963e+02 7.395330788804071744e+02
6.156440033783783292e+02 7.395274493243243796e+02
6.158341151385927787e+02 7.392204690831556491e+02
6.168556745182013401e+02 7.392608137044967407e+02
6.174085702163768019e+02 7.392028001697073023e+02
6.180063025210083651e+02 7.394873949579831560e+02
