6.173368465430016840e+02 7.403747892074198944e+02
6.184311300639658384e+02 7.400486140724946154e+02
6.200357903706859588e+02 7.402411589262889038e+02
6.201887515977844032e+02 7.402611844908393550e+02
6.198453961456102661e+02 7.398389721627409017e+02
6.199438444924405758e+02 7.397174946004320191e+02
6.204177433247200497e+02 7.397338501291989132e+02
6.208870899020025718e+02 7.399510012782275226e+02
6.216414078674948769e+02 7.403590062111801444e+02
6.215952677459526967e+02 7.403428808634288316e+02
6.205289915966386616e+02 7.402974789915966767e+02
6.192270967741935692e+02 7.395643010752688724e+02
6.179280205655527425e+02 7.397754927163667844e+02
6.172162969283276652e+02 7.398216723549487597e+02
6.173569587628866202e+02 7.395889175257732404e+02
6.183331902103907396e+02 7.396921425504508534e+02
6.189807280513919068e+02 7.394749464668094561e+02
6.179940119760478865e+02 7.395359281437125674e+02
6.164457883369329920e+02 7.392928725701943904e+02
6.151661016949152554e+02 7.398932203389830420e+02
6.158797629127857363e+02 7.400021168501269813e+02
6.166104060913705780e+02 7.400668358714043507e+02
6.171631084543125780e+02 7.399696840307429966e+02
6.161789069171647952e+02 7.399568744662681183e+02
6.150785653287788364e+02 7.397655849701110355e+02
6.147408821034774746e+02 7.397565733672604438e+02
6.160283748925193095e+02 7.393086844368013999e+02
6.174921376965576201e+02 7.396740331491712368e+02
6.180054829185997960e+02 7.400392239561366523e+02
6.165835086243163232e+02 7.401236853176272916e+02
6.153984179850125429e+02 7.403551207327227530e+02
6.154532769556025187e+02 7.402054968287526435e+02
6.163084429359355454e+02 7.400352142554094144e+02
6.174413165872672380e+02 7.398648765699437035e+02
6.184438250428815991e+02 7.400849056603773306e+02
6.204752770673486566e+02 7.398380221653878834e+02
