7.093099173553719083e+02 7.630964187327823538e+02
7.025521305530371592e+02 7.598476881233001450e+02
6.910060268891979831e+02 7.555289754288363611e+02
6.785834482758621107e+02 7.516758620689655572e+02
6.623456284153005527e+02 7.474744990892531860e+02
6.450863407948835402e+02 7.437935130196436830e+02
6.311460573476703075e+02 7.410080645161290249e+02
6.164475113122172161e+02 7.375443438914027183e+02
6.041156950672645962e+02 7.336488789237668016e+02
5.959066606252831662e+02 7.300570910738558723e+02
5.879797267518730450e+02 7.265861613045394733e+02
5.786873889875665782e+02 7.227575488454706374e+02
5.706558558558558616e+02 7.202563063063063282e+02
5.609702329594477987e+02 7.176410698878343055e+02
5.495868725868725733e+02 7.157129987129986830e+02
5.395568376068375755e+02 7.146576923076922867e+02
5.287837837837837469e+02 7.140025740025739651e+02
5.200936837643068884e+02 7.143976261127596672e+02
5.161907810499359357e+02 7.152859581732820971e+02
5.159952422145328228e+02 7.160830449826989934e+02
5.213906250000000000e+02 7.178203125000000000e+02
5.296316702819956390e+02 7.192221258134489972e+02
5.410217959895379636e+02 7.209202266782912147e+02
5.698128598848368256e+02 7.280163147792706013e+02
5.836824159766196090e+02 7.312420847540184923e+02
5.982253658536585590e+02 7.363053658536584862e+02
6.082290769966523385e+02 7.405920612147298243e+02
6.192116650987770754e+02 7.451039510818438885e+02
6.307352666043030922e+02 7.482006548175864964e+02
6.401024345429490268e+02 7.507340376665135864e+02
6.499320126069337675e+02 7.530301665916254024e+02
6.619435230838189455e+02 7.553038995965935101e+02
6.715321610365571132e+02 7.568917167977788267e+02
6.824407014305490975e+02 7.591739732348869438e+02
6.930084546735556614e+02 7.621968060122122779e+02
7.017110694183865007e+02 7.646716697936210494e+02
7.087447008949599194e+02 7.659345266132830830e+02
7.125638095238094820e+02 7.667599999999999909e+02
7.121289279112754684e+02 7.661053604436228852e+02
7.089041533546326264e+02 7.634801460520310457e+02
7.012029117379436229e+02 7.598589626933576255e+02
6.914536784741144402e+02 7.565781108083560866e+02
6.774710706150341366e+02 7.519485193621867438e+02
6.606677330895795421e+02 7.478889396709323591e+02
6.464183123877917296e+02 7.447998204667864002e+02
6.315735626980533652e+02 7.411806247170665074e+02
6.079356751824817593e+02 7.346496350364963064e+02
