6.159440170940171129e+02 7.397782051282051725e+02
6.154915325994919613e+02 7.401240474174428527e+02
6.143955669224211533e+02 7.400068201193521418e+02
6.140875850340136139e+02 7.397610544217686765e+02
6.142327659574467589e+02 7.397004255319149024e+02
6.144839124839124906e+02 7.394607464607464635e+02
6.152520430107526863e+02 7.394756989247312049e+02
6.158528156996586631e+02 7.394180887372014013e+02
6.154548551959113638e+02 7.396030664395229905e+02
6.139658747300215964e+02 7.392496760259178927e+02
6.133689655172413495e+02 7.394849137931034875e+02
6.143787107718405878e+02 7.397345207803223275e+02
6.158104184457728252e+02 7.395021349274124987e+02
6.157570815450643522e+02 7.393811158798283714e+02
6.154470438111442263e+02 7.394321565291365914e+02
6.147811030354852164e+02 7.395480974775545064e+02
6.155661512027490971e+02 7.393032646048110337e+02
6.168362774666092037e+02 7.392283498492029139e+02
6.181722780935723449e+02 7.392448622649759500e+02
6.182250423011844305e+02 7.396489001692046941e+02
6.181897872340425693e+02 7.394638297872340900e+02
6.177685223943072970e+02 7.397676852239430900e+02
6.181058472044387599e+02 7.395642338881775686e+02
6.185845369583687443e+02 7.395276125743415605e+02
6.185004233700253735e+02 7.395084674005080387e+02
6.190371002132195599e+02 7.393240938166311480e+02
6.200469769464984893e+02 7.387538060026098492e+02
6.200939274792485776e+02 7.386924421144605049e+02
6.203199647421771488e+02 7.387254297047156797e+02
6.213277459197176995e+02 7.384269960299956210e+02
6.222028423772609358e+02 7.387213608957795259e+02
6.222536543422183968e+02 7.388370593293207094e+02
6.222915590008612980e+02 7.386632213608958182e+02
6.220467734950194654e+02 7.380714595062797798e+02
6.214246515679442382e+02 7.381459059233449125e+02
6.213002599653380003e+02 7.382889948006932173e+02
6.218310285220397873e+02 7.385540190146931536e+02
6.216376936316695492e+02 7.387362306368330565e+02
6.206153846153846416e+02 7.388677614520311181e+02
6.206554142919771948e+02 7.387807978956598163e+02
6.213955321944808929e+02 7.390354796320631294e+02
6.210928540864356364e+02 7.394360290971330869e+02
6.208450520833333712e+02 7.390269097222221717e+02
6.205469018932874405e+02 7.387405335628227476e+02
6.207900862068966035e+02 7.382146551724138135e+02
6.211234782608695468e+02 7.378317391304348121e+02
6.207737382378101074e+02 7.380855431993156799e+02
6.202216472617507179e+02 7.382031047865459641e+02
6.189143985952589446e+02 7.382361720807725760e+02
6.176439003436425992e+02 7.386640893470790843e+02
6.166965904186447460e+02 7.388515321536469855e+02
6.162035283993114945e+02 7.388515490533562797e+02
6.160539490720759659e+02 7.388804488562797133e+02
6.167271937445699450e+02 7.384609035621199382e+02
6.176104471004869083e+02 7.380787959274015293e+02
6.177121930202498561e+02 7.378453252908228706e+02
6.171598973920479239e+02 7.378024796921761208e+02
6.161997411561691251e+02 7.377152717860224129e+02
6.153119621342513028e+02 7.379160929432014200e+02
6.143616838487972700e+02 7.381670962199312953e+02
6.139214255045084201e+02 7.382370115929583108e+02
6.140501930501930019e+02 7.384440154440154629e+02
6.144875322441960179e+02 7.385279449699054339e+02
6.141495287060839701e+02 7.386281062553556467e+02
6.132100000000000364e+02 7.384656521739130994e+02
6.129694097371822181e+02 7.385372684187850609e+02
6.131331615120275274e+02 7.386572164948453292e+02
6.136117546117545771e+02 7.387614757614757082e+02
6.146039434204886902e+02 7.389301328761251852e+02
6.153963466440102366e+02 7.389116397621070291e+02
6.146393926613243366e+02 7.391033319274567930e+02
6.131290046988466429e+02 7.391379752242631866e+02
6.130769892473118716e+02 7.391324731182795631e+02
6.162528589580686003e+02 7.398627700127065054e+02
