6.177020373514430958e+02 7.395513582342954351e+02
6.165126881720429992e+02 7.393750537634408602e+02
6.160914069081718480e+02 7.398053917438921872e+02
6.158475374732333876e+02 7.396338329764454329e+02
6.157050420168067149e+02 7.398949579831933079e+02
6.153153717627401420e+02 7.400476190476190368e+02
6.146348408710217655e+02 7.397541876046901734e+02
6.136351520199916649e+02 7.397355268638067400e+02
6.122078249894825603e+02 7.394101809002944492e+02
6.112566371681415376e+02 7.395971344289928311e+02
6.102410675850193229e+02 7.392557038312527311e+02
6.099497422680412910e+02 7.394123711340206455e+02
6.102132822477650507e+02 7.397769263516389628e+02
6.108458933107535813e+02 7.399665537679932186e+02
6.117921371810957680e+02 7.399820158929318268e+02
6.128821548821548504e+02 7.396170033670033490e+02
6.128784576697401008e+02 7.396244761106454462e+02
6.128445573909360746e+02 7.393960186361711067e+02
6.128427013422818845e+02 7.394572147651006162e+02
6.129015215553677081e+02 7.393338968723584230e+02
6.135834752981260181e+02 7.394680579216354772e+02
6.146715079026057538e+02 7.393161042289619900e+02
6.156883936080739659e+02 7.393835155592935280e+02
6.178226286686516460e+02 7.390744364100382882e+02
6.195746455379482995e+02 7.396455379482902117e+02
6.206532663316583012e+02 7.393672529313232644e+02
6.212775160599571791e+02 7.390458244111349586e+02
6.212768558951964906e+02 7.386943231441048283e+02
6.218057742782152673e+02 7.386045494313210611e+02
6.225259711916194192e+02 7.392915757311217249e+02
6.236920473773266167e+02 7.397098138747884377e+02
6.252458528285835655e+02 7.398073160357295137e+02
6.269390971039182432e+02 7.398564735945485609e+02
6.278043293718166069e+02 7.397784380305603236e+02
6.285253796095444159e+02 7.395123644251626729e+02
6.279840517241378848e+02 7.396560344827586277e+02
6.259785131070046873e+02 7.394911903738719730e+02
6.243143230300391906e+02 7.395881584675663589e+02
6.232634782608695332e+02 7.395021739130435208e+02
6.226325741297807781e+02 7.394937688010313650e+02
6.224934349851757815e+02 7.397229987293519571e+02
6.219901960784313815e+02 7.395106564364876931e+02
6.213553684210526171e+02 7.393427368421052961e+02
6.207662950257289367e+02 7.389939965694683224e+02
6.189606164383561691e+02 7.388497431506849580e+02
6.169917713295799331e+02 7.388934603724555927e+02
6.151214194100042505e+02 7.392171868319794612e+02
6.137886075949367068e+02 7.394371308016877720e+02
6.130051172707889009e+02 7.392149253731342924e+02
6.126968040370059043e+02 7.395361648444070397e+02
6.122387996618765555e+02 7.394623837700760305e+02
6.121360401841774319e+02 7.395998325659271586e+02
6.116731336988611929e+02 7.392834247153100478e+02
6.110072680632748643e+02 7.390350577169730286e+02
6.088834745762711691e+02 7.395885593220339160e+02
