6.344542387178405534e+02 7.360485027414592878e+02
6.288095648427402011e+02 7.364394657475226040e+02
6.226996029995589197e+02 7.366779885310983218e+02
6.171193232413179430e+02 7.374056099732858911e+02
6.121910408432147506e+02 7.383197189284145452e+02
6.072155765920825843e+02 7.389733218588639829e+02
6.038143459915611402e+02 7.400911392405063225e+02
6.007950231969632569e+02 7.416765078026148785e+02
5.976974015088013630e+02 7.425607711651299496e+02
5.944616026711184986e+02 7.433059265442403785e+02
5.927983298538622421e+02 7.441858037578288076e+02
5.917173465183353755e+02 7.452398022249691394e+02
5.909569536423840646e+02 7.455869205298013185e+02
5.897054880603267293e+02 7.459153749476330404e+02
5.874608695652174220e+02 7.466496894409938250e+02
5.854112311015119303e+02 7.458557235421166070e+02
5.852296296296295850e+02 7.457638344226579648e+02
5.873648767605633338e+02 7.458446302816901152e+02
5.907570815450643522e+02 7.454746781115879912e+02
5.933238054607508047e+02 7.452862627986347661e+02
5.958751619870409968e+02 7.446095032397407749e+02
5.996596858638743015e+02 7.442591623036648798e+02
6.038898847631242006e+02 7.434498506188647298e+02
6.100184873949580151e+02 7.431294117647058783e+02
6.231753871912934528e+02 7.415311845960652590e+02
6.273346023688662854e+02 7.400038071065989698e+02
6.297040068935802992e+02 7.389013356311934331e+02
6.329779929577464372e+02 7.379392605633802305e+02
6.358068132815868694e+02 7.372798620094868056e+02
6.387362831858407617e+02 7.355000000000000000e+02
6.404170363797693426e+02 7.352968056787932483e+02
6.419402515723270426e+02 7.341981132075471805e+02
6.427157751586581753e+02 7.338834995466908140e+02
6.436896092362344461e+02 7.335985790408525418e+02
6.446633491994807628e+02 7.335499783643443834e+02
6.462735768903993403e+02 7.339575191163976342e+02
6.472506318449873106e+02 7.341752316764954003e+02
6.465118543607112542e+02 7.340309060118543130e+02
6.443171768707483125e+02 7.340556972789115662e+02
6.417332474226803924e+02 7.344338487972509029e+02
6.372483516483516723e+02 7.347516483516483277e+02
6.318171052631579414e+02 7.357219298245613572e+02
6.262093846834882243e+02 7.362186808322265961e+02
6.208337707786527062e+02 7.370848643919509868e+02
6.153546537273930426e+02 7.377181296868108120e+02
6.108752834467120465e+02 7.377401360544217823e+02
6.068412629757785908e+02 7.390782871972318162e+02
6.029080360979802435e+02 7.405616673828964167e+02
5.969745515227367605e+02 7.427405089695453171e+02
