6.189365558912386405e+02 7.393094518774277049e+02
6.206926663840609990e+02 7.392560406952098901e+02
6.218612862547288387e+02 7.400365699873896119e+02
6.212000849617671747e+02 7.401074766355139900e+02
6.202099026661023800e+02 7.403279729157850397e+02
6.195021422450728323e+02 7.399237360754070778e+02
6.179948119325550806e+02 7.391526156506701000e+02
6.170004212299916162e+02 7.394144903117102103e+02
6.168646584641493291e+02 7.393148069579974617e+02
6.162519181585677188e+02 7.391248934356351583e+02
6.172591145833333712e+02 7.389214409722221717e+02
6.186966580976863952e+02 7.396336760925449880e+02
6.191060282171868039e+02 7.397109876015391592e+02
6.180052608505042144e+02 7.389184568171854153e+02
6.172820627802690296e+02 7.382847533632286741e+02
6.167783549783549688e+02 7.388757575757575751e+02
6.166997840172786027e+02 7.390241900647947659e+02
6.170624730719517856e+02 7.393825937096079315e+02
6.171248385708136084e+02 7.395535944898837215e+02
6.168129032258065081e+02 7.393049462365590898e+02
6.165229835212488751e+02 7.390043365134431497e+02
6.171227765726681582e+02 7.388290672451192904e+02
6.188274111675126505e+02 7.393219120135363482e+02
6.200120585701980644e+02 7.392377260981911604e+02
6.179174352217830801e+02 7.395327184892402101e+02
