6.077895637296834366e+02 7.399268605645851267e+02
6.085319779754341880e+02 7.399407030919102226e+02
6.084705882352941444e+02 7.399293271265340763e+02
6.074093988145639287e+02 7.399051651143098525e+02
6.057734277384423649e+02 7.400907955018742541e+02
6.049142738243862141e+02 7.401227632126508524e+02
6.049377104377103933e+02 7.397407407407407618e+02
6.064761904761904816e+02 7.392848639455781949e+02
6.087027363184079150e+02 7.397997512437810883e+02
6.113875638841567479e+02 7.392167802385008599e+02
6.138609958506224302e+02 7.399975103734440154e+02
6.150379426644182104e+02 7.395754637436762096e+02
6.146504813729593479e+02 7.396370866471327190e+02
6.142291754756871569e+02 7.394033826638477649e+02
6.151388769824260407e+02 7.386579511358766013e+02
6.160445014976465927e+02 7.386170303808301014e+02
6.179805950840880087e+02 7.390797757654161160e+02
6.203670494699646270e+02 7.384651060070671065e+02
6.223937845891869074e+02 7.396283524904214346e+02
6.252281763180639018e+02 7.394701815038894210e+02
6.266009409751924295e+02 7.396039349871684863e+02
6.266586102719032851e+02 7.395045317220543666e+02
6.257552328064929270e+02 7.396757795813755365e+02
6.251258474576271738e+02 7.400792372881355732e+02
6.241211993243243796e+02 7.401351351351351013e+02
6.242337552742616253e+02 7.402434599156117656e+02
6.255674300254453328e+02 7.401407972858354469e+02
6.258039130434782464e+02 7.396273913043478387e+02
6.258727039726612702e+02 7.399534387014097092e+02
6.249917046868519037e+02 7.404467026130236036e+02
6.228524312896405490e+02 7.400372093023255502e+02
6.202620545073375524e+02 7.399580712788259689e+02
6.186591792656587359e+02 7.396021598272137680e+02
6.164135306553911278e+02 7.398980972515855683e+02
6.159286017849553900e+02 7.394802379940501851e+02
6.164995784148397888e+02 7.396568296795952620e+02
6.165313028764805949e+02 7.396708967851100169e+02
6.154431389005454776e+02 7.400172052035250090e+02
6.131125687685146204e+02 7.395653829877275030e+02
6.101922264469792481e+02 7.396062526404731443e+02
6.078656276326873922e+02 7.400143218197135866e+02
6.064206810631229700e+02 7.404439368770764531e+02
6.048064381270902459e+02 7.408457357859531385e+02
6.050292001692763506e+02 7.407329665679221762e+02
6.058016701461377806e+02 7.409987473903967157e+02
6.066704786107582095e+02 7.406755612028800897e+02
6.074075648108797623e+02 7.410331491712706793e+02
6.069291139240506254e+02 7.411282700421941172e+02
6.058765957446807988e+02 7.403893617021276441e+02
6.048359081419624772e+02 7.402317327766179460e+02
6.049974874371858959e+02 7.400967336683416988e+02
6.071121930567315985e+02 7.395757832345469751e+02
6.096929530201342686e+02 7.397046979865772300e+02
6.138184486373165782e+02 7.396259958071278788e+02
