6.110240860215053544e+02 7.407772043010752441e+02
6.115273504273504841e+02 7.408786324786324258e+02
6.134723512030392385e+02 7.405517095821021485e+02
6.150413879598662561e+02 7.406153846153846416e+02
6.161303268514687943e+02 7.404112536201903367e+02
6.166226101413134302e+02 7.407493765586034442e+02
6.164785655399834923e+02 7.409468260511129074e+02
6.161033333333333530e+02 7.408237500000000182e+02
6.154409808811304856e+02 7.411167913549459172e+02
6.144897959183673493e+02 7.408265306122449374e+02
6.136659610499576729e+02 7.406375952582557147e+02
6.132944162436548368e+02 7.412914551607444764e+02
6.121672987779182904e+02 7.413131057732828140e+02
6.107636986301370143e+02 7.411678082191780277e+02
6.086117546117545771e+02 7.413479193479194009e+02
6.086303587051618251e+02 7.411412948381451997e+02
6.108856405846947837e+02 7.412304385210661621e+02
6.155908699397072041e+02 7.415495262704564539e+02
6.185454933788979588e+02 7.417744553609568356e+02
6.201583091587235685e+02 7.420435142975549070e+02
6.204091289782244303e+02 7.413944723618089938e+02
6.190977412731006098e+02 7.415392197125256644e+02
6.173805970149253426e+02 7.406082089552238585e+02
6.160250513347023116e+02 7.407022587268993448e+02
6.154289879216993313e+02 7.402207413577675652e+02
6.155826771653543119e+02 7.401798590965603353e+02
6.166903171953255196e+02 7.398388981636060180e+02
6.173197505197505279e+02 7.402619542619543154e+02
6.171300335570469997e+02 7.401233221476510380e+02
6.159139830508474915e+02 7.404368644067797050e+02
6.151004237288135528e+02 7.402088983050847446e+02
6.142494750104997365e+02 7.405233095338093108e+02
6.139066277615672789e+02 7.405735723218007251e+02
6.142998331943285848e+02 7.407606338615512414e+02
6.143793247186328017e+02 7.407707378074197777e+02
6.144127906976743816e+02 7.407799003322259068e+02
6.143628136569312801e+02 7.405713698066639381e+02
6.140016474464580369e+02 7.404827018121910669e+02
6.135084886128364587e+02 7.400923395445134929e+02
6.133759834368529482e+02 7.400111801242236425e+02
6.132764900662251648e+02 7.395165562913907706e+02
6.135249795249794715e+02 7.393812448812449247e+02
6.134881439084218755e+02 7.392596075224856804e+02
6.135482420278004838e+02 7.392064595257563724e+02
6.134717990942774577e+02 7.391375051461507155e+02
6.127241666666666333e+02 7.389495833333332939e+02
6.116938428874734655e+02 7.391418259023354267e+02
6.107031578947368189e+02 7.393587368421052588e+02
6.101797988264878541e+02 7.394375523889355009e+02
6.101103097157402999e+02 7.392176495545184025e+02
6.106946436102909956e+02 7.394588781105019279e+02
6.115865014950875320e+02 7.391221700128149905e+02
6.114982964224872148e+02 7.390127768313458319e+02
6.111456392887383799e+02 7.391655376799322994e+02
6.108029598308668255e+02 7.391906976744186295e+02
6.108074324324323925e+02 7.391756756756756204e+02
6.115721434528774125e+02 7.394658048373644306e+02
6.128438800999167597e+02 7.391673605328892336e+02
6.142338308457711946e+02 7.390605306799336631e+02
6.151967821782178589e+02 7.389504950495049798e+02
6.156464563703400472e+02 7.391294551413354839e+02
6.152401981015270849e+02 7.393635988444077611e+02
6.138220160269928556e+02 7.390670603121045588e+02
6.125018915510719353e+02 7.395060949978982308e+02
6.127865646258503602e+02 7.395306122448979522e+02
6.134809644670050375e+02 7.399987309644669722e+02
6.137031905961376879e+02 7.406717044500419433e+02
6.137474704890387329e+02 7.410042158516019981e+02
6.136932880203908098e+02 7.411907391673746588e+02
6.149520547945205635e+02 7.410102739726027039e+02
6.176560207164436633e+02 7.408368580060423483e+02
6.218488017429193633e+02 7.408061002178649233e+02
6.256012793176972764e+02 7.407816631130064025e+02
6.289480519480518979e+02 7.404164502164502437e+02
6.306477033291192811e+02 7.406026127265065497e+02
6.303861924686192424e+02 7.405075313807531074e+02
6.283126050420167985e+02 7.401218487394958174e+02
6.256715298040850257e+02 7.403130471029595583e+02
6.245724576271186379e+02 7.403139830508474688e+02
6.247339019189765850e+02 7.399876332622601467e+02
6.258380753138075079e+02 7.405874476987447679e+02
6.274011130136985912e+02 7.407688356164383094e+02
6.280477430555555429e+02 7.412482638888889142e+02
6.278943412908930668e+02 7.415486295313882010e+02
6.273003442340791480e+02 7.429255593803786724e+02
6.261327854671279738e+02 7.429952422145328228e+02
6.258432998690527711e+02 7.430689655172413950e+02
6.262175423360833975e+02 7.430920538428136979e+02
6.270666380051591204e+02 7.425941530524505652e+02
6.281051511281395960e+02 7.421072796934865892e+02
6.289650468883205576e+02 7.413840579710144993e+02
6.292139812446717997e+02 7.412374254049445881e+02
6.292900923593618927e+02 7.405205709487825061e+02
6.291672297297296836e+02 7.401638513513513544e+02
6.286796116504854126e+02 7.399915576192486242e+02
6.282056113902847301e+02 7.403613902847571353e+02
6.282033248081841066e+02 7.404812446717817238e+02
6.280211115898320031e+02 7.405325290822921716e+02
6.280034275921165090e+02 7.408393316195372336e+02
6.276283074338513188e+02 7.414397312053758924e+02
6.270976545842218002e+02 7.415684434968017058e+02
6.261714893617021289e+02 7.415217021276595233e+02
6.251751484308736053e+02 7.415703986429177803e+02
6.244637494637494228e+02 7.414118404118404442e+02
6.243484978540772090e+02 7.413540772532188612e+02
6.249795744680851612e+02 7.417323404255319019e+02
6.255617257582230195e+02 7.411892353695002384e+02
6.256490709459459367e+02 7.411266891891891646e+02
6.257372631578947448e+02 7.408223157894736914e+02
6.252121342512908768e+02 7.397310671256454953e+02
6.243825417201539949e+02 7.392002567394094967e+02
6.243369339426672013e+02 7.397017033651849260e+02
6.252824882829144144e+02 7.391401789518533860e+02
6.259454469156524965e+02 7.395837180025177986e+02
6.250338983050847901e+02 7.399392310872261760e+02
6.244791051076404074e+02 7.399856479527226156e+02
6.232261092150171180e+02 7.400674061433446695e+02
6.214848095849379206e+02 7.397167308515190598e+02
6.206137931034483017e+02 7.401530172413793025e+02
6.201683937823834185e+02 7.398700345423143290e+02
6.212974576271186606e+02 7.401317796610169353e+02
6.226596566523604679e+02 7.393493562231759597e+02
6.239316057774001365e+02 7.394061172472387398e+02
6.246743787489289161e+02 7.391088260497000419e+02
6.256779010238907404e+02 7.391753412969283090e+02
6.272297527706734854e+02 7.390085251491900635e+02
6.293195266272189201e+02 7.387569737954353286e+02
6.313760136577037656e+02 7.382851045667947574e+02
6.316824786324785919e+02 7.378017094017094450e+02
6.296010770505384926e+02 7.381346313173156659e+02
6.267493723849372600e+02 7.378054393305438907e+02
6.225934248855596707e+02 7.379338327091136307e+02
6.194721868365180626e+02 7.384377919320594401e+02
6.180712468193383984e+02 7.389011874469889563e+02
6.184220222793487665e+02 7.392652099400171437e+02
6.197872616984402612e+02 7.394900346620451046e+02
6.214091903719912580e+02 7.398993435448577429e+02
6.228045178105994637e+02 7.404774109470025678e+02
6.227311688311688158e+02 7.404909090909090992e+02
6.223512087912088191e+02 7.400360439560439545e+02
6.216936819172112791e+02 7.394265795206971461e+02
6.215191727703576134e+02 7.390228349849203369e+02
6.218481228668941867e+02 7.386770477815699678e+02
6.234089018302828435e+02 7.384945923460898030e+02
6.246319356204998030e+02 7.377988140618382431e+02
6.253523729525409180e+02 7.380197396052078602e+02
6.252765246449456527e+02 7.386804511278195378e+02
6.247178723404255152e+02 7.386710638297872720e+02
6.241120615911034974e+02 7.388592814371257873e+02
6.237428080721339256e+02 7.390171747531129540e+02
6.234648068669528129e+02 7.394635193133046869e+02
6.233028743028743293e+02 7.401827541827541381e+02
6.235219088937093375e+02 7.407813449023860812e+02
6.236874729085392346e+02 7.411127004768096640e+02
6.237422010398613565e+02 7.414267764298093653e+02
6.244383088869715266e+02 7.415655737704918238e+02
6.240308829926054841e+02 7.415206611570248469e+02
6.240773886727193940e+02 7.415706874189364726e+02
6.243250107619458049e+02 7.411291433491174985e+02
6.256851851851852189e+02 7.410585016835017313e+02
6.273725901089690069e+02 7.404886839899413644e+02
6.278127623845507514e+02 7.400067170445004194e+02
6.278452481076534468e+02 7.398566021867114841e+02
6.274191814799503391e+02 7.401773460107482379e+02
6.267576891105569530e+02 7.403595178719866681e+02
6.265978215333053640e+02 7.407327188940091673e+02
6.263527426160337654e+02 7.410468354430379350e+02
6.264129793510325044e+02 7.410379266750948091e+02
6.267601677148846875e+02 7.414423480083856930e+02
6.267280665280665062e+02 7.417792099792100089e+02
6.257803443931121592e+02 7.416833263334733601e+02
6.242051063829786699e+02 7.413446808510637993e+02
6.232404730617608948e+02 7.412540516863775792e+02
6.226893580353296329e+02 7.416320551486428485e+02
6.232069114470842806e+02 7.411948164146867839e+02
6.238137339055793973e+02 7.412570815450643522e+02
6.245559322033898297e+02 7.412843220338983201e+02
6.247414965986394009e+02 7.412423469387755404e+02
6.246169676606467647e+02 7.410222595548088975e+02
6.246121085594990063e+02 7.405849686847599287e+02
6.235835068721365815e+02 7.402553102873802118e+02
6.231851539434837832e+02 7.400455504006748697e+02
6.219727078891257861e+02 7.395940298507463240e+02
6.207542976939203072e+02 7.401626834381551134e+02
6.179457397202204447e+02 7.406227214921576660e+02
6.133458489778889771e+02 7.408201919065498942e+02
6.095235096557514680e+02 7.409647355163727980e+02
6.074593120805369608e+02 7.411199664429530003e+02
6.075786324786324712e+02 7.410252136752136494e+02
6.091910112359551022e+02 7.408936905790837955e+02
6.113695652173912549e+02 7.409778346121057666e+02
6.138420153714773733e+02 7.409081981212639221e+02
6.141228219294517885e+02 7.412299192520187034e+02
6.135054713804713629e+02 7.405210437710437645e+02
6.117282244556114392e+02 7.400364321608039972e+02
6.097094053142134271e+02 7.394040489245044228e+02
6.085976964212258054e+02 7.400024681201151679e+02
6.088062630480167172e+02 7.395557411273485968e+02
6.093798096814232395e+02 7.396301199834505269e+02
6.101092577147622933e+02 7.392164303586322376e+02
6.101631469979296298e+02 7.396910973084885654e+02
6.097918739635157408e+02 7.396587893864012813e+02
6.090888240200166592e+02 7.396905754795662915e+02
6.082766486934881414e+02 7.402708419742845081e+02
6.076694490818030090e+02 7.406185308848080240e+02
6.071038793103448370e+02 7.404362068965517665e+02
6.076056516237874803e+02 7.410805567271194150e+02
6.084066073697586035e+02 7.405103769589156855e+02
6.088239495798319467e+02 7.405668067226890798e+02
6.093415862358372124e+02 7.402992026856902612e+02
6.093728813559322361e+02 7.402211657709797237e+02
6.095826342281878851e+02 7.397692953020134610e+02
6.099865140988965777e+02 7.401487535758070635e+02
6.102152577319587863e+02 7.401096907216494856e+02
6.111492414924149443e+02 7.398708487084870740e+02
6.118296055307035886e+02 7.401988613257422003e+02
6.120008173273396324e+02 7.399995913363302407e+02
6.118150123051681248e+02 7.400283018867924056e+02
6.110930521091811443e+02 7.399722911497104860e+02
6.100041511000415539e+02 7.399472810294728333e+02
6.094419866444073932e+02 7.403130217028381139e+02
6.099428213689482163e+02 7.406656928213689071e+02
6.107324003392706118e+02 7.408519932145886742e+02
6.113670190274841616e+02 7.408875264270612888e+02
6.118587328767123381e+02 7.410017123287670984e+02
6.115671013883045362e+02 7.414463609591922477e+02
6.116471337579617966e+02 7.414488322717621713e+02
6.113153910849453041e+02 7.413532380151387997e+02
6.117396400167433512e+02 7.412277103390539423e+02
6.131112991959373630e+02 7.409983072365637327e+02
6.147408189109328305e+02 7.408011819333052017e+02
6.159469507101085810e+02 7.407180451127819651e+02
6.164881002087682873e+02 7.407144050104384405e+02
6.165106471816284284e+02 7.411741127348642522e+02
6.165772323317816017e+02 7.410960643250106159e+02
6.160172413793103487e+02 7.409655172413793025e+02
6.151397621070518653e+02 7.410900594732370337e+02
6.142134688691232896e+02 7.409356204997882287e+02
6.132757742893509203e+02 7.409295714891811713e+02
6.123027754415475101e+02 7.412935239697224006e+02
6.109682539682539755e+02 7.410673530673531104e+02
6.094151424925563560e+02 7.412590387069332110e+02
6.090606060606060055e+02 7.416252667520273008e+02
6.107260740110591541e+02 7.422981709910676500e+02
6.141591197630131092e+02 7.421235717308505855e+02
6.183881856540084527e+02 7.422451476793248730e+02
6.205610378562313372e+02 7.418060399829859080e+02
6.206844122657580556e+02 7.412078364565587663e+02
6.196007572570466664e+02 7.410201935212452327e+02
6.173525031030202399e+02 7.404741414977244176e+02
6.159118742242449116e+02 7.402598262308647463e+02
6.148865368331921673e+02 7.394314140558848294e+02
6.149088235294117339e+02 7.396550420168067603e+02
6.157076468103084608e+02 7.395411913814955369e+02
6.171403878583473670e+02 7.401180438448566292e+02
6.174586846543002139e+02 7.401349072512647354e+02
6.166573104315040155e+02 7.404696271470464808e+02
6.154739737621667928e+02 7.407829030892933133e+02
6.146472588185295081e+02 7.407182320441988850e+02
6.142184385382059872e+02 7.409439368770764531e+02
6.139983228511530342e+02 7.410503144654088601e+02
6.141946082561078128e+02 7.409705139005897081e+02
6.142211498111623769e+02 7.406088963491397408e+02
6.146801007556674676e+02 7.403417296389588955e+02
6.147502067824648293e+02 7.403329197684035989e+02
6.143402146985962418e+02 7.398629232039636463e+02
6.139893267651888209e+02 7.398776683087028232e+02
6.141511164274322709e+02 7.402288676236045148e+02
6.142093117408907119e+02 7.394161943319837746e+02
6.147450819672130820e+02 7.391397540983606405e+02
6.146465481603968328e+02 7.387275733774287119e+02
6.133768545994065562e+02 7.388770665536244451e+02
