6.200591766723841829e+02 7.397662950257289367e+02
6.202387348353553307e+02 7.394285095320624350e+02
6.206419646704007391e+02 7.392951314088754771e+02
6.208739279588336331e+02 7.393790737564322626e+02
6.210215053763440665e+02 7.393402150537634725e+02
6.207846417846417353e+02 7.394984984984985203e+02
6.199991308126901686e+02 7.393850499782703309e+02
6.198506493506494053e+02 7.393675324675324418e+02
6.194959314775160237e+02 7.395229122055674225e+02
6.185152284263959928e+02 7.399344331641285635e+02
6.169435483870968255e+02 7.396765704584040577e+02
6.171922912205567400e+02 7.393396145610278154e+02
6.178480519480519888e+02 7.389991341991342324e+02
6.173044788975021220e+02 7.389905254091301003e+02
6.157844056242010993e+02 7.391146144013634967e+02
6.154287531806616016e+02 7.394741306191688182e+02
6.155780126849894032e+02 7.393517970401691173e+02
6.154810879728006512e+02 7.393663408414789728e+02
6.150157179269328935e+02 7.394957519116397862e+02
6.148150337837837469e+02 7.395532094594594810e+02
6.156744581385465835e+02 7.395886102847429129e+02
6.166029411764706083e+02 7.395168067226891253e+02
6.167593537414966249e+02 7.393818027210884338e+02
6.175319057815845554e+02 7.391203426124196767e+02
6.179741853575962978e+02 7.393812949640288252e+02
6.177218235542422917e+02 7.395289151540735020e+02
6.175448013524936641e+02 7.396365173288249935e+02
6.177104477611940183e+02 7.394119402985074885e+02
6.183262656858503306e+02 7.390809173517957333e+02
6.198667798048367104e+02 7.396533729316928429e+02
6.200693790149892948e+02 7.394963597430406708e+02
6.199289059174116119e+02 7.393593018305662099e+02
6.199940094137783717e+02 7.392289259734702682e+02
6.202963597430407390e+02 7.390239828693789832e+02
6.202785407725322102e+02 7.388751072961373438e+02
6.194626736111110858e+02 7.392000868055555429e+02
