6.217737382378101074e+02 7.391685201026518826e+02
6.196814273430782123e+02 7.390700773860704658e+02
6.191878524945769868e+02 7.388490238611714176e+02
6.193739205526770775e+02 7.389779792746113571e+02
6.195306382978723150e+02 7.391336170212765637e+02
6.208419922713610504e+02 7.390562473164447965e+02
6.224546229228802758e+02 7.392769492969748626e+02
6.232527519051651552e+02 7.396718882303132432e+02
6.228835934204977320e+02 7.396119780683255840e+02
6.218831716575284645e+02 7.393677773091523022e+02
6.207329888027562674e+02 7.389332472006890384e+02
6.196084885231701946e+02 7.388644434820268998e+02
6.187855589386689417e+02 7.388625489343193067e+02
6.185595544130248982e+02 7.390359897172236288e+02
6.184935952177626177e+02 7.393368915456874220e+02
6.189083191850594403e+02 7.395628183361629908e+02
6.188300211416490129e+02 7.399052854122621738e+02
6.182479096989966365e+02 7.402157190635451798e+02
6.176495366470093131e+02 7.399157540016849453e+02
6.172673308426733456e+02 7.401241178912412124e+02
6.161998292058069637e+02 7.393748932536293523e+02
6.153122837370242451e+02 7.397850346020761663e+02
6.147374254049445881e+02 7.401977834612105198e+02
6.155076857386849269e+02 7.405017079419300217e+02
6.176083262531860782e+02 7.407952421410365105e+02
6.198099068585944451e+02 7.410088907705334123e+02
6.199415501905972405e+02 7.412689538331215999e+02
6.190850708924103856e+02 7.408482068390325139e+02
6.173586638830897755e+02 7.408734864300625986e+02
6.160288917636912629e+02 7.404950409659336401e+02
6.151880891173950658e+02 7.410788346186803892e+02
6.152984815618220864e+02 7.406329718004338929e+02
6.163185689948892332e+02 7.410029812606474025e+02
6.169712959054453449e+02 7.410232165470662267e+02
6.175029436501262126e+02 7.407287636669469748e+02
6.165488105004101271e+02 7.407957342083675485e+02
6.148778012684989562e+02 7.398109936575052643e+02
6.135986509274873697e+02 7.400750421585159984e+02
6.129091289782244303e+02 7.405443886097152699e+02
6.120075408462505493e+02 7.404503560955173498e+02
6.119120069354139559e+02 7.396137841352406213e+02
6.133859202714164667e+02 7.398167938931297840e+02
6.156521001272803915e+02 7.395850657615612818e+02
6.170262718932443704e+02 7.398932443703085937e+02
6.181660440016604525e+02 7.397173100871731322e+02
6.186820083682008544e+02 7.394694560669455541e+02
6.183491271820448674e+02 7.397506234413965558e+02
6.176656928213689071e+02 7.398439065108514114e+02
6.166104821802935021e+02 7.397911949685534410e+02
6.161656903765690458e+02 7.396393305439330561e+02
6.172191663085517348e+02 7.389806617963042754e+02
6.183050420168067376e+02 7.391840336134454219e+02
6.191077971878994504e+02 7.386731998295696258e+02
6.198304794520547603e+02 7.386678082191780277e+02
6.201200338123414895e+02 7.391200338123414895e+02
6.193496621621621898e+02 7.391760979729730252e+02
6.179995672868888050e+02 7.391458243184767980e+02
6.170780383795308808e+02 7.394618336886993575e+02
6.174394268345636192e+02 7.391194094659140319e+02
6.188186528497409427e+02 7.392672711571675563e+02
6.211570212765957422e+02 7.395297872340426011e+02
6.219603918228278872e+02 7.394931856899488594e+02
6.217884130982367878e+02 7.396947942905121636e+02
6.213378321383382854e+02 7.397279628848586981e+02
6.191957921854873348e+02 7.395959639330184245e+02
6.169419913419912973e+02 7.394298701298700962e+02
6.150749455337690961e+02 7.392117647058823877e+02
6.136629563668744822e+02 7.389292074799643615e+02
6.132209046991655441e+02 7.391985068072024205e+02
6.137221742881794171e+02 7.393352027610009145e+02
6.148150862068965807e+02 7.394706896551724640e+02
6.154095157179269791e+02 7.397485131690739308e+02
6.166334323292320505e+02 7.397471361900720694e+02
6.177078936260024875e+02 7.401502743773744442e+02
6.176087874947190812e+02 7.402281368821293199e+02
6.175495689655172100e+02 7.396896551724138362e+02
6.181972996515679597e+02 7.394690766550522767e+02
6.184535637149027707e+02 7.393015118790497127e+02
6.196632169038379061e+02 7.393212591634325008e+02
6.214823275862069067e+02 7.395534482758620243e+02
6.223024142312578988e+02 7.397704362558238245e+02
6.225774884502310442e+02 7.400789584208315546e+02
6.217827920708562033e+02 7.393213833825390111e+02
6.201217539378459378e+02 7.389553001277139401e+02
6.187346320346319999e+02 7.384922077922077506e+02
6.185053902544200355e+02 7.384044846916774532e+02
6.186186367558240136e+02 7.383809318377911950e+02
6.192011221406992263e+02 7.385886922744929279e+02
6.207926051848703537e+02 7.390985975350615718e+02
6.219760479041916597e+02 7.389362703165098765e+02
6.225438818565401107e+02 7.392067510548523614e+02
6.219056842105262604e+02 7.393002105263158228e+02
6.208739316239316395e+02 7.387470085470085905e+02
6.196169940222032437e+02 7.384427839453458091e+02
6.183816300129366255e+02 7.385847347994825896e+02
6.173708551483421161e+02 7.385405759162304093e+02
6.174397194213064495e+02 7.387106532222709347e+02
6.173454231433505583e+02 7.390526770293610070e+02
6.177501048218028927e+02 7.398192872117400611e+02
