6.245372825186412911e+02 7.402017398508698989e+02
6.229119148936169950e+02 7.398557446808511031e+02
6.195065110013471212e+02 7.389209699146833827e+02
6.167740009186954921e+02 7.394271933853927976e+02
6.159243619489559478e+02 7.391299303944315398e+02
6.172893905191873500e+02 7.398993227990970354e+02
6.193368191721133371e+02 7.405359477124183059e+02
6.221544336020365336e+02 7.412324989393296164e+02
6.245583096302316335e+02 7.419809020723283766e+02
6.247187878787879072e+02 7.415422222222222217e+02
6.232018875666803979e+02 7.408982355354944502e+02
6.206716965742251659e+02 7.403368678629690294e+02
6.168218694885362083e+02 7.380092592592592382e+02
6.103148837209301973e+02 7.368455813953488587e+02
6.090275011853959768e+02 7.369075391180654151e+02
6.105762949136724274e+02 7.364367708819412428e+02
6.141319204152249540e+02 7.371323529411764639e+02
6.188516156462585514e+02 7.379621598639455442e+02
6.218050392399834436e+02 7.389058240396529982e+02
6.241017842660178303e+02 7.393158961881589448e+02
6.251986105435227046e+02 7.396591744993869497e+02
6.242080783353733295e+02 7.399302325581395507e+02
6.225968214136344159e+02 7.395290673358427966e+02
6.192744506678155858e+02 7.390146488582507800e+02
6.164449499545040680e+02 7.385841674249317066e+02
6.158627450980392268e+02 7.390282717738258498e+02
