6.192969080897925096e+02 7.403041084286319347e+02
6.181371208885092301e+02 7.398611704399828568e+02
6.167140350877192532e+02 7.388964912280702038e+02
6.160510694020078972e+02 7.391501527717153976e+02
6.154640522875816941e+02 7.391734204793028766e+02
6.157270363951473655e+02 7.398128249566724435e+02
6.156895796847635438e+02 7.404054290718038374e+02
6.159400521285838295e+02 7.407089487402258783e+02
6.169806848112378930e+02 7.403086040386303921e+02
6.179377990430622276e+02 7.396746411483253496e+02
6.186325581395349218e+02 7.401124735729387112e+02
6.200447242726877448e+02 7.399891445940078256e+02
6.209936061381074524e+02 7.401543052003410139e+02
6.220173581710414510e+02 7.409115156646909099e+02
6.220350277659119911e+02 7.405882101665954451e+02
6.220698065601345661e+02 7.406698906644238605e+02
6.215008389261745378e+02 7.399790268456375770e+02
6.208824768323504486e+02 7.398155012636899528e+02
6.206102693602693989e+02 7.393741582491581994e+02
6.200423875432526302e+02 7.394225778546713173e+02
6.194030874785592005e+02 7.403619210977701641e+02
6.188190476190476375e+02 7.401545454545454277e+02
6.177079142982072426e+02 7.395059029296021436e+02
6.170375161707632969e+02 7.396183699870633745e+02
6.170021654395842461e+02 7.395452576873104817e+02
6.178964776632302573e+02 7.394106529209622067e+02
6.191405778352738025e+02 7.401147046140578141e+02
6.201423771524569020e+02 7.410923981520369352e+02
6.209164204305614021e+02 7.411591388771634001e+02
6.211879983214436152e+02 7.411242131766680359e+02
6.214604927782497725e+02 7.401979609175871246e+02
6.213965733389051138e+02 7.403857083159214199e+02
6.210571192052980223e+02 7.404747516556291203e+02
6.212323825503356147e+02 7.400247483221476159e+02
6.210823132123258574e+02 7.398695652173912549e+02
6.206484899328859228e+02 7.401916946308724619e+02
6.199855993223210362e+02 7.399296908089792169e+02
6.188003434950622932e+02 7.392782310004294004e+02
6.168292367399741352e+02 7.391457524795170002e+02
6.164155844155843624e+02 7.391779220779220623e+02
6.160300945829750390e+02 7.394325021496130148e+02
6.165035778175313226e+02 7.403014311270125063e+02
