6.059184514003294453e+02 7.402384678747940825e+02
6.060301902398676930e+02 7.401745244003308244e+02
6.061601981833196078e+02 7.401284062758051050e+02
6.062675238490253378e+02 7.402695976773122766e+02
6.066252052545155493e+02 7.403772577996716109e+02
6.081297898640297035e+02 7.407095179233622275e+02
6.094075630252100382e+02 7.404025210084033688e+02
6.106244778613199742e+02 7.404394319131160955e+02
6.119120879120879408e+02 7.405891800507184826e+02
6.127112526539277724e+02 7.399881104033970587e+02
6.127212020033389308e+02 7.403781302170283425e+02
6.126835284280936094e+02 7.401789297658863234e+02
6.121147948611686616e+02 7.402627434728553908e+02
6.116009193480986141e+02 7.399385708315921875e+02
6.107277310924370113e+02 7.397151260504201673e+02
6.095811430955360493e+02 7.399536921151438946e+02
6.083550000000000182e+02 7.398037500000000364e+02
6.077115948095437261e+02 7.396726663876098655e+02
6.079648388447049001e+02 7.397722896609460577e+02
6.096893812709030271e+02 7.396985785953177128e+02
6.111166453810131998e+02 7.389906343124733894e+02
6.119608091024019814e+02 7.393135271807838080e+02
6.125516088591725747e+02 7.396138737985792204e+02
6.128467674223342101e+02 7.396784214945423628e+02
6.131295445048057218e+02 7.398077726702883865e+02
6.135212146422628621e+02 7.400823627287853697e+02
6.148249370277078469e+02 7.398480268681779535e+02
6.161616915422885086e+02 7.401873963515754440e+02
6.170367432150312652e+02 7.398417536534446981e+02
6.174304913901721648e+02 7.395930281394372514e+02
6.168973496003366108e+02 7.396184265881363444e+02
6.164451854939558189e+02 7.395289704043351549e+02
6.173619450317124802e+02 7.393936575052854323e+02
6.179615384615384528e+02 7.390478632478632335e+02
6.179394067796609988e+02 7.391313559322034052e+02
6.176194915254237685e+02 7.390745762711864018e+02
6.169274678111587491e+02 7.385103004291845536e+02
6.168633405639913008e+02 7.384932754880694574e+02
6.166789808917197888e+02 7.388250530785562660e+02
6.177215517241379530e+02 7.385737068965516983e+02
6.191365546218487452e+02 7.393310924369748136e+02
6.214460251046025405e+02 7.390506276150628082e+02
6.232348936170212710e+02 7.388178723404255379e+02
6.246983523447402149e+02 7.388753696662441826e+02
6.254389006342494213e+02 7.394186046511628092e+02
6.254524828767123381e+02 7.391523972602740287e+02
6.253659482758620243e+02 7.391068965517241622e+02
6.248189143341814997e+02 7.391480067854113258e+02
6.238373468525559247e+02 7.392065906210392541e+02
6.230439374735952924e+02 7.390173215040134664e+02
6.216148619957536994e+02 7.385800424628449719e+02
6.204805472424112622e+02 7.385241556220606753e+02
6.193384223918575344e+02 7.386314673452078523e+02
6.195012711864407038e+02 7.384707627118643813e+02
6.209961669505962618e+02 7.384105621805791770e+02
6.230149508756941259e+02 7.384015378043570763e+02
6.251999152901313437e+02 7.387496823379923399e+02
6.268182201602699024e+02 7.391185153943483783e+02
6.281470342522974306e+02 7.394494569757728186e+02
6.290088124213176570e+02 7.397880822492655852e+02
6.294129166666666606e+02 7.397029166666666242e+02
6.295899159663865703e+02 7.396285714285713766e+02
6.300059676044330672e+02 7.394799658994032825e+02
6.300189793336145385e+02 7.396157739350485372e+02
6.293058273075287161e+02 7.395189281156954166e+02
6.278644138506466561e+02 7.398185231539424649e+02
6.264938219002982578e+02 7.392484022155944103e+02
6.257460986925348152e+02 7.394386334879797005e+02
6.250764384712306310e+02 7.395795884082318707e+02
6.248290241868223802e+02 7.395191826522101337e+02
6.246497907949790260e+02 7.393790794979079237e+02
6.247562315166877625e+02 7.392877059569075300e+02
6.248838792003402887e+02 7.393258188005104330e+02
6.252508547008546884e+02 7.395376068376068588e+02
6.265498732037193577e+02 7.400033812341504245e+02
6.279492600422832993e+02 7.400164904862579078e+02
6.289596260093497904e+02 7.398134296642583649e+02
6.292222222222221717e+02 7.400777355302070646e+02
6.285709487825356518e+02 7.400764063811923279e+02
6.273014736842105776e+02 7.398656842105262967e+02
6.266146095717883782e+02 7.402531486146095858e+02
6.265226890756302964e+02 7.404142857142857110e+02
6.264620923337569138e+02 7.402062685302837508e+02
6.262578589634664468e+02 7.400632965165675614e+02
6.263010247651579903e+02 7.400687446626815245e+02
6.257286919831224168e+02 7.402312236286919642e+02
6.256252631578947785e+02 7.402357894736842354e+02
6.266484408372490407e+02 7.400064075181546741e+02
6.276589473684210816e+02 7.400307368421052843e+02
6.290325031658927628e+02 7.399788940481215604e+02
6.290313414124530027e+02 7.402812369410781912e+02
6.286457892509521344e+02 7.400165044435040045e+02
6.282636054421768677e+02 7.400616496598639742e+02
6.277727272727272521e+02 7.403895497026337580e+02
6.281654615057422006e+02 7.404538494257762977e+02
6.292735079433233523e+02 7.403082868183770415e+02
6.297300170068027683e+02 7.409383503401360258e+02
6.297599830076466105e+02 7.409834324553950182e+02
6.289594302977989173e+02 7.405105740181269312e+02
6.274119914346895257e+02 7.409327623126338267e+02
6.256397984886649510e+02 7.412867338371116830e+02
6.240521590423257976e+02 7.406994442069260458e+02
6.227281594571670666e+02 7.405347752332485243e+02
6.216859328516786718e+02 7.403901402464938428e+02
6.208941326530612059e+02 7.400004251700680697e+02
6.202859517871986554e+02 7.401687448046550344e+02
6.204888514934791601e+02 7.402347496844762418e+02
6.207373780229104341e+02 7.404828171404327577e+02
6.218359211078472981e+02 7.409362148552245344e+02
6.228507462686567351e+02 7.408110874200426679e+02
6.248498307952622781e+02 7.411763959390863192e+02
6.262380753138074851e+02 7.414623430962343491e+02
6.252937473772556132e+02 7.415488879563575892e+02
6.239128030625265637e+02 7.411535516801361609e+02
6.220718843045513040e+02 7.410927264993620156e+02
6.201358603066439628e+02 7.406511925042589155e+02
6.188359408033826412e+02 7.404976744186046744e+02
6.173938512671375065e+02 7.405093477357706888e+02
6.160226605119597707e+02 7.402681493915232522e+02
6.151790794979079919e+02 7.403531380753138365e+02
6.147068458630827763e+02 7.402591348173036749e+02
6.141765669807456334e+02 7.408320360507988198e+02
6.144864085667215932e+02 7.408274299835255761e+02
6.156915027208036690e+02 7.402235244872331350e+02
6.164731273804485454e+02 7.404033008887007554e+02
6.163191311612364416e+02 7.408913951545530381e+02
6.156392751790981492e+02 7.409119258322798487e+02
6.147853226486714675e+02 7.409966258962463144e+02
6.136797302991993774e+02 7.410986093552464808e+02
6.128225328250741768e+02 7.409538331215586595e+02
6.121309274024339402e+02 7.409609735627360578e+02
6.110301633850020835e+02 7.410134059488898401e+02
6.094649307013859243e+02 7.405619487610247234e+02
6.077812368531763241e+02 7.404148085822465646e+02
6.062254983388704659e+02 7.403467607973421991e+02
6.059552795031055439e+02 7.401275362318840507e+02
6.059585921325051459e+02 7.400786749482401774e+02
6.060399500624220082e+02 7.401007074490220248e+02
6.062473838426119528e+02 7.402938467978233348e+02
6.066541353383458954e+02 7.401336675020885423e+02
6.067739640016743579e+02 7.403796567601507377e+02
6.073102143757881777e+02 7.405968894493485095e+02
6.080508969545264790e+02 7.406366291197330156e+02
6.086964656964656797e+02 7.407588357588357439e+02
6.089223706176961741e+02 7.406055926544240720e+02
6.080114116652578105e+02 7.406394759087066859e+02
6.063983263598325948e+02 7.407794979079498034e+02
6.056909944515577990e+02 7.405830132309005194e+02
6.056320033955856843e+02 7.408811544991510800e+02
6.057549640895648508e+02 7.407570764681030369e+02
6.063550146873689073e+02 7.405467897608057228e+02
6.064229149115417385e+02 7.405029486099409723e+02
6.060416316232127656e+02 7.401211101766190268e+02
6.053154166666666924e+02 7.401695833333333212e+02
6.045326716294458720e+02 7.405934656741108029e+02
6.043843283582089043e+02 7.403134328358208904e+02
6.046940142318961762e+02 7.402021766429468244e+02
6.057215455690885619e+02 7.407664846703065678e+02
6.068669991687447691e+02 7.407996674979218596e+02
6.077099332220367387e+02 7.408681135225375556e+02
6.093915275994864942e+02 7.404077877620881054e+02
6.102440677966101248e+02 7.409262711864406583e+02
6.115125906956892550e+02 7.408211694408877293e+02
6.127436884895164440e+02 7.405100556268720311e+02
6.132163420829805318e+02 7.409390347163421211e+02
6.132073732718894234e+02 7.409388353581902038e+02
6.125284757118928383e+02 7.405402010050250965e+02
6.112142559399750326e+02 7.408128386827844452e+02
6.098645833333333712e+02 7.405929166666666106e+02
6.085866554762903888e+02 7.402341586235837667e+02
6.079725622625580854e+02 7.398425495989869205e+02
6.080046315789473965e+02 7.400976842105262676e+02
6.087357930449533114e+02 7.397824427480916256e+02
6.096199832775919276e+02 7.403127090301003363e+02
6.105785684032189238e+02 7.403617111393477899e+02
6.122957166392092176e+02 7.410337726523888477e+02
6.135122457451224136e+02 7.410921544209215881e+02
6.143855024711697297e+02 7.412450576606260029e+02
6.154663278271918898e+02 7.405383312155865951e+02
6.153238900634249831e+02 7.404744186046511913e+02
6.145216666666666470e+02 7.407887500000000500e+02
6.127072147651006162e+02 7.410373322147651152e+02
6.108360655737704974e+02 7.403648591845312694e+02
6.098117894736842572e+02 7.401006315789474002e+02
6.094541265186426244e+02 7.397712609970674293e+02
6.096299999999999955e+02 7.398945833333333439e+02
6.099421868454126070e+02 7.396602429828236609e+02
6.102318181818181984e+02 7.397458677685950761e+02
6.107890787828262091e+02 7.397749062109212446e+02
6.112338144329896750e+02 7.402090721649484522e+02
6.121754980924119991e+02 7.397291225095378877e+02
6.136368221941992260e+02 7.398797814207649708e+02
6.152244897959183163e+02 7.396747448979591582e+02
6.161968802698145282e+02 7.400560708263069500e+02
6.167969543147207787e+02 7.398887478849408126e+02
6.169052453468697195e+02 7.400532994923858041e+02
6.174239864864864558e+02 7.399383445945945823e+02
6.174081125827814276e+02 7.403468543046357127e+02
6.175348166460651100e+02 7.402043675319324620e+02
6.177008688456764958e+02 7.401406702523789818e+02
6.171765930862140976e+02 7.400091628488130482e+02
6.161671505599335887e+02 7.400219825798424154e+02
6.148790050590218925e+02 7.393764755480607391e+02
6.146380393799748845e+02 7.395680770842061520e+02
6.152133838383838338e+02 7.395303030303030027e+02
6.163683767872161070e+02 7.394827586206896513e+02
6.169925280199253166e+02 7.397380655873806745e+02
6.169764170459246770e+02 7.398150599917253203e+02
6.166947324761509890e+02 7.397814184985483053e+02
6.165720739219711959e+02 7.399396303901437477e+02
6.172806722689075514e+02 7.397836134453781369e+02
6.178999583159650228e+02 7.398670279283035143e+02
6.190238893545682686e+02 7.396156747694886917e+02
6.200210526315789821e+02 7.392627368421052552e+02
6.206924362724613502e+02 7.395043877977434477e+02
6.205151893466500042e+02 7.395018726591760014e+02
6.203052276559865277e+02 7.393549747048904237e+02
6.208016177096636738e+02 7.393550446998723373e+02
6.214886459209419627e+02 7.392876366694700891e+02
6.219214103653356460e+02 7.393096856414613285e+02
6.219253604749787883e+02 7.393579304495334554e+02
6.211864978902954135e+02 7.392459915611814267e+02
6.203190054782975267e+02 7.394420564686051875e+02
