6.178776480760916456e+02 7.394837872892347832e+02
6.178535419382876626e+02 7.392299000434593381e+02
6.173980375426621094e+02 7.393570819112627532e+02
6.158870759982825120e+02 7.389854014598539607e+02
6.149940247545881675e+02 7.393986342296201428e+02
6.147028301886792860e+02 7.390566037735849250e+02
6.155266811279826698e+02 7.389687635574837259e+02
6.166723842195540328e+02 7.391037735849056389e+02
6.188747327917914163e+02 7.394057289439931537e+02
6.207337662337662323e+02 7.390545454545454049e+02
6.214229765013054703e+02 7.392132288946910421e+02
6.213450064850843546e+02 7.393618677042801437e+02
6.189050086355786107e+02 7.393415371329879235e+02
6.170285838025118892e+02 7.394287570376786789e+02
6.156623986342295893e+02 7.393495518565940756e+02
6.153060528559250315e+02 7.394219948849105322e+02
6.160283101045296235e+02 7.389873693379790893e+02
6.167933706414119115e+02 7.390804993542832335e+02
6.183899510893730849e+02 7.391307247665629347e+02
6.190794066317627085e+02 7.393691099476440058e+02
6.190446976336546641e+02 7.398076248904469594e+02
6.189560052793664227e+02 7.398763748350197602e+02
6.187800345721693702e+02 7.401564390665514566e+02
6.180407358738501671e+02 7.392260183968462570e+02
6.165680730752501404e+02 7.391113527620705099e+02
