6.176955236486486456e+02 7.407715371621621898e+02
6.190311980033277450e+02 7.410653078202994948e+02
6.205021008403360838e+02 7.407831932773109429e+02
6.213923044751149973e+02 7.403446256796319176e+02
6.215052279381012568e+02 7.401652028439983724e+02
6.210893528183715944e+02 7.399899791231732706e+02
6.196242011077971483e+02 7.394175543246698226e+02
6.190578877596111624e+02 7.383393725143614574e+02
6.193567639257294104e+02 7.381613616268788292e+02
6.206151501959077450e+02 7.382960383108402311e+02
6.215263612791702599e+02 7.383055315471045787e+02
6.229656946826758031e+02 7.386466552315608851e+02
6.239827295703454411e+02 7.392502106149958081e+02
6.242334597555836808e+02 7.393278550358196526e+02
6.239210084033613839e+02 7.393936974789916121e+02
6.235234241908007107e+02 7.388769165247018691e+02
6.235637842465753238e+02 7.387046232876712111e+02
6.244579399141630347e+02 7.385832618025750662e+02
6.255143715143715326e+02 7.387057057057056682e+02
6.261274848746759289e+02 7.389740708729473226e+02
6.269517864829961127e+02 7.391739130434782510e+02
6.271699538396978824e+02 7.399685270667225723e+02
6.272124895222128771e+02 7.401391450125732945e+02
6.269473240623683523e+02 7.399831436999578500e+02
6.270489864864864558e+02 7.401765202702703164e+02
6.277017617449664613e+02 7.396904362416107688e+02
6.286717299578059510e+02 7.393919831223628307e+02
6.284903361344537416e+02 7.395197478991597109e+02
6.276298016040523180e+02 7.395972984381595552e+02
6.265091684434968329e+02 7.397505330490405413e+02
6.252739784946236341e+02 7.396292473118279531e+02
6.251077971878994504e+02 7.398406476352790833e+02
6.255805354866128027e+02 7.396816829579260002e+02
6.258811839323467439e+02 7.397949260042282731e+02
6.269509803921569073e+02 7.397195225916453865e+02
6.270766624311731903e+02 7.398170266836086739e+02
6.271324587388912732e+02 7.399297503173932000e+02
6.268319794784096075e+02 7.398388200085506696e+02
6.262897315722198073e+02 7.399250106518960592e+02
6.257429175475687089e+02 7.398363636363636715e+02
6.258355347251811054e+02 7.397030251384746862e+02
6.261156636790439052e+02 7.395206999573197209e+02
6.270788113695090260e+02 7.392502153316106615e+02
6.282964376590331312e+02 7.396916878710771925e+02
6.294631533847472156e+02 7.394734361610968563e+02
6.301738943752683326e+02 7.394972091026191947e+02
6.300343949044586225e+02 7.396331210191083301e+02
6.294154870940882347e+02 7.397289758534554949e+02
6.288622278056951700e+02 7.394112227805694602e+02
6.287323103154304818e+02 7.390750213128729911e+02
6.280721739130434571e+02 7.386626086956521249e+02
6.269492341356674387e+02 7.385168490153172343e+02
6.256328502415458388e+02 7.386433904259990868e+02
6.249556607834696251e+02 7.391063280241068014e+02
6.236290392072382929e+02 7.388168892718655343e+02
6.235259991405242772e+02 7.386987537602062730e+02
6.237327986492190348e+02 7.389400590966652089e+02
6.244157540016849453e+02 7.387493681550126894e+02
6.250782241014799183e+02 7.387403805496828681e+02
6.248788135593219977e+02 7.387322033898304880e+02
6.237619863013699160e+02 7.389357876712329016e+02
6.227601365770379971e+02 7.395232607767818536e+02
6.217525817555938374e+02 7.395938037865748811e+02
6.219662337662338132e+02 7.399696969696969973e+02
6.235994876174210049e+02 7.403138343296327548e+02
6.258740991945740006e+02 7.407350572276387766e+02
6.275498721227621672e+02 7.404505541346973132e+02
6.274484797297296836e+02 7.405266047297296836e+02
6.272562709030099768e+02 7.405418060200669288e+02
6.263870967741935374e+02 7.410226225387515342e+02
6.251273747841105433e+02 7.408389464594127958e+02
6.240136927685066439e+02 7.411848523748395792e+02
6.232535091450446316e+02 7.412339430029774121e+02
6.237288717288716953e+02 7.412235092235092679e+02
6.237830025884383076e+02 7.410871440897325328e+02
6.235017108639863181e+02 7.409106073567151043e+02
6.226746268656715984e+02 7.410597014925373287e+02
6.218430455125478602e+02 7.408877073585707649e+02
6.212897556793827789e+02 7.405529361337333967e+02
6.211378723404255879e+02 7.406582978723404267e+02
6.210266047297296836e+02 7.405548986486486456e+02
6.211332770982708098e+02 7.403838043019823090e+02
6.210229166666666742e+02 7.403820833333332985e+02
6.198369839932603327e+02 7.402653748946925134e+02
6.184486692015209428e+02 7.404786649767638664e+02
6.175789473684210407e+02 7.404588285229201574e+02
6.174267461669505792e+02 7.404463373083475517e+02
6.180251572327043732e+02 7.403387840670859532e+02
6.189848993288591146e+02 7.403171140939597308e+02
6.202279286926994928e+02 7.400403225806451246e+02
6.207190635451504477e+02 7.400999163879598655e+02
6.201765195670275261e+02 7.400520399666944513e+02
6.189656760150691071e+02 7.398756802009208968e+02
6.169965855740504139e+02 7.396683738796415355e+02
6.156085847853803443e+02 7.401274968125796931e+02
6.137728040540540633e+02 7.398935810810810381e+02
6.126288963774220520e+02 7.401647009267060184e+02
6.120528559249786440e+02 7.401930946291560076e+02
6.120260906757912380e+02 7.394717707442258643e+02
6.120029723991507353e+02 7.393070063694267446e+02
6.116700209643605604e+02 7.395522012578616113e+02
6.105296803652968265e+02 7.396670817766707842e+02
6.093210028771064799e+02 7.402285244554047949e+02
6.086400996264010246e+02 7.402644250726442579e+02
6.079534109816971750e+02 7.401580698835274461e+02
6.074629941126997892e+02 7.399550042052144363e+02
6.070772151898734137e+02 7.399746835443038435e+02
6.067094307561596906e+02 7.397905692438403094e+02
6.064475347661187925e+02 7.398166877370417751e+02
6.064118644067796140e+02 7.401237288135592962e+02
6.067838066977533344e+02 7.403187791437050009e+02
6.086183270281630939e+02 7.410865910046237559e+02
6.101731890091590458e+02 7.413234804329724739e+02
6.112347320315745947e+02 7.414034067303697384e+02
6.117765735723218086e+02 7.416140058357649423e+02
6.116030884808013752e+02 7.415663606010016338e+02
6.114565493853327780e+02 7.412628232301823346e+02
6.111087050671286534e+02 7.410086617583369843e+02
6.107886776145203385e+02 7.408781331028521890e+02
6.115006423982869137e+02 7.409875802997859182e+02
6.125409556313993562e+02 7.407704778156996781e+02
6.129949664429530003e+02 7.412336409395973078e+02
6.129275662251656058e+02 7.414259105960264833e+02
6.119296776894098002e+02 7.402519882796149204e+02
6.104538558786346130e+02 7.399233038348082800e+02
6.095755789473683990e+02 7.396328421052631938e+02
6.090920271416454170e+02 7.395441051738761189e+02
6.086523749474569058e+02 7.397154266498529296e+02
6.087509513742071476e+02 7.397010570824523938e+02
6.097535925612849041e+02 7.394957734573118842e+02
6.100917547568710688e+02 7.391416490486258226e+02
6.103219983207388850e+02 7.390772460117548235e+02
6.103723404255318883e+02 7.389446808510638220e+02
6.104275484414490620e+02 7.389549283909013866e+02
6.110710312366281869e+02 7.389632006846384229e+02
6.123195038494440041e+02 7.391086398631308612e+02
6.130619694397283865e+02 7.392521222410865676e+02
6.133006369426751689e+02 7.394152866242038726e+02
6.130225627926777179e+02 7.393801617709664242e+02
6.128026149304091632e+02 7.394985238296077341e+02
6.122135261590811979e+02 7.393015737983836289e+02
6.123026034997866418e+02 7.394016218523261159e+02
6.132613344739093009e+02 7.392818648417451186e+02
6.138561731014000316e+02 7.395167585914298343e+02
6.142923336141533355e+02 7.397165122156698089e+02
6.138203190596137802e+02 7.399554995801846644e+02
6.128585944115156963e+02 7.394754445385266308e+02
6.109493935591802938e+02 7.397319113341698085e+02
6.095281602002503405e+02 7.395740508969545317e+02
6.082901052631578978e+02 7.395789473684210407e+02
6.068539804171988408e+02 7.392707535121328419e+02
6.067007640067911325e+02 7.393943123938879580e+02
6.072443133951137497e+02 7.397729570345408092e+02
6.087244294167370526e+02 7.399420963651732563e+02
6.100792501065189981e+02 7.398044311887515505e+02
6.113084577114427702e+02 7.403967661691542617e+02
6.122944099378881901e+02 7.402447204968943879e+02
6.129820609094701922e+02 7.401385064664164020e+02
6.136220833333333076e+02 7.403070833333333667e+02
6.143402146985962418e+02 7.407010734929809814e+02
6.153076590220683784e+02 7.401462570315881067e+02
6.155858542820622006e+02 7.402965487856838536e+02
6.158285106382978711e+02 7.403604255319148706e+02
6.162151411462788246e+02 7.406146278870829747e+02
6.170641509433962710e+02 7.406004192872117073e+02
6.180140485312898591e+02 7.398314176245211229e+02
6.193467543138866631e+02 7.405583401807723476e+02
6.204100124120810733e+02 7.399925527513446468e+02
6.213184449958642972e+02 7.398114143920595325e+02
6.213870833333332939e+02 7.397391666666666197e+02
6.203939906898010577e+02 7.391950909860347565e+02
6.182855917667238828e+02 7.390068610634648394e+02
6.173934497816593421e+02 7.381807860262008489e+02
6.178008733624453725e+02 7.379048034934497764e+02
6.191394645941278441e+02 7.378130397236615181e+02
6.202913964548205286e+02 7.378547341115433937e+02
6.214867813680234576e+02 7.383138900545530987e+02
6.225854791051076518e+02 7.387935837906289862e+02
6.228010160880609192e+02 7.387527519051651552e+02
6.227640354579991708e+02 7.388442380751372411e+02
6.231214071214071737e+02 7.387563277563277779e+02
6.232953367875647928e+02 7.385284974093264054e+02
6.242454228421970583e+02 7.383735832606799931e+02
6.254352786309784733e+02 7.387011847301447460e+02
6.256693617021276168e+02 7.397540425531915389e+02
6.263850063532401009e+02 7.399800931808555333e+02
6.268967576791808369e+02 7.400392491467576974e+02
6.268125526537489804e+02 7.403382476832350676e+02
6.265389773679798964e+02 7.404329421626152907e+02
6.271715006305170164e+02 7.407604035308953598e+02
6.282093710426340749e+02 7.398674546222034678e+02
6.287671464860287642e+02 7.398348856900931878e+02
6.285568710359408442e+02 7.399835095137420922e+02
6.273016421780466771e+02 7.398656006914434329e+02
6.259577768203361074e+02 7.399095217578629899e+02
6.247267665952890638e+02 7.400085653104924859e+02
6.243485174043833013e+02 7.398040395358831347e+02
