6.105435435435435920e+02 7.395345345345344867e+02
6.099406669553919755e+02 7.389597228237332729e+02
6.096451338716532291e+02 7.393765405864853619e+02
6.104323979591836178e+02 7.393894557823128935e+02
6.118768240343347316e+02 7.392888412017167639e+02
6.132862068965516755e+02 7.393008620689655572e+02
6.141897717666948893e+02 7.401174978867286427e+02
6.153047337278106852e+02 7.400680473372781307e+02
6.174226267880363821e+02 7.398755960121369526e+02
6.202950676560453758e+02 7.398061981667393638e+02
6.223115401491882039e+02 7.394291355857832286e+02
6.246789428076256172e+02 7.390272963604852521e+02
6.262345517841600895e+02 7.390857267188860078e+02
6.270596566523605588e+02 7.393643776824034148e+02
6.279978194505015381e+02 7.389297863061491398e+02
6.253577981651376376e+02 7.392429008300567830e+02
6.227365401588702980e+02 7.393230361871138712e+02
6.196271111111111622e+02 7.391879999999999882e+02
6.181385090427878595e+02 7.395624172915747749e+02
6.163721973094170608e+02 7.388932735426009231e+02
6.145833333333333712e+02 7.392389770723103766e+02
6.127934170636639237e+02 7.392364660025984904e+02
6.113502164502164078e+02 7.392380952380951840e+02
6.107590773173857315e+02 7.394357112345151108e+02
6.099163432514014858e+02 7.391729193617939018e+02
6.086820734341253001e+02 7.392993520518358537e+02
6.082043290043289971e+02 7.391675324675325101e+02
6.081925894011202445e+02 7.394192158552348246e+02
6.093613481228668434e+02 7.395209044368600644e+02
6.118662691652469903e+02 7.398679727427597754e+02
