6.165930918281381992e+02 7.382064026958719296e+02
6.183998291328491632e+02 7.387894062366509615e+02
6.194064352243860867e+02 7.393920406435224777e+02
6.198638297872340672e+02 7.396553191489362007e+02
6.202456215292610295e+02 7.400627936779154652e+02
6.207778251599147552e+02 7.404140724946695400e+02
6.217433403805497392e+02 7.409746300211415928e+02
6.229497697781498573e+02 7.414474675596484303e+02
6.234467455621302179e+02 7.415008453085375777e+02
6.242953872196360408e+02 7.416601777401608615e+02
6.250245971162001979e+02 7.419961832061068208e+02
6.261365376435559256e+02 7.424661846022969485e+02
6.268928266438940682e+02 7.429790777113578315e+02
6.274241393965151019e+02 7.430645983850404264e+02
6.275228534814182240e+02 7.429974369927381304e+02
6.272048698572627927e+02 7.427947103274559595e+02
6.264029661016949149e+02 7.426656779661017254e+02
6.257056332062685442e+02 7.426933502753071252e+02
6.248736842105263349e+02 7.429797894736842636e+02
6.236917922948073283e+02 7.427001675041875615e+02
6.213365709459459367e+02 7.422280405405405190e+02
6.196812023708721426e+02 7.414377646062658869e+02
6.179649493243243796e+02 7.408733108108108354e+02
6.161505285412262083e+02 7.404093023255813932e+02
6.145539689206216281e+02 7.401692566148676633e+02
6.130139712108382355e+02 7.395448772226926621e+02
6.116399317406143155e+02 7.391787542662116266e+02
6.105797894736841727e+02 7.388858947368421468e+02
6.092863157894736332e+02 7.381301052631579296e+02
6.077511657481984457e+02 7.373696481559983340e+02
6.067722524028416728e+02 7.374400334308400033e+02
6.056619718309858627e+02 7.375153272576636709e+02
6.055348258706467277e+02 7.371803482587064309e+02
6.051807580174927352e+02 7.369941690962099301e+02
6.048882377563834325e+02 7.371825031393888139e+02
6.056726114649680994e+02 7.371766454352441542e+02
6.073381234150465389e+02 7.376348267117498381e+02
6.093984803714647569e+02 7.381392992823975874e+02
6.121405312767781197e+02 7.378778920308483293e+02
6.138105932203390012e+02 7.381826271186440636e+02
6.153658008658009066e+02 7.379991341991342324e+02
6.179939393939393995e+02 7.380900432900432406e+02
6.201284364261168776e+02 7.385730240549828522e+02
6.221943371943372085e+02 7.385688545688545901e+02
6.241369509043927337e+02 7.391912144702841942e+02
6.255382003395585571e+02 7.396171477079795977e+02
6.266961071578066367e+02 7.403101716199246312e+02
6.279419795221842833e+02 7.404509385665528498e+02
6.282996125699526146e+02 7.408024106758501830e+02
6.289865916955017155e+02 7.410367647058823195e+02
6.302411561691112638e+02 7.415375323554789020e+02
6.304242027086063445e+02 7.419161205766710054e+02
6.302985268630849305e+02 7.422500000000000000e+02
6.304288783841856230e+02 7.424460678985818731e+02
6.301487889273356586e+02 7.422188581314878775e+02
6.295741769987173484e+02 7.422338606241984280e+02
6.280205128205128631e+02 7.416029914529914322e+02
6.260465918895599771e+02 7.411527178602243566e+02
6.237848101265823288e+02 7.411751054852320522e+02
6.209453389830508740e+02 7.402275423728813166e+02
6.187769454848106534e+02 7.403757802746566767e+02
6.175629504027129997e+02 7.401047053836371106e+02
6.165202531645569479e+02 7.396654008438819119e+02
6.157318024263431653e+02 7.392443674176776085e+02
6.150124784853700248e+02 7.393717728055077032e+02
6.142546476437527190e+02 7.392261132728058328e+02
6.138029914529914777e+02 7.392068376068375528e+02
6.130809047411918300e+02 7.388825576337537768e+02
6.127822337214316804e+02 7.388689090125053553e+02
6.122918803418803009e+02 7.388995726495726331e+02
6.119915290131300480e+02 7.383845828038967056e+02
6.116905867454622694e+02 7.378531025749260834e+02
6.110998293515358455e+02 7.373600682593856845e+02
6.115170212765957558e+02 7.372251063829787654e+02
6.121028399311531984e+02 7.369918244406196663e+02
6.127474315068493524e+02 7.370684931506849580e+02
6.129630266552020430e+02 7.370417024935511563e+02
6.131406714832129410e+02 7.376901827454313434e+02
6.143863247863247352e+02 7.378243589743590292e+02
6.158555181128896265e+02 7.384342881213142391e+02
6.179379222972972912e+02 7.391393581081081265e+02
6.194527979495942418e+02 7.392597180692011989e+02
6.207504280821917746e+02 7.396630993150685072e+02
6.214430107526882239e+02 7.404120430107526545e+02
6.218398972602740287e+02 7.410128424657534651e+02
6.220059347181008889e+02 7.414489190334887780e+02
6.229852008456659860e+02 7.415902748414375765e+02
6.242152542372881499e+02 7.417288135593220204e+02
6.248660752006759367e+02 7.420033798056612113e+02
6.260144067796610443e+02 7.424275423728813621e+02
6.268339702760084720e+02 7.426891719745223099e+02
6.274951291825498174e+02 7.429817873782295692e+02
6.282574215436810618e+02 7.434062765055131194e+02
6.288542820622070622e+02 7.433481039625053199e+02
6.289208847299021272e+02 7.434287537218204989e+02
6.280109797297296836e+02 7.435401182432432279e+02
