6.167264015333014413e+02 7.373775754671777349e+02
6.194484489051094442e+02 7.383298357664233436e+02
6.221104803493449253e+02 7.397650655021834609e+02
6.252395437262357518e+02 7.413671313899450297e+02
6.261725589225588919e+02 7.414633838383838338e+02
6.255140032948928592e+02 7.420543657331136274e+02
6.233527939949958636e+02 7.421893244370309048e+02
6.211581611134541845e+02 7.417207929143821730e+02
6.186443586443585900e+02 7.407486057486057689e+02
6.149977507872245042e+02 7.399374718848403063e+02
6.105747232472324413e+02 7.394958487084870740e+02
6.080213928083750261e+02 7.394833864360491589e+02
6.086991728341314456e+02 7.394893339138005786e+02
6.112326689774696433e+02 7.397318024263431653e+02
6.132274290627686923e+02 7.396031814273430882e+02
6.140519705500216787e+02 7.394798614118666364e+02
6.118671742808799081e+02 7.405791032148899831e+02
6.127107925801011561e+02 7.411395446880269446e+02
6.155703324808183652e+02 7.411760443307757669e+02
6.176943858168003771e+02 7.414727733220768187e+02
6.188213689482470272e+02 7.417333055091819460e+02
6.207100466299278878e+02 7.412496820686731098e+02
6.219467405198125789e+02 7.409194716659565074e+02
6.221286271113035582e+02 7.405114768297964929e+02
6.210008924587237971e+02 7.402034805890227744e+02
6.184530310041646999e+02 7.389472466450716865e+02
6.162409985597695368e+02 7.386677868458953071e+02
6.159089635854342077e+02 7.385826330532213433e+02
6.179287011807447243e+02 7.394046321525885332e+02
6.209898901098900978e+02 7.402079120879120637e+02
6.242413229889750710e+02 7.421674152715394257e+02
6.253744475693049480e+02 7.427336279630374065e+02
6.234848732624693639e+02 7.424366312346688801e+02
