6.142705882352940989e+02 7.398273109243697263e+02
6.151717894736841572e+02 7.399498947368421113e+02
6.162105711849957288e+02 7.398439897698209506e+02
6.167737843551797141e+02 7.401078224101479464e+02
6.170203821656050422e+02 7.401847133757961501e+02
6.170160405234275913e+02 7.405073870831574823e+02
6.169414470932664472e+02 7.405144291091593232e+02
6.169152256431884780e+02 7.402142555883593786e+02
6.169743157894737351e+02 7.404926315789473392e+02
6.183085106382978893e+02 7.405093617021276486e+02
6.203518204911092653e+02 7.405567315834039164e+02
6.222027911033580949e+02 7.403013519406890737e+02
6.225273353422298896e+02 7.405454154111063190e+02
6.226128061882251359e+02 7.408556080790717715e+02
6.217039106145251708e+02 7.409226471852169880e+02
6.211265060240963294e+02 7.409948364888124388e+02
6.206702172986791766e+02 7.412667234767789068e+02
6.206581632653061433e+02 7.412563775510203641e+02
6.208378033205619886e+02 7.411647509578543804e+02
6.207024722932651457e+02 7.409974424552430037e+02
6.197653018151119113e+02 7.411228366399324159e+02
6.186945147679324464e+02 7.411632911392405276e+02
6.180956192080876690e+02 7.411836562763269285e+02
6.172970799830724218e+02 7.409115531104528145e+02
6.172880641079713087e+02 7.409042598059889997e+02
6.181010482180294048e+02 7.407584905660377217e+02
6.190874430169913012e+02 7.408168255283878807e+02
6.194595375722543622e+02 7.405569777043765498e+02
6.191156606162937805e+02 7.401211481637822089e+02
6.181631623212783779e+02 7.400403700588730089e+02
6.173182007496876622e+02 7.401461890878800887e+02
6.164752642706131383e+02 7.395171247357293396e+02
6.165177364864864558e+02 7.393627533783783292e+02
6.172917019475021334e+02 7.388852667231160467e+02
6.182960940781184718e+02 7.387811843763124671e+02
6.183853904282116218e+02 7.385054575986565624e+02
6.179588408231835501e+02 7.380575388492229649e+02
6.180089399744572347e+02 7.378756917837378069e+02
6.175292360221937997e+02 7.379116517285531245e+02
6.173031209918768809e+02 7.378277041470713584e+02
6.174784831700042105e+02 7.375845760545377061e+02
6.181143958868894970e+02 7.374288774635817845e+02
6.183889365351629976e+02 7.373310463121783869e+02
6.181032229965156830e+02 7.373344947735191681e+02
6.174091104426299808e+02 7.375801461108724197e+02
6.168703624733475408e+02 7.377765458422175016e+02
6.156668092386655644e+02 7.378310521813515379e+02
6.150322580645160997e+02 7.380520430107526408e+02
6.151023554603854109e+02 7.384509635974303592e+02
6.163701216953420499e+02 7.391867394041124726e+02
6.176259023354564306e+02 7.390059447983014707e+02
6.177679324894514821e+02 7.391746835443037753e+02
6.167125523012551866e+02 7.395891213389121503e+02
6.156076759061833172e+02 7.389970149253731506e+02
6.157731164383561691e+02 7.391609589041096342e+02
6.161318449873631380e+02 7.393593091828138313e+02
6.170478813559321907e+02 7.388999999999999773e+02
6.180193602693602770e+02 7.386502525252525402e+02
6.182575503355704996e+02 7.390457214765100389e+02
6.182103305785124121e+02 7.390095041322314273e+02
6.182713145737085370e+02 7.386610667786644626e+02
6.179848484848484986e+02 7.386607744107743656e+02
6.175125265392781557e+02 7.383452229299363125e+02
6.172847486269539559e+02 7.382657372201098269e+02
6.174930232558139096e+02 7.384266384778012480e+02
6.183078216989066505e+02 7.381749369217830008e+02
6.192716315109771585e+02 7.380099009900990268e+02
6.192303107705406546e+02 7.379876543209876445e+02
6.184567741935484264e+02 7.376283870967741905e+02
6.172428142428142337e+02 7.376542256542256837e+02
6.158665808665808754e+02 7.379313599313599070e+02
6.156527178602243566e+02 7.373533218291630646e+02
6.164507346585997993e+02 7.374732065687121576e+02
6.178967156439066457e+02 7.379036300777873976e+02
6.179023758099351653e+02 7.385468682505400011e+02
6.170946345585128938e+02 7.389087452471483175e+02
6.168182984181273696e+02 7.387682770414706965e+02
6.157464013547840977e+02 7.393780694326841285e+02
6.154240748617609142e+02 7.393862186303700810e+02
6.156319148936170222e+02 7.394680851063830005e+02
6.163633646456020188e+02 7.396942783945345354e+02
6.171381802721087979e+02 7.396934523809524080e+02
6.177952822240943078e+02 7.400994102780117601e+02
6.181011955593510265e+02 7.400179333902647159e+02
6.179517617449664613e+02 7.403267617449664613e+02
6.178647627047458855e+02 7.401175976480470808e+02
6.179126712328767326e+02 7.400577910958903658e+02
6.179914163090128341e+02 7.402781115879828349e+02
6.199402985074626713e+02 7.401087420042643998e+02
6.217592433361994608e+02 7.401960447119517994e+02
6.225191001697793354e+02 7.408578098471986095e+02
6.225979513444302711e+02 7.407737942808365688e+02
6.216522678185745008e+02 7.407840172786177391e+02
6.199926724137931160e+02 7.409461206896551175e+02
