6.193760171306209941e+02 7.395430406852248097e+02
6.204366848969289094e+02 7.401241060159865128e+02
6.216281557552417780e+02 7.397877620881472467e+02
6.226754126110876086e+02 7.400486669487938798e+02
6.235587248322148071e+02 7.401098993288591146e+02
6.234957877000842927e+02 7.399435551811288860e+02
6.226389469285415998e+02 7.400351023819473539e+02
6.213711295246401960e+02 7.389646750981247578e+02
6.199407216494845443e+02 7.393917525773196076e+02
6.186383986224709588e+02 7.391984502798105723e+02
6.174884832681442504e+02 7.389534984789222563e+02
6.164455184534270984e+02 7.388409490333918939e+02
6.162879512831666489e+02 7.388316659417138226e+02
6.165099337748343942e+02 7.384578366445915663e+02
6.169845747025120772e+02 7.384208902600264537e+02
6.177565366480926059e+02 7.382927561080153964e+02
6.191335311572699993e+02 7.382793556591776678e+02
6.193775000000000546e+02 7.383637499999999818e+02
6.192294317217981643e+02 7.379397794741306598e+02
6.184840871021775683e+02 7.381118090452260958e+02
6.174595055413469709e+02 7.386172208013640557e+02
6.158982035928144114e+02 7.384563729683490010e+02
6.145499351491569087e+02 7.389645482057933350e+02
6.131952610794207885e+02 7.391509433962264666e+02
6.125062797747942795e+02 7.394603724556085353e+02
6.124059233449477233e+02 7.397155923344947723e+02
6.129671196843489724e+02 7.404445418676019699e+02
6.134674709177078284e+02 7.406678155967255179e+02
6.141339897260273801e+02 7.404657534246575779e+02
6.150965957446808261e+02 7.405417021276596188e+02
6.161435789473683826e+02 7.402084210526315928e+02
6.165459183673469852e+02 7.395170068027210846e+02
6.164935389745727434e+02 7.395952480200082846e+02
6.158317327766179687e+02 7.394346555323591019e+02
6.139582806573956759e+02 7.392115465655289199e+02
6.118875000000000455e+02 7.386396551724137680e+02
6.104032674118658406e+02 7.382463456577816032e+02
6.092105263157894797e+02 7.380280701754386428e+02
6.090451977401129398e+02 7.382516297262060334e+02
6.093116036505866759e+02 7.382468491960017900e+02
6.107994825355756348e+02 7.386990081931867280e+02
6.120900473933648982e+02 7.388255062473072030e+02
6.138996569468267808e+02 7.388027444253859812e+02
6.157731914893616931e+02 7.390195744680851249e+02
6.178072742474915913e+02 7.394034280936455161e+02
6.193359899328859228e+02 7.393603187919462698e+02
6.192483221476510380e+02 7.395008389261745378e+02
6.176974294142436293e+02 7.396531816266329997e+02
6.160097872340425056e+02 7.399476595744680480e+02
6.144215436810856090e+02 7.400508905852417456e+02
6.132584800343495317e+02 7.402597681408329890e+02
6.124762516046213250e+02 7.400445014976465927e+02
6.122948773138183469e+02 7.398415841584157988e+02
6.127298456260720059e+02 7.396942538593482368e+02
6.135998271391530352e+02 7.391512532411409211e+02
6.149191270860077339e+02 7.392931108258451331e+02
6.169039692701664990e+02 7.387387964148527999e+02
6.190841708542714059e+02 7.389656616415410326e+02
6.207250209907640510e+02 7.382703610411418822e+02
6.216217895608947401e+02 7.383409279204639688e+02
6.224192719486081842e+02 7.376753747323340349e+02
6.219191238416175338e+02 7.379372367312552115e+02
6.207324486301370143e+02 7.376772260273972961e+02
6.198064516129031745e+02 7.376002615518744960e+02
6.189595782073813552e+02 7.383818101933215985e+02
6.189521739130434526e+02 7.389513043478260670e+02
6.190783348254252587e+02 7.383630259623993197e+02
6.192829853398490059e+02 7.388005330964016366e+02
6.203017958826105769e+02 7.391178274200613032e+02
6.211352282515073284e+02 7.394642549526270159e+02
6.227647058823529278e+02 7.400285592497868947e+02
6.244412510566356787e+02 7.399315300084531373e+02
6.253988044406489735e+02 7.395755764304013837e+02
6.251945968763191104e+02 7.399586323343182812e+02
6.244645904436860064e+02 7.396753412969283090e+02
6.235657505285412299e+02 7.399429175475687543e+02
6.225956354300385556e+02 7.396585365853658232e+02
6.217601380500431105e+02 7.394874892148403660e+02
6.206964769647696585e+02 7.383048780487804379e+02
6.199333629498000846e+02 7.384100399822301597e+02
6.199382071366405853e+02 7.387423846823324993e+02
