6.192088580112896352e+02 7.389804602692140634e+02
6.216282161234991008e+02 7.393949399656946753e+02
6.226352646936223891e+02 7.402530220925385720e+02
6.216383701188455007e+02 7.401621392190153301e+02
6.202122004357298692e+02 7.400056644880173735e+02
6.200641803989592518e+02 7.397168256721595299e+02
6.189970313825275525e+02 7.398261238337573786e+02
6.180509803921568164e+02 7.387464052287581353e+02
6.178747271933652883e+02 7.386377127891749979e+02
6.178572675687472611e+02 7.388380619816673516e+02
6.186474190726158895e+02 7.394015748031496287e+02
6.198184588593818489e+02 7.402094035698737571e+02
6.209860809047412431e+02 7.399456285341452713e+02
6.207394957983193535e+02 7.395289694825298739e+02
6.202076550813902713e+02 7.391113066432028518e+02
6.199991330732552797e+02 7.391599479843953304e+02
6.203234782608695923e+02 7.391308695652173810e+02
6.201003861003861175e+02 7.398163878163877598e+02
6.198105897546275855e+02 7.398768833405080159e+02
6.187197339246120009e+02 7.389059866962305705e+02
6.187641673931996138e+02 7.389215344376634675e+02
6.192704456945045877e+02 7.389917784508870682e+02
6.203715635738831224e+02 7.388870274914089578e+02
6.210124410124410588e+02 7.394422994422994861e+02
6.194367521367521476e+02 7.402004273504273897e+02
