6.315321285140562395e+02 7.284543172690763413e+02
6.222242524916943012e+02 7.240598006644518136e+02
6.104365721997301080e+02 7.227483130904183781e+02
6.047268170426065126e+02 7.098421052631579187e+02
5.932535885167463903e+02 7.107248803827751544e+02
5.840102915951972591e+02 7.180583190394511348e+02
5.780259259259258897e+02 7.181962962962962820e+02
5.736545454545454277e+02 7.189272727272726797e+02
5.747381386861313786e+02 7.297144160583941357e+02
5.777122747747747553e+02 7.383693693693693376e+02
5.840892942870859770e+02 7.436068170907344665e+02
5.930263157894736423e+02 7.469868421052631220e+02
6.021290184312044858e+02 7.488941277325332067e+02
6.129286045433472054e+02 7.535146036161335132e+02
6.232380675203725104e+02 7.581891734575087867e+02
6.311478968792401929e+02 7.609979647218452783e+02
6.395817584223500489e+02 7.625891536565324031e+02
6.477859259259258806e+02 7.608503703703703422e+02
6.524174022698613271e+02 7.583398486759142543e+02
6.547095926412614517e+02 7.502461673236969091e+02
6.551818923327895163e+02 7.462088091353996333e+02
6.536814814814814554e+02 7.421786008230452580e+02
6.493110367892976456e+02 7.389368729096989910e+02
6.424812471757794583e+02 7.343655671034794068e+02
6.347041725269573362e+02 7.310304735114862069e+02
6.259889879391714658e+02 7.258426848453067350e+02
6.154053464266230549e+02 7.229918166939443154e+02
6.062261345852895147e+02 7.203943661971831034e+02
5.896879999999999882e+02 7.305879999999999654e+02
