6.147623126338329484e+02 7.409323340471091797e+02
6.154900346620451046e+02 7.408700173310224955e+02
6.161703131703131930e+02 7.411025311025310884e+02
6.165110921501706116e+02 7.411416382252559742e+02
6.167672340425532411e+02 7.412578723404254788e+02
6.169768934531450668e+02 7.407933247753529713e+02
6.162192605331040340e+02 7.397682717110919839e+02
6.155115483319076475e+02 7.392365269461078015e+02
6.149105376344085698e+02 7.387397849462365684e+02
6.149361610968294372e+02 7.386431019708654730e+02
6.152664374731414227e+02 7.387571981091533644e+02
6.163287327478042243e+02 7.392797992471769248e+02
6.166923076923077360e+02 7.395632618747372362e+02
6.163953878406708782e+02 7.397698113207546839e+02
6.162381152713504662e+02 7.401703828355069845e+02
6.166676570458404285e+02 7.402784380305603236e+02
6.164895611418832004e+02 7.404678312739667945e+02
6.146040153780435276e+02 7.405173002990175064e+02
6.137271179225201649e+02 7.408752660706683173e+02
6.133514915693904186e+02 7.399286640726329551e+02
6.135722294092281572e+02 7.394704614057783374e+02
6.141393548387096644e+02 7.393556989247312003e+02
6.160582566798073003e+02 7.388291721419185478e+02
6.192559787422497948e+02 7.385469441984056402e+02
6.213795524352785833e+02 7.381351469942957237e+02
6.228368398454272210e+02 7.383675397166165340e+02
6.228040973111395715e+02 7.383918053777208570e+02
6.210811044003451116e+02 7.382187230371009719e+02
6.182630008525148924e+02 7.390592497868713053e+02
6.149534292972057301e+02 7.395838272650296403e+02
6.138210616438356055e+02 7.394199486301370143e+02
6.143131269079808590e+02 7.396764064544265693e+02
6.159095972579262934e+02 7.404305912596400958e+02
6.171485148514851744e+02 7.400710288420145844e+02
6.179538066723695238e+02 7.400457656116338967e+02
6.181747243426632394e+02 7.408184902459711338e+02
6.181958191126279871e+02 7.405490614334471502e+02
6.172119402985074430e+02 7.399023454157781998e+02
