6.238987941429801367e+02 7.369896640826873409e+02
6.242649462365591262e+02 7.369479569892473592e+02
6.243909410729991123e+02 7.364608619173262696e+02
6.248757602085142935e+02 7.365343179843614507e+02
6.257017771998266653e+02 7.370355439965322830e+02
6.252020815264527300e+02 7.369514310494362235e+02
6.251916271040138326e+02 7.370453172205437795e+02
6.255707485936824241e+02 7.372336650800518782e+02
6.254441591784338925e+02 7.374839537869063406e+02
6.250195312500000000e+02 7.371792534722221717e+02
6.247463644140291308e+02 7.375068434559452726e+02
6.246780383795309035e+02 7.374950959488272701e+02
6.241451266638042625e+02 7.375057964791756149e+02
6.230568760611205334e+02 7.381948217317486751e+02
6.229943892965040959e+02 7.382637030643072649e+02
6.228126361655773735e+02 7.378061002178649233e+02
6.220975719424460522e+02 7.374991007194244048e+02
6.213096802452912470e+02 7.378896189224703903e+02
6.210103270223752361e+02 7.382207401032702592e+02
6.205091543156058833e+02 7.387301656495204725e+02
6.199549588566478633e+02 7.389003897791251347e+02
6.195061518879931555e+02 7.393271107339838863e+02
6.191220556745181511e+02 7.394175588865095961e+02
6.180587226746678198e+02 7.393381911701671925e+02
6.170119250425893824e+02 7.396597103918228413e+02
6.165821083578327944e+02 7.398248635027299542e+02
6.156173619890433883e+02 7.398310155920775060e+02
6.139309596178896982e+02 7.399587494572297146e+02
6.125396963123644127e+02 7.402412147505423263e+02
6.118539861351820264e+02 7.404133448873483303e+02
6.105288003464703479e+02 7.405145084452143465e+02
6.087936305732483788e+02 7.409363057324841293e+02
6.080154109589041127e+02 7.408561643835616906e+02
6.068491048593350570e+02 7.410132139812446894e+02
6.041825192802056108e+02 7.412609254498714790e+02
6.038787489288774850e+02 7.411846615252784432e+02
6.035159914712153295e+02 7.413441364605544095e+02
6.027211864406779114e+02 7.417326271186440181e+02
6.023782739373122013e+02 7.414448261056247702e+02
6.022682403433476566e+02 7.416150214592274779e+02
6.020167669819433058e+02 7.415834049871023126e+02
6.015074626865671235e+02 7.421360341151386137e+02
6.012163317657118569e+02 7.425643437366395574e+02
6.006982905982905550e+02 7.428645299145299532e+02
6.002766595289078850e+02 7.426167023554603475e+02
6.002951314088754771e+02 7.425570874623007285e+02
6.004053938356164508e+02 7.426190068493150420e+02
6.003251377702416676e+02 7.429300551080966670e+02
5.998016949152541883e+02 7.432398305084745971e+02
5.996480235492009569e+02 7.437603027754415734e+02
6.006748726655348491e+02 7.435904074702885964e+02
6.008036394413880998e+02 7.437744392721117492e+02
6.010833333333333712e+02 7.437723367697594767e+02
6.018397600685518682e+02 7.436208226221079940e+02
6.026866840731070170e+02 7.436871192341166079e+02
6.028276604911676486e+02 7.441835415769064639e+02
6.035881590319792167e+02 7.445319792566983779e+02
6.044647463456577725e+02 7.444793637145313596e+02
6.050240653201547048e+02 7.445599484314568599e+02
6.055811965811965365e+02 7.446594017094016635e+02
6.068521217316759930e+02 7.442828975567938414e+02
6.081697464546626861e+02 7.440369574559518924e+02
6.081335067186822698e+02 7.443519722583441762e+02
6.088607868568958565e+02 7.444284479031560977e+02
6.097256521739130903e+02 7.445369565217391710e+02
6.098362548097477429e+02 7.446669516887558302e+02
6.097757654161276832e+02 7.443975851660197804e+02
6.103747877758913774e+02 7.439397283531409357e+02
6.109557939914162716e+02 7.438034334763948436e+02
