6.159872134038801050e+02 7.379016754850088091e+02
6.149550311665182107e+02 7.381371326803205193e+02
6.136902887139107179e+02 7.387602799650044290e+02
6.130905528950805774e+02 7.387326948193295948e+02
6.119569377990430894e+02 7.390674206176598773e+02
6.108551099611901236e+02 7.396558861578266715e+02
6.107545297670405944e+02 7.401035375323555172e+02
6.113982646420823812e+02 7.402060737527115180e+02
6.120786660966224417e+02 7.406643864899530172e+02
6.125787418655097554e+02 7.402321041214750039e+02
6.135072210065645777e+02 7.398962800875273160e+02
6.143890814558059219e+02 7.401724436741767477e+02
6.153584574934268403e+02 7.401165644171778695e+02
6.161850564726324819e+02 7.403731537793223652e+02
6.179721132897603866e+02 7.400732026143790563e+02
6.189925796595373413e+02 7.395879528590135124e+02
6.204371727748690546e+02 7.396636125654450780e+02
6.214096069868995755e+02 7.394908296943231107e+02
6.226401746724891382e+02 7.395161572052401198e+02
6.235813226094727497e+02 7.387386058981232964e+02
6.233605472197705240e+02 7.387846425419240859e+02
6.222218246869409768e+02 7.380702146690518930e+02
6.211227678571428896e+02 7.378647321428571786e+02
6.198131868131868032e+02 7.374702380952380736e+02
6.183999104343931776e+02 7.376932377966860486e+02
6.169753537197626656e+02 7.368539479689638938e+02
6.148875055580257367e+02 7.375726989773232845e+02
6.137298494242692186e+02 7.380845881310895038e+02
6.133456361267911916e+02 7.389244463742943481e+02
6.123847835592479214e+02 7.391853957149103280e+02
6.107675341861490779e+02 7.395363917071018705e+02
