6.152939419795221738e+02 7.395068259385665215e+02
6.135900862068965580e+02 7.391129310344828127e+02
6.129180187873612340e+02 7.394081981212639221e+02
6.128700421940927754e+02 7.397303797468354105e+02
6.128960437710437645e+02 7.400816498316498837e+02
6.129259259259259807e+02 7.401031144781144349e+02
6.129409282700421500e+02 7.399915611814345766e+02
6.117649519029694147e+02 7.400313676286073132e+02
6.108430207891387909e+02 7.398044123886296575e+02
6.096011211729193064e+02 7.391448900388098764e+02
6.088784413384158825e+02 7.396476069462091800e+02
6.084934405416843219e+02 7.395628438425729883e+02
6.087484116899619266e+02 7.398000847098686563e+02
6.098977079796264889e+02 7.398535653650254744e+02
6.115000000000000000e+02 7.400105752961082999e+02
6.124124740124740356e+02 7.402760914760914375e+02
6.127313495389773834e+02 7.401248952221291120e+02
6.129459459459459367e+02 7.395070785070785178e+02
6.133865979381442912e+02 7.394420103092783165e+02
6.135582191780821404e+02 7.392435787671232674e+02
6.140394569367840631e+02 7.396291896478574017e+02
6.151432214194645667e+02 7.394836379090522769e+02
6.165027484143763559e+02 7.395065539112050601e+02
6.189135111876075825e+02 7.394935456110155201e+02
6.212361872627583352e+02 7.394808097849008846e+02
6.228582910321489408e+02 7.393807106598984547e+02
6.229991467576792274e+02 7.392235494880545730e+02
6.235723570190641567e+02 7.389601386481801910e+02
6.239913419913419830e+02 7.391701298701299265e+02
6.251117342536670094e+02 7.391906816220880501e+02
6.264769892473118489e+02 7.395260215053763204e+02
6.279411016949152327e+02 7.398491525423728490e+02
6.298118096856414923e+02 7.397595581988105096e+02
6.306035279294413840e+02 7.398479630407391596e+02
6.302165169020111080e+02 7.397436884895164440e+02
6.281604938271605079e+02 7.392703277990634660e+02
6.265706359368331277e+02 7.394519846350832495e+02
6.254077290490664609e+02 7.392053842813721758e+02
6.246337059329321164e+02 7.392764402407566422e+02
6.243567774936061596e+02 7.396410912190963245e+02
6.239412265758091962e+02 7.394970187393525975e+02
6.239382978723403994e+02 7.397276595744681345e+02
6.227988240235195008e+02 7.397967240655186743e+02
6.219235019124521386e+02 7.392316192095197493e+02
6.195751072961373893e+02 7.388712446351930794e+02
6.172829373650107527e+02 7.386820734341253001e+02
6.156778783958602617e+02 7.387460112117291828e+02
6.146585470085469751e+02 7.390747863247863734e+02
6.147026571067060559e+02 7.395803458456347244e+02
6.143898163606010030e+02 7.398080133555926068e+02
6.141859793814433033e+02 7.399323711340206273e+02
6.138612380556709240e+02 7.400257582052347516e+02
6.130305567182921322e+02 7.397459187944746191e+02
6.118805532271584298e+02 7.398310980720872294e+02
6.093493208828523393e+02 7.395288624787775689e+02
