6.284594251901944517e+02 7.390469146238376652e+02
6.281796157059314964e+02 7.387635756056808987e+02
6.272075873827792520e+02 7.383009377664109252e+02
6.263648705982180900e+02 7.380063640220619163e+02
6.256626967247979110e+02 7.384249255635899090e+02
6.245109395109394654e+02 7.388253968253968651e+02
6.236677994902294131e+02 7.392897196261682211e+02
6.235466835656949343e+02 7.398343895226024642e+02
6.238385726423109645e+02 7.397718776550552775e+02
6.246403281519861821e+02 7.388631260794472837e+02
6.247435897435897232e+02 7.389175213675213172e+02
6.246976149914821690e+02 7.386409710391823182e+02
6.247571489543320240e+02 7.384758856167306931e+02
6.248327601031813856e+02 7.382158211521925750e+02
6.247553373185311330e+02 7.385465414175918113e+02
6.247477631018321063e+02 7.386651043885811987e+02
6.249141886151231802e+02 7.387395921835174022e+02
6.249588336192109637e+02 7.389532590051458101e+02
6.250016913319238938e+02 7.389281183932346266e+02
6.251810856658185003e+02 7.390059372349448950e+02
6.253888412017167866e+02 7.386253218884120315e+02
6.252942686056458115e+02 7.382275449101796312e+02
6.252911714770798426e+02 7.380076400679116659e+02
6.253544680851064186e+02 7.380736170212766183e+02
6.252708595387840660e+02 7.384859538784066899e+02
6.245845634753268314e+02 7.388190636862083238e+02
6.239612601106854299e+02 7.393925074499786660e+02
6.236262156448202632e+02 7.396173361522198775e+02
6.230155266470835613e+02 7.400138480906420000e+02
6.226790071518721561e+02 7.395393352965922986e+02
6.220496424063945824e+02 7.393904080774085514e+02
6.218056146320714106e+02 7.391152700978307166e+02
6.217478777589134324e+02 7.390182512733446174e+02
6.210240756663800994e+02 7.386190885640584156e+02
6.201915161696765608e+02 7.395111297774044488e+02
6.190101010101010388e+02 7.397929292929293297e+02
6.174128248113997870e+02 7.404258172673930858e+02
6.165905315614618303e+02 7.406698504983388602e+02
6.158119983100971240e+02 7.401774397972116049e+02
6.151541369172616669e+02 7.402020159596808071e+02
6.144101809002944492e+02 7.398872528397139376e+02
6.140673199829569739e+02 7.394925436727737633e+02
6.143084072665822077e+02 7.394672581326573209e+02
6.142021675698207446e+02 7.396948728636931492e+02
6.134005985463873003e+02 7.393967507481829671e+02
6.122703972661255420e+02 7.398799658265697872e+02
6.113947368421053170e+02 7.400891341256366331e+02
6.104350234341712849e+02 7.401563698338304675e+02
6.093892902677432630e+02 7.400148746281342937e+02
6.086507936507936165e+02 7.401244778613199742e+02
6.081850758853288426e+02 7.400421585160202085e+02
6.090458636948135336e+02 7.393587655379340049e+02
6.104366869037294236e+02 7.388143972246314206e+02
6.117769360269360277e+02 7.395770202020202078e+02
6.124340175953078642e+02 7.400930037704231381e+02
6.125956467141063513e+02 7.404746755964838485e+02
6.124473462510530908e+02 7.406356360572872291e+02
6.122960000000000491e+02 7.407987368421053134e+02
6.115245901639344765e+02 7.406485918453131490e+02
6.113065263157894833e+02 7.397229473684210461e+02
6.117149473684210079e+02 7.396029473684210416e+02
6.125299073294019081e+02 7.393702611625948293e+02
6.126391009329940971e+02 7.392141645462255610e+02
6.129190578158458038e+02 7.393297644539615021e+02
6.129732028923862117e+02 7.397681837515950747e+02
6.128012022327178556e+02 7.401103477887505733e+02
6.126184995737424970e+02 7.404590792838874904e+02
6.125990606319385279e+02 7.404876174210077124e+02
6.125964987190435522e+02 7.403723313407343767e+02
6.124294926913155450e+02 7.404174548581255522e+02
6.125857385398981023e+02 7.404146859083191430e+02
6.125014786649767302e+02 7.401634980988593497e+02
6.125515771526002027e+02 7.400404944586530291e+02
6.124146859083191430e+02 7.403225806451613380e+02
6.123296749683411235e+02 7.408079358379062569e+02
6.121710193765795793e+02 7.409734625105307941e+02
6.119814189189189619e+02 7.408999155405405190e+02
6.121065643648763626e+02 7.409901960784313815e+02
6.122023146163737692e+02 7.408859837119588292e+02
6.125710549258936908e+02 7.406791630340017036e+02
6.131486779367143072e+02 7.399978326831383129e+02
6.139125541125540622e+02 7.393974025974025608e+02
6.142097931616715414e+02 7.395555086534402562e+02
6.144475465313029190e+02 7.395782571912013736e+02
6.150063938618925476e+02 7.400294117647058556e+02
6.158857264231096451e+02 7.405590484282073476e+02
6.162810650887573729e+02 7.408875739644970508e+02
6.173006902502156663e+02 7.402838654012078905e+02
6.186186404446344795e+02 7.400487387772552665e+02
6.193861512319456324e+02 7.394672897196261374e+02
6.201913527397259713e+02 7.391639554794520564e+02
6.204210298572046440e+02 7.387780181739507270e+02
6.209812390924956844e+02 7.387382198952880117e+02
6.220767572229409552e+02 7.389909443725744040e+02
6.231054888507718488e+02 7.393297598627787011e+02
6.248145610278372715e+02 7.391635974304068668e+02
6.258544383676903635e+02 7.397791333613798770e+02
6.278745644599302977e+02 7.387635017421603152e+02
6.287039106145251708e+02 7.390648904168457420e+02
6.295132252559726567e+02 7.389837883959044120e+02
6.295946413137423860e+02 7.386858254105445667e+02
6.288225945017181857e+02 7.386670962199312953e+02
6.271532188841201787e+02 7.384648068669528129e+02
6.265903821382568140e+02 7.388188063546587045e+02
6.261785102739726199e+02 7.389987157534246762e+02
6.262706284737066653e+02 7.392843095339889032e+02
6.263690932311621964e+02 7.398190719455087674e+02
6.272258201959948565e+02 7.399522795057520170e+02
6.282334745762711918e+02 7.395364406779660840e+02
6.285864093959731917e+02 7.397990771812080766e+02
6.283612054329371404e+02 7.393429541595925230e+02
6.276513918629550517e+02 7.387563169164882311e+02
6.268297781569965537e+02 7.389159556313993562e+02
6.259313009875482976e+02 7.389699441820523589e+02
6.249467405198125789e+02 7.393719642096293683e+02
6.246999567661046058e+02 7.397254647643752605e+02
6.248430782459157626e+02 7.397235597592433578e+02
6.254377700950734607e+02 7.393777009507346065e+02
6.257333049766057229e+02 7.395048915355167765e+02
6.258988095238095184e+02 7.393971088435374668e+02
6.261494057724958111e+02 7.393056027164685702e+02
6.266138782460621997e+02 7.391183482332908170e+02
6.266508273228680537e+02 7.391820110309715801e+02
6.263520236087689455e+02 7.394089376053963178e+02
6.264578262694083151e+02 7.394960134284515334e+02
6.266281236764083360e+02 7.392418466751377082e+02
6.266367864693446563e+02 7.393716701902748127e+02
6.268097872340425738e+02 7.391978723404255334e+02
6.271281062553556467e+02 7.392750642673521497e+02
6.269100169779286489e+02 7.390123089983021600e+02
