6.237444821731749016e+02 7.405123089983021600e+02
6.244713861805850001e+02 7.393789741415854451e+02
6.239448421052632057e+02 7.386324210526315710e+02
6.223852354688162904e+02 7.374853627492575470e+02
6.216659556313993562e+02 7.367171501706484378e+02
6.216210123351764878e+02 7.362041684389621423e+02
6.219706375838926533e+02 7.362281879194630392e+02
6.226600422832981394e+02 7.361695560253699568e+02
6.227293715262933347e+02 7.365946985891406484e+02
6.224288747346072341e+02 7.374042462845010277e+02
6.216292229729730252e+02 7.388091216216216708e+02
6.210150021431633149e+02 7.396146592370338340e+02
6.211468441391155011e+02 7.408115070845856280e+02
6.222543303760033950e+02 7.418956485002112231e+02
6.229509928179129474e+02 7.428559357836924164e+02
6.232231514084506898e+02 7.425563380281689660e+02
6.225816151202749325e+02 7.432160652920962320e+02
6.218647812638090500e+02 7.434087494476358415e+02
6.206365224989077660e+02 7.439117518567060188e+02
6.195281141868512123e+02 7.435168685121107046e+02
6.188336923739767599e+02 7.431111589831969013e+02
6.179510729613733702e+02 7.428025751072960929e+02
6.164025075659317281e+02 7.415520968439255967e+02
6.137060085836909593e+02 7.409789699570815174e+02
6.111618843683083924e+02 7.398299785867237688e+02
6.092389342501074907e+02 7.390163300386764149e+02
6.078671416596814652e+02 7.384203688181056577e+02
6.071060159865376136e+02 7.373681110643668717e+02
6.069169126950653208e+02 7.368215942640235880e+02
6.068916112956810593e+02 7.367196843853820383e+02
6.069462723865055978e+02 7.365331112036651575e+02
6.079482323232323324e+02 7.362411616161616621e+02
6.091392033542977060e+02 7.370914046121592946e+02
6.104635264693622503e+02 7.378887036265110737e+02
6.125981735159817845e+02 7.383794105437940516e+02
6.149599147121534770e+02 7.385428571428570876e+02
6.179591578947367907e+02 7.398025263157894642e+02
6.194394129979035597e+02 7.406691823899370775e+02
6.203716814159291744e+02 7.413168984407922153e+02
6.206793088916982697e+02 7.422300884955752736e+02
6.213017979452055215e+02 7.427221746575341967e+02
6.232584269662921770e+02 7.427566983578219606e+02
6.240571177504393745e+02 7.426098418277680366e+02
6.241638986013986141e+02 7.427342657342657049e+02
6.240921739130434389e+02 7.430078260869564701e+02
6.232756244616709864e+02 7.428316106804478522e+02
6.229188948306594966e+02 7.417401960784313815e+02
6.227548638132295764e+02 7.416078685689581107e+02
6.237655709342560613e+02 7.401336505190311073e+02
6.245494223363285755e+02 7.391206675224647142e+02
6.243532423208191631e+02 7.381962457337883734e+02
6.232253699788583390e+02 7.375987315010570455e+02
6.225128644939965170e+02 7.365433104631217702e+02
6.221976351351351013e+02 7.360337837837837469e+02
6.221692436272461464e+02 7.360405348934391441e+02
6.225484810653349541e+02 7.361219309196836775e+02
6.232069550466496821e+02 7.359478371501272704e+02
6.218772669759595146e+02 7.374453816954871854e+02
