6.165113393239195148e+02 7.393068035943517771e+02
6.197878395860284400e+02 7.393786114704613510e+02
6.230004387889425743e+02 7.393813075910486532e+02
6.248542210617928276e+02 7.392432550043515675e+02
6.250508620689655572e+02 7.393577586206896513e+02
6.234727818259751757e+02 7.389249892841834253e+02
6.208669864805931411e+02 7.384840819886611598e+02
6.173863933711295431e+02 7.378587003924989176e+02
6.136299654576856710e+02 7.371627806563039940e+02
6.109573626373626212e+02 7.364316483516483913e+02
6.104516815666240745e+02 7.367458492975733861e+02
6.101191289496157424e+02 7.358210930828352048e+02
6.110017256255392795e+02 7.356876617773942826e+02
6.130082037996545523e+02 7.356221934369602877e+02
6.159934007919049463e+02 7.355882094148702208e+02
6.183208626760563220e+02 7.358838028169013796e+02
6.195714285714285552e+02 7.359285714285714448e+02
6.202340425531914434e+02 7.357393617021276668e+02
6.199657744624835232e+02 7.359556823168055644e+02
6.182419354838709751e+02 7.351107236268526322e+02
6.143886500429922535e+02 7.349746345657781603e+02
6.114732957012591896e+02 7.346430742509769516e+02
6.094969723183390897e+02 7.346526816608997024e+02
6.084435831180016976e+02 7.345460809646856433e+02
6.087422813036021125e+02 7.348173241852487081e+02
6.102437337942956219e+02 7.348833189282627245e+02
6.137157757496740942e+02 7.349435028248587969e+02
6.167557349192862830e+02 7.358568394222600091e+02
6.197256017505470709e+02 7.359711159737418029e+02
6.216755226480836427e+02 7.365783972125435639e+02
6.228282871972318162e+02 7.369173875432526302e+02
6.228584946236559290e+02 7.369690322580645443e+02
6.212108667529107606e+02 7.365329883570504990e+02
6.192567278940623510e+02 7.365591627509611499e+02
6.170480480480480310e+02 7.360025740025739651e+02
6.144347461183382393e+02 7.361640788921527019e+02
6.132264793529161579e+02 7.360276713495104559e+02
6.130916955017301007e+02 7.359545847750864596e+02
6.145306748466257432e+02 7.359329535495179471e+02
6.165247311827956764e+02 7.367346236559139925e+02
6.192662026968247346e+02 7.370635058721182986e+02
6.229624676445210980e+02 7.379689387402933107e+02
6.253632795464457104e+02 7.383432184910597016e+02
6.267412167952013533e+02 7.393084832904884252e+02
6.266969309462915589e+02 7.398439897698209506e+02
6.255160599571734110e+02 7.398843683083512133e+02
6.230135650699448888e+02 7.402132259431962211e+02
6.193782211138819775e+02 7.402747298420615607e+02
6.166416910841355730e+02 7.402662201758057563e+02
6.142444444444444116e+02 7.404947589098532035e+02
6.136627516778523841e+02 7.409014261744966916e+02
6.146077604386334770e+02 7.410615773935048765e+02
6.166841004184100257e+02 7.419866108786610539e+02
6.193868644067796367e+02 7.425838983050847446e+02
6.228413299663300222e+02 7.434793771043771358e+02
6.280152155536770806e+02 7.444353338968724074e+02
6.287780580075661874e+02 7.449361076082387854e+02
6.279952789699570985e+02 7.448583690987125010e+02
6.255677530017152321e+02 7.449755574614065381e+02
6.228651781880635099e+02 7.443829969944182494e+02
6.195504664970313797e+02 7.441111111111110858e+02
6.172550335570469997e+02 7.439035234899329225e+02
6.158712624584717332e+02 7.441652823920265973e+02
6.158064784053156018e+02 7.443181063122923433e+02
6.175772256728778302e+02 7.450658385093167908e+02
6.194588673005374631e+02 7.458925175692435232e+02
6.220308261405672283e+02 7.462630497328401589e+02
6.246218521527213170e+02 7.471584077985377235e+02
6.263223954060705410e+02 7.470319934372436137e+02
6.268014888337469301e+02 7.473961952026468225e+02
6.257758196721310924e+02 7.467401639344262776e+02
6.243456125827814276e+02 7.462868377483443965e+02
6.219602813405047073e+02 7.459035995035167161e+02
6.191214109926169158e+02 7.460155865463494820e+02
6.170214344600165077e+02 7.450787304204451402e+02
6.156148365465213601e+02 7.446592623637887982e+02
6.152461345591308373e+02 7.445754283326368750e+02
6.164581218274112189e+02 7.442563451776650254e+02
6.188656527249682995e+02 7.444148711449091707e+02
6.219887076537013400e+02 7.445792555416144296e+02
6.241323777403035820e+02 7.447643338954468391e+02
6.259007506255212547e+02 7.448949124270225184e+02
6.258097418817651487e+02 7.449562864279766927e+02
6.245961457896942193e+02 7.437193129451194409e+02
6.220112500000000182e+02 7.432970833333333758e+02
6.185363598150482858e+02 7.422017654476670714e+02
6.157746952501050828e+02 7.416410256410256352e+02
6.129809805579036492e+02 7.411081994928148333e+02
6.115207125103562475e+02 7.408032311516155914e+02
6.108405260994657056e+02 7.403937525688450023e+02
6.120305214073759998e+02 7.393204747774481120e+02
6.153666239863423471e+02 7.392646180110968999e+02
6.182828111769687212e+02 7.395546147332769351e+02
6.210555318240068345e+02 7.397419906023067142e+02
6.241658868566566980e+02 7.399115270097830717e+02
6.254076923076922867e+02 7.398547008547008090e+02
6.252204323866044433e+02 7.397469266638405543e+02
6.234138959931798354e+02 7.391376811594202536e+02
6.203472821397756434e+02 7.385396893874029729e+02
6.166305099394986655e+02 7.375229040622299408e+02
6.126059431524547563e+02 7.369608096468562053e+02
6.104920361601377863e+02 7.361829530779165225e+02
6.090548702679710686e+02 7.360119098256061534e+02
6.091105912377711320e+02 7.355946405784771969e+02
6.102399662019433890e+02 7.356814533164342720e+02
6.124654115586689613e+02 7.351042031523642208e+02
6.155335598980458371e+02 7.359927782497876478e+02
6.179161702127659055e+02 7.360034042553191966e+02
6.198163793103448143e+02 7.360668103448275588e+02
6.204338807260155590e+02 7.361184096802073782e+02
6.173495899870522408e+02 7.352231333621061822e+02
