6.157043970396168788e+02 7.377749238136700569e+02
6.155760069294066170e+02 7.379618882633174053e+02
6.157634872680189346e+02 7.385481225722917316e+02
6.167445101351351013e+02 7.393754222972972912e+02
6.184166666666666288e+02 7.392774957698815115e+02
6.195368161250514731e+02 7.392287124640065485e+02
6.205047658516369893e+02 7.391636966431827886e+02
6.210279632721202461e+02 7.390667779632721022e+02
6.206706382978723013e+02 7.389276595744680662e+02
6.187660550458715534e+02 7.396309424520433140e+02
6.170506932409011824e+02 7.390342287694974175e+02
6.162974492001729914e+02 7.391206225680933812e+02
6.162380313199105331e+02 7.385489932885906228e+02
6.160243470562195398e+02 7.381708720672863819e+02
6.151208024422154494e+02 7.384443959877888801e+02
6.143501945525291603e+02 7.386627756160829676e+02
6.145105285775676975e+02 7.386136656639449711e+02
6.156489587760305540e+02 7.393119422014449356e+02
6.175764506565014926e+02 7.394646336298178539e+02
6.188535246939636636e+02 7.396796116504854126e+02
6.202347826086956957e+02 7.403734989648032752e+02
6.215816666666667061e+02 7.403458333333333030e+02
6.226034553681612351e+02 7.403763883175647607e+02
6.238675551853394836e+02 7.403157017909204569e+02
6.242149609535553054e+02 7.404673242909988176e+02
6.243943839061190602e+02 7.399253981559094200e+02
6.246708074534161597e+02 7.401391304347826008e+02
6.240465707027942699e+02 7.395948348856901475e+02
6.231311263972485222e+02 7.395210662080825159e+02
6.215420760358821326e+02 7.397620674925245794e+02
6.194421593830334132e+02 7.399858611825193293e+02
6.181199641897941319e+02 7.391369740376006803e+02
6.176136162687886326e+02 7.393664898320071188e+02
6.174121024734981802e+02 7.393515901060070519e+02
6.175286343612334576e+02 7.393352422907488517e+02
6.177799394725465163e+02 7.398517077388672760e+02
6.177760238907849271e+02 7.404168088737201288e+02
6.179131900547829446e+02 7.412279814580699622e+02
6.185175585284281397e+02 7.416475752508360983e+02
6.202718204488778611e+02 7.418150457190357656e+02
6.215968346522282673e+02 7.419142024156601565e+02
6.216698465367068138e+02 7.419912899211944932e+02
6.212696817420435309e+02 7.416922110552764025e+02
6.198642131979695478e+02 7.412994923857868343e+02
6.197312286689419807e+02 7.408186860068259421e+02
6.198081069426476688e+02 7.406343251401466432e+02
6.200884648742411400e+02 7.396522116218560541e+02
6.194253412969283090e+02 7.395546075085323992e+02
6.179419973833405493e+02 7.395237679895333258e+02
6.169130624726955148e+02 7.400445609436435461e+02
6.160620052770448183e+02 7.399670184696569777e+02
6.155583623693379423e+02 7.402974738675958406e+02
6.157680776014109369e+02 7.403223104056437478e+02
6.157239263803680842e+02 7.404636283961436902e+02
6.159798775153105908e+02 7.403840769903762293e+02
6.164206315789473365e+02 7.412530526315789530e+02
6.171519628535246511e+02 7.412916842549599323e+02
6.179378088962108677e+02 7.420481878088961594e+02
6.184201474201473729e+02 7.423800163800164000e+02
6.188927250308261137e+02 7.422490752157830229e+02
6.196235679214402126e+02 7.421992635024549827e+02
6.206367749897161730e+02 7.419127930892636869e+02
6.207007874015747575e+02 7.415781185246580662e+02
6.192261052631579332e+02 7.408724210526315801e+02
6.173421717171717091e+02 7.403207070707070443e+02
6.149931064196466650e+02 7.393912106850496002e+02
6.131391614629794731e+02 7.384170383586083517e+02
6.121780883678990222e+02 7.382173128944995142e+02
6.122645739910313978e+02 7.382578475336323436e+02
6.123300798580302171e+02 7.384671694764862195e+02
6.124127192982456336e+02 7.388153508771929410e+02
6.127415634344297359e+02 7.393635198633062373e+02
6.137583920430998887e+02 7.399759635308744237e+02
6.156845163968451971e+02 7.400240763802407855e+02
6.179485504287464437e+02 7.402274397713351846e+02
6.187768079800498526e+02 7.402402327514546414e+02
6.187699335548172712e+02 7.401972591362126650e+02
6.185149377593361351e+02 7.403692946058091593e+02
6.185463917525772786e+02 7.405047422680412410e+02
6.187896741430384964e+02 7.398882776132035133e+02
6.187779171894604815e+02 7.402588874947720115e+02
6.186441176470588061e+02 7.397642857142857338e+02
6.182287526427061266e+02 7.393272727272727707e+02
6.180749354005167788e+02 7.390598621877691130e+02
6.172946199829206080e+02 7.389718189581553816e+02
6.167414613056636199e+02 7.388011240812796814e+02
6.162495629370629331e+02 7.383636363636363740e+02
6.163174464363795551e+02 7.386873633581110425e+02
6.162694480660582030e+02 7.387288135593220204e+02
6.165199299167761637e+02 7.386005256241786583e+02
6.167500000000000000e+02 7.388955094991364376e+02
6.168720136518771824e+02 7.392346416382252983e+02
6.175991683991684340e+02 7.398166320166320702e+02
6.191001246364769486e+02 7.397582052347320314e+02
6.205487701441900299e+02 7.393863443596268326e+02
6.216095238095238074e+02 7.394207039337474043e+02
6.226295681063122629e+02 7.394954318936877371e+02
6.220168847615027516e+02 7.390793583790629100e+02
6.208142613151152318e+02 7.389739538855678802e+02
6.187868638538494679e+02 7.392013919095259098e+02
6.177424573677307080e+02 7.390262352426759662e+02
6.177392449517120667e+02 7.388810359964880945e+02
6.178691796008869233e+02 7.386514412416851201e+02
6.172414406402846225e+02 7.383810582481103211e+02
6.166257641921397408e+02 7.386475982532750777e+02
6.162786026200873266e+02 7.387183406113537103e+02
6.185777113578138824e+02 7.391737830913748439e+02
