6.154032604032604468e+02 7.389703989703989464e+02
6.154812717770034851e+02 7.384560104529616638e+02
6.157777777777778283e+02 7.390383290267011489e+02
6.159970161977834096e+02 7.389876385336743851e+02
6.169442553191489651e+02 7.394795744680851612e+02
6.170700256191289554e+02 7.394077711357813314e+02
6.163316369804919077e+02 7.394902459711620395e+02
6.157407407407407618e+02 7.391362433862433363e+02
6.159216733422340440e+02 7.394161103693813857e+02
6.178644605621033179e+02 7.395276518585675376e+02
6.211519929916776164e+02 7.401099430573806330e+02
6.235652173913043725e+02 7.405071028842014584e+02
6.253749471011426522e+02 7.407968683876428031e+02
6.259932375316990374e+02 7.407447168216399405e+02
6.262507526881720423e+02 7.403948387096774013e+02
6.257647058823529278e+02 7.401634948096885864e+02
6.250977282468924159e+02 7.400060008572653487e+02
6.247242123435477197e+02 7.396020716443676974e+02
6.242219827586206975e+02 7.397168103448275360e+02
6.234201183431952131e+02 7.394945054945054608e+02
6.225863503953391955e+02 7.397091136079900480e+02
6.197981340118744811e+02 7.395326547921968086e+02
6.167979363714531473e+02 7.392386070507308204e+02
6.149022687609075319e+02 7.384489528795811566e+02
6.140569675723049841e+02 7.383768624014022635e+02
6.137966768692610913e+02 7.383773502404897044e+02
6.140813043478260624e+02 7.384378260869565338e+02
6.151618150684931834e+02 7.393163527397259713e+02
6.155849546044098588e+02 7.389623865110246470e+02
6.151793760831889131e+02 7.390753899480068867e+02
6.148081420528367289e+02 7.390558683412732535e+02
6.147798442906574792e+02 7.392326989619376718e+02
6.163695937090432153e+02 7.389799038881607203e+02
6.186111591695502057e+02 7.392997404844290941e+02
6.199856358259399940e+02 7.404309252217997255e+02
6.209425239483548467e+02 7.405889212827988786e+02
6.208122909698996637e+02 7.406918896321070633e+02
6.196034628378378102e+02 7.407065033783783292e+02
6.180029991431019880e+02 7.407922022279349221e+02
6.164884329986905414e+02 7.403085988651243952e+02
6.159472984942426592e+02 7.403609388839680605e+02
6.153542757417103530e+02 7.402814136125654159e+02
6.150948497854077459e+02 7.403394849785407814e+02
6.144808421052631502e+02 7.401014736842105322e+02
6.133164230438520690e+02 7.396938950988821944e+02
6.111043402016659911e+02 7.389776413853572876e+02
6.096339869281046049e+02 7.390013071895424446e+02
6.086244444444444071e+02 7.383862222222222726e+02
6.087738147020443193e+02 7.388033927794693909e+02
6.102167235494880515e+02 7.391305460750853626e+02
6.110025412960609401e+02 7.388886065226598703e+02
6.122143157894736305e+02 7.391886315789473656e+02
6.125674769488683751e+02 7.393688181056161284e+02
6.123233305156381903e+02 7.392726120033812549e+02
6.122782719186785698e+02 7.392901313002964798e+02
6.133729847494553269e+02 7.392008714596950085e+02
6.147881794650560323e+02 7.402855910267471700e+02
6.162624671916011039e+02 7.404186351706036930e+02
6.175917289925208706e+02 7.407003959524856782e+02
6.179780739466896193e+02 7.411358555460017215e+02
6.181399141630901113e+02 7.412716738197425457e+02
6.176797274275979817e+02 7.414880749574106176e+02
6.173650862068965353e+02 7.412689655172413268e+02
6.172151289899431958e+02 7.411036292085701689e+02
6.179995654063450274e+02 7.410856149500217498e+02
6.191138246838203258e+02 7.409803750545137291e+02
6.197705406555980971e+02 7.413537675606640960e+02
6.196815689582455207e+02 7.411223112610713315e+02
6.189148845166808997e+02 7.401514114627887011e+02
6.177563605002155782e+02 7.396934023285898547e+02
6.170501089324618533e+02 7.395050108932462081e+02
6.169860748476936578e+02 7.394530026109661094e+02
6.173919554985023979e+02 7.397971758664955360e+02
6.179024807527802068e+02 7.401561163387510760e+02
6.184223764093668478e+02 7.398113616652211704e+02
6.180008591065292194e+02 7.404372852233676667e+02
6.171992271361099256e+02 7.405942464577071860e+02
6.171887125220458756e+02 7.402685185185184764e+02
6.178918205804749277e+02 7.407572559366755058e+02
6.202006132282084536e+02 7.409623302671923284e+02
6.231505791505791194e+02 7.415877305877305616e+02
6.253582541054450985e+02 7.420177182368194053e+02
6.268449873631002447e+02 7.423909014321819768e+02
6.272570944515035762e+02 7.420601440067767953e+02
