6.224041940789473983e+02 7.395711348684210407e+02
6.203251864125932116e+02 7.398434134217067140e+02
6.178469387755102389e+02 7.399302721088434964e+02
6.161053101294064618e+02 7.403025435073627705e+02
6.140210667861945240e+02 7.402971761541909927e+02
6.128501128668171987e+02 7.406031602708803803e+02
6.125452079566003931e+02 7.408856238698010657e+02
6.133827268741780472e+02 7.412003507233669097e+02
6.152032450896670071e+02 7.413932536293765452e+02
6.164796547472255952e+02 7.412490752157830229e+02
6.170572240259740511e+02 7.408859577922078188e+02
6.169782519491177482e+02 7.404292162494871263e+02
6.148261775739891846e+02 7.394593580658607834e+02
6.140340136054421691e+02 7.381028911564625332e+02
6.146229365768896287e+02 7.372662901824500068e+02
6.146472406181015913e+02 7.364662251655629461e+02
6.147685649202733202e+02 7.357539863325740725e+02
6.159781931464174249e+02 7.364770805518469388e+02
6.179642857142856656e+02 7.366337108013937041e+02
6.210956192080876690e+02 7.372173546756529277e+02
6.228767066611501377e+02 7.378551923872569205e+02
6.230685831622176920e+02 7.386344969199178649e+02
6.218695831613702012e+02 7.393301692117209996e+02
6.201454092230992501e+02 7.399414208558371229e+02
6.184387014096539588e+02 7.404421187526697850e+02
6.151131660061646471e+02 7.416587406428885743e+02
