6.206323096339924632e+02 7.404009255363904458e+02
6.184321672354948305e+02 7.399735494880545730e+02
6.170137594318686070e+02 7.386688859298712941e+02
6.169092526690391196e+02 7.385934163701067519e+02
6.167619257950530027e+02 7.389222614840989536e+02
6.157266313932980211e+02 7.390216049382715937e+02
6.143735930735930424e+02 7.396471861471861757e+02
6.142457442164993608e+02 7.396564818856394368e+02
6.147270761245674748e+02 7.396423010380623282e+02
6.150052424639580977e+02 7.397627785058978134e+02
6.148690893169876972e+02 7.401116462346759590e+02
6.153582795698924883e+02 7.405836559139785322e+02
6.163672787979966188e+02 7.412395659432387447e+02
6.173636363636363740e+02 7.404885825075398316e+02
6.182623020967051843e+02 7.407655113393238935e+02
6.186912205567451792e+02 7.406055674518200931e+02
6.186115077698445930e+02 7.404233515329693773e+02
6.187852891156462647e+02 7.402704081632653015e+02
6.191237687366167393e+02 7.399366167023554226e+02
6.193166306695463845e+02 7.398807775377970302e+02
6.190323144104803532e+02 7.396074235807860759e+02
6.190446854663774729e+02 7.392065075921908601e+02
6.204670161642638959e+02 7.391319353429445300e+02
6.207249022164276084e+02 7.396636245110821619e+02
6.204560487380330187e+02 7.397062663185378142e+02
6.200919340849956143e+02 7.397211621856027932e+02
6.204132697311362108e+02 7.399427580225499241e+02
6.212749464668094106e+02 7.402342612419699890e+02
6.229558823529412166e+02 7.407827731092437489e+02
6.232958506224066468e+02 7.406738589211618091e+02
6.229387244685285623e+02 7.409487286369320600e+02
6.226277219430485275e+02 7.408103015075377016e+02
6.229739714525608179e+02 7.406939546599496680e+02
6.232231993299832311e+02 7.407943886097152699e+02
6.223386621792175220e+02 7.401989903239377782e+02
6.200791274593669868e+02 7.398139435414884701e+02
6.181403812824956958e+02 7.396516464471403651e+02
6.166591200341733838e+02 7.396411789833404100e+02
6.164612050281750726e+02 7.391183355006502325e+02
6.163218038528896159e+02 7.391304728546409706e+02
6.149536832818703260e+02 7.386457873842082336e+02
6.136878027300748499e+02 7.389947159841480016e+02
