6.249690764730463570e+02 7.408512327622231624e+02
6.240913956360642487e+02 7.411572663647591526e+02
6.227593275932758843e+02 7.412316523165231956e+02
6.211923701298701417e+02 7.414330357142856656e+02
6.191139083780437886e+02 7.403136607511349894e+02
6.167467450650987075e+02 7.396795464090718042e+02
6.138292367399741352e+02 7.388814144027597877e+02
6.104775132275132137e+02 7.389232804232804028e+02
6.085013227513227321e+02 7.390198412698413222e+02
6.086740164288802362e+02 7.394059662775615607e+02
6.116025263157894187e+02 7.398496842105263340e+02
6.152213836477986888e+02 7.395958071278826083e+02
6.172345932621199154e+02 7.398537387017255469e+02
6.179681208053691535e+02 7.395805369127516542e+02
6.169245599329422021e+02 7.395670578373847093e+02
6.158020050125313674e+02 7.401420217209690691e+02
6.157040901502504084e+02 7.402683639398998139e+02
6.179561328790459811e+02 7.397235945485520006e+02
6.220508329773600735e+02 7.396915847928236190e+02
6.256527777777778283e+02 7.395858585858585457e+02
6.260728727885425542e+02 7.397725358045493067e+02
6.234326599326599307e+02 7.394431818181818699e+02
6.193050409306333677e+02 7.392813442481689208e+02
6.157241228070175794e+02 7.391864035087719458e+02
6.150792386011509052e+02 7.389924745462593592e+02
6.180466666666666242e+02 7.389582222222222754e+02
6.223282141290039817e+02 7.389613865730583484e+02
6.257094339622641428e+02 7.400528301886791951e+02
6.266769547325102394e+02 7.405493827160494220e+02
6.249967532467532010e+02 7.408628246753246458e+02
6.229385497746825422e+02 7.407988529291274062e+02
6.207311301509588475e+02 7.405438596491228509e+02
6.157532908704882857e+02 7.389002123142250866e+02
