6.167323168149089270e+02 7.371905972045743738e+02
6.176196763202725606e+02 7.368347529812606354e+02
6.184201609487505493e+02 7.369385853451926778e+02
6.184872122762147910e+02 7.368090366581415083e+02
6.187597097737942704e+02 7.368399487836107937e+02
6.192561284868977509e+02 7.376931530008453137e+02
6.195857758620689992e+02 7.383293103448276042e+02
6.207344150298889645e+02 7.391498719043552228e+02
6.202253099615220435e+02 7.397716973065412276e+02
6.192896639727775892e+02 7.410761378136962776e+02
6.180387894288149937e+02 7.419774083546461725e+02
6.171097872340425283e+02 7.429131914893616795e+02
6.171279418057338262e+02 7.429529311082584400e+02
6.164766081871345023e+02 7.437339181286549774e+02
6.155247275775356002e+02 7.440716680637049194e+02
6.147076595744680390e+02 7.434927659574468635e+02
6.149531384350816552e+02 7.425640584694755262e+02
6.144098567818028869e+02 7.423664700926706246e+02
6.148237866200262260e+02 7.408745080891998214e+02
6.152959719789841984e+02 7.399584063047285554e+02
6.154377959535083846e+02 7.391084804132586896e+02
6.156079862601975492e+02 7.385216831258051116e+02
6.164758443779393247e+02 7.379858914065839599e+02
6.184670859538783816e+02 7.377807127882599616e+02
6.197155135367426055e+02 7.370614525139665147e+02
6.197313750532141512e+02 7.373422733077906059e+02
6.210687876182287255e+02 7.375782459157351241e+02
