6.034038961038961588e+02 7.359341991341991616e+02
6.032937925170067501e+02 7.365710034013605991e+02
6.049049265341400314e+02 7.368509075194468778e+02
6.092888888888888914e+02 7.378256410256410618e+02
6.152147505422993845e+02 7.381214750542299043e+02
6.199686956521738921e+02 7.388600000000000136e+02
6.228698302133217339e+02 7.398641706573791907e+02
6.233172655565293780e+02 7.407099035933391633e+02
6.241180257510729916e+02 7.418317596566523662e+02
6.259327373350362222e+02 7.424325244785014775e+02
6.271593895718524436e+02 7.421966935142008879e+02
6.272820402914702527e+02 7.417805400771538871e+02
6.277263023057215605e+02 7.414312553373184755e+02
6.295027694929697191e+02 7.412147422241158665e+02
6.257170773152081438e+02 7.401274426508070974e+02
6.176830300465510390e+02 7.391096064325010957e+02
6.122514161220043434e+02 7.382392156862745196e+02
6.102118312309700059e+02 7.377342322749021832e+02
6.105604210526315683e+02 7.377077894736842154e+02
6.118412969283276652e+02 7.369210750853242189e+02
6.112497868712702029e+02 7.365242966751918630e+02
6.092145041502839149e+02 7.360742682394059102e+02
6.062877442273534143e+02 7.358321492007104325e+02
6.046766651962946071e+02 7.366281429201587798e+02
6.057502187226597243e+02 7.367611548556430989e+02
6.087321196358907400e+02 7.383476376246206883e+02
6.144481693868548291e+02 7.384490516100573814e+02
6.236102811950790965e+02 7.404244288224956563e+02
