6.171774397972116049e+02 7.414685255597803462e+02
6.169254736842104876e+02 7.418079999999999927e+02
6.166701119724375530e+02 7.413324720068906117e+02
6.158103225806451064e+02 7.415406451612902856e+02
6.149132498921018168e+02 7.415476909797151848e+02
6.137235042735043180e+02 7.413824786324786373e+02
6.134436316695353071e+02 7.410124784853700248e+02
6.136739879414298002e+02 7.409780361757105993e+02
6.143669844020797655e+02 7.407435008665511305e+02
6.152937685459941122e+02 7.408155998304366676e+02
6.156791141988710478e+02 7.403482414242292862e+02
6.168617814831065971e+02 7.405594559017113170e+02
6.169471830985914949e+02 7.405981514084506898e+02
6.164147627416519981e+02 7.407297891036906776e+02
6.157062391681108693e+02 7.406317157712304606e+02
6.154287581699346674e+02 7.408535947712417737e+02
6.153976683937823964e+02 7.406368739205527163e+02
6.161818950930626215e+02 7.406907783417935889e+02
6.176066066066066469e+02 7.399901329901330200e+02
6.196823275862069522e+02 7.396017241379310008e+02
6.216319232446576279e+02 7.391443523767989063e+02
6.215908304498269672e+02 7.391206747404844464e+02
6.210120481927710898e+02 7.392112736660928931e+02
6.203804255319148524e+02 7.394102127659574535e+02
6.203316217372699839e+02 7.395776636713735570e+02
6.207202227934875509e+02 7.394961439588688563e+02
6.220198875918720205e+02 7.396805015131863001e+02
6.234158197083517052e+02 7.394189129474149240e+02
6.237100222717149336e+02 7.394084632516703550e+02
6.240386643233742916e+02 7.398848857644991313e+02
6.232115384615384528e+02 7.396066433566433034e+02
6.223573287077190344e+02 7.396869037294015925e+02
6.203620616814532696e+02 7.403941698352344929e+02
6.190368663594470036e+02 7.404046920821114099e+02
6.185350692986140757e+02 7.406308273834523561e+02
6.180277310924369658e+02 7.407806722689075514e+02
6.180522292993630344e+02 7.408743099787685651e+02
6.180491525423728945e+02 7.412766949152542111e+02
6.174952870608398143e+02 7.413401885175663892e+02
6.162516073724817716e+02 7.413729104157737311e+02
6.154083119108826168e+02 7.414438731790917245e+02
6.143334735071488240e+02 7.414709840201850284e+02
6.149606265876376483e+02 7.411926333615580234e+02
