6.429952708512468007e+02 7.425077386070507828e+02
6.451107296137339517e+02 7.421802575107295752e+02
6.493632095603926473e+02 7.421399914639350754e+02
6.545745140388769414e+02 7.419619870410367639e+02
6.595739130434782282e+02 7.422647826086956684e+02
6.627464301168325846e+02 7.429848550411077213e+02
6.646276276276275894e+02 7.434427284427284803e+02
6.658496985357450058e+02 7.432523686477175033e+02
6.657763786365610486e+02 7.434294398610508097e+02
6.652940670679278128e+02 7.434484092863284559e+02
6.643658222413052954e+02 7.433087161872048227e+02
6.627152717860224129e+02 7.428274374460742138e+02
6.615249679897567603e+02 7.429696969696969973e+02
6.599464209172739402e+02 7.426026575225032502e+02
6.584942430703624723e+02 7.425880597014925115e+02
6.568126072041166026e+02 7.422851629502572450e+02
6.551842900302115140e+02 7.417647820457488024e+02
6.528965071151358188e+02 7.413376455368693314e+02
6.510405286343611806e+02 7.408731277533039474e+02
6.491552901023891309e+02 7.412965017064846052e+02
6.467922188969645276e+02 7.409298845660538291e+02
6.450145735105014637e+02 7.410072867552507887e+02
6.426757812500000000e+02 7.400607638888889142e+02
6.398439808778791758e+02 7.395380269448065746e+02
6.377067003792667492e+02 7.401917404129793567e+02
6.349679930795847440e+02 7.394329584775086914e+02
6.330899915895710137e+02 7.397817493692177777e+02
6.318076278290025130e+02 7.396890192791282743e+02
6.302371392722710652e+02 7.398377248013383678e+02
6.284476230542701387e+02 7.394610854017669226e+02
6.267689393939393767e+02 7.393611111111110858e+02
6.247625628140704066e+02 7.388257956448911727e+02
6.217298084929225297e+02 7.385870108243130971e+02
6.190059447983014707e+02 7.378717622080679348e+02
6.166610169491525539e+02 7.376682203389830192e+02
6.153247466216216708e+02 7.375565878378378102e+02
6.145378755818874197e+02 7.372065171392298453e+02
6.133147208121827134e+02 7.368557529610828851e+02
6.108832147341984182e+02 7.369363750523231147e+02
6.084851607584500925e+02 7.366508656224237939e+02
6.062073981712385375e+02 7.360365752285952112e+02
6.044803637866887129e+02 7.357961967755270507e+02
6.037586206896551175e+02 7.355925147182506407e+02
6.029979192675822333e+02 7.356982937994173426e+02
6.023634847853272731e+02 7.354726969570654092e+02
6.014586811352253335e+02 7.356018363939899700e+02
5.997637271214641714e+02 7.357271214642263431e+02
5.975388773388773416e+02 7.360141372141372358e+02
5.962295150501672651e+02 7.362859531772575110e+02
5.959449275362318303e+02 7.366004140786749304e+02
5.957421487603305650e+02 7.365586776859504425e+02
5.956378244746600785e+02 7.363951380304903296e+02
5.949189747829681210e+02 7.368317486564695855e+02
5.934898802147872630e+02 7.372081784386616619e+02
5.922141397629750372e+02 7.378929301185124814e+02
5.907403406730369397e+02 7.378670544245949259e+02
5.899562473706353103e+02 7.380109381573412293e+02
5.899904326123128158e+02 7.384030782029950615e+02
5.904517326732673155e+02 7.385746699669966802e+02
5.898940206185567376e+02 7.385121649484535737e+02
5.878334721065778012e+02 7.384975020815986682e+02
5.835551298424861670e+02 7.381413367390379108e+02
5.775039865715484666e+02 7.380243390684012184e+02
5.732342494714587247e+02 7.375906976744186068e+02
5.703188711036225413e+02 7.375564448188711140e+02
5.681378730559058567e+02 7.373467843631777896e+02
5.672594640578477083e+02 7.371352615908124335e+02
5.670250637213254095e+02 7.372922684791843722e+02
5.672704883227175969e+02 7.373719745222930442e+02
5.683440951571792539e+02 7.374260832625318471e+02
5.695850746268656621e+02 7.372230277185501564e+02
5.708259773013871836e+02 7.377545187053383415e+02
5.724451557831839636e+02 7.375544174135723097e+02
5.741645299145299077e+02 7.381461538461538794e+02
5.760454740454740659e+02 7.384555984555984196e+02
5.775379045996593277e+02 7.387103918228278872e+02
5.788712914485165584e+02 7.385488656195462909e+02
5.810223463687150343e+02 7.391590030081649729e+02
5.833570515551767812e+02 7.396420962931401846e+02
5.853690425980598775e+02 7.395904681568957812e+02
5.871454545454545269e+02 7.398135306553911050e+02
5.891010058675607297e+02 7.400079631181894229e+02
5.913605186114596108e+02 7.403048933500626845e+02
5.940556940980881109e+02 7.404023275145469825e+02
5.964765993988836499e+02 7.401854873336195624e+02
5.991193520886615715e+02 7.401849957374254245e+02
6.008495689655172782e+02 7.408344827586206520e+02
6.019301235619940371e+02 7.411197273114614745e+02
6.028160721959604871e+02 7.408474430597335640e+02
6.047402707275804232e+02 7.411683587140439613e+02
6.074139854139854151e+02 7.409339339339339858e+02
6.105135938827527298e+02 7.414188615123194950e+02
6.136976445396145436e+02 7.412218415417559072e+02
6.157815800591465631e+02 7.419214195183776610e+02
6.168175965665236617e+02 7.421472103004291512e+02
6.174143101970865928e+02 7.431152527849185390e+02
6.188598130841121474e+02 7.436112999150382166e+02
6.216355421686746467e+02 7.438881239242684842e+02
6.248884156729130837e+02 7.440042589437819061e+02
6.273839022334597075e+02 7.440042140750105091e+02
6.292506415739948125e+02 7.442005988023952341e+02
6.299580508474575709e+02 7.443622881355931895e+02
6.306928601605408176e+02 7.442923531896915392e+02
6.315265888456549419e+02 7.441037613488975921e+02
6.329838504037398934e+02 7.445886102847429129e+02
6.348440051568543367e+02 7.443192952299096987e+02
6.366344410876132542e+02 7.443047043590850080e+02
6.379886858137510899e+02 7.439651871192340877e+02
6.385002150537634407e+02 7.443544086021505564e+02
6.390784399649430725e+02 7.439943032427695471e+02
6.392372214941021866e+02 7.438820445609436547e+02
6.398430609597925240e+02 7.433990488543017818e+02
6.415496801705756980e+02 7.435270788912580429e+02
6.433046875000000000e+02 7.426805555555555429e+02
6.447938144329897341e+02 7.428406357388315655e+02
6.456456352636128031e+02 7.424256698357821733e+02
6.456655202063628849e+02 7.422153912295786995e+02
6.454223764093668478e+02 7.420433651344319514e+02
6.463356461405030586e+02 7.420034692107545879e+02
6.498019887591872248e+02 7.420730652831820180e+02
6.547243172951885981e+02 7.421486779367143072e+02
6.600197255574613564e+02 7.425145797598627269e+02
6.648402808249231839e+02 7.425401491882404343e+02
6.672123435476910345e+02 7.430725075528700927e+02
6.690107573149741711e+02 7.431346815834767767e+02
6.694009454232917733e+02 7.437967339922647625e+02
6.697146507666099069e+02 7.439314310051107668e+02
6.693649572649572974e+02 7.436205128205127721e+02
6.683901918976546312e+02 7.432486140724946608e+02
6.673729752770673258e+02 7.431317135549871864e+02
6.659969298245614482e+02 7.423855263157894342e+02
6.645792230467044419e+02 7.420178961152334978e+02
6.632903508771929637e+02 7.418469298245613572e+02
6.620675087108013486e+02 7.419943379790940980e+02
6.600863340563990960e+02 7.415088937093275945e+02
6.584583694709453994e+02 7.414444926279271613e+02
6.561077586206896513e+02 7.415081896551723730e+02
6.539299527288353602e+02 7.411749033089814702e+02
6.525829444208740142e+02 7.414111158252014775e+02
6.511782220331773487e+02 7.412113994045087111e+02
6.466314673452078523e+02 7.404512298558099701e+02
