6.191696891191710392e+02 7.387772020725388984e+02
6.193460398136382992e+02 7.391512071156289494e+02
6.190658783783783292e+02 7.394750844594594810e+02
6.187912371134020759e+02 7.395330756013745486e+02
6.182597014925372605e+02 7.403010660980810371e+02
6.182039082412914013e+02 7.402429906542056415e+02
6.184989402289105556e+02 7.398791860958033340e+02
6.187873684210526335e+02 7.398256842105263331e+02
6.196873942470389238e+02 7.393967851099830568e+02
6.210257400257399922e+02 7.390042900042900555e+02
6.216708207993124233e+02 7.388281048560378395e+02
6.225273037542661996e+02 7.390917235494880515e+02
6.223418803418803691e+02 7.393418803418803691e+02
6.220098122866894528e+02 7.394914675767918197e+02
6.214828030954428186e+02 7.394785038693034949e+02
6.210211480362537486e+02 7.392265861027190113e+02
6.210206140350877604e+02 7.394144736842105203e+02
6.200162601626016112e+02 7.392049636285836414e+02
6.196482670089858402e+02 7.390761660248181215e+02
6.198499364137346674e+02 7.392149215769393322e+02
6.200565400843881889e+02 7.395354430379746873e+02
6.198843881856539610e+02 7.396476793248945114e+02
6.193350427350427481e+02 7.395153846153846189e+02
6.183478632478633017e+02 7.398871794871795373e+02
6.178253763440860666e+02 7.398752688172043008e+02
6.175506626763574332e+02 7.400423257802480066e+02
6.171209949409781075e+02 7.399742833052276865e+02
6.170864614086883648e+02 7.397035006326444773e+02
6.173878069432684015e+02 7.394022015241321242e+02
6.180866638620109370e+02 7.394257467395876802e+02
6.185249893208031153e+02 7.392217001281503599e+02
6.186680761099365782e+02 7.395885835095137963e+02
6.185707567336468173e+02 7.397169730654126170e+02
6.179154334038055367e+02 7.406054968287526208e+02
6.181022776106575520e+02 7.409591749033089627e+02
6.189220281210054964e+02 7.408917767362590894e+02
