6.139482535575679094e+02 7.391776627856835375e+02
6.141879569892473683e+02 7.391935483870968255e+02
6.145150472914875763e+02 7.390640584694755262e+02
6.150942430703624950e+02 7.392324093816631603e+02
6.156334473909324743e+02 7.393169375534645269e+02
6.162132701421801357e+02 7.393640672124084858e+02
6.175861471861471728e+02 7.390086580086580170e+02
6.185079161317928538e+02 7.394304664099272486e+02
6.192021505376344521e+02 7.392141935483871293e+02
6.197073802330600074e+02 7.388618903754855864e+02
6.201049626701800435e+02 7.384852876592007078e+02
6.203668845315903582e+02 7.387633986928104832e+02
6.207100000000000364e+02 7.391469565217391846e+02
6.213436029097133542e+02 7.393915275994864942e+02
6.213427454387489206e+02 7.390464813205908285e+02
6.207411255411255979e+02 7.387813852813852691e+02
6.201762402088772888e+02 7.388093994778067781e+02
6.200008699434537220e+02 7.386955197912135418e+02
6.196387434554974334e+02 7.386697207678882933e+02
6.190142733564014179e+02 7.391211072664359563e+02
6.184047516198704670e+02 7.391991360691145019e+02
6.173430182133564585e+02 7.388217692974848205e+02
6.165643693107932677e+02 7.388747290853922323e+02
6.161338857392063346e+02 7.388438726559093084e+02
6.154463130659767103e+02 7.390413971539456952e+02
6.145217391304347530e+02 7.388182608695651652e+02
6.143978678038379257e+02 7.393812366737739694e+02
6.144805194805194333e+02 7.388839826839827083e+02
6.145961206896552085e+02 7.390280172413793025e+02
6.147682663207955329e+02 7.391206225680933812e+02
6.152367399741267491e+02 7.390866752910737887e+02
6.158735332464145813e+02 7.389713168187744259e+02
6.161592465753424221e+02 7.392902397260273801e+02
6.174534026874729307e+02 7.391937581274382865e+02
