6.177626609442060044e+02 7.399377682403433028e+02
6.178445485519590648e+02 7.398798977853492715e+02
6.189074550128534611e+02 7.397600685518423234e+02
6.198228987993138617e+02 7.398331903945111208e+02
6.208077087794432600e+02 7.398025695931477230e+02
6.213097079037801223e+02 7.398389175257732404e+02
6.217338744126441270e+02 7.398509184109354919e+02
6.224817176870748199e+02 7.400527210884354190e+02
6.225551232166018281e+02 7.395231301340251093e+02
6.227431389365351606e+02 7.397881646655231407e+02
6.231182519280205270e+02 7.395955441302485269e+02
6.230633019674935440e+02 7.397848588537211754e+02
6.231093951093951091e+02 7.398571428571428896e+02
6.231706161137441313e+02 7.399039207238259905e+02
6.233696581196580837e+02 7.401585470085469751e+02
6.234931506849314928e+02 7.399537671232876619e+02
6.235120068610634689e+02 7.398361921097770164e+02
6.238682948102922410e+02 7.399031836022677453e+02
6.238835289004780407e+02 7.399926119078661486e+02
6.241093681917211597e+02 7.399193899782135304e+02
6.237961123110151220e+02 7.401507559395248563e+02
6.238652849740932425e+02 7.403639896373057354e+02
6.238331177231565334e+02 7.402216472617507179e+02
6.236719350704827320e+02 7.399184109354976044e+02
6.236535668517727800e+02 7.397330200768901705e+02
6.233141630901287726e+02 7.398399141630901568e+02
6.226477174849268295e+02 7.396244616709733464e+02
6.220166880616175149e+02 7.399760376551133731e+02
6.216205414697034257e+02 7.400472711645895743e+02
6.207732986562635915e+02 7.396311226701343458e+02
6.201525862068965580e+02 7.397310344827586732e+02
6.193843843843843615e+02 7.397580437580437547e+02
6.188746781115879685e+02 7.397536480686695768e+02
6.180069534984788788e+02 7.395988700564971623e+02
6.170846947549441666e+02 7.397248495270850981e+02
6.162850953206238955e+02 7.396360485268630782e+02
6.161075593952483587e+02 7.397926565874729476e+02
6.158981643356643190e+02 7.398015734265734409e+02
6.155177578091570467e+02 7.397856225930680694e+02
6.152691645133505745e+02 7.396602067183462168e+02
6.146194125159641999e+02 7.398548318433375925e+02
6.145129621759456313e+02 7.398992775180620356e+02
6.144277210884354190e+02 7.396947278911565036e+02
6.144313642158946323e+02 7.396387590310242786e+02
6.144766949152542566e+02 7.397915254237287854e+02
6.143941574936494590e+02 7.396769686706180664e+02
6.144089953762085088e+02 7.399071038251365735e+02
6.146834170854270951e+02 7.398873534338358695e+02
6.147351464435146227e+02 7.398732217573221988e+02
6.145337526205451013e+02 7.397207547169811050e+02
6.144520202020202078e+02 7.397293771043771358e+02
6.145441426146010144e+02 7.396583191850594403e+02
6.147748936170212346e+02 7.395663829787233681e+02
6.149935483870967801e+02 7.394903225806451701e+02
6.151211604095562961e+02 7.395622866894198069e+02
6.156438297872340399e+02 7.394757446808511077e+02
6.164642704321779547e+02 7.396628155755241778e+02
6.175615615615615752e+02 7.394525954525954603e+02
6.177952586206896513e+02 7.391219827586206748e+02
6.182420600858368971e+02 7.392600858369098660e+02
6.192084942084942440e+02 7.391179751179751065e+02
6.201120615911034974e+02 7.390303678357570334e+02
6.205626884963378416e+02 7.390870314519603426e+02
6.209278350515463671e+02 7.391713917525772786e+02
6.214700854700854507e+02 7.394457264957264897e+02
6.220098627787307350e+02 7.392967409948541899e+02
6.221491569390401537e+02 7.392088197146563289e+02
6.221267241379309780e+02 7.392146551724138135e+02
6.224476769431176990e+02 7.391181068171949846e+02
6.224165224913494967e+02 7.393135813148788884e+02
