6.209142125480153709e+02 7.411446862996158416e+02
6.221875265167585667e+02 7.408926601612218974e+02
6.228605645851155259e+02 7.405196749358425450e+02
6.232817021276596279e+02 7.408446808510637993e+02
6.230529010238907404e+02 7.409023037542661996e+02
6.219767040552200115e+02 7.407411561691112638e+02
6.206790176647996304e+02 7.405519172770357272e+02
6.198260685569191537e+02 7.407058823529412166e+02
6.182162505289885530e+02 7.403584426576386477e+02
6.170279690189328221e+02 7.400748709122202627e+02
6.166157739350485372e+02 7.401450864614087095e+02
6.167133220910624232e+02 7.401214165261383187e+02
6.166360201511334935e+02 7.400910999160369101e+02
6.168647610921501609e+02 7.396390784982935429e+02
6.176199829205806964e+02 7.396725021349274130e+02
6.185145423438837042e+02 7.397942686056458115e+02
6.196652415562206215e+02 7.402864471996580278e+02
6.214726027397259713e+02 7.406952054794520564e+02
6.223729316928298658e+02 7.410738226559185478e+02
6.225694207836456826e+02 7.409224872231686732e+02
6.217174657534246762e+02 7.410483732876712111e+02
6.216841880341880824e+02 7.411183760683760511e+02
6.213658848614072667e+02 7.407317697228145335e+02
6.207979840403191929e+02 7.408752624947501317e+02
6.191961538461538339e+02 7.400598290598290987e+02
6.175161564625850588e+02 7.398159013605442169e+02
6.162348195329086593e+02 7.399549893842887514e+02
6.153546610169491942e+02 7.400499999999999545e+02
6.159543693499784922e+02 7.394261730520878473e+02
6.169740756481088511e+02 7.394470888227793921e+02
6.174760694620923687e+02 7.399250317662007319e+02
6.181710802858343641e+02 7.402715426649853043e+02
6.191709401709401845e+02 7.404123931623931867e+02
6.205157312925169890e+02 7.407457482993197573e+02
6.217852577758841335e+02 7.407673625905410972e+02
6.222423852423852395e+02 7.406267696267696010e+02
6.226629550321199531e+02 7.406192719486081160e+02
6.221405451448040367e+02 7.408062180579216829e+02
6.211822390572390304e+02 7.406195286195286371e+02
6.184226847918437215e+02 7.404133389974510919e+02
