6.135693842150910768e+02 7.404345186470078488e+02
6.168423728813559137e+02 7.412610169491525767e+02
6.195515771526002027e+02 7.407203751065643473e+02
6.214102891156462647e+02 7.409349489795918089e+02
6.208822269807280918e+02 7.409580299785867510e+02
6.196941580756014218e+02 7.408728522336770084e+02
6.185133985538068373e+02 7.412139515099956952e+02
6.167453683757000817e+02 7.408035329599310899e+02
6.164703353396388366e+02 7.408426483233017734e+02
6.163810741687979089e+02 7.406086956521738784e+02
6.160854955338154468e+02 7.405389196086771335e+02
6.152718816067653052e+02 7.404684989429175630e+02
6.156792130025662573e+02 7.403002566295979250e+02
6.181679653679653939e+02 7.407800865800866177e+02
6.211376106194690010e+02 7.402070796460177462e+02
6.244505015263846417e+02 7.407348451809856442e+02
6.267234881682734340e+02 7.408724802804557612e+02
6.281897905759162768e+02 7.409633507853403671e+02
6.297868995633187978e+02 7.412017467248908815e+02
6.309345109866436587e+02 7.418608358466178743e+02
6.313214285714285552e+02 7.416672473867595272e+02
6.295576017130621267e+02 7.413944325481799069e+02
6.266200686106346893e+02 7.406753859348199285e+02
6.236087328767123381e+02 7.399619006849314928e+02
6.210529943989660069e+02 7.391378716070659038e+02
6.185206431986092639e+02 7.385762711864406356e+02
6.168625162127107160e+02 7.383618677042801437e+02
6.154235695986336623e+02 7.383432963279248042e+02
6.150476595744680708e+02 7.379817021276595597e+02
6.150361548277328438e+02 7.381093151850276399e+02
6.164065075921909056e+02 7.384511930585683785e+02
6.184155955441302694e+02 7.390612682090830958e+02
6.196468338291542750e+02 7.392928176795579702e+02
6.207550933786078531e+02 7.395140067911714823e+02
6.220633130962705764e+02 7.395993061578491279e+02
6.223760348583878113e+02 7.398771241830065719e+02
6.224165577342048437e+02 7.396705882352940762e+02
6.210543714658547287e+02 7.397381470204436482e+02
6.189497854077253578e+02 7.395884120171673430e+02
6.163190314358538444e+02 7.391690739167374886e+02
6.134488926746166726e+02 7.389527257240204108e+02
6.106740740740740421e+02 7.377816993464052757e+02
6.086813327637761404e+02 7.381183255019222997e+02
6.062959660297240134e+02 7.377770700636942820e+02
6.035081545064377906e+02 7.375772532188841524e+02
6.024090712742980713e+02 7.374362850971922398e+02
6.030604512558535362e+02 7.387969348659004254e+02
6.043944086021505200e+02 7.391918279569893002e+02
6.062465986394557831e+02 7.394311224489796359e+02
6.096262755102040956e+02 7.399613095238095184e+02
6.128798137960219492e+02 7.404536606009310162e+02
6.160491596638655665e+02 7.406705882352940762e+02
6.181664538101319977e+02 7.408054491272881705e+02
6.205064991334488695e+02 7.406585788561525305e+02
6.213154106689246419e+02 7.412049110922946511e+02
6.207097872340425511e+02 7.413451063829787699e+02
6.198419071518193277e+02 7.413638644918444243e+02
6.187016877637130392e+02 7.412308016877636874e+02
6.167059077188442870e+02 7.404661492022423772e+02
6.160412863972186415e+02 7.400399826162538375e+02
6.146397542781921857e+02 7.394164107064501650e+02
