6.215942275042444862e+02 7.395976230899830171e+02
6.217673330497660800e+02 7.392037430880476450e+02
6.215399223133362057e+02 7.388653431160984155e+02
6.216695059625212707e+02 7.391243611584327482e+02
6.212871118672904913e+02 7.395036154827732844e+02
6.205915197313182716e+02 7.396557514693535040e+02
6.199302424500212965e+02 7.397639302424499874e+02
6.193004291845493299e+02 7.396437768240343757e+02
6.190942275042444862e+02 7.398327674023769305e+02
6.190596194503170864e+02 7.398951374207188110e+02
6.182631578947368780e+02 7.401516784086200005e+02
6.173762500000000273e+02 7.397491666666666106e+02
6.167836355967946247e+02 7.394259805989033794e+02
6.164926501469971072e+02 7.395006299874002025e+02
6.162043369474562269e+02 7.396864053377814798e+02
6.160696893366919085e+02 7.399294710327455959e+02
6.159883333333333439e+02 7.402024999999999864e+02
6.166019335855401096e+02 7.399873896595207725e+02
6.170470588235293690e+02 7.399873949579831560e+02
6.182050420168067149e+02 7.398058823529411256e+02
6.188449220396123565e+02 7.396198904340496938e+02
6.189579617834394867e+02 7.392513800424628698e+02
6.194524810765349230e+02 7.393515559293523438e+02
6.197473415567843631e+02 7.392062951935346291e+02
6.199970161977834096e+02 7.396112531969309885e+02
6.203282955499580567e+02 7.400268681780016777e+02
6.208974797095258964e+02 7.400098248611703866e+02
6.214877734877734383e+02 7.395611325611325810e+02
6.215248196860416101e+02 7.397017394993636117e+02
6.212005044136191145e+02 7.396788566624632040e+02
6.210918803418803691e+02 7.391927350427350802e+02
6.207421676545300215e+02 7.393166807790008761e+02
6.204655099449852287e+02 7.394481591197629768e+02
6.196924376848330667e+02 7.394389522602450597e+02
6.175080440304826652e+02 7.399144792548687519e+02
