6.241163310961968591e+02 7.390675615212527418e+02
6.268032356799300260e+02 7.388386532575426600e+02
6.294026431718061758e+02 7.385392070484581382e+02
6.302413043478260306e+02 7.388273913043477705e+02
6.312091069849690257e+02 7.381264367816091863e+02
6.317398663697105121e+02 7.381514476614698879e+02
6.308100043878894212e+02 7.386371215445370808e+02
6.286098733071210063e+02 7.388331148973351219e+02
6.251457041629761306e+02 7.386355181576616360e+02
6.228462889767237129e+02 7.397259552042161204e+02
6.199569699686239801e+02 7.398484984311967310e+02
6.172675076120052609e+02 7.405645933014353659e+02
6.152375215146299752e+02 7.411346815834767767e+02
6.125968158347676535e+02 7.412960413080894568e+02
6.082180418982470655e+02 7.413715262932877295e+02
6.064223575467594856e+02 7.414314919530230554e+02
6.059474370112944825e+02 7.417619461337967550e+02
6.060299739357080853e+02 7.418679409209382811e+02
6.059324090121317568e+02 7.419189774696707218e+02
6.071519480519480112e+02 7.415688311688311387e+02
6.088195456493784832e+02 7.412528932704672116e+02
6.105242634315424084e+02 7.408942807625650175e+02
6.136142369991474652e+02 7.413572037510656401e+02
6.173828022697512097e+02 7.409231776516804757e+02
6.211360662887047965e+02 7.403532490187527628e+02
6.239717268377555683e+02 7.401805132666377176e+02
6.268098808998677214e+02 7.388407587119540949e+02
6.290944567627494735e+02 7.381955654101996060e+02
6.309003060778312602e+02 7.386484477481416207e+02
6.313901696389734752e+02 7.389495432796868499e+02
