6.367469879518072275e+02 7.389638554216867306e+02
6.360429056924383531e+02 7.392404418011894904e+02
6.353959412780656066e+02 7.389188255613125875e+02
6.344336090552894802e+02 7.388933391380061266e+02
6.334607843137255259e+02 7.392774936061381368e+02
6.328106837606837871e+02 7.392128205128204854e+02
6.332982005141387845e+02 7.391966580976863952e+02
6.340473729543497257e+02 7.397532299741602628e+02
6.345957813172622082e+02 7.397369780456306216e+02
6.342313624678663473e+02 7.400385604113110958e+02
6.333952380952381418e+02 7.398883116883116600e+02
6.328712220762155312e+02 7.400442400350416392e+02
6.318586723768736420e+02 7.402179871520343113e+02
6.314924924924924881e+02 7.400561990561990342e+02
6.306910428385980367e+02 7.403327563825183688e+02
6.297814910025706467e+02 7.406503856041131257e+02
6.286834901625320526e+02 7.408301967493583788e+02
6.282047413793103487e+02 7.409435344827586505e+02
6.281532846715329015e+02 7.408497209102619081e+02
6.276108039132284375e+02 7.410765631646107749e+02
6.266768109729961225e+02 7.412897556793827789e+02
6.245349635349634809e+02 7.410523380523380865e+02
6.221098615916954486e+02 7.410648788927335318e+02
6.196355822948002015e+02 7.410631714654060715e+02
6.165080988917305831e+02 7.411500426257459821e+02
6.140849256900212367e+02 7.414365180467091250e+02
6.120286209887250379e+02 7.407784041630528691e+02
6.098476394849785720e+02 7.412690987124464073e+02
6.079180814940576738e+02 7.418616298811544993e+02
6.059420228523064225e+02 7.421091832416419720e+02
6.044263431542460694e+02 7.421455805892547914e+02
6.028768115942028771e+02 7.424335038363171861e+02
6.016566596194503518e+02 7.427691331923890630e+02
6.004219015280135636e+02 7.428535653650254744e+02
5.994110403397027085e+02 7.428781316348195105e+02
5.979372063220845348e+02 7.427291755659974797e+02
5.964245002126754116e+02 7.429778817524457963e+02
5.955362869198312410e+02 7.431810126582278144e+02
5.949464285714285552e+02 7.431947278911565036e+02
5.948399493243243796e+02 7.434434121621621898e+02
5.952791088692728181e+02 7.435111391340899445e+02
5.958524247491639017e+02 7.433841973244146857e+02
5.963369610715781164e+02 7.433436584344914309e+02
5.961980817347789525e+02 7.434270225187656251e+02
5.956328059950042189e+02 7.434637801831806883e+02
5.948944256756756204e+02 7.430016891891891646e+02
5.944197838736491804e+02 7.433283458021612660e+02
5.938752624947501317e+02 7.431209575808484260e+02
5.933780798640611920e+02 7.428887000849617834e+02
5.931963605586119002e+02 7.428514600084638460e+02
5.938444160272804311e+02 7.425336743393008874e+02
5.947440677966101248e+02 7.422533898305084676e+02
5.957899231426131337e+02 7.421947053800171261e+02
5.961923890063425233e+02 7.424105708245242568e+02
5.965429654591406461e+02 7.420475989890479696e+02
5.962917538719129880e+02 7.421435747174549533e+02
5.959895266024298053e+02 7.418671973188102129e+02
5.951727925644275956e+02 7.417300380228136873e+02
5.951252115059221524e+02 7.417411167512690326e+02
5.954689336691855033e+02 7.416918555835432016e+02
5.963081103678929367e+02 7.416923076923077360e+02
5.975080101180438987e+02 7.416429173693086341e+02
5.984468895471858332e+02 7.415175624206517568e+02
5.992765777213045340e+02 7.413989834815755557e+02
5.999058524173027536e+02 7.413464800678541451e+02
5.998558060399830083e+02 7.413598468736707900e+02
5.993619291506615809e+02 7.409594536918480117e+02
5.989145516074449915e+02 7.411438240270728102e+02
5.988833474218089350e+02 7.410777683854606721e+02
5.988684768773864562e+02 7.409024183283835328e+02
5.993059574468085202e+02 7.407893617021276214e+02
5.998071216617211121e+02 7.401267486222975549e+02
6.006328421052631938e+02 7.402783157894737087e+02
6.014081294068851093e+02 7.401335545416839068e+02
6.022351464435146227e+02 7.397523012552301225e+02
6.026030820491462237e+02 7.398367346938775881e+02
6.024709868699703748e+02 7.394121135112241063e+02
6.019376061120543682e+02 7.393026315789473983e+02
6.016242603550296053e+02 7.393140321217243809e+02
6.018937341236240854e+02 7.394339542760372979e+02
6.028897872340425010e+02 7.389978723404254879e+02
6.047003808717731772e+02 7.390897164621244428e+02
6.057145263157894988e+02 7.391309473684210616e+02
6.068521335023235679e+02 7.390202788339670406e+02
6.085697429414243516e+02 7.392157606405394290e+02
6.099818947368421505e+02 7.390509473684210207e+02
6.115576192486281570e+02 7.389366821443646813e+02
6.135926239932174440e+02 7.390313692242475554e+02
6.153450168918918735e+02 7.391262668918918735e+02
6.167710997442454754e+02 7.388776641091219517e+02
6.186156747694886917e+02 7.384522212908633492e+02
6.206257408975444605e+02 7.385474174428450169e+02
6.229163822525597425e+02 7.379641638225256202e+02
6.260084781687155555e+02 7.379504027130140003e+02
6.289523809523809632e+02 7.379566326530612059e+02
6.313105081826012110e+02 7.375211024978466412e+02
6.335769393810936663e+02 7.377147096227214433e+02
6.349412017167381919e+02 7.372686695278970319e+02
6.357696289905090907e+02 7.371505608283002857e+02
6.358267849598647672e+02 7.376894803548796062e+02
6.359362244897959044e+02 7.374396258503401214e+02
6.360836177474402575e+02 7.373016211604095815e+02
6.369519762005950270e+02 7.371436464088397997e+02
6.374115646258503602e+02 7.369863945578231323e+02
6.377879049676025716e+02 7.367179265658746772e+02
6.379960886571055880e+02 7.367548891786179865e+02
6.387911149081588746e+02 7.371319948739854908e+02
6.399092451229855669e+02 7.371827820186598501e+02
6.402424503882657518e+02 7.373270060396894223e+02
6.398637931034483017e+02 7.373469827586206975e+02
6.390905528950805774e+02 7.370679146713104046e+02
6.380000000000000000e+02 7.377807280513918613e+02
6.372889750215331333e+02 7.376718346253229583e+02
6.372518295307792187e+02 7.378648299612569872e+02
6.375190089705254195e+02 7.381234515164459253e+02
6.382202509736044931e+02 7.382678494158373042e+02
6.387311688311688158e+02 7.386073593073592747e+02
6.386721311475409948e+02 7.388416738567731272e+02
6.385811044003451116e+02 7.386453839516824473e+02
6.383895178197064979e+02 7.394704402515723132e+02
6.378815733219324784e+02 7.388670371953826361e+02
6.366555603634790259e+02 7.387628732150584483e+02
6.354692107545533872e+02 7.387220294882914686e+02
6.348999568779646552e+02 7.386679603277274282e+02
6.349023437500000000e+02 7.386046006944444571e+02
6.351192139737991056e+02 7.387720524017466914e+02
6.352510879025239774e+02 7.387310704960835892e+02
6.356635071090047404e+02 7.389082292115467681e+02
6.357147134302822451e+02 7.390355004277159878e+02
6.355733276157804994e+02 7.390690394511149179e+02
6.350338910338909955e+02 7.392372372372371956e+02
6.348236062717769528e+02 7.388980836236934238e+02
6.340640373197625195e+02 7.395101781170483264e+02
6.332784114913392841e+02 7.398538234051542304e+02
6.326877386508273275e+02 7.397348324140857585e+02
6.328779544477868058e+02 7.396927374301676537e+02
6.334756958869962773e+02 7.406464478604071928e+02
6.346021413276231442e+02 7.405541755888650641e+02
6.344312714776632447e+02 7.406524914089346794e+02
6.338336214347450550e+02 7.407169403630077795e+02
6.330251190991771182e+02 7.408800346470333125e+02
6.324624302275655054e+02 7.410103048518677724e+02
6.320189410245371846e+02 7.411450710288420396e+02
6.316641188959659985e+02 7.413337579617834763e+02
6.310000000000000000e+02 7.416220238095238528e+02
6.299552429667519391e+02 7.413312020460358553e+02
6.293302127659574126e+02 7.416255319148935996e+02
6.289089354424968406e+02 7.415716117999145354e+02
6.286673783091374617e+02 7.416409052092228649e+02
6.279437959360138848e+02 7.413886727194120567e+02
6.259325890940317549e+02 7.414688707599827922e+02
6.230387630662021365e+02 7.412251742160278809e+02
6.209609609609609606e+02 7.413123123123123150e+02
6.182936059156154442e+02 7.408299260548064922e+02
6.135241587575495714e+02 7.412679033649698113e+02
