6.135778364116094963e+02 7.390611257695690028e+02
6.128903451288772430e+02 7.392992573176059068e+02
6.127912326388889142e+02 7.392052951388889142e+02
6.143572052401747214e+02 7.395314410480349352e+02
6.174301772589710708e+02 7.399386078685689654e+02
6.195172707889125832e+02 7.409586353944563371e+02
6.219909871244635724e+02 7.412321888412017188e+02
6.246321690383786063e+02 7.413294523501509730e+02
6.265639609009774631e+02 7.419957501062473284e+02
6.274332472006890384e+02 7.422657192075796502e+02
6.270381974248927008e+02 7.421390557939913606e+02
6.257154684095860375e+02 7.417119825708060716e+02
6.240172261484099181e+02 7.408343639575971338e+02
6.217767462422634708e+02 7.404933687002652505e+02
6.194567901234568126e+02 7.405392416225749912e+02
6.170998691670300786e+02 7.405058874836458926e+02
6.159215938303342455e+02 7.397806341045416048e+02
6.151145877378435216e+02 7.398828752642706377e+02
6.147553503986571286e+02 7.399458665547629153e+02
6.138246425567704136e+02 7.395550883095037307e+02
6.139547950992817960e+02 7.394444444444444571e+02
6.150797494780792931e+02 7.399252609603340716e+02
6.164973040232268886e+02 7.403815844048112922e+02
6.173928266438940682e+02 7.401622544833475104e+02
6.183277972027972282e+02 7.401022727272727479e+02
6.187587982832618536e+02 7.410888412017167184e+02
6.191090274749236642e+02 7.410514609681639513e+02
6.193533801580333602e+02 7.410970149253731734e+02
6.191299781181619437e+02 7.411466083150984332e+02
6.197188049209138399e+02 7.417688927943761428e+02
6.195769230769230944e+02 7.415843531468531182e+02
6.187665236051502688e+02 7.415454935622317407e+02
6.174547770700636420e+02 7.416917197452229402e+02
6.164679865206402383e+02 7.414970513900590277e+02
6.152830991911451974e+02 7.407437207322265067e+02
6.141246840775063447e+02 7.408593091828138313e+02
6.129460034013605991e+02 7.404689625850339780e+02
6.117089520577004578e+02 7.402274077216801516e+02
6.106858974358974592e+02 7.401700854700854961e+02
6.093950777202072686e+02 7.395660621761658149e+02
6.089273767605633338e+02 7.393050176056337932e+02
6.110874340949033012e+02 7.396463093145870289e+02
6.131475903614457366e+02 7.405447504302926518e+02
6.151282608695652243e+02 7.402195652173912777e+02
6.161821291150064326e+02 7.406100897819580950e+02
6.172125375697723939e+02 7.408626019750965952e+02
6.186917808219178596e+02 7.408745719178082254e+02
6.196831517183570668e+02 7.414891031014250302e+02
6.191519464210966817e+02 7.414357471745499879e+02
6.183478444632290802e+02 7.413457311918850792e+02
6.161824724809483769e+02 7.407548687552921365e+02
6.131058673469387941e+02 7.409251700680272279e+02
6.118629310344828127e+02 7.402099137931033965e+02
6.107340840190558993e+02 7.405262018189692981e+02
6.108357173818811816e+02 7.405856090160381200e+02
6.119743260590500995e+02 7.411617458279846460e+02
6.132285714285713993e+02 7.413675906183368625e+02
6.151113051069402218e+02 7.409388913138367343e+02
6.173712316968130835e+02 7.410099052540913362e+02
6.195949744463373463e+02 7.413926746166951034e+02
6.224275300171526624e+02 7.412551457975986295e+02
6.240483319076133739e+02 7.413306244653549584e+02
6.243353040540540633e+02 7.412259290540540633e+02
6.238319724967769844e+02 7.406862913622690030e+02
6.218092608326253412e+02 7.410471537807986806e+02
6.193244060475161632e+02 7.399278617710583603e+02
6.165216831258051116e+02 7.399046801202232473e+02
6.152061403508771491e+02 7.392407894736842309e+02
6.143518518518518476e+02 7.392502153316106615e+02
6.143114614401363269e+02 7.394657008947592658e+02
6.149974304068522315e+02 7.398680942184154219e+02
6.164286941580755865e+02 7.398105670103092280e+02
6.194729729729730252e+02 7.402044463818657505e+02
6.220107296137339290e+02 7.410819742489270538e+02
6.241545914069081391e+02 7.420539174389216441e+02
6.264705122686182222e+02 7.419259578131726585e+02
6.278805460750853626e+02 7.424534982935153948e+02
6.287680657723929016e+02 7.426209433145824050e+02
6.276621621621621898e+02 7.422208614864864558e+02
6.264914809960681623e+02 7.419711664482306333e+02
6.246547619047619264e+02 7.411296296296296759e+02
6.195124617402710783e+02 7.403191954525578922e+02
