6.272248824283882414e+02 7.399871740059854801e+02
6.262434521253757111e+02 7.393147273507943282e+02
6.236503225806451383e+02 7.390137634408602025e+02
6.216194766194765862e+02 7.383989703989703912e+02
6.196060606060606233e+02 7.384865319865319861e+02
6.188249471458773314e+02 7.381661733615221692e+02
6.189237973605789875e+02 7.377262664963814132e+02
6.198017789072426922e+02 7.379957645065650240e+02
6.200969927996611659e+02 7.382647183396866239e+02
6.194090520922288761e+02 7.392134927412467960e+02
6.187006237006237370e+02 7.398748440748440771e+02
6.189756302521008138e+02 7.403365546218487907e+02
6.206459309757136680e+02 7.408589688964635798e+02
6.229920932168123500e+02 7.414802330420308181e+02
6.247187102248620931e+02 7.416109461179465825e+02
6.260866379310344882e+02 7.416353448275862092e+02
6.259498929336187985e+02 7.420710920770877692e+02
6.247080260303687282e+02 7.421800433839479183e+02
6.239713080168776287e+02 7.426232067510549086e+02
6.229317889317889012e+02 7.417614757614757082e+02
6.224510709785804465e+02 7.415947081058378672e+02
6.216867876741240480e+02 7.409582102152807010e+02
6.192201365187713691e+02 7.401053754266212081e+02
6.154419381787803331e+02 7.401232247284879122e+02
6.121645299145299077e+02 7.395435897435897914e+02
6.081663807890223552e+02 7.391543739279588863e+02
6.065675330208777041e+02 7.388270132083511044e+02
6.057798982188295440e+02 7.384041560644614037e+02
6.054313973063973435e+02 7.384212962962963047e+02
6.050457214765100389e+02 7.385419463087248459e+02
6.049076662431173190e+02 7.383833121558661787e+02
6.045775063184498777e+02 7.390269587194608221e+02
6.054598478444631837e+02 7.392172442941673580e+02
6.075329391891891646e+02 7.395798141891891646e+02
6.109773310521813983e+02 7.393956372968349342e+02
6.146113427856547560e+02 7.403319432860716915e+02
6.176473269788644984e+02 7.406212184003314860e+02
6.198960437710437645e+02 7.411207912457912244e+02
6.209448685326548230e+02 7.412998303647158309e+02
6.218933161953727904e+02 7.412694944301628084e+02
6.251515410958903658e+02 7.413754280821917746e+02
6.278355460385439528e+02 7.414882226980728319e+02
6.297280775716694734e+02 7.419220067453625234e+02
6.306751376535365807e+02 7.416103346039814141e+02
6.298689828380075824e+02 7.417538719129343008e+02
6.286188855806040010e+02 7.412505316886431501e+02
6.275216468590831482e+02 7.413455008488964495e+02
6.271175213675213627e+02 7.409119658119658425e+02
6.269548903878583133e+02 7.402386172006745255e+02
6.261699455839262782e+02 7.396747593135203260e+02
6.236314465408804608e+02 7.391811320754717372e+02
6.210459334176148332e+02 7.389034976822587168e+02
6.186986011021618879e+02 7.379046206019500005e+02
6.175710594315245316e+02 7.374375538329027222e+02
6.167991452991452661e+02 7.372670940170939957e+02
6.169043773905652870e+02 7.373251168720781834e+02
6.175319693094629656e+02 7.377310315430520404e+02
6.163545493378898072e+02 7.391862451943613905e+02
