6.206134706134706676e+02 7.390733590733590290e+02
6.197297891036906776e+02 7.390421792618628842e+02
6.180420868040333744e+02 7.391516878562034663e+02
6.166958405545926780e+02 7.400966204506065651e+02
6.164508372692142757e+02 7.401459854014598250e+02
6.165545104745617664e+02 7.401680205215903925e+02
6.186364406779661067e+02 7.398762711864407038e+02
6.197661118224498296e+02 7.394810072556551859e+02
6.189874513197750048e+02 7.390315880571181424e+02
6.180337410375368563e+02 7.394698439477014063e+02
6.171875000000000000e+02 7.389607758620689992e+02
6.171925064599482766e+02 7.391989664082686886e+02
6.189978317432784252e+02 7.397315698178664434e+02
6.192635394456290214e+02 7.401607675906183204e+02
6.184303525365434098e+02 7.405073086844367936e+02
6.171682484900776444e+02 7.399995685936152086e+02
6.176882327399044925e+02 7.401962657403387311e+02
6.185420683610867627e+02 7.397537248028045269e+02
6.191351468048359266e+02 7.394943868739205755e+02
6.204370434035238304e+02 7.393541039965621167e+02
6.207481953290870251e+02 7.393320594479830561e+02
6.192247570764681086e+02 7.395310519645120166e+02
6.167577452667813986e+02 7.389759036144578204e+02
6.145656871218668584e+02 7.395946413137423860e+02
