6.218912116040955880e+02 7.394782423208191631e+02
6.222233502538070979e+02 7.393836717428088150e+02
6.209983136593591553e+02 7.396222596964587410e+02
6.192762312633833517e+02 7.395087794432548662e+02
6.184161385720320823e+02 7.398559357836924164e+02
6.187696605070906344e+02 7.399303824666952778e+02
6.196551724137931387e+02 7.397325483599663585e+02
6.207228559357837412e+02 7.393671313899450297e+02
6.205898538263112414e+02 7.388976784178847765e+02
6.189874186550975992e+02 7.390689804772234766e+02
6.167145941278065493e+02 7.390690846286701117e+02
6.149037068598209999e+02 7.392062207072858655e+02
6.185517682147421965e+02 7.392292288027268796e+02
6.202239694007649859e+02 7.393144921376965613e+02
6.197454391175223236e+02 7.394361476453118485e+02
6.174878257155062329e+02 7.393801794105082763e+02
6.153191126279863283e+02 7.392022184300341223e+02
6.145761054421768677e+02 7.393218537414966249e+02
6.158103962505325626e+02 7.388943331913080783e+02
6.178509635974304501e+02 7.391516059957173184e+02
6.193999999999999773e+02 7.392610169491525767e+02
6.190127605274351481e+02 7.394763930242449987e+02
6.168964022540095584e+02 7.390923276983095320e+02
6.142937336814621858e+02 7.390313315926892983e+02
