6.197426796805679032e+02 7.387102928127773112e+02
6.210543621218763519e+02 7.393647523016220475e+02
6.232861381941501122e+02 7.401564222128019992e+02
6.255895087427144290e+02 7.410636969192339620e+02
6.264021514273892990e+02 7.411886636326023563e+02
6.261961682632236261e+02 7.410870470637235030e+02
6.252819438625890598e+02 7.408068705488060459e+02
6.240554156171284603e+02 7.402896725440806449e+02
6.218527896995708488e+02 7.394515021459227455e+02
6.195791097399735463e+02 7.383794623182018313e+02
6.172934637616718874e+02 7.383130280124499905e+02
6.143559245960502722e+02 7.379771095152602811e+02
6.130441891294741481e+02 7.386884666372072843e+02
6.137765314926660949e+02 7.393503019844694109e+02
6.159967118783395108e+02 7.404471845458282360e+02
6.172320464923204781e+02 7.402254047322539918e+02
6.149664873810509107e+02 7.403040959867604442e+02
6.141459640317858657e+02 7.401685487243830721e+02
6.145027484143763559e+02 7.405691331923890175e+02
6.152591348173036749e+02 7.410172196556069366e+02
6.158843453118546449e+02 7.409049979347377075e+02
6.167136306794498068e+02 7.404247603167987108e+02
6.168997461928934172e+02 7.398024534686970810e+02
6.175082393755420753e+02 7.387679965307892189e+02
6.188311744386874125e+02 7.388467184801381791e+02
6.191569844789356694e+02 7.385490022172948557e+02
6.184592996816735422e+02 7.380541155070486639e+02
6.173553943789664800e+02 7.380326382592928667e+02
6.189855790896800727e+02 7.385592609283461343e+02
6.221685201026518826e+02 7.400089820359281703e+02
6.239295716639209104e+02 7.412434102141680796e+02
6.249053719008264807e+02 7.412516528925619923e+02
6.231736625514403158e+02 7.407679012345679439e+02
