6.227875874125874134e+02 7.401630244755244803e+02
6.216655391120507375e+02 7.406427061310781710e+02
6.206648535564853546e+02 7.406242677824267275e+02
6.185996677740863561e+02 7.408114617940199196e+02
6.150436424674779801e+02 7.400415442719261137e+02
6.117103709949409449e+02 7.398440134907251604e+02
6.091351586266840741e+02 7.392703172533681482e+02
6.089104148278905768e+02 7.391037069726389745e+02
6.091509098979139480e+02 7.390812250332890017e+02
6.111375383267629786e+02 7.392509855453350838e+02
6.134231921266581367e+02 7.397993153615747133e+02
6.153645054031587733e+02 7.403196176226101670e+02
6.169025787965615564e+02 7.404625460499386236e+02
6.171223819301848152e+02 7.407626283367555970e+02
6.168951107396572979e+02 7.407200167154200017e+02
6.159085907744392898e+02 7.406800677105374007e+02
6.188341528833258280e+02 7.399342869915064966e+02
6.221330698287220002e+02 7.404694773825208358e+02
6.243953687821611993e+02 7.408121783876500785e+02
6.242317741255794772e+02 7.410353982300885036e+02
6.221865197117422213e+02 7.409673590504451113e+02
6.201065189603749559e+02 7.409135066041754953e+02
6.194993630573247856e+02 7.411129511677282835e+02
6.195613810741688212e+02 7.409612105711850063e+02
6.207959094865100269e+02 7.406536118363794685e+02
6.222603215993046888e+02 7.405597566275532699e+02
6.226996944565692047e+02 7.403256219991270655e+02
6.220909090909091219e+02 7.413771043771043878e+02
6.208394129979035370e+02 7.411664570230608433e+02
6.190481128162588220e+02 7.412077975943591355e+02
6.160530900041476343e+02 7.408896723351306264e+02
6.093834061135371485e+02 7.395135371179039794e+02
