6.046873633581110425e+02 7.367665063401836960e+02
5.995839070567985800e+02 7.366252151462995243e+02
5.968951682484901085e+02 7.359495254529766726e+02
5.977740568037304456e+02 7.356964815599829990e+02
6.007283633247643593e+02 7.351666666666666288e+02
6.061215517241379303e+02 7.349034482758620470e+02
6.104584230934941615e+02 7.349595002154244412e+02
6.125726051148677698e+02 7.354187256176852543e+02
6.147127937336814512e+02 7.370752828546562796e+02
6.168879722101606831e+02 7.378957881024750804e+02
6.201070047271164185e+02 7.391486892995272910e+02
6.245928196147110611e+02 7.401221541155866817e+02
6.294671052631579187e+02 7.412157894736842536e+02
6.345476909797151848e+02 7.420832973672852404e+02
6.374833333333333485e+02 7.433602564102563974e+02
6.337310851707738948e+02 7.434513618677042359e+02
6.284492374727668675e+02 7.433429193899781922e+02
6.249124505059393186e+02 7.426924769027716593e+02
6.224034165571616768e+02 7.419369250985545250e+02
6.203597027972027718e+02 7.406250000000000000e+02
6.180451193058568151e+02 7.396281995661605606e+02
6.139610162067455121e+02 7.390197109067016754e+02
6.083643811987925574e+02 7.377542043984476550e+02
6.040897603485839227e+02 7.371965141612200796e+02
5.999792402826855096e+02 7.367393992932861693e+02
5.986945661700262917e+02 7.359728308501314586e+02
5.995598455598455985e+02 7.359485199485199018e+02
6.079636363636363967e+02 7.353004329004329520e+02
