6.008709401709401163e+02 7.362089743589743875e+02
6.041271076523994452e+02 7.372952875054041897e+02
6.084791940429259967e+02 7.385155497152868520e+02
6.153374558303886488e+02 7.391744699646643539e+02
6.237748995087092680e+02 7.404216167932112285e+02
6.291646394439617325e+02 7.419378801042571467e+02
6.320977112676056322e+02 7.429058098591549424e+02
6.331973094170404011e+02 7.436331838565022281e+02
6.349003966505068774e+02 7.443675628029968721e+02
6.357119305856832625e+02 7.446685466377440434e+02
6.357785651018600674e+02 7.442444641275465074e+02
6.357806675335933733e+02 7.441738188123104010e+02
6.359732873761309975e+02 7.431141749246014570e+02
6.329119037387193885e+02 7.414048130640309182e+02
6.269982884039367264e+02 7.402019683354728841e+02
6.177519685039370643e+02 7.385048118985126848e+02
6.093111607142857338e+02 7.362982142857142662e+02
6.049065217391304259e+02 7.359039130434782692e+02
6.029734816082121824e+02 7.351454234388365876e+02
6.030311965811965820e+02 7.344816239316239717e+02
6.021413881748071617e+02 7.339712939160240239e+02
6.004578207381371158e+02 7.333321616871704691e+02
5.984352014010507901e+02 7.341247810858143339e+02
5.973895476504171711e+02 7.347378129117259959e+02
5.998097518502394223e+02 7.361079669133652033e+02
6.050195482189400309e+02 7.374960903562119938e+02
6.111945661700262917e+02 7.388983347940403519e+02
6.270051925573344533e+02 7.414526179143227864e+02
