6.177736910428385499e+02 7.400757247944612800e+02
6.176492505353319302e+02 7.395203426124196540e+02
6.186652378911272763e+02 7.391770252893270481e+02
6.201043478260869506e+02 7.386634782608695104e+02
6.204417098445595684e+02 7.385841968911917093e+02
6.212949389179755144e+02 7.383577661431064598e+02
6.217915936952714446e+02 7.383274956217162526e+02
6.210295503211991672e+02 7.392809421841541280e+02
6.191658184902460107e+02 7.395318066157760768e+02
6.171350085178875133e+02 7.395055366269165233e+02
6.150427092320966267e+02 7.394926660914582044e+02
6.136639864578925199e+02 7.404506982649174915e+02
6.136094548551959633e+02 7.402840715502555895e+02
6.149440589765828236e+02 7.399111014744145223e+02
6.164030677460588095e+02 7.402032381763954163e+02
6.176440750213129149e+02 7.400618073316283017e+02
6.185284380305603236e+02 7.396184210526315610e+02
6.197877882152006350e+02 7.394081981212639221e+02
6.204664131812420464e+02 7.391381495564005490e+02
6.197214496418035878e+02 7.386523388116308979e+02
6.184048428207306642e+02 7.379749362786745905e+02
6.171834980661795953e+02 7.375526428878383740e+02
6.166199230440358861e+02 7.376481402308678526e+02
6.165184556639795801e+02 7.378998727195587435e+02
6.172647562018819372e+02 7.391984602224123364e+02
6.182931330472102900e+02 7.393768240343347316e+02
6.198570809874404404e+02 7.396115201385881619e+02
6.213505821474773256e+02 7.403816300129366255e+02
6.217976704055220125e+02 7.407148403796376215e+02
6.215934819897083798e+02 7.409541166380788582e+02
6.200663198959688316e+02 7.409523190290420871e+02
6.183461538461538112e+02 7.411572273879966133e+02
6.169788153912667212e+02 7.401595330739299925e+02
6.163651132962804695e+02 7.400508764429242774e+02
6.173914875684787376e+02 7.397109144542772583e+02
6.183528651443343733e+02 7.390637656182680075e+02
6.197179598953792947e+02 7.389507410636442728e+02
6.214939655172413495e+02 7.391228448275861638e+02
