6.144118404118404442e+02 7.400746460746461253e+02
6.145502371711944534e+02 7.399012505390254546e+02
6.147385340762965598e+02 7.399297042434633340e+02
6.147568965517241395e+02 7.397301724137930705e+02
6.156313759108444401e+02 7.397586798114016347e+02
6.163540505786540962e+02 7.396613801971710700e+02
6.166653713298791217e+02 7.396999136442141207e+02
6.172000000000000455e+02 7.396517391304347484e+02
6.182974381241858737e+02 7.394819800260529519e+02
6.185162689804772072e+02 7.393822125813449020e+02
6.194944110060189360e+02 7.391388650042991912e+02
6.203463855421687185e+02 7.393364888123924175e+02
6.205082680591818871e+02 7.392619669277632966e+02
6.205213043478261170e+02 7.393552173913043362e+02
6.209089332176929474e+02 7.393681699913270222e+02
6.209965517241379303e+02 7.393366379310344882e+02
6.202761257434154913e+02 7.396601529311809600e+02
6.192730047972088414e+02 7.388525948539031560e+02
6.190915401301518841e+02 7.388572668112798283e+02
6.181241258741258662e+02 7.386892482517482676e+02
6.178104121475054171e+02 7.390828633405640176e+02
6.170990056204063876e+02 7.392347600518806985e+02
6.159063313096270349e+02 7.389627059843885490e+02
6.153106419646703671e+02 7.391197759586385700e+02
6.148604060913705780e+02 7.393675972927242128e+02
6.140888030888030471e+02 7.392951522951523202e+02
6.135267702936096157e+02 7.390945595854922203e+02
6.134228620541470036e+02 7.391413837559089188e+02
6.135379665379665539e+02 7.392458172458171930e+02
6.136771319473907624e+02 7.393483241408570166e+02
6.137221985513421032e+02 7.393063485300383491e+02
6.137280102476515822e+02 7.392536293766012250e+02
6.146890217855617493e+02 7.392217001281503599e+02
6.161029035012809345e+02 7.391221178479931950e+02
