6.133415691374078733e+02 7.393302990897269638e+02
6.137001710863986546e+02 7.395286569717707152e+02
6.138898414059151492e+02 7.391851693099014255e+02
6.144671564390665708e+02 7.389494382022471655e+02
6.149492691315563206e+02 7.390842648323301773e+02
6.157455166524338210e+02 7.391246797608881707e+02
6.166830092983939267e+02 7.395765004226542487e+02
6.174128479657387061e+02 7.396111349036402771e+02
6.174201183431952131e+02 7.397878275570583355e+02
6.176787096774193060e+02 7.396486021505376129e+02
6.184218213058419451e+02 7.396829896907216835e+02
6.198527896995708488e+02 7.394892703862660710e+02
6.205994077834179734e+02 7.397292724196277049e+02
6.216693860025761751e+02 7.390528123658222057e+02
6.218301967493583788e+02 7.393836612489307072e+02
6.221189655172413495e+02 7.391831896551724412e+02
6.220026086956521567e+02 7.394378260869565338e+02
6.222468763464023596e+02 7.396031882809134004e+02
6.225272572402044489e+02 7.399684838160136451e+02
6.227319057815846008e+02 7.397280513918630049e+02
6.227568846815835286e+02 7.396660929432014200e+02
6.228977758768178319e+02 7.393071000855431976e+02
6.231152352179542504e+02 7.392002589555460190e+02
6.233964238988224906e+02 7.387073702573048877e+02
6.233419801124081232e+02 7.391547773454387880e+02
6.234421649934525931e+02 7.394142295940637268e+02
6.231325919589393152e+02 7.401291702309666789e+02
6.229119930974978843e+02 7.400194132873166382e+02
6.226527481891777143e+02 7.401627609714529399e+02
6.228888417479847703e+02 7.399694526941026425e+02
6.233122597180691855e+02 7.394562152926099543e+02
6.232271562766866282e+02 7.392344150298889645e+02
6.229509803921569073e+02 7.393930093776641570e+02
6.219900562040639898e+02 7.395685257241677846e+02
6.215604442545920847e+02 7.397039726612558752e+02
6.211406860616586982e+02 7.398979591836734926e+02
6.206525129982668432e+02 7.396234835355286350e+02
6.200291811846690280e+02 7.394904181184668914e+02
6.194276429809358433e+02 7.395125649913344432e+02
6.192339869281046276e+02 7.395755991285402615e+02
6.179858672376873301e+02 7.395734475374732710e+02
6.175527426160338109e+02 7.397569620253165112e+02
6.165829787234042669e+02 7.398217021276595915e+02
6.159878787878787989e+02 7.396264069264069576e+02
6.151271076523994452e+02 7.397496757457846570e+02
6.145605670103092280e+02 7.400756013745703967e+02
6.142732707087958488e+02 7.400922288642186686e+02
6.139867747440273433e+02 7.396744880546075365e+02
6.138899786780383465e+02 7.397402985074627395e+02
6.136360153256705416e+02 7.399169859514687460e+02
6.133029535864978925e+02 7.400527426160338109e+02
6.128379649422830653e+02 7.398311244121418895e+02
6.128007630351844455e+02 7.400046629927935555e+02
6.128820774797786726e+02 7.400123456790123555e+02
6.129553191489361552e+02 7.399387234042553700e+02
6.133221704111912231e+02 7.397787197965240011e+02
6.130645851154832826e+02 7.397219846022240972e+02
6.129786233433090956e+02 7.398148781530568385e+02
6.131011139674378683e+02 7.400544130248500778e+02
6.131972496776966182e+02 7.401714654061022429e+02
6.137364374199059966e+02 7.404199060230670284e+02
6.137265692175408276e+02 7.402244196044712226e+02
6.139226804123711645e+02 7.398591065292096118e+02
6.146424892703862497e+02 7.396317596566523207e+02
6.154412388629614270e+02 7.399164191769198169e+02
6.160694444444444571e+02 7.400484006734006925e+02
6.164299660441425885e+02 7.401863327674024049e+02
6.166397963512939668e+02 7.405960967331353686e+02
6.165286867828303912e+02 7.406043348916276727e+02
6.167931182795698533e+02 7.403526881720430310e+02
6.187838519764508192e+02 7.402901597981497162e+02
