6.158969514813225032e+02 7.390871618720481138e+02
6.154723874256584395e+02 7.392506372132539809e+02
6.149397590361445509e+02 7.391962134251291445e+02
6.151314432989690886e+02 7.392439862542955780e+02
6.159567474048442364e+02 7.391241349480968665e+02
6.159748482220294363e+02 7.392792714657415445e+02
6.159869167030091148e+02 7.391740078499782385e+02
6.164653253424658033e+02 7.393219178082191547e+02
6.171485399915361540e+02 7.394680490901396297e+02
6.175693176879617567e+02 7.388696219035201693e+02
6.180096364432763494e+02 7.390258431887866664e+02
6.188665503706934032e+02 7.392263410379415518e+02
6.192449869224062695e+02 7.392615518744551082e+02
6.198921739130435071e+02 7.390369565217391710e+02
6.199346974314322551e+02 7.389521114497169947e+02
6.202676303109942637e+02 7.389215943933420476e+02
6.208003442340791480e+02 7.390701376936316365e+02
6.209467353951889663e+02 7.392796391752577847e+02
6.208482758620689310e+02 7.392659482758621152e+02
6.202852826931376740e+02 7.390332326283987641e+02
6.200978870202673079e+02 7.391772315653298620e+02
6.192728066346573996e+02 7.389100829332169269e+02
6.186890399320305960e+02 7.393823279524214058e+02
6.180078465562336305e+02 7.389747166521359532e+02
6.174077087794432828e+02 7.392441113490364160e+02
6.169620853080568850e+02 7.394312796208530472e+02
6.159474583511320134e+02 7.394476719350705025e+02
6.153157221985513843e+02 7.395198125266297211e+02
6.148988476312420062e+02 7.391587708066581399e+02
6.147147134302822451e+02 7.391484174508126443e+02
6.141056489866322181e+02 7.391082363087538170e+02
6.136040153780435276e+02 7.393541221700128290e+02
6.138170680185888841e+02 7.395171102661596478e+02
6.140058823529411711e+02 7.396197478991596199e+02
