6.258060787671232674e+02 7.388446061643835492e+02
6.256584432156529374e+02 7.390829434283283490e+02
6.257954256670901714e+02 7.391393477340110394e+02
6.267177940542869692e+02 7.393093494183541452e+02
6.280529661016948921e+02 7.398902542372881044e+02
6.291789652247667846e+02 7.399465648854961728e+02
6.306605229318473675e+02 7.398298328332618894e+02
6.315702621400945418e+02 7.394679845294369898e+02
6.329178023850084855e+02 7.395971039182282993e+02
6.335132897603485844e+02 7.397729847494553042e+02
6.334357638888889142e+02 7.397287326388889142e+02
6.328280640970117474e+02 7.399614551754006015e+02
6.288028049298767428e+02 7.404122396940076669e+02
6.256923402454507368e+02 7.405116377486245938e+02
6.228109861591696017e+02 7.393620242214533391e+02
6.204297308842375287e+02 7.396070055531823755e+02
6.196193771626298030e+02 7.395328719723183895e+02
6.191885762284754264e+02 7.403452330953381306e+02
6.198127118644067650e+02 7.406182203389830647e+02
6.186273844849512216e+02 7.403916913946587783e+02
6.158535759627592370e+02 7.402924248836225161e+02
6.124376053962899960e+02 7.397453625632377907e+02
6.106124422026061893e+02 7.395477091214796701e+02
6.081158333333332848e+02 7.395991666666666333e+02
6.052178343949044574e+02 7.391974522292994152e+02
6.029322894625476010e+02 7.396732966567922176e+02
6.016797138047138560e+02 7.396111111111110858e+02
6.024997905320485643e+02 7.397281105990783772e+02
6.035056556346878551e+02 7.397934645999162058e+02
6.043834109183242163e+02 7.393241641980532677e+02
6.054589885252868271e+02 7.393841903952401253e+02
6.061760504201680533e+02 7.395113445378151482e+02
6.060361394557822905e+02 7.394523809523809632e+02
6.047350210970464559e+02 7.396270042194092866e+02
6.047458422174839825e+02 7.393863539445628703e+02
6.057697872340424965e+02 7.394012765957446618e+02
6.076455270894582554e+02 7.396778664426711885e+02
6.091472835314091299e+02 7.398000848896434718e+02
6.100755040755041136e+02 7.397378807378806869e+02
6.135325948018747795e+02 7.401751171708564243e+02
6.180301204819277245e+02 7.404040447504303302e+02
6.219144086021505018e+02 7.405819354838710069e+02
6.251226734348562104e+02 7.405266497461929021e+02
6.256817796610170035e+02 7.399792372881355504e+02
6.256099957283212234e+02 7.398133276377616312e+02
6.249261190786614861e+02 7.391920903954802498e+02
6.250316565481352882e+02 7.394683434518647118e+02
6.258838682432432279e+02 7.400004222972972912e+02
6.279703389830508513e+02 7.398546610169491942e+02
6.291517476555840176e+02 7.397208013640238278e+02
6.305994940978077921e+02 7.400809443507588412e+02
6.317116926973405953e+02 7.400215280709160197e+02
