6.206391382405745389e+02 7.387405745062836786e+02
6.241345622119815744e+02 7.385903225806451928e+02
6.257093639575971338e+02 7.392778268551236351e+02
6.266105538595726330e+02 7.399031836022677453e+02
6.254201053555750605e+02 7.394762949956101465e+02
6.225362511052165928e+02 7.391564986737400886e+02
6.190716753022452394e+02 7.393294473229706227e+02
6.160202531645569479e+02 7.392143459915612311e+02
6.140508189836202746e+02 7.393620327593448565e+02
6.127575757575757507e+02 7.390159932659933020e+02
6.125549011358855296e+02 7.390967606226336102e+02
6.125577740016992720e+02 7.391457094307561420e+02
6.127931477516059431e+02 7.391755888650964152e+02
6.135858895705521263e+02 7.388518843120069732e+02
6.146684005201560694e+02 7.391439098396185727e+02
6.150900822867041597e+02 7.389359029883066796e+02
6.146274509803921546e+02 7.392847399829496453e+02
6.138657604078165377e+02 7.389252336448597589e+02
6.123027444253859812e+02 7.390506003430531337e+02
6.105928509154315407e+02 7.385235396687010052e+02
6.099207105719237916e+02 7.384345753899480087e+02
6.105592640136927685e+02 7.383782627299957539e+02
6.110908701243034784e+02 7.386005143591942215e+02
6.122112676056337932e+02 7.388911651728552670e+02
6.136040326040325681e+02 7.388416988416988715e+02
6.136540907164052214e+02 7.392984315387876677e+02
6.128417960553923649e+02 7.397431808644565763e+02
6.116063559322034280e+02 7.394601694915254484e+02
6.108756432246998429e+02 7.390733276157804994e+02
6.110717335610589771e+02 7.393625106746370648e+02
6.121812366737740376e+02 7.394524520255863536e+02
6.135420401195049180e+02 7.393738796414852459e+02
6.188559724018973611e+02 7.388758085381630281e+02
6.222345890410958873e+02 7.393326198630137469e+02
6.249883167459973947e+02 7.391960190393768926e+02
6.269273597216181315e+02 7.391431056981296024e+02
6.259253601047577149e+02 7.392304670449585728e+02
6.229491004826678591e+02 7.389197016235191313e+02
6.191757117437722400e+02 7.388656583629892793e+02
6.158552397868561457e+02 7.387224689165186646e+02
6.145253108348134674e+02 7.391798401420959408e+02
6.151067877215737099e+02 7.395836575875486005e+02
6.179662104362703303e+02 7.401291702309666789e+02
6.208587521663778261e+02 7.402032062391681393e+02
6.241634072142546756e+02 7.402507605388960883e+02
6.267064459930313660e+02 7.401480836236934238e+02
6.269473911168606719e+02 7.402690815006468483e+02
6.264549702633814832e+02 7.403954970263381483e+02
6.242948024948025250e+02 7.404656964656965101e+02
6.217263953000419860e+02 7.401107847251363410e+02
6.189200167504187675e+02 7.400171691792294268e+02
6.166967032967032765e+02 7.390351648351648919e+02
6.159739629302736148e+02 7.395807590467784394e+02
6.181536007292615977e+02 7.395720145852324094e+02
6.209733822854520895e+02 7.393143643873336259e+02
6.230232974910394432e+02 7.399086021505376038e+02
6.242202586206896058e+02 7.407237068965516755e+02
6.234162700129813857e+02 7.406568585028126108e+02
6.208313043478260624e+02 7.404239130434782510e+02
6.172629067245119359e+02 7.404078091106290458e+02
6.143926432848588775e+02 7.402416595380667559e+02
6.125455301455301651e+02 7.404844074844074839e+02
6.112941176470587834e+02 7.404966386554622204e+02
6.110507910074937854e+02 7.407535387177351822e+02
6.118820272572402246e+02 7.408236797274275887e+02
