6.075787929589271243e+02 7.407510477787091077e+02
6.072285955293125426e+02 7.406558414171236109e+02
6.066935142009325546e+02 7.408397626112760008e+02
6.070034028073160925e+02 7.405946405784771969e+02
6.079940323955669328e+02 7.407877237851662358e+02
6.101761945392491953e+02 7.406309726962457489e+02
6.125486498071153392e+02 7.402134590655807642e+02
6.136104773975496300e+02 7.402872834811997791e+02
6.144233050847457207e+02 7.400194915254237458e+02
6.154256756756756204e+02 7.395342060810810381e+02
6.170132309005548450e+02 7.390947503201024347e+02
6.193706414119673127e+02 7.391889797675419231e+02
6.210163020163020065e+02 7.391917631917632434e+02
6.222333333333333485e+02 7.393156118143459707e+02
6.234836379090522769e+02 7.389507012324692141e+02
6.256704834605598080e+02 7.391251060220525915e+02
6.275703324808183652e+02 7.389744245524296957e+02
6.291641727233860593e+02 7.389807610089782202e+02
6.291897435897435571e+02 7.390897435897435344e+02
6.286491677336747443e+02 7.389325650874947087e+02
6.278686477174849188e+02 7.389302325581395507e+02
6.278262564991334784e+02 7.388825823223570524e+02
6.278408215661104350e+02 7.395541292255028338e+02
6.277833547833547527e+02 7.395452595452595688e+02
6.269101027397259713e+02 7.397020547945205635e+02
6.258219237435008608e+02 7.392136048526863306e+02
6.240719794344472575e+02 7.396572407883461437e+02
6.231333613798906299e+02 7.401152713504417306e+02
6.217621317157712610e+02 7.392928942807625390e+02
6.196762711864406583e+02 7.394961864406780023e+02
6.181965632858340314e+02 7.398558256496228296e+02
6.178307952622673156e+02 7.395427241962775042e+02
6.178992379339542822e+02 7.391248941574935998e+02
6.176326013513513544e+02 7.393315033783783292e+02
6.160021294718909530e+02 7.393909710391823182e+02
6.135101522842639952e+02 7.391649746192892962e+02
6.117761194029850458e+02 7.389594882729211349e+02
6.107230507030251374e+02 7.388862377503195376e+02
6.105036124096897083e+02 7.390080747981299965e+02
6.098772302463891037e+02 7.392417162276975660e+02
6.091080391322841479e+02 7.395014887282007976e+02
6.085912933220625973e+02 7.396479289940828039e+02
6.083685308848080240e+02 7.401481636060100300e+02
6.083565107458912280e+02 7.400303413400758927e+02
6.082116538131962216e+02 7.402223650385603833e+02
6.076691951116729342e+02 7.409089759797724355e+02
6.071353637901861475e+02 7.409069373942470520e+02
6.075839694656488064e+02 7.408812553011026694e+02
6.083136929460580404e+02 7.413236514522822063e+02
6.106759729272420145e+02 7.410486463620981112e+02
6.128373083475297562e+02 7.409752981260647857e+02
6.136268467707893706e+02 7.407243562684676590e+02
6.151264127249895637e+02 7.402695688572624704e+02
