6.070468750000000000e+02 7.397035472972972912e+02
6.067561896768778524e+02 7.397465379773394716e+02
6.059803082191780277e+02 7.395492294520547603e+02
6.062267241379310008e+02 7.392844827586206975e+02
6.076285468615649279e+02 7.391947549441100591e+02
6.093679324894515048e+02 7.394940928270042377e+02
6.110307564422278119e+02 7.399958437240233025e+02
6.124554166666666788e+02 7.397316666666666833e+02
6.131876314682373277e+02 7.394707614640302609e+02
6.146756410256409708e+02 7.390910256410256807e+02
6.156688089117394611e+02 7.387973436161096288e+02
6.173742514970059574e+02 7.389272882805817062e+02
6.189656050955413775e+02 7.386377919320594856e+02
6.202468139337298680e+02 7.385879354290568699e+02
6.216283034953111155e+02 7.382318840579710013e+02
6.237541899441340547e+02 7.386411688869789032e+02
6.259122733024040599e+02 7.393804301982286233e+02
6.278640651801028980e+02 7.389180960548884514e+02
6.281668811668811259e+02 7.389377949377949335e+02
6.277520377520377224e+02 7.388743028743028844e+02
6.270185905750107622e+02 7.389135322092520255e+02
6.268739168110918172e+02 7.391347487001733043e+02
6.272508635578583380e+02 7.394468911917098239e+02
6.272583153347732150e+02 7.395373650107991352e+02
6.266028156996586631e+02 7.398873720136518841e+02
6.258782350445482052e+02 7.397827747136190055e+02
6.242927870251813829e+02 7.401822449850618568e+02
6.231396338867602935e+02 7.403431247339293577e+02
6.219007731958762406e+02 7.399067869415807763e+02
6.200008547008546884e+02 7.394158119658119404e+02
6.181629597946963486e+02 7.393481608212147194e+02
6.173858131487888841e+02 7.391998269896193960e+02
6.174239690721649367e+02 7.392843642611684345e+02
6.171293766011955313e+02 7.394803586678052625e+02
6.157184549356222760e+02 7.392042918454935716e+02
6.134497422680412910e+02 7.392706185567010380e+02
6.118389433319131285e+02 7.392236898167874415e+02
6.111418861512319154e+02 7.394065420560747270e+02
6.104345287739782862e+02 7.398782318598832717e+02
6.098990323937736093e+02 7.398662179217501489e+02
6.087687499999999545e+02 7.400845833333332848e+02
6.078255372945637873e+02 7.399367888748420228e+02
6.073263510682864990e+02 7.403803937997486173e+02
6.072486093281985404e+02 7.404437312794181025e+02
6.070299017513882518e+02 7.406757795813755365e+02
6.066395250212044630e+02 7.410237489397794661e+02
6.056021321961620743e+02 7.410515991471215784e+02
6.056490854955337682e+02 7.413147596767332743e+02
6.070810583788323811e+02 7.411667366652667397e+02
6.085947211579396026e+02 7.408867603235419210e+02
6.106839662447257524e+02 7.403843881856539610e+02
6.119419737399407495e+02 7.399114781872087860e+02
6.138935264054514391e+02 7.395247018739352143e+02
