5.932585683297180594e+02 7.333522776572667681e+02
5.935421686746988144e+02 7.344384681583476322e+02
5.954664620780359883e+02 7.361893906181499005e+02
6.007315555555555875e+02 7.375395555555555802e+02
6.068241906474820553e+02 7.385404676258992822e+02
6.154757238307349780e+02 7.402195991091314227e+02
6.242046757829731405e+02 7.417300397000441308e+02
6.289906124273580872e+02 7.430295037997317422e+02
6.327636039250669455e+02 7.445767172167707031e+02
6.356112349531877044e+02 7.456125724476147525e+02
6.383912466843501079e+02 7.464177718832891060e+02
6.407942332896461721e+02 7.462629969418960627e+02
6.417287093942054526e+02 7.457309043020193258e+02
6.414015050907481736e+02 7.445559982293050325e+02
6.393036876355748745e+02 7.434329718004338474e+02
6.345242040994330637e+02 7.410959441779328927e+02
6.278572683355291701e+02 7.397720685111989951e+02
6.180668425681618601e+02 7.377915567282321945e+02
6.096863340563991187e+02 7.357574837310195335e+02
6.051435304198799940e+02 7.343149100257069222e+02
6.004812580784144984e+02 7.331042654028435663e+02
5.969340188517566048e+02 7.319854327335046946e+02
5.947324371205551188e+02 7.316444058976583165e+02
5.934410994764398311e+02 7.313446771378708036e+02
5.931463098834700531e+02 7.322895986189037103e+02
5.939952688172043054e+02 7.334412903225806986e+02
5.955422842197035607e+02 7.347624237140365722e+02
6.078606741573033787e+02 7.379860674157303038e+02
