6.199305792163543174e+02 7.396473594548551773e+02
6.200338619802829498e+02 7.395932276039434328e+02
6.202446717817562103e+02 7.394335038363171861e+02
6.209863655730720211e+02 7.395134213890072488e+02
6.211525204653166838e+02 7.394786729857819410e+02
6.211683211048770090e+02 7.394449719464824966e+02
6.212267543859649095e+02 7.390894736842104749e+02
6.215739167374681529e+02 7.394847068819030937e+02
6.213254817987152592e+02 7.392950749464667979e+02
6.201510416666666288e+02 7.393875868055555429e+02
6.190194468452895080e+02 7.395553154710457875e+02
6.192613195342820518e+02 7.396226821905994484e+02
6.197789427697684914e+02 7.390821319353429999e+02
6.197900172117039119e+02 7.393756454388984594e+02
6.180138702460850482e+02 7.387319910514540879e+02
6.171433597185575763e+02 7.393245382585752168e+02
6.170946413137423860e+02 7.396853932584269842e+02
6.167434094903338746e+02 7.388717047451669941e+02
6.158930871618720175e+02 7.395598969514812779e+02
6.160966350301983994e+02 7.395893011216566038e+02
6.165853451927149536e+02 7.398454044896230926e+02
6.163856127143454842e+02 7.399949811794227799e+02
6.159778911564625332e+02 7.397176870748298825e+02
6.159833759590792397e+02 7.395110826939471735e+02
6.177156439066551457e+02 7.393634399308556340e+02
6.188095440988496421e+02 7.395939497230507413e+02
6.176677994902294131e+02 7.397795242141036169e+02
6.170769896193771729e+02 7.395986159169550547e+02
6.182235142118862541e+02 7.394922480620155056e+02
6.201794320137693148e+02 7.398227194492254739e+02
6.207998303647158309e+02 7.398799830364715717e+02
6.205294623655913711e+02 7.397221505376344339e+02
6.206813092161929717e+02 7.396244616709733464e+02
6.213879423328965004e+02 7.394840541721275713e+02
6.213831940167179937e+02 7.392648482182138423e+02
6.213993902439024168e+02 7.394364111498257444e+02
