6.161229578675838638e+02 7.388865004299226484e+02
6.174195596951735752e+02 7.391795088907705349e+02
6.179040207522697301e+02 7.391197578901859515e+02
6.172938634399308739e+02 7.393219533275713502e+02
6.167625106022052250e+02 7.399113655640372826e+02
6.162616303883909268e+02 7.394942381562100309e+02
6.159522983521248989e+02 7.387718993928881446e+02
6.147579313342025671e+02 7.385302042590178644e+02
6.145153401511782931e+02 7.382570031124944308e+02
6.140926334362593479e+02 7.385213939126598461e+02
6.149013781223083015e+02 7.392028423772609358e+02
6.174495452576873049e+02 7.396323083585967879e+02
6.180446854663774729e+02 7.394750542299349263e+02
6.171157167530224115e+02 7.391804835924007193e+02
6.165428447150935654e+02 7.390495867768595417e+02
6.160241228070175339e+02 7.387596491228069908e+02
6.165767421975202751e+02 7.394946558358273023e+02
6.165457290767902805e+02 7.393968938740293879e+02
6.165245478036175655e+02 7.396347975882860055e+02
6.164498924731183251e+02 7.394735483870967983e+02
6.163362068965517437e+02 7.391185344827586050e+02
6.171175204476969611e+02 7.388187688334051018e+02
6.187491568296795776e+02 7.393684654300168404e+02
6.195408725116476489e+02 7.395972045743328636e+02
6.187265590928914207e+02 7.395102485826428165e+02
