6.149193205944798137e+02 7.399116772823779229e+02
6.150496362858365273e+02 7.397103123662815278e+02
6.153066157760814576e+02 7.397646310432569408e+02
6.161933305192063699e+02 7.400080202617137957e+02
6.162747018739352143e+02 7.398432708688245611e+02
6.168522825150731705e+02 7.395409130060293137e+02
6.185316509837467720e+02 7.398340461933275947e+02
6.193077900084673502e+02 7.397303132938187673e+02
6.199423323366082741e+02 7.397988039299444836e+02
6.208544760288502857e+02 7.401306745863386141e+02
6.211182749786506747e+02 7.398578138343295905e+02
6.213300344234079375e+02 7.400047332185886262e+02
6.219136968656075624e+02 7.400193215972520875e+02
6.221046761046760594e+02 7.401522951522950962e+02
6.219676320272571957e+02 7.400898637137989908e+02
6.213179508890769966e+02 7.399530059271803566e+02
6.211246830092983373e+02 7.399978867286559989e+02
6.205649241146711574e+02 7.402188026981450548e+02
6.203321947053800614e+02 7.401332194705380516e+02
6.196313993174061352e+02 7.397414675767918197e+02
6.188627787307032122e+02 7.397504288164665240e+02
6.180492569002122991e+02 7.400687898089172450e+02
6.170924657534246762e+02 7.399152397260273801e+02
6.164551636209095022e+02 7.402681682957926341e+02
6.156085665818490043e+02 7.401098388464801019e+02
6.149864406779661294e+02 7.400432203389830192e+02
6.150489570029800461e+02 7.400540655598126705e+02
6.150289855072463752e+02 7.400421994884910646e+02
6.151474850809888721e+02 7.400328218243819265e+02
6.152303442413939365e+02 7.400271993200169618e+02
6.154301486199575493e+02 7.400012738853503151e+02
6.161275597269624313e+02 7.401352389078498391e+02
6.167179046801202276e+02 7.400811507084586083e+02
6.179133959044368112e+02 7.401659556313993562e+02
