6.243737505432420676e+02 7.391699261190786956e+02
6.280902061855670127e+02 7.392731958762886961e+02
6.297165122156698089e+02 7.399098567818028869e+02
6.286538139145012565e+02 7.399165968147527792e+02
6.252005163511187220e+02 7.395314113597246433e+02
6.212381771281169449e+02 7.396362854686155970e+02
6.184606542882404483e+02 7.390274093722370026e+02
6.186417977528089978e+02 7.385415730337078912e+02
6.206107865168539774e+02 7.380773033707864670e+02
6.227975297750331265e+02 7.383467137185707543e+02
6.235671325709445227e+02 7.394993646759847934e+02
6.230996663886571696e+02 7.398373644703920036e+02
6.210765432098764904e+02 7.397567901234567671e+02
6.177451466336224257e+02 7.396361007847996234e+02
6.136364779874213582e+02 7.393098532494758501e+02
6.107041343669250182e+02 7.391890611541774661e+02
6.096007975188302908e+02 7.389486043420470196e+02
6.098327402135231523e+02 7.385311387900355840e+02
6.116629955947136068e+02 7.387828193832599482e+02
6.138431887866842089e+02 7.387179150240910985e+02
6.156128620102214200e+02 7.390221465076660934e+02
6.165612453912331148e+02 7.397910692339205525e+02
6.165727604377786975e+02 7.397973246858532548e+02
6.165551102204408380e+02 7.400737474949900161e+02
6.161925133689840095e+02 7.397515425750719942e+02
6.155614035087719458e+02 7.390864356011981045e+02
6.135388286334056147e+02 7.388433839479392873e+02
6.110217006200176684e+02 7.384433126660761673e+02
6.083465211459754300e+02 7.384961346066394299e+02
6.065552918841955261e+02 7.381400094921689288e+02
6.077680180180179832e+02 7.390941441441441384e+02
6.110662393162392618e+02 7.395414529914529567e+02
6.198545751633987493e+02 7.404162581699346219e+02
6.212969379532635230e+02 7.407248186946011401e+02
6.207614379084967595e+02 7.405567810457516771e+02
6.194163179916317858e+02 7.403983263598325948e+02
6.188304856115107668e+02 7.393453237410071779e+02
6.191155303030302548e+02 7.384095643939393767e+02
6.202281368821293199e+02 7.385784220532319750e+02
6.206237852845904399e+02 7.391416011105969801e+02
6.200992939099735395e+02 7.391725507502206938e+02
6.198627787307032122e+02 7.396745283018867667e+02
6.198913951545530381e+02 7.401370091896408212e+02
6.209530988274707397e+02 7.399706867671691271e+02
6.223724109362054833e+02 7.400099420049709806e+02
6.237411467116357926e+02 7.400333052276560011e+02
6.241167232597623524e+02 7.402903225806451246e+02
6.230727668845315748e+02 7.400579520697167482e+02
6.223469921534438072e+02 7.404163034001743426e+02
6.205564552406657413e+02 7.395447593342330492e+02
6.188383392226148771e+02 7.393189045936395587e+02
6.177620719929763027e+02 7.398292361720807548e+02
6.179284779764500399e+02 7.398098560837330524e+02
6.196052060737526972e+02 7.396108459869848275e+02
6.225134548611110858e+02 7.393363715277778283e+02
6.251577597263787993e+02 7.397195382642154300e+02
6.259541245791245956e+02 7.395673400673400693e+02
6.244351145038167488e+02 7.396874469889737611e+02
6.206280566280565836e+02 7.398858858858858412e+02
6.162440809298320801e+02 7.403138183383555315e+02
6.138153172866520890e+02 7.404748358862144642e+02
6.136885676741129600e+02 7.400884800700832784e+02
6.160292553191488878e+02 7.392083333333333712e+02
6.180090909090909008e+02 7.395116883116883173e+02
6.181124014931563124e+02 7.405039402737453429e+02
