5.884102885821831705e+02 7.347632789627771217e+02
5.841944329040298953e+02 7.336867469879517785e+02
5.807585917854148647e+02 7.322263202011735075e+02
5.782273105745211979e+02 7.320095753538718100e+02
5.767866943866944212e+02 7.305002079002078972e+02
5.762189447444952748e+02 7.303764021603656147e+02
5.763550000000000182e+02 7.295804166666666788e+02
5.781079497907950326e+02 7.292560669456066762e+02
5.803255047383601095e+02 7.295344046147507697e+02
5.833513058129739193e+02 7.296002527379949925e+02
5.870745393634840639e+02 7.299958123953098266e+02
5.902749793559041791e+02 7.309905037159372796e+02
5.945846724351050625e+02 7.319213020189534973e+02
5.990216847372810207e+02 7.329712260216847426e+02
6.029264581572274437e+02 7.339606931530008751e+02
6.079920668058455249e+02 7.357895615866387971e+02
6.130164626424651715e+02 7.373832840861123259e+02
6.179256926952141384e+02 7.390260285474391821e+02
6.235332211942809408e+02 7.408359966358284510e+02
6.294550042052144363e+02 7.425508830950378751e+02
6.340067396798651771e+02 7.442577927548441039e+02
6.376934121621621898e+02 7.455988175675676075e+02
6.406151887993211176e+02 7.471064913025031728e+02
6.427733556765814456e+02 7.486300795978215774e+02
6.439953330504879432e+02 7.493385659736953812e+02
6.439326841659610636e+02 7.500495342929721119e+02
6.434626050420167758e+02 7.505588235294117112e+02
6.417634453781512320e+02 7.509575630252101064e+02
6.398069806560134793e+02 7.508566021867114841e+02
6.375457190357440140e+02 7.510931005818786161e+02
6.349457527333894404e+02 7.502813288477711922e+02
6.315483193277310647e+02 7.495831932773108974e+02
6.282060810810810381e+02 7.485958614864864558e+02
6.236920796272765983e+02 7.475900042354934385e+02
6.189164909320961669e+02 7.459000421762968926e+02
6.145385899040467166e+02 7.447684605757197005e+02
6.098056361375880670e+02 7.432569415665146835e+02
6.046252059308072830e+02 7.417096375617792319e+02
6.009214960953555646e+02 7.403633374434854204e+02
5.969265006124949196e+02 7.386194365046958410e+02
5.930458603896104250e+02 7.368802759740259489e+02
5.900282861896838540e+02 7.353157237936771935e+02
5.871028383381324147e+02 7.343019333607568342e+02
5.851273779983457644e+02 7.330537634408601662e+02
5.831809879618099330e+02 7.323051058530510318e+02
5.825614183199662648e+02 7.313782186576614777e+02
5.834989429175475379e+02 7.310706131078223962e+02
5.854209643605870497e+02 7.308821802935010510e+02
5.876013570822731253e+02 7.303320610687022736e+02
5.905195296094078685e+02 7.309176816463671003e+02
5.938201680672268594e+02 7.311365546218487452e+02
5.979118261596322554e+02 7.316870037609694464e+02
6.026425855513308534e+02 7.326277989015632102e+02
6.067268613739202010e+02 7.341715343480049114e+02
6.118493495593788793e+02 7.348556441460343649e+02
6.168764282691494145e+02 7.363525179856114846e+02
6.214860050890584944e+02 7.378070398642918235e+02
6.267704709376325809e+02 7.394717861688586709e+02
6.322931847406772476e+02 7.410947278182597984e+02
6.368185708172870818e+02 7.424749679075738413e+02
6.413797522426312980e+02 7.442678342588637861e+02
6.458992314261315641e+02 7.458317677198974707e+02
6.494827732879625728e+02 7.472913653764355786e+02
6.523668664383561691e+02 7.481930650684931834e+02
6.543890100305277429e+02 7.490689053641517603e+02
6.549737408523460545e+02 7.501730520878174957e+02
6.548930710008554570e+02 7.506231822070145654e+02
6.537414821124360742e+02 7.507938671209540189e+02
6.522651482595616699e+02 7.506703910614525057e+02
6.495243954179040884e+02 7.508841747984725998e+02
6.461197061365601257e+02 7.500821089023336299e+02
6.432722149978326343e+02 7.496315561335067059e+02
6.394962995211144516e+02 7.486138441445363014e+02
6.354723294723294202e+02 7.476138996138996617e+02
6.318302047781569399e+02 7.465234641638224957e+02
6.272480620155038196e+02 7.448677863910421593e+02
6.216932754880693892e+02 7.432377440347071342e+02
6.167323340471092479e+02 7.418925053533190521e+02
6.108127931769722636e+02 7.400213219616205151e+02
6.056253662620342766e+02 7.383156132272918057e+02
6.017531539108495053e+02 7.369470142977291971e+02
5.976213592233009422e+02 7.354242296327564645e+02
5.938365546218487907e+02 7.337478991596639162e+02
5.918918580375783449e+02 7.324726513569937651e+02
5.906860564585115299e+02 7.309884516680923525e+02
5.906027684563758839e+02 7.309303691275167694e+02
5.910995780590717459e+02 7.302253164556962020e+02
5.918228165482657914e+02 7.302081069786878516e+02
5.927176121930567660e+02 7.299110922946655364e+02
5.941449152542372758e+02 7.296144067796610670e+02
5.960261410788381227e+02 7.304547717842323209e+02
5.997813664596272929e+02 7.306906832298136578e+02
6.034270833333333712e+02 7.315916666666666970e+02
6.075264900662251648e+02 7.324395695364238463e+02
6.123623795559279870e+02 7.339124423963133950e+02
6.167992424242423795e+02 7.347533670033669750e+02
6.215893232450609958e+02 7.363345943673812144e+02
6.273260683760684060e+02 7.377350427350427253e+02
6.325395932496754767e+02 7.390644742535698697e+02
6.368234790059982515e+02 7.408299057412167485e+02
6.420335051546392151e+02 7.423724226804123418e+02
6.458649000868809935e+02 7.433657688966115984e+02
6.503452484742807655e+02 7.448312990409764325e+02
6.547179376083188345e+02 7.460550259965338000e+02
6.568544276457882916e+02 7.471166306695464527e+02
6.573835967535241025e+02 7.479799231097821348e+02
6.569420731707317600e+02 7.481219512195121979e+02
6.560012919896640824e+02 7.485999138673557809e+02
6.542338394793926000e+02 7.483427331887202172e+02
6.514526270456502743e+02 7.485279931093884898e+02
6.485246252676658969e+02 7.483044967880085778e+02
6.447757496740547367e+02 7.479478487614080677e+02
6.396370623398804582e+02 7.471268146883005556e+02
6.353356223175965170e+02 7.464583690987124101e+02
6.307410256410256579e+02 7.453961538461538794e+02
6.258525724167747057e+02 7.442019022913964363e+02
6.210627147766323333e+02 7.428848797250859661e+02
6.160729522184300322e+02 7.416463310580204507e+02
6.106158690176322352e+02 7.398131821998321129e+02
6.058938570831592187e+02 7.383038027580442986e+02
6.013902944836167990e+02 7.372181667357942843e+02
5.971896125309150420e+02 7.357114591920857265e+02
5.938354586589880455e+02 7.340995475113122666e+02
5.907652210175145910e+02 7.327076730608840762e+02
5.883995815899581885e+02 7.318472803347279978e+02
5.876090414399329802e+02 7.311946421096693030e+02
5.877453646477132452e+02 7.310045323444581982e+02
5.888779264214047089e+02 7.303235785953177128e+02
5.903455913079816355e+02 7.301099038863351325e+02
5.923934634974533537e+02 7.297848047538200262e+02
5.949654445849135982e+02 7.301622418879055658e+02
5.975770850884582615e+02 7.303837405223251835e+02
6.009397894736841863e+02 7.311183157894737406e+02
6.047063688999172655e+02 7.322328370554176900e+02
6.085029535864979380e+02 7.329523206751055113e+02
6.125907744392720815e+02 7.341570038087177181e+02
6.175588235294117112e+02 7.357587382779198606e+02
6.220997409326424759e+02 7.371895509499136097e+02
6.270613997423787396e+02 7.391386861313868621e+02
6.328181818181818699e+02 7.409099405267629663e+02
6.371490080202617037e+02 7.425669058674545795e+02
6.408378839590443476e+02 7.438946245733787919e+02
6.437011149228130762e+02 7.455090051457975733e+02
6.458011144449206995e+02 7.468649807115301655e+02
6.475375796178343535e+02 7.475825902335456021e+02
6.487187899446101937e+02 7.487196420962931143e+02
6.490506655216830723e+02 7.490897380850150284e+02
6.486152201795639485e+02 7.492569474134245411e+02
6.467487223168653827e+02 7.496034923339011584e+02
6.440544763513513544e+02 7.495836148648648987e+02
6.411716957076073413e+02 7.493603909902252553e+02
6.364740396791895591e+02 7.489413254537779494e+02
6.324292333614152994e+02 7.486436394271272547e+02
6.276837860780984784e+02 7.473900679117148229e+02
6.220267743306417287e+02 7.468083297917552272e+02
6.168754266211603863e+02 7.451881399317405794e+02
6.113126050420167985e+02 7.442630252100840380e+02
6.053965002134016231e+02 7.425356380708493589e+02
6.006626865671642008e+02 7.409304904051173253e+02
5.957115960633290115e+02 7.391044073598631030e+02
5.891705029838021801e+02 7.379356351236147020e+02
5.843603187919462698e+02 7.373250838926174993e+02
5.795797223390828776e+02 7.359667648296172047e+02
5.759107961650687457e+02 7.355056273447269177e+02
5.745951686797168350e+02 7.341970012494793991e+02
5.737772689425478347e+02 7.336298917568692559e+02
5.731836820083682369e+02 7.330757322175732043e+02
5.736597894736842136e+02 7.325410526315789639e+02
5.754168067226891026e+02 7.322710084033612929e+02
5.777222453222452714e+02 7.324074844074843895e+02
5.805591939546599178e+02 7.324899244332493708e+02
5.836905564924114742e+02 7.325451096121416867e+02
5.874787189211967871e+02 7.330130636325326350e+02
5.916097867001254826e+02 7.337900460058552881e+02
5.954470833333333530e+02 7.344624999999999773e+02
6.005141548709408426e+02 7.358646960865944493e+02
6.055338063439064626e+02 7.370530050083472133e+02
6.100457731958763361e+02 7.384008247422680142e+02
6.146050420168066921e+02 7.398865546218487452e+02
6.192302878598247844e+02 7.416528994576553941e+02
6.234652542372881499e+02 7.428648305084745971e+02
6.281139940450872245e+02 7.441722671203742721e+02
6.316500850340136139e+02 7.457155612244897611e+02
6.346445578231292757e+02 7.469940476190475920e+02
6.368349473684210125e+02 7.482282105263158201e+02
6.381470956957793987e+02 7.491516924362724694e+02
6.388260685569191537e+02 7.491633516716038912e+02
6.390502533783783292e+02 7.499375000000000000e+02
6.386390264026402974e+02 7.503028052805281050e+02
6.369804836656767293e+02 7.499622401357657964e+02
6.340487703209670372e+02 7.499924968736974051e+02
6.319504409911801304e+02 7.494716505669886146e+02
6.294467265725288598e+02 7.488070175438596152e+02
6.262425010561893259e+02 7.478356569497253759e+02
6.223685317627260929e+02 7.472667227597812598e+02
6.178144197952218519e+02 7.459987201365187275e+02
6.123454926624738164e+02 7.450960167714885074e+02
6.076486371379897946e+02 7.433313458262350650e+02
6.031612638489946221e+02 7.421112022979073117e+02
5.976378668871434456e+02 7.404828441504754437e+02
5.933319380493931021e+02 7.386852239430724012e+02
5.891741314357471992e+02 7.377287568020092294e+02
5.840207188160676424e+02 7.360346723044397095e+02
5.801567384875369271e+02 7.347836924376848629e+02
5.777127749576987981e+02 7.341201353637901548e+02
5.757322404371584526e+02 7.333766288356451923e+02
5.747216624685138413e+02 7.326007556675062915e+02
5.745894997933030481e+02 7.324505994212483984e+02
5.752702928870293135e+02 7.318748953974895812e+02
5.771694630872483458e+02 7.320914429530200778e+02
5.797108944467994434e+02 7.320245866892751110e+02
5.834519230769230944e+02 7.324765886287625563e+02
5.878587234042553291e+02 7.329251063829786972e+02
5.919093945720250076e+02 7.335924843423799757e+02
5.968497925311203289e+02 7.341269709543568069e+02
6.016355648535565024e+02 7.350355648535564796e+02
6.058482959268495733e+02 7.362040731504571340e+02
6.112210129761406279e+02 7.375081624110506482e+02
6.166945269410267656e+02 7.388400509121764799e+02
6.217288926601612502e+02 7.398162918964785604e+02
6.279477707006369656e+02 7.414607218683652263e+02
6.329457527333894404e+02 7.432476871320437795e+02
6.368609715242880611e+02 7.443400335008375350e+02
6.400878980891719721e+02 7.453053078556263245e+02
6.423700754400670121e+02 7.464195305951383261e+02
6.438452481076534468e+02 7.472350714886458718e+02
6.445177815410669382e+02 7.474174428450465939e+02
6.446240984302079369e+02 7.479940602460754917e+02
6.439195205479452397e+02 7.479755993150685072e+02
6.420134907251265304e+02 7.481863406408094761e+02
6.398107876712329016e+02 7.478214897260273801e+02
6.375256682223165399e+02 7.473915994908782068e+02
6.341101436656508668e+02 7.462934262080975714e+02
6.304121392190153301e+02 7.458743633276740184e+02
6.267171587505348498e+02 7.452687205819427163e+02
6.218462192013594176e+02 7.445539507221750455e+02
6.172885763000851966e+02 7.432152600170503547e+02
6.128048060708263165e+02 7.419869308600336808e+02
6.080639386189258175e+02 7.404620630861039672e+02
6.033159224936815690e+02 7.391630160067396673e+02
5.954357379767827751e+02 7.363731343283582191e+02
