6.084282018111255184e+02 7.392578697714532154e+02
6.083948479729730252e+02 7.395388513513513544e+02
6.076396812080537302e+02 7.394928691275167694e+02
6.061933863541230494e+02 7.397074089577229188e+02
6.042469954413593314e+02 7.397041027766266552e+02
6.038494623655914211e+02 7.399441687344913134e+02
6.045915551839465252e+02 7.394862040133779146e+02
6.074751979991663120e+02 7.395556481867445200e+02
6.106750319013185617e+02 7.394240748617609142e+02
6.128109600679694040e+02 7.394413763806287534e+02
6.136977532852903323e+02 7.393387028401865564e+02
6.135856121161127703e+02 7.393491796381994163e+02
6.126555878687162249e+02 7.398562525965933219e+02
6.116471807628523720e+02 7.397193200663349444e+02
6.115267782426777785e+02 7.395476987447698320e+02
6.129454775993237945e+02 7.392303465765004375e+02
6.166362467866323414e+02 7.392305055698371916e+02
6.200276100086281303e+02 7.386432269197583764e+02
6.226938421509106547e+02 7.390195143104944009e+02
6.239957716701902655e+02 7.397526427061310415e+02
6.233403449726546341e+02 7.396024400504837786e+02
6.223316434305027087e+02 7.396016054076890214e+02
6.211429765886288124e+02 7.398465719063544839e+02
6.211418380193033499e+02 7.398325639949642891e+02
6.229008894536214029e+02 7.396806437950020836e+02
6.253356193741963125e+02 7.394067723960565672e+02
6.277447447447447075e+02 7.398189618189618386e+02
6.284607464607464635e+02 7.395186615186614745e+02
6.264928848641656032e+02 7.390659767141008842e+02
6.233487092678798263e+02 7.394646635632669813e+02
6.200670230263158373e+02 7.399173519736841627e+02
6.184799666110183125e+02 7.393447412353923482e+02
6.182784704904405544e+02 7.394962593516208926e+02
6.192795109612142141e+02 7.391319561551433708e+02
6.200693027210884338e+02 7.390076530612244596e+02
6.200452001721911302e+02 7.390284115368058337e+02
6.186370757180156943e+02 7.390095735422106600e+02
6.160842696629213151e+02 7.388612791702679488e+02
6.126734867860187705e+02 7.391594202898551202e+02
6.084522591645353486e+02 7.389825234441602788e+02
6.064950207468879171e+02 7.395269709543568979e+02
6.067280265339967400e+02 7.398229684908789068e+02
6.081259289843104625e+02 7.398757225433525946e+02
6.094662218515429686e+02 7.398557130942451749e+02
6.097770780856423016e+02 7.395843828715364907e+02
6.094391159299416358e+02 7.400150125104253220e+02
6.079914929817099392e+02 7.396758826031475564e+02
6.063536534446764108e+02 7.398580375782880765e+02
6.046236919213059764e+02 7.393905399748848595e+02
6.042429592265657448e+02 7.392778478352248612e+02
6.045153554901136204e+02 7.392435843500210240e+02
6.061989924433249826e+02 7.395520570948782506e+02
6.090186361711139398e+02 7.392333756882676425e+02
6.128155909471919358e+02 7.396559094719195855e+02
