6.157769500438212162e+02 7.403672217353198448e+02
6.159501103752759263e+02 7.402724061810154126e+02
6.155032622879513156e+02 7.405524140930839394e+02
6.159653229302124373e+02 7.397061118335500396e+02
6.180521813515825897e+02 7.398866552609067639e+02
6.186619718309858627e+02 7.400674349125052913e+02
6.176360120326601191e+02 7.403970777825526284e+02
6.167646017699114509e+02 7.399796460176991104e+02
6.174125659050966988e+02 7.400931458699473069e+02
6.185126527050611003e+02 7.396247818499127789e+02
6.187232732072151293e+02 7.399106907171139937e+02
6.181515679442508144e+02 7.401759581881533450e+02
6.177409326424869960e+02 7.401955958549223169e+02
6.168781994704324916e+02 7.397096204766107803e+02
6.163263250109505407e+02 7.398055190538764236e+02
6.166663807890223552e+02 7.397564322469983153e+02
6.174409052808047136e+02 7.401353730092204160e+02
6.172353923205341744e+02 7.400592654424040120e+02
6.166623212783852068e+02 7.404243061396131225e+02
6.160208599404002143e+02 7.401668795232013736e+02
6.162619149849721225e+02 7.401459854014598250e+02
6.164854915547856535e+02 7.395734084019055672e+02
6.164383088869715266e+02 7.396367558239861637e+02
6.181818181818181301e+02 7.391376500857633118e+02
