6.203204467353951941e+02 7.399892611683849282e+02
6.200292473118279304e+02 7.399225806451612470e+02
6.203835794960903058e+02 7.392289313640312685e+02
6.212295852928601789e+02 7.397858058999572677e+02
6.212619766940008503e+02 7.396590418644799456e+02
6.201704790677600840e+02 7.394570565386275121e+02
6.197239290350497640e+02 7.394595413241021333e+02
6.194476843910806565e+02 7.394382504288164455e+02
6.194844216816047719e+02 7.392646180110968999e+02
6.192976903336184478e+02 7.393541488451668329e+02
6.186259740259740738e+02 7.392675324675324191e+02
6.185268166089965689e+02 7.392227508650519212e+02
6.188940823327616272e+02 7.393837907375643681e+02
6.186672391584370416e+02 7.392885358522971728e+02
6.166254859611231041e+02 7.391511879049676281e+02
6.162286220646876700e+02 7.389796189632255619e+02
6.164103330486763070e+02 7.394261315115286379e+02
6.162253941201533962e+02 7.393596080102257702e+02
6.152643133878605113e+02 7.392298751614291632e+02
6.140893396633578050e+02 7.390660336642209813e+02
6.150728051391862437e+02 7.394843683083511223e+02
6.165198983911939195e+02 7.397705334462319797e+02
6.166744581385465835e+02 7.397016574585635453e+02
6.165640698169434017e+02 7.394452958705832089e+02
6.177667950363713771e+02 7.395665382969618804e+02
6.185054991539763023e+02 7.399589678510998283e+02
6.172992884051905094e+02 7.402498953537044599e+02
6.167993138936535615e+02 7.397452830188678945e+02
6.177607944732296801e+02 7.395535405872193451e+02
6.193594882729211122e+02 7.400716417910447262e+02
6.198762187367528895e+02 7.403984739296312227e+02
6.195270386266093965e+02 7.402918454935622776e+02
6.198378723404255197e+02 7.400919148936170586e+02
6.205321612349914631e+02 7.398374785591767022e+02
6.209257340241796328e+02 7.398886010362693924e+02
6.196544117647058556e+02 7.400082179930795974e+02
