6.168626421697288151e+02 7.391272965879264802e+02
6.162298850574712787e+02 7.388156498673739634e+02
6.163968668407310361e+02 7.393328981723237803e+02
6.173429680759275016e+02 7.392497842968075474e+02
6.192005231037488784e+02 7.398352223190933046e+02
6.218199470432480211e+02 7.404139452780229931e+02
6.250356987374836990e+02 7.410465824989116754e+02
6.275006321112515479e+02 7.417901390644753974e+02
6.290341052631579259e+02 7.420395789473684545e+02
6.292038216560509909e+02 7.422569002123142354e+02
6.287850346020761663e+02 7.422365916955017155e+02
6.280227780259044721e+02 7.417043322912014673e+02
6.271286288521661163e+02 7.414198302813756527e+02
6.246588946459412455e+02 7.412305699481864849e+02
6.214753886010362294e+02 7.410820379965457505e+02
6.194286964129483977e+02 7.404986876640419950e+02
6.180151843817787949e+02 7.401344902386117610e+02
6.169553264604810465e+02 7.397091924398625906e+02
6.162042735042734876e+02 7.396641025641025635e+02
6.152611087600507744e+02 7.397820567075750660e+02
6.152676962676962376e+02 7.391171171171171181e+02
6.164650963597430291e+02 7.392591006423982662e+02
6.167002508361204036e+02 7.399184782608696196e+02
6.178815065594583302e+02 7.400169276343631282e+02
6.186482029598308827e+02 7.405331923890063308e+02
6.190201803349076499e+02 7.407737226277372429e+02
6.193634759594177694e+02 7.406343184825760773e+02
6.195887809187279345e+02 7.406214664310954277e+02
6.199557599649583608e+02 7.408953131844065183e+02
6.200916630292448417e+02 7.409083369707551583e+02
6.192560975609756042e+02 7.411598432055749299e+02
6.181847269624573755e+02 7.414368600682594206e+02
6.170950360627916780e+02 7.411731014000848745e+02
6.158544995794785564e+02 7.412451640033641524e+02
6.144498942917547311e+02 7.404109936575052870e+02
6.124286307053941982e+02 7.407157676348547284e+02
6.106385846672283151e+02 7.399048020219039472e+02
6.084713269150272481e+02 7.398668899120971219e+02
6.063210239194293081e+02 7.397595467897608614e+02
6.049042045947117003e+02 7.389115734720415958e+02
6.049888220120378719e+02 7.392566638005158666e+02
6.067349978098992551e+02 7.388020148926850652e+02
6.093754280821917746e+02 7.394798801369862531e+02
6.116518082422203406e+02 7.399625735912532036e+02
6.130654483637908925e+02 7.400752231194220485e+02
6.144156829679595830e+02 7.400556492411467389e+02
6.156256302521007910e+02 7.400945378151260456e+02
6.169270833333333712e+02 7.405499999999999545e+02
6.169785212722015331e+02 7.406575795125980903e+02
6.162319438712339661e+02 7.411031778786627910e+02
6.136131568059578285e+02 7.407120397186595255e+02
6.105541861453464207e+02 7.396659583510412403e+02
6.086334899615549148e+02 7.394903887227681025e+02
6.083750533959846507e+02 7.393255019222553983e+02
6.079406996587031244e+02 7.398041808873720129e+02
6.086052060737526972e+02 7.399553145336225271e+02
6.092804617357845700e+02 7.402825994014535809e+02
6.105947345705653788e+02 7.404609408718170016e+02
6.124365591397848902e+02 7.408731182795698942e+02
6.158236301369862531e+02 7.407782534246575779e+02
6.196030729833546502e+02 7.412957746478873560e+02
6.223792804508019572e+02 7.408136107498916090e+02
6.243176972281449935e+02 7.411812366737740376e+02
6.247661118224498296e+02 7.412731540759709787e+02
6.237874892887746228e+02 7.409747215081405329e+02
6.216037245560848987e+02 7.407553053269813290e+02
6.192015706806282651e+02 7.405990401396160223e+02
6.171202643171806130e+02 7.400026431718061986e+02
6.159862831858407617e+02 7.395681415929203695e+02
6.148673026886383468e+02 7.396799653078924166e+02
6.137919863597612675e+02 7.400532821824382381e+02
6.144417582417582935e+02 7.398294505494505984e+02
6.159853258523953627e+02 7.405610703495899543e+02
6.183340526542943962e+02 7.410880448856279372e+02
6.209597286986011113e+02 7.414764730818143335e+02
6.240919639020197565e+02 7.414473571121616260e+02
6.259919354838709751e+02 7.418319185059423262e+02
6.271248407643312248e+02 7.425668789808917154e+02
6.280916030534351648e+02 7.424881255301102101e+02
6.285025575447569963e+02 7.428098891730605828e+02
6.274112627986347661e+02 7.427679180887372468e+02
6.226904654315409289e+02 7.403971983732490116e+02
