6.145060898782024879e+02 7.397648047039059520e+02
6.162474789915966085e+02 7.398428571428571558e+02
6.174544698544698349e+02 7.400349272349271814e+02
6.183813068651778622e+02 7.400942928039702338e+02
6.195733222866610959e+02 7.403272576636288704e+02
6.204926992073425254e+02 7.403587818105966107e+02
6.211461890878800887e+02 7.404127446897126674e+02
6.220207539178313709e+02 7.399923761118170660e+02
6.227796248934356527e+02 7.401270247229326742e+02
6.231166525781910650e+02 7.400570583262890523e+02
6.233934707903780463e+02 7.400378006872851984e+02
6.232852277564920769e+02 7.400195828011919730e+02
6.241304535637149229e+02 7.398086393088552768e+02
6.247308347529813091e+02 7.403709540034071779e+02
6.259719983029274317e+02 7.406834959694526788e+02
6.272997876857749588e+02 7.403656050955413548e+02
6.288120461341306964e+02 7.402947458351131900e+02
6.306001716001716204e+02 7.403191763191763357e+02
6.327069182389936941e+02 7.410431865828091986e+02
6.334658048373644306e+02 7.410041701417848117e+02
6.337691659646167182e+02 7.412514743049705430e+02
6.337141057934509263e+02 7.412837951301427211e+02
6.336704355108877280e+02 7.412872696817420319e+02
6.330163316582915058e+02 7.408965661641541374e+02
6.315218303946263632e+02 7.402489504617967668e+02
6.304642553191489469e+02 7.394502127659574171e+02
6.291666666666666288e+02 7.390601731601731217e+02
6.271470967741935283e+02 7.388744086021505382e+02
6.254055579678680488e+02 7.386174554928354610e+02
6.238833922261484304e+02 7.381157243816254550e+02
6.228806620209059020e+02 7.384094076655052277e+02
6.218862249346120734e+02 7.384537925021795672e+02
6.210207433016421419e+02 7.380259291270526774e+02
6.202053264604810465e+02 7.379372852233676667e+02
6.191890295358649610e+02 7.377632911392405504e+02
6.193912303107705384e+02 7.378212005108556468e+02
6.194101910828024984e+02 7.377269639065817728e+02
6.195130033557046545e+02 7.379878355704697697e+02
6.199399499582985982e+02 7.382839866555463004e+02
6.209070647603027737e+02 7.385273338940286294e+02
6.217420718816067620e+02 7.386291754756871342e+02
6.227150148872819955e+02 7.387958315610378577e+02
6.226635867282653862e+02 7.391730365392692192e+02
6.224234500210881151e+02 7.392315478700969607e+02
6.222075073808520074e+02 7.391514129059468132e+02
6.213300215982720829e+02 7.387978401727862092e+02
6.204583877995643206e+02 7.387912854030500966e+02
6.198923278116826623e+02 7.384925893635571583e+02
6.199882147533827492e+02 7.382841553906590661e+02
6.201623059866961967e+02 7.379099778270509660e+02
6.211164710995219593e+02 7.384615384615384528e+02
6.224238896075894445e+02 7.385153083225528690e+02
6.236346895074946133e+02 7.387199143468950524e+02
6.252715627668659408e+02 7.392574722459436316e+02
6.267068747363981629e+02 7.397241670181358586e+02
6.278488175675676075e+02 7.400016891891891646e+02
6.285640495867768323e+02 7.405049586776859769e+02
6.294283326368574762e+02 7.404095277893857201e+02
6.298292172457095148e+02 7.402306404353286098e+02
6.300263829787234044e+02 7.398693617021276623e+02
6.301855241264559027e+02 7.401975873544092792e+02
6.299856842105263013e+02 7.398446315789473147e+02
6.289838091180230322e+02 7.391069450362164162e+02
6.272807625649912779e+02 7.387595320623917132e+02
6.257707338254450633e+02 7.386521927920103963e+02
6.242559633027523205e+02 7.374055045871559741e+02
6.230942156003505943e+02 7.385315512708150436e+02
6.218086880210619256e+02 7.382185168933742716e+02
6.206918429003021629e+02 7.387220543806646447e+02
6.199298924731182296e+02 7.387617204301075162e+02
6.199645147498931692e+02 7.389140658401025803e+02
6.199253921153031115e+02 7.391661721068248880e+02
6.198915763135946690e+02 7.393828190158465077e+02
6.199395719681074297e+02 7.394179605539236491e+02
6.197236408566722048e+02 7.391379736408566714e+02
6.188595551894563869e+02 7.388076606260297012e+02
6.172467855661551539e+02 7.386250518457071621e+02
6.156339434276205793e+02 7.385058236272878958e+02
6.141169049621530576e+02 7.383099243061395782e+02
6.128752633796881355e+02 7.380821744627054386e+02
6.115580993520518405e+02 7.380358531317494908e+02
6.108877901977643887e+02 7.382269991401548168e+02
6.107912182522600233e+02 7.382875591907016997e+02
6.107642095914742413e+02 7.381132326820603566e+02
6.109828345070422984e+02 7.384471830985914949e+02
6.111034332898739194e+02 7.388791829639287698e+02
6.108900908697534078e+02 7.390255300735611854e+02
6.107653846153846189e+02 7.395294871794872051e+02
6.113067590987868698e+02 7.392240034662045218e+02
6.117037663986458256e+02 7.400986034701650169e+02
6.122982751367269429e+02 7.407564156499789760e+02
6.136557925554161557e+02 7.411978251777499054e+02
6.146519567027477251e+02 7.415191507077435062e+02
6.159280908326325061e+02 7.413637510513036659e+02
6.161808774834437372e+02 7.415807119205297795e+02
6.168710888610763732e+02 7.413475177304964063e+02
6.162049742710120199e+02 7.407778730703258816e+02
6.144781115879828803e+02 7.407914163090129023e+02
6.125968020743301850e+02 7.401525496974935550e+02
6.112785134557881292e+02 7.399709525843657048e+02
6.102561448900388541e+02 7.399521345407503077e+02
6.091943107221006812e+02 7.396669584245076976e+02
6.086554404145077797e+02 7.400613126079447284e+02
6.085993988836410153e+02 7.403808501502791160e+02
6.093755991285403297e+02 7.404989106753812393e+02
6.100046988466467610e+02 7.410179410508329738e+02
6.108835616438356055e+02 7.410492294520547603e+02
6.115362869198312410e+02 7.410164556962025699e+02
6.117102368866328561e+02 7.409708121827411560e+02
6.113799328295549458e+02 7.408551637279597344e+02
6.105839567747298133e+02 7.407801330008312561e+02
6.099038939519469977e+02 7.402709196354597907e+02
6.090468879668050022e+02 7.403124481327801050e+02
6.080460636515913393e+02 7.396884422110553032e+02
6.063648417450813213e+02 7.392463644140291308e+02
6.050332771693344966e+02 7.397148272957034578e+02
6.035075528700906489e+02 7.389236081139404178e+02
6.019717344753747739e+02 7.390522483940043230e+02
6.008082251082250878e+02 7.389445887445887138e+02
6.003068328319725424e+02 7.391757627847013055e+02
6.007209302325580893e+02 7.392228329809724983e+02
6.016576500422654590e+02 7.392210481825866282e+02
6.026841223292835821e+02 7.392731462086301235e+02
6.046774600504626278e+02 7.395639192598822547e+02
6.065023022185014270e+02 7.400200920887400571e+02
6.084509803921569073e+02 7.406601307189542922e+02
6.100272727272727025e+02 7.409632231404958702e+02
6.111477974475092196e+02 7.411193906957595345e+02
6.117089430894309316e+02 7.412382113821138319e+02
6.124942481511914139e+02 7.409884963023829414e+02
6.126205747605164333e+02 7.411078717201165773e+02
6.123156554942723915e+02 7.411022486211285241e+02
6.121979738286196380e+02 7.411663149008020355e+02
6.124526588845654942e+02 7.405637699956765800e+02
6.126936784047518358e+02 7.409155706406448871e+02
6.132658390410958873e+02 7.408369006849314928e+02
6.135904436860067790e+02 7.406715017064846052e+02
6.136334919948074003e+02 7.405049762007788559e+02
6.136078936078936295e+02 7.407644787644787812e+02
6.133098471986418190e+02 7.410152801358234456e+02
6.127890691716481797e+02 7.408040136635354429e+02
6.126251053074978472e+02 7.407118786857623718e+02
6.128647181628392673e+02 7.404162839248434693e+02
6.136097356273604646e+02 7.402316407889214815e+02
6.142847136382365534e+02 7.403345694272765058e+02
6.144187577128753901e+02 7.400353763883175588e+02
6.147551020408163822e+02 7.398704706372344617e+02
6.151014736842105322e+02 7.395317894736841708e+02
6.150726658217153044e+02 7.392551753274186694e+02
6.138798157453936710e+02 7.395238693467337043e+02
6.122886021505375993e+02 7.385866666666667015e+02
6.105348439504061844e+02 7.387503206498503232e+02
6.086679824561404075e+02 7.381482456140350905e+02
6.075432586736934581e+02 7.380953008344312138e+02
6.067608503100088910e+02 7.379929140832595067e+02
6.067234698370762089e+02 7.378243064729193748e+02
6.076081081081081265e+02 7.374803836094158669e+02
6.088962101636519719e+02 7.380305770887166545e+02
6.101660929432014200e+02 7.382917383820998793e+02
6.120051480051480439e+02 7.380622050622050665e+02
6.136362850971921716e+02 7.382151187904967173e+02
6.152599999999999909e+02 7.389733333333333576e+02
6.163690825303729071e+02 7.387059069962296007e+02
6.178651826963460962e+02 7.389256614867703092e+02
6.188091442953019623e+02 7.391304530201342686e+02
6.196635553669918863e+02 7.391854051760712991e+02
6.201581872595126015e+02 7.389337323642582760e+02
6.208172871202395982e+02 7.391151048352588759e+02
6.213059799214316854e+02 7.384535137494543733e+02
6.219559144478394046e+02 7.384993452640768510e+02
6.220504201680672622e+02 7.382702344095532681e+02
6.228442188879082551e+02 7.382930273609885035e+02
6.236404593639575751e+02 7.383758833922261147e+02
6.242390734265734409e+02 7.387102272727272521e+02
6.256269453090262687e+02 7.385660293463761263e+02
6.266240242844752402e+02 7.391764960971379423e+02
6.282700545989080183e+02 7.399794204115917182e+02
6.305851694915254484e+02 7.399220338983051306e+02
6.321886712095400753e+02 7.401609880749574586e+02
6.327459119496854782e+02 7.405421383647799303e+02
6.330078125000000000e+02 7.412187500000000000e+02
6.330141372141372358e+02 7.407588357588357439e+02
6.329077443927211561e+02 7.400969107067287496e+02
6.316183656276326701e+02 7.397257792754844559e+02
6.306231884057971229e+02 7.391918158567774526e+02
6.290686956521739148e+02 7.386391304347826008e+02
6.273101348412353673e+02 7.386220095693779513e+02
6.259770621967358011e+02 7.382920158800176296e+02
6.245718050065876241e+02 7.381791831357048750e+02
6.235755584756898315e+02 7.381191414805081195e+02
6.232997382198952891e+02 7.379947643979057830e+02
6.220839100346021269e+02 7.377850346020761663e+02
