5.998374769797421777e+02 7.312941988950276482e+02
5.943022636484687382e+02 7.350439414114514420e+02
5.892645335736818879e+02 7.384236142406489307e+02
5.860841452612932017e+02 7.426713906111602910e+02
5.830404649160568624e+02 7.468506241928540703e+02
5.809292372881355959e+02 7.506368644067796367e+02
5.799711297071129366e+02 7.541309623430962574e+02
5.796473489519112263e+02 7.572511302918208003e+02
5.792515438452037415e+02 7.599822972416632183e+02
5.781998331247392571e+02 7.627446808510637766e+02
5.773555830243097944e+02 7.643827770910588697e+02
5.769640287769784663e+02 7.648535759627592370e+02
5.786084183673469852e+02 7.656390306122449374e+02
5.818025695931477230e+02 7.657623126338329484e+02
5.861885421120136925e+02 7.647075673364686281e+02
5.916334763948498221e+02 7.638463519313304460e+02
5.973699045967042593e+02 7.615390286209886881e+02
6.043340443686006438e+02 7.595853242320819163e+02
6.128886032562124910e+02 7.567167952013710419e+02
6.207086236933797636e+02 7.536254355400697023e+02
6.291144680851064095e+02 7.506936170212766228e+02
6.363208892617449237e+02 7.475931208053691535e+02
6.417720250521920207e+02 7.443177453027140018e+02
6.465876158382476433e+02 7.402346251053074866e+02
6.489622886866060298e+02 7.357464239271781707e+02
6.506343847179031172e+02 7.325637494446912115e+02
6.526461607543781156e+02 7.287409070498428036e+02
6.541904096834264237e+02 7.251052141527002277e+02
6.553833634719710517e+02 7.228896925858950908e+02
6.560835591689250350e+02 7.208270099367659896e+02
6.554990783410138420e+02 7.183751152073732555e+02
6.544799278304014933e+02 7.179530897609381555e+02
6.541130587204206677e+02 7.176292725679228397e+02
6.527510917030567725e+02 7.170013100436681270e+02
6.506210247349823703e+02 7.166952296819788444e+02
6.473372651813018592e+02 7.173722149410223210e+02
6.402916307161345912e+02 7.178572044866264150e+02
6.327718681318681320e+02 7.196180219780219431e+02
6.248959716688800654e+02 7.215037627268702636e+02
6.152038358608385806e+02 7.244237288135593644e+02
6.086827492034592524e+02 7.264528903049613291e+02
6.011770740410347571e+02 7.301748438893845332e+02
5.943692238672050507e+02 7.339398833557648913e+02
5.897819413092551031e+02 7.376221218961625254e+02
5.861409130816505240e+02 7.415065847234416196e+02
5.823241021202942420e+02 7.461497187364776664e+02
5.803149978513107499e+02 7.492105715513537234e+02
5.794655835827276178e+02 7.529187687045746316e+02
5.791096472588185406e+02 7.590633234169146135e+02
