6.195902688860435319e+02 7.392138284250960396e+02
6.184560580204778262e+02 7.390298634812286309e+02
6.177226246271836771e+02 7.390703025138474231e+02
6.170928054491272405e+02 7.389723286504895441e+02
6.162839610664409520e+02 7.389877274650867776e+02
6.145661016949152327e+02 7.390661016949152327e+02
6.130708595387840205e+02 7.393002096436058537e+02
6.127679095098450262e+02 7.394939254294092734e+02
6.138442380751372411e+02 7.392705783030814928e+02
6.163253668763102269e+02 7.395454926624737482e+02
6.186038525963149368e+02 7.394480737018425316e+02
6.204437500000000227e+02 7.398441666666666379e+02
6.212892631578947658e+02 7.401254736842105331e+02
6.210140485312898591e+02 7.403716475095785654e+02
6.202209595959595845e+02 7.407845117845117784e+02
6.196892917369308407e+02 7.408469645868465250e+02
6.188798118049614914e+02 7.403511548331907761e+02
6.180008474576271738e+02 7.404110169491525539e+02
6.174893526405451212e+02 7.400996592844974202e+02
6.163625480974775428e+02 7.396947413424539945e+02
6.144218684541265247e+02 7.397959782153330934e+02
6.127334736842104803e+02 7.395949473684210034e+02
6.109866276640200340e+02 7.399577935645633033e+02
6.103808322824716015e+02 7.398516183270281772e+02
6.114505119453924635e+02 7.396881399317405794e+02
6.137158469945354682e+02 7.400664144598571283e+02
6.165410321489001717e+02 7.401924703891709214e+02
6.182009345794392630e+02 7.404672897196261374e+02
6.193214285714285552e+02 7.405654044750430103e+02
6.192403724079559879e+02 7.411646212441811485e+02
6.187567221510882973e+02 7.410691421254801980e+02
6.176487288135592735e+02 7.412241525423728490e+02
6.172395209580838582e+02 7.411210436270316677e+02
6.173302866638969135e+02 7.417773161611964952e+02
6.173821815154038859e+02 7.416677768526228647e+02
6.164676742233417599e+02 7.415285474391267826e+02
6.144156118143459935e+02 7.413751054852320976e+02
6.112156289176765540e+02 7.418178019222732473e+02
6.093119621342513028e+02 7.407250430292599503e+02
6.090303289192652301e+02 7.410281930798803387e+02
6.102046908315564906e+02 7.406886993603411611e+02
6.120742170742170174e+02 7.408798798798799226e+02
6.141531914893616886e+02 7.411046808510637902e+02
6.163386198028289300e+02 7.414063437633947160e+02
6.175262715426649720e+02 7.418268179907523745e+02
6.173495062258480175e+02 7.417316444826105908e+02
6.172826274848746380e+02 7.421439066551425867e+02
6.180056448111159852e+02 7.421228831958314913e+02
6.195132478632478978e+02 7.422397435897436253e+02
6.208589247311828103e+02 7.416172043010752759e+02
6.211944206008583933e+02 7.415798283261802908e+02
6.206287553648069206e+02 7.416021459227467858e+02
6.180967051775780874e+02 7.412071031236628187e+02
6.150348639455781949e+02 7.409515306122449374e+02
6.127123169681309491e+02 7.406925064599482766e+02
6.114824335904027066e+02 7.410231362467866347e+02
6.115522001725626069e+02 7.409887834339948540e+02
6.131083765112261972e+02 7.408281519861831157e+02
6.148837505303351918e+02 7.409741196436148130e+02
6.160776450511945086e+02 7.411224402730375687e+02
6.168249574105622060e+02 7.410677172061328974e+02
6.171839422259982939e+02 7.413504672897196315e+02
6.180569948186528109e+02 7.410423143350604960e+02
6.192975630611372253e+02 7.410842240273620973e+02
6.214032744506678227e+02 7.412632485997414733e+02
6.227259164535379341e+02 7.415903665814151964e+02
6.232763157894736423e+02 7.416264855687605859e+02
6.228940170940170447e+02 7.413247863247863734e+02
6.210803108808289608e+02 7.409607081174439145e+02
6.192302375809935029e+02 7.407822894168466519e+02
6.176053299492385804e+02 7.405600676818951342e+02
6.167429055484964238e+02 7.402397289284201634e+02
6.167226185480486720e+02 7.404783885858162193e+02
6.167709568162573532e+02 7.397929720575783676e+02
6.169850491243058741e+02 7.396164032464758975e+02
6.172033606204222451e+02 7.396096510124946235e+02
6.172430939226519513e+02 7.399235019124521386e+02
6.174739316239316622e+02 7.397786324786325167e+02
6.185478408128705041e+02 7.401316680779000308e+02
6.203121289228159867e+02 7.402553011026293461e+02
6.231763953983809188e+02 7.402121857690668776e+02
6.250173876166242053e+02 7.399758269720101680e+02
6.262556842556842867e+02 7.402222222222221717e+02
6.251257485029940426e+02 7.399097519247219452e+02
6.228601279317697390e+02 7.400375266524520157e+02
6.200283018867924056e+02 7.403820754716981583e+02
6.181002548853016378e+02 7.400352591333900136e+02
6.176894254787677028e+02 7.401132389675270815e+02
6.178218487394957492e+02 7.398033613445378478e+02
6.180244622522142208e+02 7.394521299029945567e+02
6.179263157894737333e+02 7.394665263157894515e+02
6.176466863655550696e+02 7.392980160405234074e+02
6.165800083998319678e+02 7.396026879462410761e+02
6.160933444956048106e+02 7.396802009208873869e+02
6.167624946604015577e+02 7.395245621529261371e+02
6.190952380952380736e+02 7.399355246523388132e+02
6.216261603375527329e+02 7.398915611814345539e+02
6.241681893687707543e+02 7.403970099667774321e+02
6.249014143094841529e+02 7.404351081530782039e+02
6.248126837463250922e+02 7.402305753884921842e+02
6.235269133725820438e+02 7.400113540790580373e+02
6.213881748071979700e+02 7.393200514138817425e+02
6.199434764130896838e+02 7.395193370165745819e+02
6.193214897260273801e+02 7.394653253424658033e+02
6.182574129780833800e+02 7.391259131929523392e+02
6.180135996600084809e+02 7.392809179770505352e+02
6.171196797302992536e+02 7.393126843657817062e+02
6.154512558535546987e+02 7.390864197530863748e+02
6.141177474402730923e+02 7.391181740614334785e+02
6.131919491525424064e+02 7.394351694915254711e+02
6.138051782682513249e+02 7.391392190152801049e+02
6.156433148227253014e+02 7.390491243058521604e+02
6.180997453310695846e+02 7.393484719864176213e+02
6.205880356385235928e+02 7.394726347051336006e+02
6.216254222972972912e+02 7.399978885135135442e+02
6.217328276443320192e+02 7.404281500210703371e+02
6.207510566356720574e+02 7.405004226542688457e+02
6.201186655405405190e+02 7.405430743243243796e+02
6.196598552575563872e+02 7.404584929757343161e+02
6.188305732484076316e+02 7.402424628450106638e+02
6.184541577825159493e+02 7.399292110874200716e+02
6.157281144781144349e+02 7.399074074074073906e+02
