6.185488069414316215e+02 7.396130151843817657e+02
6.168248611704399309e+02 7.400739000427167866e+02
6.164660401537804546e+02 7.399914566424604345e+02
6.171505706760316343e+02 7.392669007901668010e+02
6.180315198618307022e+02 7.392741796200344879e+02
6.196095685604442451e+02 7.396484408372490407e+02
6.216039518900344092e+02 7.392852233676975402e+02
6.228578039545645879e+02 7.401409339503576348e+02
6.219618516930989927e+02 7.395820831547364378e+02
6.203140778776208890e+02 7.394796747967479860e+02
6.180902449505801997e+02 7.390713364847442790e+02
6.170757057313943506e+02 7.391847733105217912e+02
6.155597942563223341e+02 7.394007715387912185e+02
6.162964409722221717e+02 7.389587673611110858e+02
6.167385819921704524e+02 7.388360156589822054e+02
6.181616248919619920e+02 7.391305099394986655e+02
6.197153253424658033e+02 7.396292808219178596e+02
6.197231369150780438e+02 7.391464471403812695e+02
6.185920070267895881e+02 7.388480456741326634e+02
6.186065432630219902e+02 7.392836848902281872e+02
6.182209705372616781e+02 7.392811958405545738e+02
6.168618307426597767e+02 7.394887737478411509e+02
6.160523582864560694e+02 7.396360882734746838e+02
6.164286349488661472e+02 7.388897287683414561e+02
6.198013015184382084e+02 7.388741865509761055e+02
