6.418252271512560583e+02 7.271704970603955189e+02
6.379329685362516784e+02 7.295041039671682483e+02
6.282588017294626752e+02 7.294490426189005348e+02
6.148087719298246157e+02 7.327013157894737105e+02
6.034349575324094985e+02 7.373638801966919800e+02
5.945965502734538859e+02 7.412528397139251410e+02
5.861651090342678572e+02 7.460302625723186338e+02
5.807636103151862699e+02 7.478777459407831429e+02
5.778554216867470359e+02 7.458469879518072503e+02
5.771733449477352451e+02 7.391193379790940980e+02
5.853414634146341768e+02 7.317760532150775816e+02
5.883638554216867078e+02 7.298554216867470359e+02
0.000000000000000000e+00 0.000000000000000000e+00
6.017343750000000000e+02 7.235156250000000000e+02
6.156343612334801492e+02 7.280851688693098822e+02
6.214625998547567178e+02 7.373391430646332765e+02
6.247767639902676819e+02 7.404616788321168315e+02
6.310353460972017956e+02 7.439779086892489204e+02
6.403362708719851071e+02 7.427963821892393526e+02
6.464723294723294202e+02 7.415010725010724855e+02
6.499573756790639436e+02 7.384651065608023828e+02
6.501482675261885333e+02 7.355938759065270460e+02
6.491451257168063194e+02 7.349536832818703260e+02
6.462947470817121030e+02 7.321016536964980332e+02
6.437259352669188956e+02 7.272576712904581200e+02
6.419618696186961415e+02 7.279864698646986199e+02
6.352118577075099211e+02 7.322466403162055713e+02
6.229451434323100329e+02 7.320095621540010598e+02
6.001602163961714496e+02 7.402201414898044050e+02
