6.208824795523030389e+02 7.399746018080069234e+02
6.214920086393088923e+02 7.398656587473002446e+02
6.207587681779298237e+02 7.405076988879384317e+02
6.197296231375986508e+02 7.395157756354075218e+02
6.165194805194805667e+02 7.393995670995670935e+02
6.139823883161511731e+02 7.396786941580755865e+02
6.124876569943698996e+02 7.392104807275876510e+02
6.125635574837310742e+02 7.393162689804772754e+02
6.137588898525585819e+02 7.394301821335645855e+02
6.165665088247955055e+02 7.396448557899268508e+02
6.207231638418079456e+02 7.393298565840938181e+02
6.241381663113006653e+02 7.397296375266524819e+02
6.252030634573304724e+02 7.394735229759299955e+02
6.226574394463667659e+02 7.394632352941176805e+02
6.193036020583190293e+02 7.397967409948541899e+02
6.166379897785349158e+02 7.398603066439522991e+02
6.141904145077720614e+02 7.391658031088082907e+02
6.120424058848983577e+02 7.392544353093899190e+02
6.128284971849285512e+02 7.392706799480293967e+02
6.162100175746924151e+02 7.394802284710017375e+02
6.195506932409011824e+02 7.396434142114384258e+02
6.209085764040052027e+02 7.399255550718328323e+02
6.208968219416630063e+02 7.399656073138876309e+02
6.203594089526293374e+02 7.399395914819643849e+02
6.148363396392433060e+02 7.394293884733831419e+02
