6.114707167832167443e+02 7.435476398601398387e+02
6.140000000000000000e+02 7.433312963771278419e+02
6.163116938950988697e+02 7.427493551160790730e+02
6.177712947189097576e+02 7.411993185689948405e+02
6.187565400843882344e+02 7.398953586497890456e+02
6.194189805221715233e+02 7.388619975134687365e+02
6.187857437165224610e+02 7.381083642356819610e+02
6.170661525974026063e+02 7.379695616883117282e+02
6.147625869832173748e+02 7.372677036430618500e+02
6.122138338253901111e+02 7.368848587094053073e+02
6.104170595799399734e+02 7.379927132447492113e+02
6.087524667524667166e+02 7.391891891891891646e+02
6.081117773019271908e+02 7.399755888650963698e+02
6.074365755266696851e+02 7.401026445540117038e+02
6.083127534925641839e+02 7.417016674177557434e+02
6.098389598540145471e+02 7.422801094890511422e+02
6.114696832579185184e+02 7.430828054298642655e+02
6.148219052001841192e+02 7.434017487344684696e+02
6.186750561797753107e+02 7.436265168539325714e+02
6.224333183655141966e+02 7.428185900314324499e+02
6.271026431718062213e+02 7.426070484581497340e+02
6.306442185514612220e+02 7.417505294366793578e+02
6.333377007607776932e+02 7.396673710904480004e+02
6.341011189390800382e+02 7.386506423539162824e+02
6.332380756578946830e+02 7.375209703947368780e+02
6.309860024701523571e+02 7.368731988472623016e+02
6.277745952677460082e+02 7.363926940639269105e+02
6.240671953255425706e+02 7.368247078464106607e+02
6.209669811320754889e+02 7.375531732418525053e+02
6.171698617922425001e+02 7.383419527418635653e+02
6.155964757709250534e+02 7.397431718061674246e+02
6.150377274744785154e+02 7.412365734576120531e+02
6.155909506398537587e+02 7.426595063985374736e+02
6.172872590503055790e+02 7.434010343206393827e+02
6.198040478380864897e+02 7.442097516099355516e+02
6.236398324802233901e+02 7.441233131689157290e+02
6.263630952380951840e+02 7.438379120879120592e+02
6.285564872021183191e+02 7.431165048543689409e+02
6.301015831134565133e+02 7.408452066842568229e+02
6.298251928020565629e+02 7.398933161953727904e+02
6.283045685279188319e+02 7.384420473773266167e+02
6.256369373159444649e+02 7.366689103912494829e+02
6.229381787802840336e+02 7.362343358395989981e+02
6.201391731477691565e+02 7.367335243553009150e+02
6.161479140328698350e+02 7.362562157606405435e+02
6.124336170212766319e+02 7.368727659574468589e+02
6.092766695576756319e+02 7.378920208152645728e+02
6.065621118012422812e+02 7.390647737355811842e+02
6.055864661654135261e+02 7.403547103051746490e+02
6.049132176234979852e+02 7.412630173564753022e+02
6.049628440366972200e+02 7.420339449541284012e+02
6.066135221562357174e+02 7.420045682960255817e+02
6.088614757808962850e+02 7.424590312358533311e+02
6.115053333333332830e+02 7.424022222222222354e+02
6.138345668262951449e+02 7.420744449281671677e+02
6.157456475583863948e+02 7.409188959660297087e+02
6.169309614570097438e+02 7.396340533672172342e+02
6.177157548334018884e+02 7.389675030851501560e+02
6.172404801324503296e+02 7.373013245033112071e+02
6.160064672594987769e+02 7.372469684721099838e+02
6.144950698438783547e+02 7.361947411668036239e+02
6.097591666666667152e+02 7.368795833333333576e+02
