6.284221611721611680e+02 7.366561355311355328e+02
6.296434108527131457e+02 7.361231190150479051e+02
6.303891670459718171e+02 7.354178425125170406e+02
6.302815183009489601e+02 7.355327609579755972e+02
6.295562295846943925e+02 7.355160989267382092e+02
6.268623518687329579e+02 7.366194165907019169e+02
6.242346570397112373e+02 7.370690433212996595e+02
6.209854280510018043e+02 7.375919854280509753e+02
6.170546737213403503e+02 7.386243386243386340e+02
6.142614917606244944e+02 7.396405030355593908e+02
6.116230158730159019e+02 7.403756613756613660e+02
6.084262999570262309e+02 7.411319295229909585e+02
6.053961783439490318e+02 7.420343949044586225e+02
6.038169548713623271e+02 7.429198650358498526e+02
6.034748110831234271e+02 7.435470193115029360e+02
6.040779816513761489e+02 7.433840700583820080e+02
6.057983333333332894e+02 7.432224999999999682e+02
6.086118968386023198e+02 7.426335274542428806e+02
6.104602510460250642e+02 7.418832635983263799e+02
6.133654908627283930e+02 7.414543136421589224e+02
6.176988783433994286e+02 7.410297670405522013e+02
6.213453493546951449e+02 7.397685803293279605e+02
6.246475044563279653e+02 7.386711229946523645e+02
6.271508659981768687e+02 7.374840474020054444e+02
6.294082379862700236e+02 7.360796338672769252e+02
6.307781954887218490e+02 7.344821428571428896e+02
6.317217310376919386e+02 7.343876221498371706e+02
6.327020579981291348e+02 7.343236669784845390e+02
6.283971068595426459e+02 7.357134857676154525e+02
