6.111989157631359149e+02 7.456918265221017919e+02
6.103596970971813107e+02 7.458355069415229082e+02
6.094609808102345596e+02 7.454127931769722863e+02
6.084766795036371150e+02 7.450149764655541276e+02
6.079583864118895917e+02 7.438866242038216114e+02
6.080452240067625098e+02 7.437311918850380152e+02
6.087893411665967278e+02 7.432840956777171186e+02
6.099877066553624445e+02 7.423013988978381121e+02
6.117766454352441770e+02 7.414458598726114360e+02
6.134089361702127690e+02 7.409527659574467862e+02
6.145832625318606688e+02 7.400649957519116242e+02
6.146088591725866763e+02 7.397375679063936786e+02
6.150312760633861444e+02 7.391826522101750925e+02
6.151708625670655692e+02 7.388155179529509269e+02
6.157741255794353492e+02 7.378259587020648951e+02
6.164460763743180678e+02 7.371800251783465683e+02
6.171440642163075836e+02 7.363438952260245287e+02
6.182177625960716796e+02 7.355815542271562890e+02
6.202419424151268004e+02 7.352324881822088400e+02
6.219701365187713691e+02 7.350430887372014013e+02
6.221954758856167018e+02 7.350174989329918844e+02
6.209160691691268994e+02 7.347633909742725109e+02
6.195639192598822547e+02 7.342989907485281265e+02
6.178473218051454978e+02 7.342256431885280108e+02
6.161868729096989910e+02 7.343147993311036998e+02
6.152421142369991003e+02 7.338691389599317745e+02
6.145300847457626787e+02 7.346550847457626787e+02
6.133093003412968756e+02 7.351629692832764249e+02
6.134144067796610216e+02 7.357093220338982746e+02
6.129987201365187275e+02 7.364308873720136717e+02
6.125033585222502097e+02 7.376414777497900559e+02
6.121776455588610588e+02 7.387471313217170064e+02
6.111249472351203167e+02 7.395331363444491899e+02
6.102009170487702931e+02 7.407052938724468731e+02
6.094263598326359670e+02 7.414468619246862318e+02
6.083962577962578280e+02 7.420773388773388888e+02
6.087356226727348485e+02 7.432614811750103172e+02
6.088420608108108354e+02 7.437580236486486456e+02
6.096573311367380938e+02 7.446915156507413940e+02
6.103692115143929868e+02 7.450279516061743834e+02
6.108867924528301501e+02 7.451111111111110858e+02
6.112025423728813394e+02 7.450974576271186152e+02
6.116967930029154559e+02 7.458117451062057626e+02
6.114645507007419383e+02 7.461529266281945638e+02
6.106889991728701261e+02 7.461641852770884498e+02
6.105659908978071826e+02 7.459573851882498730e+02
6.114005048380311109e+02 7.454863273033234918e+02
6.131933701657458187e+02 7.450399490012749766e+02
6.150548469387755404e+02 7.447674319727891543e+02
6.169919148936170359e+02 7.439059574468085430e+02
6.205800000000000409e+02 7.433659574468084656e+02
6.244573742540494550e+02 7.428316283034953358e+02
6.268223740392826357e+02 7.416276686592656233e+02
6.278062827225130604e+02 7.400462478184991824e+02
6.278929492691315772e+02 7.390460017196904801e+02
6.275079433233147483e+02 7.384727350794332779e+02
6.271833404894804289e+02 7.372541863460712648e+02
6.270372133275637907e+02 7.360778883600172549e+02
6.264264518863925559e+02 7.360538363713437775e+02
6.258250753985350912e+02 7.353769926755708184e+02
6.256046411688869284e+02 7.349088955737000788e+02
6.261593830334189761e+02 7.351066838046272096e+02
6.273936535162949895e+02 7.347851629502572450e+02
6.292054030874785440e+02 7.350274442538593576e+02
6.292036487059822321e+02 7.353003818413237695e+02
6.290242243943901030e+02 7.353714407139821105e+02
6.288076923076922640e+02 7.355670940170940639e+02
6.278536689419795493e+02 7.358302047781569399e+02
6.268892645815723199e+02 7.367295012679628599e+02
6.256225137537029468e+02 7.371582733812949755e+02
6.251601027397259713e+02 7.374503424657534651e+02
6.239837259100642086e+02 7.381486081370450165e+02
6.230774797786292538e+02 7.389672200936569197e+02
6.229094846253789228e+02 7.393581637072326203e+02
6.223504571179799996e+02 7.401423595994775724e+02
6.213510958315428070e+02 7.409849591749033380e+02
6.197135636057287229e+02 7.419208087615837712e+02
6.178848920863309786e+02 7.424037240795598791e+02
6.166294416243654268e+02 7.433291032148899831e+02
6.164907172995780229e+02 7.437649789029535441e+02
6.169344054168429921e+02 7.442230215827338498e+02
6.183105352591334167e+02 7.453279524214103731e+02
6.202068669527897100e+02 7.453180257510729234e+02
6.210012787723785550e+02 7.456858482523443854e+02
6.225366060093101623e+02 7.459809564113414808e+02
6.232513707296499206e+02 7.459827077182623043e+02
6.238939197930142200e+02 7.452388960758947860e+02
6.239599655617735152e+02 7.450662935858803166e+02
6.239608184588594213e+02 7.442590335219852022e+02
6.241850294365012815e+02 7.438574432296046552e+02
6.248247809762202678e+02 7.432048393825615449e+02
6.256479338842975721e+02 7.422752066115702974e+02
6.267829751369574751e+02 7.413371260008427726e+02
6.282521367521367210e+02 7.403683760683760511e+02
6.290547538200339659e+02 7.396447368421053170e+02
6.300487701441900299e+02 7.389546225614927835e+02
6.299211967973029687e+02 7.376911083017278088e+02
6.296705426356588760e+02 7.366640826873384640e+02
6.287680034497627730e+02 7.355355756791720978e+02
6.279369565217391482e+02 7.348743478260869324e+02
6.278116744780570571e+02 7.345901150404772579e+02
6.279131914893616795e+02 7.342931914893616749e+02
6.287679253288077916e+02 7.340415782774713307e+02
6.301845694799659441e+02 7.335191815856777566e+02
6.313658119658119858e+02 7.333542735042734648e+02
6.326580944350758955e+02 7.338178752107926357e+02
6.335169526998744232e+02 7.341896190874842887e+02
6.333405766819890914e+02 7.348499791057250832e+02
6.310165114309907040e+02 7.351261642675698340e+02
6.282179054054054177e+02 7.353344594594594810e+02
6.256025586353944163e+02 7.355833688699360664e+02
6.227827747136190055e+02 7.365638523546881515e+02
6.208206867316660009e+02 7.371415854175497770e+02
6.203073979591836178e+02 7.377602040816326507e+02
6.201348122866894528e+02 7.390383959044368112e+02
6.203875903102422171e+02 7.401580960475988604e+02
6.205152571926765859e+02 7.406451612903225623e+02
6.211913232104121789e+02 7.416624728850325710e+02
6.216071580741371463e+02 7.426783127396677173e+02
6.218334045279794964e+02 7.431695856471593515e+02
6.218625693555270573e+02 7.436666666666666288e+02
6.212515883100380734e+02 7.441681490893689670e+02
6.204090909090908781e+02 7.444738421955403282e+02
6.196013864818024786e+02 7.446061525129982783e+02
6.190849870578084619e+02 7.447260569456427675e+02
6.193551442100731492e+02 7.451282823934567432e+02
6.199359248184536000e+02 7.450551046561298563e+02
6.204045571797076946e+02 7.447747205503009127e+02
6.204860215053763568e+02 7.442447311827957037e+02
6.208089552238806164e+02 7.432520255863539660e+02
6.214120667522464601e+02 7.429495079161317790e+02
6.219970161977834096e+02 7.422408354646206590e+02
6.224791578947368862e+02 7.416879999999999882e+02
6.233468869123253171e+02 7.410072003388394251e+02
6.244414983164982687e+02 7.402386363636363740e+02
6.265841336116910725e+02 7.398830897703548999e+02
6.282114649681528817e+02 7.391027600849256487e+02
6.295420918367346985e+02 7.379846938775509670e+02
6.297759423972893273e+02 7.373642524354087300e+02
6.295069885641677274e+02 7.363689114781872149e+02
6.284458297506448616e+02 7.352226999140154931e+02
6.259713062098501268e+02 7.346059957173447401e+02
6.246553938356164508e+02 7.339002568493150420e+02
6.234482758620689538e+02 7.336700723712217496e+02
6.225569456427955402e+02 7.331104400345125214e+02
6.217471958584986851e+02 7.333710094909404233e+02
6.217227036395147479e+02 7.331373483535528521e+02
6.214339300937766666e+02 7.335272804774083397e+02
6.214422994422994861e+02 7.333414843414843745e+02
6.210999134948096980e+02 7.339935121107266696e+02
6.201032562125107006e+02 7.350518423307626108e+02
6.188739819974282454e+02 7.356223746249464739e+02
6.174162348877374598e+02 7.362271157167530191e+02
6.153826049700085150e+02 7.374880034275921616e+02
6.127759444203213661e+02 7.385870603560573500e+02
6.105818104547386156e+02 7.393739906502337362e+02
6.092264477095937991e+02 7.406694036300777952e+02
6.091618644067796140e+02 7.416203389830508286e+02
6.090260795211628420e+02 7.424608807182556802e+02
6.088460229689493417e+02 7.431935346660994810e+02
6.082832345469940947e+02 7.434216765453005564e+02
6.076046709129511783e+02 7.437702760084926012e+02
6.059697098976108691e+02 7.441109215017064571e+02
6.048059574468085202e+02 7.449587234042553519e+02
6.033972543972544145e+02 7.449978549978550291e+02
6.018558060399830083e+02 7.453270948532539251e+02
6.011314655172413950e+02 7.452663793103448597e+02
6.025550865344026761e+02 7.454423807513718430e+02
6.052739784946236341e+02 7.451260215053763432e+02
6.074134125636671797e+02 7.451960950764006384e+02
6.091663886572143838e+02 7.452472894078398440e+02
6.108250319284802572e+02 7.441162196679438239e+02
6.114097193129450716e+02 7.439090909090908781e+02
6.118547044129891219e+02 7.432277268942548289e+02
6.122077493816982496e+02 7.423276999175598121e+02
6.120285951098218220e+02 7.415665147119767653e+02
6.118195706028076302e+02 7.407568125516102100e+02
6.118111340206185105e+02 7.399686597938144814e+02
6.118586821384169525e+02 7.386469125569830112e+02
6.121201646090535178e+02 7.380596707818930327e+02
6.129106002554278803e+02 7.368748403575989414e+02
6.132662997459780172e+02 7.359860287891617645e+02
6.139581395348836850e+02 7.357826638477800998e+02
6.138522630230571622e+02 7.351541417591802201e+02
6.137983697983697766e+02 7.350836550836551169e+02
6.135343736819907008e+02 7.349320961619570198e+02
6.132272727272727479e+02 7.346287170773151729e+02
6.131499785131070439e+02 7.349144821658787805e+02
6.131837169650468695e+02 7.352455242966751712e+02
6.133705583756345732e+02 7.354445854483925586e+02
6.134387883887252428e+02 7.359238535969709574e+02
6.134985507246376528e+02 7.366890269151139137e+02
6.128963491397398684e+02 7.375799412505245982e+02
6.112216148023549067e+02 7.378603868797308678e+02
6.097777777777778283e+02 7.385630743525480284e+02
6.075803458456347244e+02 7.393644032053986166e+02
6.057471650566989183e+02 7.395968080638386937e+02
6.048653026427962232e+02 7.403350383631714067e+02
6.046859434360490013e+02 7.413554242296327175e+02
6.050828451882845229e+02 7.424234309623431045e+02
6.061991596638655437e+02 7.435987394957983270e+02
6.076454849498327349e+02 7.445940635451504477e+02
6.090109197816043434e+02 7.453015539689206435e+02
6.101796456530696560e+02 7.463836011536876640e+02
6.106029045643153950e+02 7.467087136929460485e+02
6.105020627062706353e+02 7.475396039603959935e+02
6.103086419753086602e+02 7.479353909465020251e+02
6.094856548856548670e+02 7.476008316008316115e+02
6.085259443752594279e+02 7.471079286010792657e+02
6.079724999999999682e+02 7.461337499999999636e+02
6.074410774410774820e+02 7.455382996632996537e+02
6.083602195945945823e+02 7.448923141891891646e+02
6.095027742210841097e+02 7.436752027315407076e+02
6.109719782517775002e+02 7.436909242994562419e+02
6.129200507614212938e+02 7.424568527918781911e+02
6.145748228428511766e+02 7.418049187161317377e+02
6.153951545530493377e+02 7.409235588972430833e+02
6.154575217571488110e+02 7.399809365934521566e+02
6.155187842971718055e+02 7.390042211903756879e+02
6.159941763727121042e+02 7.382416805324459119e+02
6.166164736164736269e+02 7.367601887601887256e+02
6.174382117250105466e+02 7.367047659215520525e+02
6.185275557425326269e+02 7.358174169120740089e+02
6.206188034188033953e+02 7.350893162393161901e+02
6.224928390901432067e+02 7.349153327716933291e+02
6.227964750314729372e+02 7.346735207721359302e+02
6.217985702270815409e+02 7.343624894869637956e+02
6.203176614881439264e+02 7.346856091578086989e+02
6.186269938650307267e+02 7.342605316973415484e+02
6.168791300711000076e+02 7.337511501463823151e+02
6.156806260575295937e+02 7.336950084602368634e+02
6.148833192923335673e+02 7.338833192923335673e+02
6.145807660283097675e+02 7.345678601165694772e+02
6.138742111905763750e+02 7.350702566259991499e+02
6.134769750739332039e+02 7.356011829319813842e+02
6.135572327044025087e+02 7.366897274633123516e+02
6.131450446618459864e+02 7.376405784772437073e+02
6.127658039881205241e+02 7.389821807382265888e+02
6.123645833333333712e+02 7.400083333333333258e+02
6.118539841468502800e+02 7.407738840216937888e+02
6.107695871946082207e+02 7.414574557708508564e+02
6.107579080556727149e+02 7.422716153521720344e+02
6.107210481825866282e+02 7.431686390532544237e+02
6.115302209253856063e+02 7.439328887036265314e+02
6.122712431979907706e+02 7.442226873168689281e+02
6.128858947368421468e+02 7.447898947368421432e+02
