6.100705679862306852e+02 7.394505163511187220e+02
6.167277464177160482e+02 7.404029526704298405e+02
6.220756920415225295e+02 7.412080449826989934e+02
6.261993838028168966e+02 7.420294894366197695e+02
6.267524797114517696e+02 7.418462578899909659e+02
6.264539233576642800e+02 7.413403284671533129e+02
6.239454225352112644e+02 7.409788732394366662e+02
6.197370057752110597e+02 7.398067525544203136e+02
6.155572419774500759e+02 7.391552471812663043e+02
6.106865736704446590e+02 7.384734088927637004e+02
6.069896193771626258e+02 7.373425605536332341e+02
6.047665805340224097e+02 7.373182601205857054e+02
6.037634177758694705e+02 7.373254615714898819e+02
6.031531182795698669e+02 7.374477419354839185e+02
6.046369150779895563e+02 7.381165511265164696e+02
6.092300388433318403e+02 7.391165299956841181e+02
6.147814977973567920e+02 7.403440528634361044e+02
6.204130240856378578e+02 7.411828724353256348e+02
6.267660311958405828e+02 7.425268630849219562e+02
6.311398783666377312e+02 7.423944396177237195e+02
6.333509615384615472e+02 7.426245629370629331e+02
6.335297029702970804e+02 7.415180018001800590e+02
6.319657444005270008e+02 7.407940272288097958e+02
6.290021968365554130e+02 7.407016695957820502e+02
6.252520971302428734e+02 7.399426048565121619e+02
6.197112182296231140e+02 7.387936021034180385e+02
6.144695960940968007e+02 7.379130048823790275e+02
6.091875547765118881e+02 7.367072743207712620e+02
6.064440528634361272e+02 7.357832599118942198e+02
6.054920494699646270e+02 7.356484098939929481e+02
6.084416775884666322e+02 7.375993883792049246e+02
6.123331875819851575e+02 7.386965456930477103e+02
6.171672473867595272e+02 7.403567073170731874e+02
6.225026132404180998e+02 7.414464285714285552e+02
6.270759878419453344e+02 7.421875814155449689e+02
6.317946620749031581e+02 7.428984072320275800e+02
6.348931660899653480e+02 7.423092560553633348e+02
6.353445450625270041e+02 7.421397153945666787e+02
6.327338923212710142e+02 7.408067078552514886e+02
6.284363155575143765e+02 7.408298810048479481e+02
6.235724412937527177e+02 7.400234824988923492e+02
6.156880815241471510e+02 7.394014178112538502e+02
6.080781527531083839e+02 7.386438721136767072e+02
6.021691176470587834e+02 7.373217993079584858e+02
5.973095034246575779e+02 7.365847602739726199e+02
5.936167457919723347e+02 7.359335347432024719e+02
5.929070967741935192e+02 7.351793548387096280e+02
5.946259211096662511e+02 7.348721283051581850e+02
5.981377952755905199e+02 7.347130358705161370e+02
6.017560975609756042e+02 7.350873614190687704e+02
6.065402609086819439e+02 7.358335582546109208e+02
6.129349775784753547e+02 7.376358744394618725e+02
6.174604569420034750e+02 7.391476274165202085e+02
6.215002119542178889e+02 7.408529037727851119e+02
6.242508474576271738e+02 7.414762711864407265e+02
6.254415029888983781e+02 7.415085397096498809e+02
6.254051172707888782e+02 7.412072494669509979e+02
6.234639308855291802e+02 7.407451403887688457e+02
6.199916994320664116e+02 7.397378768020969346e+02
6.146438236577913585e+02 7.390685290266259244e+02
6.033778841967783819e+02 7.386269046582499413e+02
