6.184790134141064755e+02 7.396793595845954314e+02
6.178811965811966047e+02 7.397102564102564202e+02
6.170772804054054177e+02 7.399949324324323925e+02
6.166226655348048098e+02 7.396383701188455007e+02
6.158174807197943892e+02 7.393294772922022275e+02
6.156396434634974639e+02 7.396532258064515872e+02
6.151618843683083924e+02 7.393558886509636068e+02
6.144053254437869782e+02 7.394560439560439136e+02
6.141064638783269629e+02 7.399328263624842066e+02
6.137943412162162531e+02 7.396250000000000000e+02
6.134417922948073283e+02 7.397487437185930048e+02
6.134152292806057858e+02 7.395018931426167228e+02
6.136339210747271409e+02 7.395348446683459542e+02
6.138246944795616855e+02 7.393826380109566117e+02
6.145117270788912265e+02 7.392106609808101894e+02
6.150420698359276912e+02 7.395351283129996318e+02
6.158164636707265345e+02 7.395732885342292775e+02
6.161659556313993562e+02 7.392819965870306760e+02
6.166963682432432279e+02 7.396866554054054177e+02
6.173153750518027891e+02 7.397786987152921938e+02
6.181945147679324464e+02 7.395295358649789250e+02
6.189068481497234870e+02 7.396597192683964295e+02
6.195044397463002497e+02 7.395175475687103699e+02
6.199272649936197013e+02 7.398234793704806407e+02
6.201543077582512069e+02 7.395700814402057404e+02
6.205131244707874885e+02 7.394657070279424715e+02
6.205088682432432279e+02 7.396271114864864558e+02
6.202679932260796249e+02 7.395419136325148202e+02
6.198204584040746568e+02 7.397461799660441102e+02
6.193717728055077032e+02 7.397401032702236989e+02
6.190243070362473645e+02 7.398264392324093706e+02
6.186357020547944785e+02 7.394507705479452397e+02
6.182561132561132808e+02 7.393852423852423499e+02
6.177840336134453310e+02 7.397012605042016276e+02
6.170215099114298027e+02 7.395466048080978680e+02
