6.190600522193211646e+02 7.394908616187989310e+02
6.177797490263955069e+02 7.398641280830809137e+02
6.175959684487291952e+02 7.400626643295355507e+02
6.174309749784297310e+02 7.407808455565142367e+02
6.187046521553563707e+02 7.406700810926163285e+02
6.195636441038740259e+02 7.405798212005108780e+02
6.195147826086956684e+02 7.396460869565216854e+02
6.187764807609165700e+02 7.393566796368352243e+02
6.191447028423772281e+02 7.393832902670111480e+02
6.193137003841229671e+02 7.393986342296201428e+02
6.197276613937580123e+02 7.395840102607952531e+02
6.195530207013097197e+02 7.401922264469792481e+02
6.189527824620573710e+02 7.404696458684654772e+02
6.181331335616438309e+02 7.407577054794520564e+02
6.182088525999140529e+02 7.406214009454232610e+02
6.182193965517241168e+02 7.402827586206896058e+02
6.185000000000000000e+02 7.396486371379897946e+02
6.186601983613626317e+02 7.392548512289780547e+02
6.190371490280778062e+02 7.390017278617710872e+02
6.195682113469034675e+02 7.388289302728453549e+02
6.189926787252368285e+02 7.392627045650301625e+02
6.181792534722221717e+02 7.394062500000000000e+02
6.170004334633723602e+02 7.394824447334200386e+02
6.169944325481798160e+02 7.401301927194861037e+02
