6.119768421052631311e+02 7.389267368421052424e+02
6.122306061890631099e+02 7.392314540059346655e+02
6.119548903878583133e+02 7.393170320404722133e+02
6.113672435626846209e+02 7.389801604052343009e+02
6.106754385964911762e+02 7.388851294903926146e+02
6.099453027139875303e+02 7.385373695198329642e+02
6.098750529436679244e+02 7.382016094875052659e+02
6.106656903765690458e+02 7.384744769874477015e+02
6.127932046979865390e+02 7.384068791946308465e+02
6.144817987152034675e+02 7.385858672376873528e+02
6.162561492790500779e+02 7.390771840542832933e+02
6.171192109777015276e+02 7.389588336192109637e+02
6.170101565806178314e+02 7.391028353787557990e+02
6.161244689889549591e+02 7.392124044180119427e+02
6.141922264469792481e+02 7.392425010561893259e+02
6.125681134507950674e+02 7.388977223893424480e+02
6.117748513169074158e+02 7.392514868309260692e+02
6.115878151260503728e+02 7.394264705882352473e+02
6.126855670103092280e+02 7.387538659793814304e+02
6.145123859191655811e+02 7.383681008257279927e+02
6.172941924544298899e+02 7.390563798219584442e+02
6.189759862778730621e+02 7.391012006861063810e+02
6.193219031290184375e+02 7.391260180025717546e+02
6.192216560509554029e+02 7.392161358811040373e+02
6.184834183673469852e+02 7.392631802721087979e+02
6.170422535211267814e+02 7.393277848911651517e+02
6.161827586206896967e+02 7.389413793103448143e+02
6.157045161290322994e+02 7.387466666666666697e+02
6.158039383561643945e+02 7.388163527397259713e+02
6.170328638497652491e+02 7.385023474178403831e+02
6.183415798611110858e+02 7.378051215277778283e+02
6.201863814927978638e+02 7.379332169358358442e+02
6.217848378615250340e+02 7.376730937773882033e+02
6.225685080469769446e+02 7.378390604610700620e+02
6.226361674579196688e+02 7.380535174794993054e+02
6.220194720900043421e+02 7.385832972739074194e+02
6.213172951885566135e+02 7.384980494148244361e+02
6.210498281786941561e+02 7.387508591065292194e+02
6.211312824956672785e+02 7.386239168110918172e+02
6.218748387096774195e+02 7.386941935483871475e+02
6.229047824213701006e+02 7.389099526066351018e+02
6.238515283842795043e+02 7.386493449781659137e+02
6.248604651162791015e+02 7.385743747257569112e+02
6.259522546419098035e+02 7.382307692307692832e+02
6.259560780834073057e+02 7.383243123336291092e+02
6.258262931034482790e+02 7.389146551724137453e+02
6.249565404475042669e+02 7.390081755593803337e+02
6.233973706530958907e+02 7.393621713316370005e+02
6.223913228413441630e+02 7.392956188855805522e+02
6.216466781708369354e+02 7.390716134598792451e+02
6.213352100476396345e+02 7.389198787353832358e+02
6.216877729257641931e+02 7.387449781659388464e+02
6.228461871750433829e+02 7.390316291161178697e+02
6.253217652099400539e+02 7.391186803770351617e+02
6.269378216123499215e+02 7.391312178387649965e+02
6.274935064935065157e+02 7.390545454545454049e+02
6.272660944206008935e+02 7.390403433476394639e+02
6.259599128540304491e+02 7.384283224400871859e+02
6.250360756709194447e+02 7.382974043114826372e+02
6.240016970725498595e+02 7.387293169282986582e+02
6.232125317527519428e+02 7.388530906011853858e+02
6.233009001285897739e+02 7.388311187312473294e+02
6.235641135972460916e+02 7.388803786574870855e+02
6.245492294520547603e+02 7.391134417808219723e+02
6.259991467576792274e+02 7.394044368600682446e+02
6.270300171526586155e+02 7.392131217838765451e+02
6.267853155860884726e+02 7.391288106483469846e+02
6.253753202391118293e+02 7.391844577284372235e+02
6.233276450511945086e+02 7.388852389078498391e+02
6.220508401551055613e+02 7.388155967255493124e+02
6.207664359861591947e+02 7.385099480968858643e+02
6.204487783969138945e+02 7.386403771967424063e+02
6.206335616438356055e+02 7.389019691780821404e+02
6.215133390705680085e+02 7.388063683304646929e+02
6.232377864245568162e+02 7.390899265023779208e+02
6.250952586206896058e+02 7.390659482758620697e+02
6.258808003405704312e+02 7.391396338867602935e+02
6.248753169907016627e+02 7.392472527472527872e+02
6.231333051206094069e+02 7.390266610241218359e+02
6.211069128381279825e+02 7.386595105195362976e+02
6.194487452148022157e+02 7.382513823904721448e+02
6.190994403788205318e+02 7.379345673697804386e+02
6.188318433375904988e+02 7.378254576415496331e+02
6.195235468816291586e+02 7.380394569367840631e+02
6.214477485131690173e+02 7.382693288020391265e+02
6.236237113402062278e+02 7.385829037800687047e+02
6.257703451214316601e+02 7.389164891350660582e+02
6.266632782719186707e+02 7.392888606522659529e+02
6.261638637343683058e+02 7.389141871496334488e+02
6.243363440860215405e+02 7.390718279569892957e+02
6.231420454545454959e+02 7.385957167832167443e+02
6.221218668971478110e+02 7.387286084701814843e+02
6.216658174097664187e+02 7.392292993630572937e+02
6.216534863945578309e+02 7.390522959183673493e+02
6.222125157496850534e+02 7.390625787484250395e+02
6.231124310564276811e+02 7.390691557064064909e+02
6.233185878349638642e+02 7.390250957039557989e+02
6.234603854389721391e+02 7.390813704496788432e+02
6.228127951910690854e+02 7.389497638471447090e+02
6.221359555365540928e+02 7.392287302265925746e+02
6.212841249465126339e+02 7.391382113821138091e+02
6.204647519582244968e+02 7.384416884247171993e+02
6.196009470512268535e+02 7.386741282823934398e+02
6.189825632083696973e+02 7.380854402789886990e+02
6.188910369068540831e+02 7.382741652021089749e+02
6.194221832529592575e+02 7.380565541429198220e+02
6.204387317909169042e+02 7.386418166238217964e+02
6.213466152527848863e+02 7.387926306769494431e+02
6.217619047619048160e+02 7.388677721088434964e+02
6.219240017174753348e+02 7.389072563331901620e+02
6.195916666666666970e+02 7.382460526315788911e+02
6.181076989619376718e+02 7.384554498269895930e+02
6.163905047048759798e+02 7.381035072711719067e+02
6.154856531049250634e+02 7.382800856531049476e+02
6.151923076923077360e+02 7.385726965342349786e+02
6.157836804079897774e+02 7.380624734381640337e+02
6.169413043478260761e+02 7.380408695652173492e+02
6.177821011673152043e+02 7.380350194552529501e+02
6.185343244425010880e+02 7.380699606471359857e+02
6.188657952069717112e+02 7.383838779956427061e+02
6.185825032481593553e+02 7.385171069727155100e+02
6.167771623348955927e+02 7.391780997017468735e+02
6.144049936521371365e+02 7.391041049513330563e+02
6.125374091492091111e+02 7.391778537836681835e+02
6.114468085106383342e+02 7.392280851063829914e+02
6.113906917164816832e+02 7.389987190435525690e+02
6.119067180145485736e+02 7.390154043645699176e+02
6.127557643040136099e+02 7.392412467976089374e+02
6.136433447098976330e+02 7.392563993174061352e+02
6.138419478855190619e+02 7.392345151644595944e+02
6.135154726579058888e+02 7.390076303518440000e+02
6.120884993587003464e+02 7.387815305686190186e+02
6.102025751072961839e+02 7.386424892703862497e+02
6.077668659265584665e+02 7.386857386848847682e+02
6.064027420736932754e+02 7.389391602399314252e+02
6.063018628281117799e+02 7.392586790855207255e+02
6.071329987452947989e+02 7.396616478460895223e+02
6.087899791231732252e+02 7.395995824634655946e+02
6.100573248407642950e+02 7.392743099787685424e+02
6.114069668649108280e+02 7.391197960917587579e+02
6.119935677530016847e+02 7.390317324185248253e+02
6.115373134328358447e+02 7.389526652452025246e+02
6.097411814704632889e+02 7.391929451763705856e+02
6.071916946308724619e+02 7.393733221476510380e+02
6.050252419015565692e+02 7.392330668910391296e+02
6.041121930567315985e+02 7.391515664690939502e+02
6.040637213254035487e+02 7.389711129991503640e+02
6.047086346235644214e+02 7.394176945980433402e+02
6.058564231738034778e+02 7.395205709487825061e+02
6.072349473684211034e+02 7.396159999999999854e+02
6.078645920941968370e+02 7.393957106812447364e+02
6.077589398401346443e+02 7.394337400084140199e+02
6.071395348837208985e+02 7.394950166112956822e+02
6.064705882352941444e+02 7.391616589081676238e+02
6.057574468085106218e+02 7.388136170212766274e+02
6.053682647433178090e+02 7.390394569367840631e+02
6.052526675202731212e+02 7.389957319675629606e+02
6.054016183986370834e+02 7.389765758091992893e+02
6.056734607218683095e+02 7.390577494692144001e+02
6.066518424396442697e+02 7.392066920796272598e+02
6.072467694872863149e+02 7.395819091288036589e+02
6.080016985138004202e+02 7.390445859872611436e+02
6.080570815450644204e+02 7.387060085836909593e+02
6.076641025641025635e+02 7.387311965811966274e+02
6.066283783783783292e+02 7.387470439189189619e+02
6.058940285954583942e+02 7.391042893187552636e+02
6.049186822351960018e+02 7.386342785654712770e+02
6.047997475809844445e+02 7.387017248632730571e+02
6.046904156064460949e+02 7.387765055131467307e+02
6.056680905595899276e+02 7.388705681332763788e+02
6.072893081761005760e+02 7.396473794549266358e+02
6.084360489658083679e+02 7.394943013929928384e+02
6.093259668508287632e+02 7.395142371440714442e+02
6.095710071639275611e+02 7.395823851664559925e+02
6.094598908021839634e+02 7.396740865182696325e+02
6.085619246861924694e+02 7.395368200836819597e+02
6.069422671723556277e+02 7.391255794353139663e+02
6.049700421940927981e+02 7.389569620253164430e+02
6.033273885350319006e+02 7.390420382165605133e+02
6.025792580101179965e+02 7.389755480607082063e+02
6.032338099243061151e+02 7.392443229604709813e+02
6.047194860813704054e+02 7.387430406852248552e+02
6.064401873137505845e+02 7.389037888463176387e+02
6.070374264087467964e+02 7.394550042052144363e+02
6.073397651006711158e+02 7.395960570469799222e+02
6.069706257982120405e+02 7.391643252447850045e+02
6.067320205479452397e+02 7.389524828767123381e+02
6.055931769722814124e+02 7.387846481876332518e+02
6.047042851081884010e+02 7.389299957573185793e+02
6.046314225053079099e+02 7.390212314225052523e+02
6.057276247848536741e+02 7.385507745266781967e+02
6.077464607464607980e+02 7.388211068211068095e+02
6.095506683915481290e+02 7.387887020267356775e+02
6.111794761700300569e+02 7.390695577501073785e+02
6.121545027742211005e+02 7.392300469483568577e+02
6.120835464620630546e+02 7.392527706734867934e+02
6.112286689419795493e+02 7.393946245733787919e+02
6.097834963845172069e+02 7.392764780944279437e+02
6.088000859845227524e+02 7.392424763542562687e+02
6.083770842240273851e+02 7.391637451902522571e+02
6.085607356715140668e+02 7.390038494439692158e+02
6.099995741056218321e+02 7.389876490630323360e+02
6.123685106382978347e+02 7.390399999999999636e+02
6.150762675756284352e+02 7.393579037068598154e+02
6.165632858340318307e+02 7.397292539815590544e+02
6.172920016927633924e+02 7.396297079983072535e+02
6.171272650653181699e+02 7.398702064896755246e+02
6.167234672304439300e+02 7.398968287526427048e+02
6.152385008517887854e+02 7.395511073253833274e+02
6.145537225042301088e+02 7.395727580372250713e+02
6.145249058183339912e+02 7.395989953955629517e+02
6.148423499577345410e+02 7.394180050718512121e+02
6.165425801011804197e+02 7.392748735244518912e+02
6.181977595863851320e+02 7.389741490736751075e+02
6.198251981643721820e+02 7.392582394659991678e+02
6.216788635385278212e+02 7.385979337064140964e+02
6.224506199230440870e+02 7.388311244121418895e+02
6.225755888650963925e+02 7.389049250535331339e+02
6.217549441100601371e+02 7.391083404987102767e+02
6.212642241379310235e+02 7.392030172413792570e+02
