6.443154121863799446e+02 7.309010752688171806e+02
6.370258493353028371e+02 7.291639586410634593e+02
6.259021739130434980e+02 7.299607487922705786e+02
6.104665825977301665e+02 7.285237494745691720e+02
5.940319516407599849e+02 7.322979274611399205e+02
5.834175977653630980e+02 7.349138733705773348e+02
5.756465346534653236e+02 7.376024752475248079e+02
5.679809104258443995e+02 7.357555066079295329e+02
5.674832535885167317e+02 7.291555023923444878e+02
0.000000000000000000e+00 0.000000000000000000e+00
0.000000000000000000e+00 0.000000000000000000e+00
0.000000000000000000e+00 0.000000000000000000e+00
0.000000000000000000e+00 0.000000000000000000e+00
0.000000000000000000e+00 0.000000000000000000e+00
6.145405078597340207e+02 7.333288996372430120e+02
6.211450094161958759e+02 7.420860012554927607e+02
6.293077674645822981e+02 7.469472398632144632e+02
6.384295580110497212e+02 7.485759668508287632e+02
6.479041211101766748e+02 7.486459209419680292e+02
6.559951239333604462e+02 7.463059731816334761e+02
6.599348598499802847e+02 7.434034741413344136e+02
6.616932016269610131e+02 7.438442765833817703e+02
6.579574468085106673e+02 7.414514627659574444e+02
6.525196078431372371e+02 7.371659663865546008e+02
6.485097765363128701e+02 7.354064245810055809e+02
6.427571041948579023e+02 7.309580514208389559e+02
6.330759659462999025e+02 7.289685658153241548e+02
6.209692378328742279e+02 7.289375573921028035e+02
5.925993165313968802e+02 7.356697992310978407e+02
