6.253707337883959099e+02 7.392145904436860064e+02
6.267872788542543958e+02 7.382139848357203391e+02
6.270029251984956318e+02 7.372448809026326444e+02
6.260333896872358537e+02 7.362852916314454887e+02
6.247167876975651097e+02 7.358906450234942440e+02
6.245167785234899611e+02 7.361224832214765001e+02
6.240866834170853963e+02 7.363182579564488606e+02
6.237359900373598975e+02 7.369472810294728333e+02
6.236536219816819084e+02 7.373230641132389565e+02
6.232473572938689585e+02 7.375310782241015204e+02
6.218961260110685316e+02 7.385040442741592415e+02
6.200147804054054177e+02 7.395751689189189619e+02
6.197184176945980880e+02 7.406086771586558370e+02
6.199913344887348785e+02 7.411022530329289566e+02
6.202762027491409071e+02 7.423200171821305275e+02
6.206220199393151233e+02 7.427191157347203898e+02
6.203550087873462644e+02 7.432943760984182973e+02
6.200093333333333021e+02 7.439617777777777974e+02
6.194415867480383895e+02 7.443740191804707820e+02
6.186470588235293917e+02 7.444407439446366652e+02
6.185749460043195995e+02 7.432544276457883825e+02
6.184069767441860677e+02 7.425335917312661422e+02
6.175987068965516755e+02 7.412206896551724640e+02
6.159409499358151834e+02 7.398985879332477680e+02
6.142312983662940269e+02 7.388521066208082857e+02
6.122873514431239528e+02 7.380029711375211718e+02
6.104630705394190500e+02 7.374269709543568752e+02
6.098479701739851180e+02 7.369639602319800815e+02
6.087436325678496587e+02 7.365845511482255006e+02
6.082949729954300437e+02 7.364407976734523800e+02
6.083433583959899806e+02 7.365359231411863448e+02
6.085899830220713511e+02 7.369775042444821338e+02
6.092906054279749242e+02 7.378271398747390322e+02
6.107106598984771608e+02 7.381340947546531197e+02
6.129348936170213165e+02 7.388714893617021744e+02
6.147661256762380617e+02 7.395339159384103596e+02
6.162951167728238033e+02 7.399622080679405371e+02
6.169578856897292098e+02 7.410008594757198352e+02
6.176065217391304714e+02 7.419256521739130221e+02
6.185394853593611515e+02 7.424356699201420042e+02
6.194625220458553940e+02 7.430449735449735726e+02
6.211475336322870362e+02 7.429192825112107812e+02
6.222368076755342372e+02 7.431971216746620712e+02
6.229107919930373782e+02 7.430635335073977785e+02
6.232566333188342469e+02 7.427159634623749298e+02
6.232173539518900043e+02 7.414974226804123418e+02
6.229694492254733404e+02 7.406303786574870855e+02
6.241293322062552988e+02 7.397214708368554739e+02
6.253281512605042280e+02 7.383331932773108974e+02
6.262146157076858799e+02 7.373687526249475468e+02
6.259903926482874112e+02 7.364331662489556720e+02
6.249656616415410326e+02 7.359108040201004997e+02
6.239196316450397717e+02 7.354206781079949451e+02
6.235489379425239349e+02 7.354314868804664229e+02
6.232047146401985174e+02 7.357874276261372870e+02
6.232505193186539145e+02 7.363502285002077770e+02
6.226689132266217257e+02 7.366183656276326701e+02
6.200122829309614190e+02 7.388386277001270628e+02
