6.191944680851063367e+02 7.402485106382978302e+02
6.194963534963535494e+02 7.407280137280137069e+02
6.192336048006858391e+02 7.406463780540077551e+02
6.180360205831904068e+02 7.403164665523156600e+02
6.178958600085360331e+02 7.400324370465215225e+02
6.180811965811965365e+02 7.402538461538460979e+02
6.182740585774058673e+02 7.401460251046024723e+02
6.192779906343124594e+02 7.397475521498510034e+02
6.199582454660480835e+02 7.398114719527625311e+02
6.211097246127366134e+02 7.397035283993114945e+02
6.225489199491740919e+02 7.399059720457432832e+02
6.239537231804796420e+02 7.399970551114851105e+02
6.251192468619246938e+02 7.400933054393304928e+02
6.254370495972870003e+02 7.399703264094955557e+02
6.255344006923410234e+02 7.397905668541757223e+02
6.250895585738539921e+02 7.400938030560271272e+02
6.247853492333900931e+02 7.402593696763202615e+02
6.246352583586626679e+02 7.400790273556231114e+02
6.233508849557522353e+02 7.398964601769911269e+02
6.216765734265734409e+02 7.401263111888112007e+02
6.204451166810716813e+02 7.400652549697493896e+02
6.191015118790496672e+02 7.396984881209502873e+02
6.184220779220779605e+02 7.394242424242423795e+02
6.176477469670710434e+02 7.393817157712304606e+02
6.174222222222222172e+02 7.397628205128205536e+02
6.168397300716997051e+02 7.399350485027414379e+02
6.161628498727735632e+02 7.398218829516539472e+02
6.166334038054968687e+02 7.399429175475687543e+02
6.176480613549211967e+02 7.397469109501490721e+02
6.185370449678800924e+02 7.400137044967880229e+02
6.180444348576359062e+02 7.398865401207938248e+02
6.172774248199915519e+02 7.400910631088521541e+02
6.160911413969336081e+02 7.395068143100511406e+02
6.147837268128162123e+02 7.398305227655986300e+02
6.136651123357354436e+02 7.394298431538787781e+02
6.117391118701964388e+02 7.391737830913748439e+02
6.097669365146996370e+02 7.391487004686833870e+02
6.076765442404006308e+02 7.396690317195325406e+02
6.061736730360934189e+02 7.390942675159235478e+02
6.048299525248165764e+02 7.388001726370306415e+02
6.044442122858337143e+02 7.395578771416631980e+02
6.044277894736842427e+02 7.394560000000000173e+02
6.049034830046160778e+02 7.393600503566932503e+02
6.060964616680707877e+02 7.394115417017691243e+02
6.076110414052698161e+02 7.396934337097449088e+02
6.104213197969543216e+02 7.395418781725887811e+02
6.126176470588235361e+02 7.399357142857143117e+02
6.140541577825159720e+02 7.396238805970149315e+02
6.156297872340425101e+02 7.398642553191489242e+02
6.170358196375894977e+02 7.402996207332490712e+02
6.175848662207357620e+02 7.402901337792642380e+02
6.176209094772630124e+02 7.401716957076073413e+02
6.173450342465753238e+02 7.399730308219178596e+02
6.167670478610758664e+02 7.398492164337145596e+02
6.173801862828112235e+02 7.398353090601185613e+02
6.177430997876857646e+02 7.398280254777070013e+02
6.179674968341072372e+02 7.396437315322921222e+02
6.184282673478076049e+02 7.393541932737334719e+02
6.186883840548649687e+02 7.391427346763823607e+02
6.222383177570093267e+02 7.395284621920136487e+02
