6.191358333333333803e+02 7.401441666666667061e+02
6.151917355371900840e+02 7.401351239669421602e+02
6.096174496644295004e+02 7.398653523489932695e+02
6.059957645065650240e+02 7.399271495129182767e+02
6.056442721791559052e+02 7.397407407407407618e+02
6.077724913494810153e+02 7.398499134948096980e+02
6.118488372093023600e+02 7.398040482342807991e+02
6.148899480069323999e+02 7.394722703639514521e+02
6.161443569553805446e+02 7.391666666666666288e+02
6.155042229729730252e+02 7.398918918918918735e+02
6.146481012658227883e+02 7.398759493670886513e+02
6.152676115047936491e+02 7.401042100875364440e+02
6.171796680497925536e+02 7.398103734439833943e+02
6.196626101552665205e+02 7.396886277801090728e+02
6.216660988074957004e+02 7.393445485519590648e+02
6.229375818419904363e+02 7.396054124836316532e+02
6.219448123620309161e+02 7.396273730684326893e+02
6.204434510505141134e+02 7.392378185069288747e+02
6.182433609055289025e+02 7.391567261645624285e+02
6.164298207258417506e+02 7.392597289024923839e+02
6.152474446337308791e+02 7.396780238500851965e+02
6.149158878504672430e+02 7.397854715378080073e+02
6.168034261241970171e+02 7.394847965738757694e+02
6.196056458511548044e+02 7.391120615911034974e+02
6.210330250990753029e+02 7.386794363716423959e+02
6.204980357922304393e+02 7.386966390222610244e+02
6.194121709106603930e+02 7.391255934397928513e+02
6.173561058923996825e+02 7.392668659265584665e+02
6.141291825497670516e+02 7.394485387547649680e+02
6.102717576791808369e+02 7.393536689419795493e+02
6.068746243022756062e+02 7.391000429368828009e+02
6.065355739851593171e+02 7.398153644696639049e+02
