6.221590227175311156e+02 7.419048435490784641e+02
6.165115187713311116e+02 7.408250853242320773e+02
6.119922945205479436e+02 7.396596746575341967e+02
6.094651364226938313e+02 7.387825898657426933e+02
6.073331918505941758e+02 7.378510186757215479e+02
6.053257608229747575e+02 7.370201457351049612e+02
6.030873118279570235e+02 7.363840860215053681e+02
6.011245704467354471e+02 7.352710481099655908e+02
6.002317073170731874e+02 7.346175958188152890e+02
6.005877995642701990e+02 7.333660130718953951e+02
6.015150720838794314e+02 7.326788990825688188e+02
6.021878238341969336e+02 7.326204663212434980e+02
6.022084958820979637e+02 7.325322930212397523e+02
6.015882855921333885e+02 7.324814023086788666e+02
5.997756160830090266e+02 7.327436230004323079e+02
5.980863656291099915e+02 7.327654537483559807e+02
5.971221662468514069e+02 7.337724601175482348e+02
5.986062176165803521e+02 7.333816925734024608e+02
6.021298755186721792e+02 7.344012448132780264e+02
6.080139534883720671e+02 7.345932346723044475e+02
6.136246830092983373e+02 7.353034657650042618e+02
6.181967700807480242e+02 7.366162345941351077e+02
6.220979974435449549e+02 7.381819343843203569e+02
6.243116883116882718e+02 7.396464180980309493e+02
6.258929936305733008e+02 7.411065817409765941e+02
6.275414551607444764e+02 7.424543147208121354e+02
6.293407439076528362e+02 7.430286447199657687e+02
6.309495412844037219e+02 7.439966638865721507e+02
6.324380791912384439e+02 7.438900589721988581e+02
6.323757855048177134e+02 7.440339338081273581e+02
6.318097251585624008e+02 7.441145877378435216e+02
6.307926777352064391e+02 7.447696892294593454e+02
6.306057651547265550e+02 7.455345485375158887e+02
6.311568123393316228e+02 7.456730934018851258e+02
6.325918803418803691e+02 7.462867521367521704e+02
6.334316239316239034e+02 7.463952991452991910e+02
6.336548223350254148e+02 7.462085448392555236e+02
6.324875107665804990e+02 7.451158484065460925e+02
6.287189625850339780e+02 7.442891156462585514e+02
6.235683269476372743e+02 7.430604512558535362e+02
6.172373029772329573e+02 7.414943082311733633e+02
6.120619315721091880e+02 7.405166738847985926e+02
6.085786109927566940e+02 7.398998721772475164e+02
6.063514997887621121e+02 7.392657372201098269e+02
6.043818259385665215e+02 7.385814846416382125e+02
6.024343096234309769e+02 7.378234309623430818e+02
6.001565143824027473e+02 7.359306260575295937e+02
