6.427101332256762589e+02 7.298901897456601091e+02
6.319968944099379087e+02 7.263300798580302171e+02
6.177363996043520729e+02 7.239055390702275190e+02
5.992619331742243958e+02 7.234051312649164629e+02
5.868494915254236730e+02 7.243349152542373304e+02
5.806428571428571104e+02 7.208100649350649292e+02
0.000000000000000000e+00 0.000000000000000000e+00
0.000000000000000000e+00 0.000000000000000000e+00
0.000000000000000000e+00 0.000000000000000000e+00
0.000000000000000000e+00 0.000000000000000000e+00
0.000000000000000000e+00 0.000000000000000000e+00
5.781306532663317057e+02 7.227035175879397002e+02
5.869878444084279181e+02 7.376304700162074823e+02
6.010757985923119122e+02 7.447374120194911029e+02
6.123798413439103570e+02 7.497582827811479547e+02
6.261916987590929011e+02 7.532143774069319306e+02
6.380784563189143910e+02 7.550284139100932634e+02
6.481331343283582100e+02 7.616925373134328083e+02
6.573221586263287008e+02 7.625224856909239861e+02
6.638431542461005392e+02 7.597391681109185129e+02
6.657857811038353475e+02 7.577979420018708652e+02
6.663753554502369525e+02 7.520900473933648982e+02
6.602868352223190413e+02 7.484507410636442728e+02
6.544279233870968255e+02 7.417439516129031745e+02
6.471970979443772194e+02 7.329866989117291496e+02
6.390410788381742577e+02 7.292406639004149156e+02
6.272963628199371442e+02 7.261158509205208702e+02
6.095039643211100611e+02 7.251476709613478988e+02
5.843049295774648044e+02 7.265077464788732868e+02
