6.204802822748027893e+02 7.412449149024491817e+02
6.189778428093645744e+02 7.404928929765886778e+02
6.174173875432526302e+02 7.400389273356400963e+02
6.153765948086229400e+02 7.390809502859656277e+02
6.145468886941279152e+02 7.394570552147239368e+02
6.131312910284464124e+02 7.396560175054704587e+02
6.112263467632412812e+02 7.390565866908103771e+02
6.109466546112115566e+02 7.392382459312839273e+02
6.104039162112932217e+02 7.394257741347905721e+02
6.109290525370453224e+02 7.398437359676695451e+02
6.126150811047785965e+02 7.401959666812801970e+02
6.145382631126396973e+02 7.403168529664660582e+02
6.163634053367217120e+02 7.406628547225751618e+02
6.174291204099060906e+02 7.408552519214346148e+02
6.187773584905660300e+02 7.415802935010482315e+02
6.200551346801346426e+02 7.415862794612794460e+02
6.213774139378673453e+02 7.415436607892527263e+02
6.220952380952380736e+02 7.409043367346938567e+02
6.230654911838790895e+02 7.409924433249369713e+02
6.222306397306397230e+02 7.408947811447811773e+02
6.207011245674740394e+02 7.404312283737024245e+02
6.196060606060606233e+02 7.399841897233201280e+02
6.192531305903398788e+02 7.397084078711985740e+02
6.182382864792502914e+02 7.392547969656403666e+02
6.166275045537340702e+02 7.390077413479052666e+02
6.166110351117191613e+02 7.391208390332877798e+02
6.164073741007193803e+02 7.398691546762589724e+02
6.183306843267108661e+02 7.404136865342163674e+02
6.205034129692833176e+02 7.408549488054607082e+02
6.214141117177656497e+02 7.413977320453591346e+02
6.213557161070973507e+02 7.410709732256693769e+02
6.215398305084745516e+02 7.411983050847458117e+02
6.229846790890269403e+02 7.416877846790890771e+02
6.231339950372208705e+02 7.417369727047146171e+02
6.224183463595228432e+02 7.419868366927190664e+02
6.212186845412651337e+02 7.416066191872643003e+02
6.194361424847958233e+02 7.407597741094700723e+02
6.178503584229390526e+02 7.399390681003584405e+02
6.162886232846392431e+02 7.394648074369190454e+02
6.152348518354709768e+02 7.396293675364883029e+02
6.140791556728231626e+02 7.398122251539138006e+02
6.117294441892512395e+02 7.395378961874138213e+02
