6.181596814752724640e+02 7.400599329421626180e+02
6.166302061421960161e+02 7.400593184686579207e+02
6.146578719723183895e+02 7.394909169550172692e+02
6.147152869031975797e+02 7.391423565484012670e+02
6.156697009102730362e+02 7.393185955786735803e+02
6.170108225108225497e+02 7.393186147186147537e+02
6.174357112345151108e+02 7.395053395984622284e+02
6.174363712725745472e+02 7.397207055858882541e+02
6.165427956989246923e+02 7.392193548387097053e+02
6.155256410256409936e+02 7.387409372236958234e+02
6.155583957690612351e+02 7.390207139709123112e+02
6.162826855123674932e+02 7.388454063604240218e+02
6.178784076157508025e+02 7.392583297273907874e+02
6.186184323858742573e+02 7.396382428940568161e+02
6.176147959183673493e+02 7.397436224489796359e+02
6.163159722222221717e+02 7.393641493055555429e+02
6.153413120567375927e+02 7.389853723404255561e+02
6.156136767317939302e+02 7.389533747779751138e+02
6.167467476149175809e+02 7.395758889852558013e+02
6.183338997451146497e+02 7.400509770603229072e+02
6.188808114961960882e+02 7.399256128486897524e+02
6.178770562770562265e+02 7.396796536796537112e+02
6.162905346187554869e+02 7.395416301489921125e+02
6.165149647887324136e+02 7.393120598591549424e+02
