6.090455136540962258e+02 7.404854789770264460e+02
6.110156385751520247e+02 7.406072980017376040e+02
6.143071583514099530e+02 7.407071583514099302e+02
6.161611642050390856e+02 7.405013032145959642e+02
6.187711464147703282e+02 7.406668097896092604e+02
6.229132697311362108e+02 7.406526452732003918e+02
6.258970714900947314e+02 7.399048234280792258e+02
6.276911381407471708e+02 7.396689834926150979e+02
6.275505470459518165e+02 7.396612691466083334e+02
6.274714596949891074e+02 7.401799564270152132e+02
6.278030634573303814e+02 7.402665207877461171e+02
6.279074482150726908e+02 7.398179814896429889e+02
6.270292704237658654e+02 7.398444735692442009e+02
6.242581770606192322e+02 7.398377671173135468e+02
6.199600000000000364e+02 7.394560869565217445e+02
6.150766164747564062e+02 7.388374667847652972e+02
6.140678772157370986e+02 7.395732814526588754e+02
6.116634446397188185e+02 7.391085237258347433e+02
6.080542806707854879e+02 7.400595763459841692e+02
6.058693752730449660e+02 7.404010484927915741e+02
6.053741071428571558e+02 7.402718750000000227e+02
6.055530035335689263e+02 7.403122791519434713e+02
6.057580853816300532e+02 7.405053902544200355e+02
6.067334494773518827e+02 7.402817944250871278e+02
6.077783969138448583e+02 7.405940848692670215e+02
6.097743876235496145e+02 7.408981521272023656e+02
6.122642887838418346e+02 7.409591749033089627e+02
6.143880085653105425e+02 7.411922912205567400e+02
6.161095950704225288e+02 7.404920774647887356e+02
6.224266316250547106e+02 7.401024967148489395e+02
