6.216213957375679229e+02 7.403581278729627684e+02
6.216226415094339472e+02 7.402230607966456546e+02
6.217473595268271538e+02 7.399429657794677269e+02
6.215134907251265304e+02 7.398478077571669473e+02
6.210976962457338004e+02 7.398600682593856845e+02
6.207578059071729513e+02 7.400257383966244333e+02
6.195740585774058218e+02 7.403656903765690913e+02
6.185243902439024168e+02 7.405424726661059367e+02
6.180559796437659088e+02 7.405059372349448950e+02
6.181156779661016571e+02 7.403067796610170035e+02
6.182241599319438592e+02 7.400259464057847936e+02
6.178698805460751373e+02 7.397303754266212081e+02
6.169790149892933186e+02 7.396364025695932014e+02
6.158910093299406299e+02 7.397909245122986022e+02
6.156087505258728925e+02 7.402806058056373786e+02
6.150672514619883486e+02 7.404306599832915481e+02
6.149174616341766750e+02 7.405520530900041649e+02
6.151991631799163542e+02 7.404535564853556480e+02
6.154558452481076074e+02 7.401021867115223358e+02
6.158246944795616855e+02 7.398630425621576023e+02
6.164814345991561595e+02 7.398776371308016451e+02
6.170804020100503067e+02 7.398860971524287606e+02
6.170627897176569832e+02 7.398756847871892433e+02
6.169319327731092244e+02 7.404042016806722586e+02
6.178414171235765480e+02 7.401290594685787028e+02
6.183868921775898571e+02 7.402071881606765373e+02
6.192549103330486560e+02 7.401007685738684359e+02
6.200240506329114396e+02 7.404354430379746645e+02
6.203043295502311594e+02 7.399529213955443083e+02
6.203133891213389006e+02 7.399104602510460609e+02
6.203090292496821121e+02 7.398236540907164454e+02
6.200884210526315883e+02 7.397604210526316137e+02
6.197937181663836554e+02 7.397423599320883341e+02
6.193323517038284081e+02 7.397795540597392119e+02
6.181345991561181563e+02 7.399464135021097491e+02
