6.139503424657534651e+02 7.396917808219178596e+02
6.141025202904741036e+02 7.395907731738573148e+02
6.145911840968020670e+02 7.396266205704407639e+02
6.150475988100297400e+02 7.397858053548661701e+02
6.153175819497658949e+02 7.394044274159216457e+02
6.161368286445012927e+02 7.397996589940323702e+02
6.166150556030795542e+02 7.396676646706587235e+02
6.171077383497221263e+02 7.397071398033347123e+02
6.176056997022543555e+02 7.400374308804764496e+02
6.181986271986271504e+02 7.402080652080652499e+02
6.180217206132879255e+02 7.401959114139693838e+02
6.187645299145299305e+02 7.397200854700854507e+02
6.195404018811458400e+02 7.400611372381359843e+02
6.201131339401820242e+02 7.395591677503250594e+02
6.208947598253274691e+02 7.392921397379913060e+02
6.211592767972449565e+02 7.396637968144640354e+02
6.215687203791469528e+02 7.396419646704007391e+02
6.220731388767958379e+02 7.400809751850239309e+02
6.221120313862248850e+02 7.399524847428073144e+02
6.221825708061002160e+02 7.398135076252723366e+02
6.226616117850953742e+02 7.395316291161178697e+02
6.227763272410792297e+02 7.395161009573541833e+02
6.225047291487531993e+02 7.395296646603611634e+02
6.217905172413793480e+02 7.396741379310344655e+02
6.218916234887738028e+02 7.399447322970638652e+02
6.218029513888889142e+02 7.399357638888889142e+02
6.218573292735972018e+02 7.401078729882557354e+02
6.220021739130435208e+02 7.403195652173913004e+02
6.220226480836237215e+02 7.400705574912891507e+02
6.216434075342465349e+02 7.399387842465753238e+02
6.216979122283765946e+02 7.398645078824030179e+02
6.215216645216645475e+02 7.396374946374946830e+02
6.212601975096607703e+02 7.399519106912838424e+02
6.209913867355727461e+02 7.398354866494400994e+02
6.201445835131635249e+02 7.399948208890807564e+02
6.192151789564467208e+02 7.400569210866752883e+02
6.190507090674688015e+02 7.397657928663514895e+02
6.182536669542708978e+02 7.394542709232097195e+02
6.175956989247312094e+02 7.395354838709677097e+02
6.167717717717717960e+02 7.398352638352638451e+02
6.165305062743401550e+02 7.397472955430549746e+02
6.163273657289003040e+02 7.399616368286444867e+02
6.157173344947734677e+02 7.400513937282230472e+02
6.145973856209150199e+02 7.400230936819172030e+02
6.140540308747855534e+02 7.403310463121783869e+02
6.135920996135680525e+02 7.400390725633319562e+02
6.131367924528301501e+02 7.397778730703258816e+02
6.130291845493562732e+02 7.396618025751073446e+02
6.128626609442060271e+02 7.396553648068669418e+02
6.126473888649114770e+02 7.396400517911091583e+02
6.123998294970161851e+02 7.402075873827792520e+02
6.118622297583722229e+02 7.402713013988978901e+02
6.117755972696245408e+02 7.396953924914676008e+02
6.118865582191780277e+02 7.396964897260273801e+02
6.118686477174849188e+02 7.396080964685615982e+02
6.118167313497197028e+02 7.395502371711944534e+02
6.119345109866436587e+02 7.396057733735458442e+02
6.119022298456260387e+02 7.398010291595197714e+02
6.119708529789969589e+02 7.399138448349764303e+02
6.119987201365187275e+02 7.398882252559726567e+02
6.120600858369098205e+02 7.398403433476395321e+02
6.121973287376131339e+02 7.397341663076259692e+02
6.122835947435354456e+02 7.398584145824502230e+02
6.127832197614991401e+02 7.395127768313458319e+02
6.133072673183170309e+02 7.396030599235018599e+02
6.138802547770700357e+02 7.396314225053079099e+02
6.145523889354568610e+02 7.398683989941324626e+02
6.155068728522336414e+02 7.397749140893471349e+02
6.158664089347079198e+02 7.396593642611684345e+02
6.156114188325522036e+02 7.395879846612697293e+02
6.176253802694481010e+02 7.392025206431985680e+02
