6.176497890295358957e+02 7.408590717299578046e+02
6.188398305084746198e+02 7.409851694915254257e+02
6.190261241970021047e+02 7.403438972162740583e+02
6.197498895271762649e+02 7.389310649580203290e+02
6.207873362445415069e+02 7.385248908296943000e+02
6.220526777875329572e+02 7.380724319578578161e+02
6.230075757575757507e+02 7.374688057040998501e+02
6.236820356676815891e+02 7.381261418007829889e+02
6.253905249679897906e+02 7.380149381135296380e+02
6.270725255972696459e+02 7.378728668941979549e+02
6.278456037021455813e+02 7.384762305427009323e+02
6.281211740041928806e+02 7.384930817610062377e+02
6.279516196886831949e+02 7.390917122423222736e+02
6.211102629346904678e+02 7.393706530958439771e+02
6.170329236172080982e+02 7.390939420544336826e+02
6.146673951048951494e+02 7.393020104895105078e+02
6.126840949033392008e+02 7.394969244288224672e+02
6.107454000855798313e+02 7.405387248609328026e+02
6.091234729493892246e+02 7.406243455497382229e+02
6.090901137357830066e+02 7.403687664041995049e+02
6.115717937792927614e+02 7.404989348103962357e+02
6.145029411764705856e+02 7.401941176470588744e+02
6.157983228511529887e+02 7.405488469601676798e+02
6.168533613445378023e+02 7.403436974789915439e+02
6.178402865571007396e+02 7.398204804045511764e+02
6.203541212385521249e+02 7.383597906672481486e+02
