6.209822859552931504e+02 7.407718262336567250e+02
6.214554371002132029e+02 7.406379530916843805e+02
6.214888888888889369e+02 7.403756410256410163e+02
6.220478036175710486e+02 7.400443583118001243e+02
6.216346073078537984e+02 7.403175136497270614e+02
6.206252129471890839e+02 7.401810051107324853e+02
6.195627868168544410e+02 7.404451397580309049e+02
6.184231404958677558e+02 7.405433884297520990e+02
6.174723978086809666e+02 7.399599662873998795e+02
6.167477140482128561e+02 7.401471321695760253e+02
6.168155583437892346e+02 7.399652864910079870e+02
6.171420787929589551e+02 7.398839061190276425e+02
6.168167714884696124e+02 7.399509433962264211e+02
6.168859315589353400e+02 7.397946768060836575e+02
6.172129005059022120e+02 7.402065767284991580e+02
6.179028253424658033e+02 7.397945205479452397e+02
6.187887802804930288e+02 7.404398640033998618e+02
6.199785038693034949e+02 7.405606190885640672e+02
6.209655322862129196e+02 7.403259162303664880e+02
6.208412147505423491e+02 7.401804772234273742e+02
6.200467657342657049e+02 7.402456293706293309e+02
6.191636363636363285e+02 7.401696969696969290e+02
6.187366412213740432e+02 7.401632739609839291e+02
6.184162371134020759e+02 7.395597079037801223e+02
6.178323353293412765e+02 7.399307100085543425e+02
6.173382978723403767e+02 7.395868085106383205e+02
6.163787361229718726e+02 7.393842869342441873e+02
6.153044210526315965e+02 7.399456842105263377e+02
6.149784355179704107e+02 7.396739957716702065e+02
6.158228595529312770e+02 7.397279628848586981e+02
6.170575692963752772e+02 7.394895522388059135e+02
6.175551811288963791e+02 7.399452401010952372e+02
6.181918726434855671e+02 7.402538751571009925e+02
6.187644575770367510e+02 7.399269734065006787e+02
6.191927350427350802e+02 7.398448717948717785e+02
6.195113296280461554e+02 7.398247114151346295e+02
6.198818763326225962e+02 7.397364605543709786e+02
6.204721395150999115e+02 7.399561888558060900e+02
6.203441780821917746e+02 7.398784246575341967e+02
6.178829100301334165e+02 7.395195867412828648e+02
