6.205035366931919043e+02 7.399854111405835511e+02
6.225909490333918939e+02 7.390584358523725541e+02
6.243625164980202271e+02 7.389172899252089337e+02
6.243755328218244358e+02 7.396764705882352473e+02
6.233987261146496621e+02 7.398029723991506899e+02
6.225313293818798002e+02 7.399932260795935690e+02
6.222534423407917075e+02 7.399169535283992900e+02
6.207398305084745971e+02 7.398516949152542566e+02
6.177500000000000000e+02 7.394317789291882264e+02
6.141629662522202580e+02 7.390870337477797420e+02
6.103703703703703241e+02 7.390180668473351489e+02
6.089964633068080957e+02 7.392625994694959672e+02
6.098469342743713923e+02 7.389232465813851150e+02
6.128033635187580330e+02 7.393898231996549839e+02
6.158992020159596450e+02 7.397744645107097767e+02
6.164298282362798318e+02 7.395282781734395030e+02
6.149440203562340912e+02 7.402769296013570965e+02
6.148545607398066295e+02 7.404981084489280647e+02
6.154369961815867782e+02 7.400869749681799021e+02
6.165886646629454617e+02 7.401631601545727790e+02
6.197314335060449366e+02 7.397167530224525080e+02
6.223966042664344513e+02 7.391062255115367634e+02
6.232801035822184303e+02 7.396094087181700161e+02
6.220265524625267517e+02 7.400835117773019647e+02
6.197139141742522952e+02 7.396051148677936453e+02
6.186872303710094911e+02 7.394046591889559750e+02
6.196205240174672326e+02 7.390449781659389146e+02
6.211606830122591418e+02 7.388345008756567722e+02
6.231880931837790740e+02 7.391251078515962263e+02
6.237440677966101248e+02 7.399766949152542566e+02
6.228520710059171961e+02 7.403968723584108602e+02
6.212555978031263066e+02 7.407084917617237352e+02
6.202861420017109140e+02 7.410273738237809766e+02
