6.341304533789564175e+02 7.377048759623610295e+02
6.367236842105263577e+02 7.380717317487266200e+02
6.402876595744680799e+02 7.382259574468084793e+02
6.432306070826307405e+02 7.382900505902192663e+02
6.448335472828412094e+02 7.386979032948223676e+02
6.464413006756756204e+02 7.390215371621621898e+02
6.468071578947368607e+02 7.391410526315789866e+02
6.475814940577249672e+02 7.390343803056026672e+02
6.480012776831346173e+02 7.393573253833048966e+02
6.475796071876305859e+02 7.395499373171751358e+02
6.472240135765804325e+02 7.392566822231650576e+02
6.468345384942577994e+02 7.390195661420672195e+02
6.465467687074830110e+02 7.388465136054421691e+02
6.457083689154568447e+02 7.386268146883005556e+02
6.452731520815633530e+02 7.388007646559047998e+02
6.444811804961505004e+02 7.386655260906758258e+02
6.436050063640220742e+02 7.390513364446329660e+02
6.425181082232637664e+02 7.388167873881550349e+02
6.417761640324647487e+02 7.388466467321657092e+02
6.409781958101752934e+02 7.388704574604531672e+02
6.400232656514382370e+02 7.389902707275804232e+02
6.389350427350427708e+02 7.390769230769230944e+02
6.379674831081081265e+02 7.393226351351351013e+02
6.368465788355291579e+02 7.391831704207394296e+02
6.359192439862542869e+02 7.392048969072164937e+02
6.350371169615882536e+02 7.390056107034959041e+02
6.337355406538139277e+02 7.396529756915339249e+02
6.323024040489244726e+02 7.394470687473640282e+02
6.306094276094275983e+02 7.396801346801346426e+02
6.293326226012793541e+02 7.397326226012793313e+02
6.281377270806929118e+02 7.397093367131390096e+02
6.269289991445680243e+02 7.397014542343883932e+02
6.251945624468988854e+02 7.400237892948173339e+02
6.238492802709567968e+02 7.398763759525825208e+02
6.228990323937736093e+02 7.398464450988641374e+02
6.216058847907169138e+02 7.401363447990054283e+02
6.207535624476111025e+02 7.397870913663034571e+02
6.201387137452711613e+02 7.394859184531316032e+02
6.195431837425910544e+02 7.394348010160880449e+02
6.183662988115449934e+02 7.392483022071306777e+02
6.175032119914346822e+02 7.390993576017131090e+02
6.166636021730046195e+02 7.395048056832428074e+02
6.157266582171524760e+02 7.393971271651879533e+02
6.149085594989561514e+02 7.394951983298539062e+02
6.141651376146788834e+02 7.399599666388656942e+02
6.132762339278307309e+02 7.401190377436748804e+02
6.123684879288437060e+02 7.397005506141465503e+02
6.118120805369127311e+02 7.401212248322148071e+02
6.115805914202416034e+02 7.401491045397750668e+02
6.110553227158424079e+02 7.402342833193629303e+02
6.105033140016570314e+02 7.405695940347969781e+02
6.099642114024136390e+02 7.406358718268830899e+02
6.093140394088669609e+02 7.414930213464696180e+02
6.082657751776013129e+02 7.410426243209360564e+02
6.075907949790795328e+02 7.413451882845188265e+02
6.073583403185247107e+02 7.412883487007544545e+02
6.061259038706933779e+02 7.408153977031050772e+02
6.046076374318085982e+02 7.414586655476290389e+02
6.024044801352494005e+02 7.412049873203719699e+02
5.995852130325814642e+02 7.415622389306599871e+02
5.960283417935702346e+02 7.409230118443316542e+02
5.933457154917687149e+02 7.405732376530181682e+02
5.913069009858551226e+02 7.400617231033004373e+02
5.902402542372881271e+02 7.398516949152542566e+02
5.891961115807270062e+02 7.401065088757396779e+02
5.882181895815542703e+02 7.400341588385995237e+02
5.876385336743393282e+02 7.404364876385336629e+02
5.875691263782866827e+02 7.405356234096692560e+02
5.875515485787017269e+02 7.405086974968179447e+02
5.878723221936589880e+02 7.408316195372750599e+02
5.882154436860067790e+02 7.411497440273037682e+02
5.889427828348505045e+02 7.411001300390116739e+02
5.898078381795196492e+02 7.413864306784661267e+02
5.907430880476392758e+02 7.410859208847299442e+02
5.912822374039283204e+02 7.408859948761742089e+02
5.923939651508712814e+02 7.407365065873352705e+02
5.936000841042892944e+02 7.411312026913373074e+02
5.946214405360134378e+02 7.412428810720267620e+02
5.948768907563024868e+02 7.407256302521008138e+02
5.962057069846678132e+02 7.402683134582623552e+02
5.975065985525756105e+02 7.404146445295870080e+02
5.980559139784945728e+02 7.404270967741935010e+02
5.989229131175468410e+02 7.402197614991482624e+02
6.004094521120870240e+02 7.404621497281472102e+02
6.016044556536360233e+02 7.398928121059268506e+02
6.030068288518992858e+02 7.395838668373879727e+02
6.048668076109936464e+02 7.396900634249471977e+02
6.059945286195286371e+02 7.397247474747474598e+02
6.074649493243243796e+02 7.394218750000000000e+02
6.087111393477340471e+02 7.391838204150783440e+02
6.101138346489406104e+02 7.394923140839218831e+02
6.113402630462452407e+02 7.391896478574459479e+02
6.127576923076923094e+02 7.392226495726495159e+02
6.135141996557658786e+02 7.394462134251291445e+02
6.148666950596251581e+02 7.399293015332198138e+02
6.155232758620689992e+02 7.399599137931033965e+02
6.168302047781569399e+02 7.402410409556314335e+02
6.182270042194093094e+02 7.401071729957806156e+02
6.195707567336468173e+02 7.399003847798204561e+02
6.200663829787233681e+02 7.400076595744681072e+02
6.207058823529412166e+02 7.401265984654731938e+02
6.217667663391713404e+02 7.399713797522426830e+02
6.227174550020929473e+02 7.401699455839262782e+02
6.239059322033898525e+02 7.395266949152542111e+02
6.247200504413618773e+02 7.394779319041614372e+02
6.255466893039049410e+02 7.391587436332766856e+02
6.258548179871520460e+02 7.389126338329764394e+02
6.258437500000000000e+02 7.389511986301370143e+02
6.267357446808510986e+02 7.390421276595744757e+02
6.278021413276230760e+02 7.390659528907923459e+02
6.284590869939706863e+02 7.387037037037036953e+02
6.292421774539219541e+02 7.386699528504071850e+02
6.305167238421955744e+02 7.381535162950257245e+02
6.316722797927461670e+02 7.377266839378238501e+02
6.331804607508532854e+02 7.385571672354948305e+02
6.353525641025640880e+02 7.386636752136752193e+02
6.386332328885061997e+02 7.384696513129573532e+02
6.418136752136751966e+02 7.388820512820512931e+02
6.450978448275861865e+02 7.385879310344827218e+02
6.470354852501068308e+02 7.388456605386917317e+02
6.482238805970149542e+02 7.389808102345415364e+02
6.488851552530837807e+02 7.390187154402382248e+02
6.496267123287670984e+02 7.390719178082191547e+02
6.501182931981411457e+02 7.393430502746092543e+02
6.499843087362171445e+02 7.392871077184054229e+02
6.501774262505343813e+02 7.390765284309534309e+02
6.501693099014145218e+02 7.388418345477925868e+02
6.502035775127768602e+02 7.382410562180579063e+02
6.497579482831708901e+02 7.382835947435354456e+02
6.492685106382979257e+02 7.380804255319148979e+02
6.482844974446337574e+02 7.381435264054514391e+02
6.474787775891340971e+02 7.382567911714770617e+02
6.464404057480981010e+02 7.382696534234995625e+02
6.456120689655172100e+02 7.379586206896551630e+02
6.449033488766426672e+02 7.385519287833827775e+02
6.439580479452055215e+02 7.380826198630137469e+02
6.429892657793044464e+02 7.387913267496779781e+02
6.418206239168110869e+02 7.385298960138647999e+02
6.401666666666666288e+02 7.388199134199134051e+02
