6.160440491317237957e+02 7.394968233799237396e+02
6.172150943396226239e+02 7.392507337526205902e+02
6.182599915860328110e+02 7.384307951198990168e+02
6.198233788395904185e+02 7.377819965870306760e+02
6.223593886462881528e+02 7.370069868995633442e+02
6.244616067465601645e+02 7.366506879715934701e+02
6.255341400172860631e+02 7.372450302506482558e+02
6.254572778016315624e+02 7.373254615714898819e+02
6.245110925073252020e+02 7.381532021766429352e+02
6.241164383561643945e+02 7.384045376712329016e+02
6.241952461799660341e+02 7.393981324278438478e+02
6.244109816971713371e+02 7.401900998336107023e+02
6.228429341069208931e+02 7.408524658101947580e+02
6.194165636588380721e+02 7.416118665018541378e+02
6.154226633581472470e+02 7.415810587262200215e+02
6.131417492460146832e+02 7.408556656613528730e+02
6.123344887348353041e+02 7.409913344887348785e+02
6.109628509719221938e+02 7.412755939524837459e+02
6.090655594405594684e+02 7.410157342657342951e+02
6.083349076857019782e+02 7.410373550880206039e+02
6.094503144654088373e+02 7.407526205450733414e+02
6.114721873693015368e+02 7.402438310330405784e+02
6.140134736842105667e+02 7.396559999999999491e+02
6.158106382978722877e+02 7.389906382978723514e+02
6.169112699747687429e+02 7.383359966358284510e+02
6.205784228769497304e+02 7.370441941074523129e+02
