6.198343296327924463e+02 7.407344150298889645e+02
6.189473233404711436e+02 7.408085653104925541e+02
6.174509215602229233e+02 7.397749678525503896e+02
6.157610089781958322e+02 7.395245831551944775e+02
6.149461670973298624e+02 7.389862187769164166e+02
6.132721791559000621e+02 7.385775193798449436e+02
6.128803786574870855e+02 7.376574870912220376e+02
6.132716157205239824e+02 7.376139737991265974e+02
6.133000867302688448e+02 7.375511708586296891e+02
6.139837790442787764e+02 7.375843928101709253e+02
6.145347222222221717e+02 7.377816840277778283e+02
6.151603524229075219e+02 7.381735682819382873e+02
6.160472440944881782e+02 7.385192475940507393e+02
6.176497615951452644e+02 7.389133073255310364e+02
6.192624020887728875e+02 7.396753698868581068e+02
6.209547038327525570e+02 7.401537456445993257e+02
6.224760466119982993e+02 7.409106603366421950e+02
6.224029022620571823e+02 7.413038839095177082e+02
6.230072961373390399e+02 7.415214592274678580e+02
6.233288965221124727e+02 7.414186346071275011e+02
6.228792436613665586e+02 7.417971637301246801e+02
6.227332757876564528e+02 7.415968925334484538e+02
6.218474721508140419e+02 7.413487574978577186e+02
6.210864304235091140e+02 7.410017286084702164e+02
6.198319039451115486e+02 7.407255574614065381e+02
6.179982585981715602e+02 7.396652154984763001e+02
6.148616109682948263e+02 7.390835475578405749e+02
