6.166927634363097468e+02 7.393935674989420477e+02
6.163440583440583396e+02 7.392895752895752821e+02
6.161242603550296053e+02 7.395409974640743940e+02
6.160890207715133329e+02 7.394425604069521114e+02
6.156092490453967230e+02 7.393338990241833244e+02
6.152184838160136451e+02 7.392333901192504300e+02
6.158471391972673246e+02 7.390883859948761483e+02
6.156355822948002015e+02 7.389449935539321359e+02
6.150659293917482273e+02 7.392973202892386553e+02
6.160715197956577640e+02 7.391511281396338973e+02
6.169537076725246152e+02 7.388281183026147119e+02
6.177253126347563921e+02 7.387705907718844855e+02
6.179244386873920121e+02 7.387202072538859738e+02
6.183354564755838965e+02 7.390046709129511555e+02
6.189596354166666288e+02 7.385972222222221717e+02
6.180625543006082125e+02 7.387558644656820661e+02
6.172500000000000000e+02 7.388913043478261216e+02
6.174597503228583264e+02 7.390972879896685299e+02
6.182295010845987235e+02 7.386941431670281872e+02
6.181797076526224828e+02 7.387222699914015038e+02
6.182369217466493865e+02 7.389550367488110396e+02
6.186804431188751323e+02 7.391414571793778805e+02
6.188178708849935674e+02 7.392317229585293035e+02
6.186233376233376475e+02 7.396623766623766869e+02
6.189970263381478617e+02 7.400297366185216106e+02
6.198459574468084838e+02 7.401395744680851294e+02
6.200915401301518841e+02 7.396164859002169578e+02
6.202347336509311617e+02 7.399229103508012031e+02
6.205237687366167165e+02 7.399777301927194912e+02
6.210762675756284352e+02 7.396868342564976047e+02
6.208098081023454142e+02 7.397948827292110536e+02
6.204770877944325775e+02 7.396445396145610403e+02
6.206422136422136191e+02 7.394521664521664661e+02
6.204910562180579063e+02 7.396456558773423922e+02
6.206057486057486585e+02 7.395371085371085655e+02
6.202695763799742963e+02 7.392267864783910909e+02
6.204057167235495172e+02 7.393715870307166824e+02
6.207782958880882234e+02 7.396244171259007771e+02
6.196348267117498381e+02 7.398605240912933141e+02
6.194150620453573310e+02 7.402477535301668468e+02
6.191089689857502663e+02 7.404513830678960176e+02
6.188790931989924502e+02 7.406351805205709979e+02
6.186182048040454902e+02 7.404858828487147093e+02
6.182873369793858274e+02 7.405696255784602045e+02
6.178806032677000530e+02 7.404277335567658156e+02
6.180250312891114390e+02 7.403984146850229990e+02
6.183783896537338478e+02 7.406120150187734907e+02
6.187595628415300553e+02 7.408444724674233157e+02
6.192917920068757667e+02 7.402453803180060277e+02
6.201405451448040367e+02 7.411814310051107668e+02
6.201772260273972961e+02 7.409978595890411270e+02
6.193252804141501429e+02 7.410547886108714692e+02
6.191324840764331157e+02 7.410148619957536766e+02
6.193187606112054482e+02 7.411778438030560210e+02
6.188680351906158421e+02 7.407754503560954618e+02
6.183493821900298144e+02 7.406199403493822047e+02
6.178022481265611532e+02 7.409862614487926749e+02
6.176538461538461888e+02 7.404966555183946184e+02
6.176064408197406692e+02 7.405048097030530698e+02
6.174094719195305743e+02 7.402908633696563356e+02
6.178593155893536277e+02 7.402577101816646064e+02
6.180344112769486173e+02 7.402744610281923769e+02
6.181283222591362119e+02 7.403754152823920549e+02
6.179263157894737333e+02 7.402193684210526499e+02
6.179544688026981021e+02 7.402116357504215785e+02
6.179843353090601568e+02 7.406583403895003812e+02
6.178914065840102694e+02 7.403929029499786338e+02
6.177814512666379869e+02 7.401112065264061357e+02
6.175725190839694960e+02 7.401700593723494421e+02
6.167644089188052021e+02 7.399267984854859606e+02
6.160976120653540420e+02 7.400624214495181832e+02
6.152243616575973419e+02 7.399233989116785324e+02
6.149809444904722113e+02 7.401052195526098103e+02
6.148922883487007311e+02 7.399677284157586428e+02
6.149427609427609696e+02 7.401334175084175513e+02
6.156188077246011972e+02 7.399622166246850838e+02
6.160640101738024441e+02 7.398117846545146676e+02
6.157208142916493898e+02 7.400573327793933913e+02
6.157646813827572032e+02 7.399566847147021917e+02
6.161177934467026489e+02 7.400493571132310535e+02
6.162437707641196312e+02 7.399991694352158902e+02
6.162945833333333212e+02 7.400008333333333894e+02
6.168824023519529192e+02 7.399000419991600666e+02
6.175827731092437034e+02 7.396394957983193308e+02
6.182422072451558961e+02 7.393698399326032131e+02
6.185876857749469764e+02 7.393757961783439896e+02
6.187078891257996247e+02 7.390669509594882811e+02
6.191473233404710754e+02 7.389010706638115380e+02
6.193461206896552085e+02 7.388547413793103260e+02
6.192637693631669435e+02 7.391695352839931275e+02
6.189668674698795030e+02 7.392530120481927725e+02
6.179781491002570419e+02 7.395805484147387006e+02
6.176100818612667354e+02 7.395338216286083934e+02
6.171607675906183204e+02 7.397002132196162165e+02
6.163148614609572178e+02 7.399084802686817284e+02
6.159401453612655359e+02 7.395562206070970888e+02
6.160719729043183861e+02 7.394394580863674946e+02
6.169305673158340824e+02 7.390698560541914048e+02
6.167594239728928187e+02 7.392024565861922838e+02
6.163951137320976841e+02 7.393989048020218888e+02
6.170693912303107709e+02 7.391008939974457235e+02
6.179483126868859699e+02 7.390008543357539565e+02
6.180978540772532597e+02 7.388540772532188612e+02
6.181892826274848858e+02 7.387713915298185157e+02
6.190078158923143974e+02 7.385714285714285552e+02
6.187730802415875360e+02 7.388149266609145798e+02
6.172778494623655661e+02 7.391101075268817340e+02
6.170090400344382715e+02 7.390619888075764266e+02
