6.067392405063291108e+02 7.398620253164557425e+02
6.062361872627583352e+02 7.401239983129481743e+02
6.052414529914530021e+02 7.403209401709401618e+02
6.048403716216216708e+02 7.404535472972972912e+02
6.055268125268124777e+02 7.401754611754611233e+02
6.071618887015176824e+02 7.403279932546374766e+02
6.093846483704974162e+02 7.402958833619211418e+02
6.111002538071065828e+02 7.401061759729271898e+02
6.126479830148620067e+02 7.397753715498938618e+02
6.142840812870448417e+02 7.400313293818798002e+02
6.155934819897083798e+02 7.394292452830188722e+02
6.166588385994875807e+02 7.395760034158838607e+02
6.182447038478167087e+02 7.397682663207955329e+02
6.191927288655277835e+02 7.392930354796320671e+02
6.203881520778072627e+02 7.384522546419098035e+02
6.222732837778748944e+02 7.394254481853956804e+02
6.244751332149201062e+02 7.389467140319716236e+02
6.263096359743041148e+02 7.401961456102783359e+02
6.274149517009659576e+02 7.405493490130197642e+02
6.276049852133502327e+02 7.404372623574143972e+02
6.273010752688171578e+02 7.401015053763441074e+02
6.270822212656048578e+02 7.407046922083512754e+02
6.273115036622145908e+02 7.408513571736320955e+02
6.271822849807444982e+02 7.408874625588360914e+02
6.270751072961373893e+02 7.410721030042918755e+02
6.264268605645851267e+02 7.411030795551753272e+02
6.258318122555410810e+02 7.406201651455888850e+02
6.249418103448275588e+02 7.408400862068965580e+02
6.244027598102630918e+02 7.408581285036653981e+02
6.228476312419974192e+02 7.412590695689286804e+02
6.209460950764006384e+02 7.409932088285229383e+02
6.189510098839707553e+02 7.406974645466265201e+02
6.174754168448055225e+02 7.407537409149208543e+02
6.168384054864981181e+02 7.405349335619374642e+02
6.171034334763947982e+02 7.403326180257511169e+02
6.165801559792028002e+02 7.402357019064124870e+02
6.147080851063830096e+02 7.400757446808510167e+02
6.132455012853470180e+02 7.401662382176521078e+02
6.116886912325286403e+02 7.404023718763236275e+02
6.105431837425910544e+02 7.403285351397121303e+02
6.095710108604845345e+02 7.405543024227234810e+02
6.088239999999999554e+02 7.410042105263157737e+02
6.080448202959830724e+02 7.405983086680761289e+02
6.080682782018659509e+02 7.408392705682781525e+02
6.085816716164615627e+02 7.407645311837080726e+02
6.085358952702703164e+02 7.411127533783783292e+02
6.082582978723404494e+02 7.409961702127659464e+02
6.070460887949260496e+02 7.411196617336152030e+02
6.058464483198638391e+02 7.406039982985963661e+02
6.060855932203389784e+02 7.405847457627119184e+02
6.073814303638645242e+02 7.406294437473860626e+02
6.099208847299021272e+02 7.403777116120800201e+02
6.120188996220075524e+02 7.406043679126416919e+02
6.153452782462056803e+02 7.399860876897133721e+02
