6.127469458987783355e+02 7.402495636998254440e+02
6.152444444444444116e+02 7.404087145969498351e+02
6.173843120070114310e+02 7.403457493426818701e+02
6.197521968365554130e+02 7.403629173989455694e+02
6.224384236453201993e+02 7.392597402597402834e+02
6.249811733800349884e+02 7.393909807355516932e+02
6.265347191508182050e+02 7.389066784608580747e+02
6.272916482545293775e+02 7.390786566504640405e+02
6.286399286987522146e+02 7.385579322638145641e+02
6.302218278615794134e+02 7.388052351375332591e+02
6.303764019739793412e+02 7.393230148048452293e+02
6.284007123775601258e+02 7.399875333926980829e+02
6.267890556045896346e+02 7.405114739629302676e+02
6.241842794759825210e+02 7.406384279475983021e+02
6.212108963093145348e+02 7.409775922671353783e+02
6.192420494699646270e+02 7.406250000000000000e+02
6.163409590849098549e+02 7.404905411350638360e+02
6.119705105633802305e+02 7.406245598591549424e+02
6.089593531468531182e+02 7.406717657342657049e+02
6.079287885366912860e+02 7.408367346938775881e+02
6.078066371681416058e+02 7.404818584070796987e+02
6.065712429623213211e+02 7.407851883932438568e+02
6.070204170286707495e+02 7.407115551694179203e+02
6.081874192158552432e+02 7.404730719517449415e+02
6.099028745644599212e+02 7.396624564459930298e+02
6.120165361183637742e+02 7.397236727589207703e+02
6.142716586852416185e+02 7.391776229865041614e+02
6.165911867364746968e+02 7.393887434554974334e+02
6.186369982547993231e+02 7.391426701570680962e+02
6.249544658493870202e+02 7.389483362521891650e+02
