6.182132001736864595e+02 7.403304385584020793e+02
6.172541268462206290e+02 7.399456993918331591e+02
6.169182172219818767e+02 7.396992643877109685e+02
6.166509152830991525e+02 7.398416347381864853e+02
6.175422446406053041e+02 7.400563261874737009e+02
6.181434653043847902e+02 7.397360578969773997e+02
6.181357234314980360e+02 7.397959880495092193e+02
6.182973088423750596e+02 7.399671080734729003e+02
6.179415279556125142e+02 7.396039265898421036e+02
6.161159860990443349e+02 7.392580364900086352e+02
6.142046936114733171e+02 7.393407214254672226e+02
6.124538428510089716e+02 7.395568913696865820e+02
6.115735976381273531e+02 7.400194010965836924e+02
6.111099958176495193e+02 7.402233375156838520e+02
6.116669470142977616e+02 7.404339781328848176e+02
6.132364096080909803e+02 7.402890855457227417e+02
6.150531825795644636e+02 7.403119765494137710e+02
6.157394067796610670e+02 7.399457627118644041e+02
6.152614020270269748e+02 7.403209459459459367e+02
6.141650983746792463e+02 7.399970059880239432e+02
6.126532877882151524e+02 7.398270708795901101e+02
6.106975178796802766e+02 7.398981909970551669e+02
6.098084033613445172e+02 7.399701680672268367e+02
6.102195224130707629e+02 7.398583996648512766e+02
6.116153202176642480e+02 7.398740058601925966e+02
6.136982615894039554e+02 7.401461092715231871e+02
6.151956797966963677e+02 7.397081745023294843e+02
6.167577297755188965e+02 7.400914866581956630e+02
6.177135021097046774e+02 7.402894514767932606e+02
6.173380402225075159e+02 7.398596491228070136e+02
6.163129340277778283e+02 7.397795138888889142e+02
6.160559796437659088e+02 7.400033927056828134e+02
6.163176771989752751e+02 7.398159692570452535e+02
6.164279714405712411e+02 7.401318773624527694e+02
6.170532821824382381e+02 7.399202898550724967e+02
6.186446351931330128e+02 7.395733905579398879e+02
6.188711604095562961e+02 7.399172354948805150e+02
6.188122822299651489e+02 7.395736062717769528e+02
6.193375656742556430e+02 7.391182136602451465e+02
6.195908115070845952e+02 7.395096607986259869e+02
6.196940619621342421e+02 7.394535283993114945e+02
6.206455114822547330e+02 7.399649269311064472e+02
6.219373159444678549e+02 7.399928481278923300e+02
6.226948297604035361e+02 7.403968053804119336e+02
6.234849639983058296e+02 7.404527742481999439e+02
6.231231569817866784e+02 7.398907198612315597e+02
6.224102676612549203e+02 7.397441860465115724e+02
6.219744699264388146e+02 7.402263089571614501e+02
6.218798466126970652e+02 7.402074989348103600e+02
6.215410256410256125e+02 7.401367521367521931e+02
6.208154560810810381e+02 7.401976351351351013e+02
6.217072964993673168e+02 7.401100801349641642e+02
6.227683946488294850e+02 7.402077759197323985e+02
6.231971174226366657e+02 7.398321322594320009e+02
6.231119625372498376e+02 7.397616006811408624e+02
6.233610634648370024e+02 7.395656089193824982e+02
6.228629310344828127e+02 7.394228448275862320e+02
6.217649317406143155e+02 7.397184300341297103e+02
6.205700171821305275e+02 7.399682130584192237e+02
6.199418505942275033e+02 7.404401528013581810e+02
6.189773964001674358e+02 7.412754290498116916e+02
6.185496632996632798e+02 7.410353535353535790e+02
6.185248165731549079e+02 7.406210617177384847e+02
6.189382504288164455e+02 7.406020583190394291e+02
6.184311169056932158e+02 7.404545849630595740e+02
6.179597021462986959e+02 7.403495400788435745e+02
6.170490153172866030e+02 7.397067833698030199e+02
6.168195962994112733e+02 7.402985702270815409e+02
6.168943810730883115e+02 7.400747782002534905e+02
6.172813028764805949e+02 7.398773265651437896e+02
6.175518254301300658e+02 7.402853545950482612e+02
6.176112999150382166e+02 7.399256584536958599e+02
6.175671325709445227e+02 7.398665819567979725e+02
6.159527085124677797e+02 7.395791057609629888e+02
6.135845284658844321e+02 7.397505432420687157e+02
6.104989320803075543e+02 7.403878684322938852e+02
