6.158200723327305468e+02 7.372441229656419637e+02
6.151735865724381256e+02 7.380123674911660601e+02
6.139725785050862896e+02 7.382742149491375585e+02
6.131711944803794268e+02 7.394243208279431201e+02
6.118413316039775509e+02 7.397955036748811608e+02
6.116237580993520169e+02 7.401710583153347898e+02
6.115867768595040843e+02 7.403466724662896468e+02
6.117098175499565968e+02 7.404391833188532246e+02
6.119832330180566942e+02 7.408976784178847765e+02
6.124236474694589560e+02 7.407862129144851906e+02
6.132465034965034647e+02 7.405616258741258662e+02
6.145581092801387513e+02 7.408673026886383468e+02
6.152520715220235843e+02 7.404762320104666742e+02
6.163904259991217032e+02 7.401251646903821211e+02
6.181266318537858524e+02 7.404286335944299253e+02
6.195090348171000869e+02 7.400339356544733391e+02
6.211882863340564427e+02 7.401635574837309832e+02
6.224896794027229134e+02 7.397751427316644595e+02
6.236517347386912888e+02 7.395845410628019181e+02
6.244388674388674190e+02 7.395062205062205294e+02
6.242543782837127537e+02 7.388183012259194129e+02
6.230273127753304152e+02 7.381916299559471781e+02
6.216455306032585213e+02 7.375785997357992301e+02
6.202014991181657706e+02 7.373725749559082487e+02
6.181600711427300894e+02 7.367514450867051892e+02
6.171942633637548852e+02 7.376657974793567973e+02
6.155625270445694923e+02 7.375491129381219935e+02
6.142518681318681502e+02 7.380479120879120956e+02
6.136940659340659749e+02 7.384830769230769647e+02
6.125523356401383808e+02 7.391085640138408053e+02
6.112739665787158856e+02 7.399995602462621491e+02
