6.157627264883519729e+02 7.394792924935288738e+02
6.164190800681431028e+02 7.398326235093696823e+02
6.180008561643835492e+02 7.393463184931506476e+02
6.191349376880102682e+02 7.391306403094112056e+02
6.187510674637062493e+02 7.391938514090520584e+02
6.179506437768239948e+02 7.394077253218883925e+02
6.172661220980223789e+02 7.395666380051591204e+02
6.170959201388889142e+02 7.393085937500000000e+02
6.183557363013699160e+02 7.393172089041096342e+02
6.195631487889273785e+02 7.392824394463667659e+02
6.199913307325531378e+02 7.390173385348938382e+02
6.196774054982818143e+02 7.390846219931271435e+02
6.183086844368013999e+02 7.391797076526224828e+02
6.174720309810671779e+02 7.394440619621342421e+02
6.175172265288543940e+02 7.395366063738156299e+02
6.188409482758620470e+02 7.393107758620690220e+02
6.195963382737576239e+02 7.391312118570183429e+02
6.205467594606350303e+02 7.391705089169204257e+02
6.199521162890124515e+02 7.393740914920906562e+02
6.186957076073098278e+02 7.397241818954526025e+02
6.176943363597059715e+02 7.392896670990056691e+02
6.179056603773584584e+02 7.391989708404802286e+02
6.187440860215053817e+02 7.390150537634408465e+02
6.203254002596278269e+02 7.390077888360017369e+02
6.204353653264158766e+02 7.390440985732814170e+02
