6.098396501457725662e+02 7.391865889212828051e+02
6.072501045587620183e+02 7.389548306148054735e+02
6.052031839128612773e+02 7.388479262672810819e+02
6.034084332368747710e+02 7.389363373294750090e+02
6.026411764705882206e+02 7.385831932773108974e+02
6.017459324155194054e+02 7.386015853149770010e+02
6.015606816292602161e+02 7.385561097256858147e+02
6.016954697986577685e+02 7.385864093959731917e+02
6.025858843537414486e+02 7.389757653061224119e+02
6.038229604709840714e+02 7.391391925988225466e+02
6.049256614867703092e+02 7.396178076438470725e+02
6.059936359779380837e+02 7.391909206618582857e+02
6.065559307724778364e+02 7.390742929506120618e+02
6.069140821458507844e+02 7.394350377200335060e+02
6.066578947368420813e+02 7.397326649958229154e+02
6.064768595041322214e+02 7.402004132231404583e+02
6.068067896060351814e+02 7.401697401508801022e+02
6.079380269814502071e+02 7.401766441821247327e+02
6.098969417679095386e+02 7.406317553414327222e+02
6.121465338314653764e+02 7.409867164798671411e+02
6.142917870408584804e+02 7.414560462236896683e+02
6.160325950689510819e+02 7.415992478061011752e+02
6.176424936386767968e+02 7.417048346055979664e+02
6.183113848768053913e+02 7.416163976210705187e+02
6.184932829554995806e+02 7.416553316540722562e+02
6.187677886663826712e+02 7.412322113336173288e+02
6.187395566922421040e+02 7.414872122762147910e+02
6.187207130730050721e+02 7.415887096774193878e+02
6.184695540308747468e+02 7.411848198970840258e+02
6.181309523809524080e+02 7.410837585034013273e+02
6.179562231759656470e+02 7.404605150214591731e+02
6.177704147071398211e+02 7.399828986746472310e+02
6.182084745762712146e+02 7.400457627118644268e+02
6.195095460330928745e+02 7.398116249469665036e+02
6.202789342214821318e+02 7.398580349708576023e+02
6.209622324800670867e+02 7.396739404112463490e+02
6.214574999999999818e+02 7.398241666666666561e+02
6.209892026578072546e+02 7.399107142857143344e+02
6.203429648241205996e+02 7.396084589614740707e+02
6.188045588856057293e+02 7.393094132545377306e+02
6.170929743374000509e+02 7.393672696676483156e+02
6.152547130289066217e+02 7.392689568496019774e+02
6.136507936507936165e+02 7.382741312741312640e+02
6.129780077619664098e+02 7.382121604139715600e+02
6.119019940602461247e+02 7.385876113703860710e+02
6.115143101238786585e+02 7.385040580948312936e+02
6.118363790905227688e+02 7.389247768805779515e+02
6.120940975192472706e+02 7.392262617621898926e+02
6.131461440136343981e+02 7.396659565402641192e+02
6.137641791044776483e+02 7.395023454157782226e+02
6.148616298811544993e+02 7.396808149405771928e+02
6.156912951167728352e+02 7.399953290870488445e+02
6.160123561994034844e+02 7.403476778866638597e+02
6.160436083796494131e+02 7.407148353997434924e+02
6.161067344345616448e+02 7.406421008047437908e+02
6.167568826768318786e+02 7.409466327827192345e+02
6.179779350541215308e+02 7.414625312239800223e+02
6.194766239139429445e+02 7.414778651220520942e+02
6.215076541166735069e+02 7.417318990484071719e+02
6.241630252100840153e+02 7.414978991596639162e+02
6.263531169940222298e+02 7.413637916310844957e+02
6.288524864187212415e+02 7.418646050982031284e+02
6.302044877222692776e+02 7.419089754445385552e+02
6.315614561027837226e+02 7.419400428265524852e+02
6.327602591792656312e+02 7.417399568034556978e+02
6.334437819420783171e+02 7.422896081771721128e+02
6.336155789473684763e+02 7.423469473684210698e+02
6.336364022061943615e+02 7.419910903691132944e+02
6.328847299021692834e+02 7.418017864738409344e+02
6.317680170575692955e+02 7.414750533049040087e+02
6.311072340425531593e+02 7.413442553191489424e+02
6.305958351041224432e+02 7.409124521886952834e+02
6.304463609591922477e+02 7.410685738325620378e+02
6.307931472081218089e+02 7.405342639593908416e+02
6.312487458193979819e+02 7.402646321070234308e+02
6.318104407359862762e+02 7.398074454428755189e+02
6.309551227773073379e+02 7.398365791701947956e+02
6.296491969568892273e+02 7.393846153846153584e+02
6.274664115646259006e+02 7.390535714285714448e+02
6.252334183673469852e+02 7.385705782312925294e+02
6.237647058823529278e+02 7.379688832054561090e+02
6.219835569017741363e+02 7.372479446127217670e+02
6.198529037727851119e+02 7.377626112759644457e+02
6.188555696738669667e+02 7.376349004659042521e+02
6.177504222972972912e+02 7.379163851351351013e+02
6.173125526537489804e+02 7.379629317607414123e+02
6.169374201787994707e+02 7.381468710089400247e+02
6.176433067561896451e+02 7.392517834662190808e+02
6.186540383014155395e+02 7.396132389675270815e+02
6.194272689598010402e+02 7.396523000414422313e+02
6.198255959849435612e+02 7.398059389376829813e+02
6.199208967851100169e+02 7.399192047377326844e+02
6.198303418803418481e+02 7.398696581196580837e+02
6.192525125628141041e+02 7.402671691792294268e+02
6.189024491490245055e+02 7.401012868410128931e+02
6.189141285956006868e+02 7.399568527918781911e+02
6.192761000862813034e+02 7.395927523727351627e+02
6.205550755939524379e+02 7.396224622030237015e+02
6.227108225108224815e+02 7.395705627705627876e+02
6.250323554788610636e+02 7.397661777394305318e+02
6.275758635767381293e+02 7.402579798863139331e+02
6.291691304347825735e+02 7.404247826086956366e+02
6.299402664374731557e+02 7.407331327889986596e+02
6.313570515551767812e+02 7.407873881550916622e+02
6.318082191780821404e+02 7.408030821917808453e+02
6.325290598290598609e+02 7.409081196581196309e+02
6.325458458889366966e+02 7.408161859664227222e+02
6.322284754304913577e+02 7.412053758924821523e+02
6.317333333333333485e+02 7.409507430997877009e+02
6.303666950596251581e+02 7.407210391822827660e+02
6.302479932403887233e+02 7.408808618504435799e+02
6.300897976391230486e+02 7.409928330522765236e+02
6.301145038167938992e+02 7.405852417302799040e+02
6.302374893977947750e+02 7.402264631043257168e+02
6.301079931972789154e+02 7.400195578231292757e+02
6.294403747870528605e+02 7.396452299829642243e+02
6.285884861407249673e+02 7.393846481876332746e+02
6.264192990047598641e+02 7.389190826482042667e+02
6.214835399743479911e+02 7.381919623770842236e+02
6.194116388532306701e+02 7.378215661103979528e+02
6.176506734006734405e+02 7.374991582491581994e+02
6.162812369410781912e+02 7.376464688675303023e+02
6.147266187050360031e+02 7.374684722809987534e+02
6.129024183283835328e+02 7.373020789138735154e+02
6.121006263048017217e+02 7.377970772442588441e+02
6.116393786733837032e+02 7.380600335852225271e+02
6.125973695375477064e+02 7.379596945269410071e+02
6.137966751918158934e+02 7.385954816709291890e+02
6.144281462585033751e+02 7.387946428571428896e+02
6.146430369127516542e+02 7.393905201342281543e+02
6.146789760805706919e+02 7.394276122534620299e+02
6.144790268456375770e+02 7.397160234899329225e+02
6.132991959373676991e+02 7.400165044435040045e+02
6.127551546391752026e+02 7.401181271477663586e+02
6.129277518062048102e+02 7.407275818104546943e+02
6.139751179751179961e+02 7.408335478335478683e+02
6.153067510548522705e+02 7.414029535864979152e+02
6.166709237973606150e+02 7.412460621541081309e+02
6.185362441712589998e+02 7.412891055532005566e+02
6.201487222454964012e+02 7.420775031420192818e+02
6.217179054054054177e+02 7.422445101351351013e+02
6.230946291560102281e+02 7.423516624040920533e+02
6.235836493889590884e+02 7.422726506531815858e+02
6.236112274821952042e+02 7.423238374528697250e+02
6.230741206030151034e+02 7.421432160804019986e+02
6.220129490392648677e+02 7.416436925647451517e+02
6.208236040609136808e+02 7.413946700507614196e+02
6.187959098497495916e+02 7.414586811352253335e+02
6.174997876857748906e+02 7.411324840764331157e+02
6.162409129332206703e+02 7.411593406593406144e+02
6.155598471986418190e+02 7.408488964346349803e+02
6.154027303754265859e+02 7.407849829351536073e+02
6.152660706683694798e+02 7.405725840783312606e+02
6.152441811256876463e+02 7.402035548032162069e+02
6.149982964224872148e+02 7.401511925042589155e+02
6.140737774030353648e+02 7.403014333895447407e+02
6.120404427415921873e+02 7.398058748403575464e+02
6.098499792789059484e+02 7.398503937007874356e+02
6.082619146290924164e+02 7.400107749689183265e+02
6.065473508552356634e+02 7.391777221526908761e+02
6.053167701863353614e+02 7.396699792960662307e+02
6.044653095139177594e+02 7.393984212712920225e+02
6.034840579710145221e+02 7.391002070393374197e+02
6.026743023740108356e+02 7.390758017492711360e+02
6.023093853820597587e+02 7.392441860465115724e+02
6.021402413649605023e+02 7.391435705368289746e+02
6.024843617920540737e+02 7.387933220625528747e+02
6.027205020920501966e+02 7.393104602510460381e+02
6.028385197645079643e+02 7.390866274179983293e+02
6.027346767422334324e+02 7.392199832073887364e+02
6.022924767540151834e+02 7.393300929839391529e+02
6.014456659619449965e+02 7.393238900634249831e+02
6.006529166666666697e+02 7.399845833333333758e+02
6.007541736227044566e+02 7.405888981636060180e+02
6.011622625928984007e+02 7.410499587118084719e+02
6.025850796311818840e+02 7.412263202011735075e+02
6.043797415589829143e+02 7.414651938307628143e+02
6.073362499999999500e+02 7.419433333333333849e+02
6.096832917705735326e+02 7.423453865336658737e+02
6.116619601328903855e+02 7.426503322259136439e+02
6.141340292275574484e+02 7.428371607515657615e+02
6.163645833333333712e+02 7.428345833333332848e+02
6.184024441635060612e+02 7.428605141171512969e+02
6.195939470365699435e+02 7.427612442202606644e+02
6.196615062761505897e+02 7.427221757322175790e+02
6.196227922624053690e+02 7.423822539949537713e+02
6.190587500000000318e+02 7.419387500000000273e+02
6.184088983050847901e+02 7.411906779661017026e+02
6.178946481247365909e+02 7.411441213653603199e+02
6.175031605562578534e+02 7.408887484197218782e+02
6.175530749789385254e+02 7.408285593934288045e+02
6.178884711779448935e+02 7.404385964912280542e+02
6.181991507430998354e+02 7.404942675159235250e+02
6.178887489504618316e+02 7.404760705289672842e+02
6.170872287145242581e+02 7.403380634390650812e+02
6.155213074058750635e+02 7.400119983450558721e+02
6.134231727574750721e+02 7.399509966777408181e+02
6.112950062945866421e+02 7.396751993285773779e+02
6.083150851581508505e+02 7.399148418491483881e+02
6.060070656691603972e+02 7.390689941812136112e+02
6.046517269736841627e+02 7.392923519736841627e+02
6.033497701629753465e+02 7.390275804429586515e+02
6.025658947368420968e+02 7.385077894736841699e+02
6.024318852804723292e+02 7.387427245887811296e+02
6.024918580375782540e+02 7.385244258872651244e+02
6.035221052631578686e+02 7.381242105263157782e+02
6.045620316402997787e+02 7.383542880932556045e+02
6.062127749576987981e+02 7.385879864636209504e+02
6.073149241146711574e+02 7.386155143338954758e+02
6.081943979933109858e+02 7.390756688963210763e+02
6.084756148395164246e+02 7.392842851187995166e+02
6.083817651956702548e+02 7.395707743547044402e+02
6.082911073825503081e+02 7.396296140939597308e+02
6.086119465329991272e+02 7.401248955722639948e+02
6.094987373737374128e+02 7.401561447811448033e+02
6.110075662042875138e+02 7.401630937368641980e+02
6.130290893760540030e+02 7.410956998313658914e+02
6.148631935620500144e+02 7.410982634476916928e+02
6.161168126825198215e+02 7.416086775135586322e+02
6.177475645912749087e+02 7.414459974587039142e+02
6.190008478168715556e+02 7.416328952946163326e+02
6.199317507418397781e+02 7.418414582450191119e+02
6.210230179028133080e+02 7.417890025575447908e+02
6.212507424692405493e+02 7.418625371234620616e+02
6.213850427350427026e+02 7.417196581196581064e+02
6.211839999999999691e+02 7.418938947368420713e+02
6.206295512277730495e+02 7.415723962743437596e+02
6.206292372881356414e+02 7.410974576271186152e+02
6.211075223119421480e+02 7.408699532511686812e+02
6.222412778478352493e+02 7.408835645229088414e+02
6.235455690886182083e+02 7.408899622007560311e+02
6.246001662510390133e+02 7.402460515378221544e+02
6.250854736842105694e+02 7.400416842105263413e+02
6.251044527673741413e+02 7.400886392009987276e+02
6.246705490848585214e+02 7.398589850249584288e+02
6.224087318087317726e+02 7.392178794178794305e+02
