6.048091286307053451e+02 7.400726141078838509e+02
6.043988220445939987e+02 7.399974758098443317e+02
6.038100628930817493e+02 7.402419287211739629e+02
6.046075896580483686e+02 7.405834028356964609e+02
6.060972746331236749e+02 7.409299790356394624e+02
6.088552301255230077e+02 7.414907949790795101e+02
6.117253433208489923e+02 7.413940907199333878e+02
6.125975863503953178e+02 7.415114440282980013e+02
6.133662271373883641e+02 7.409995746490855026e+02
6.136087704213241523e+02 7.405408426483232915e+02
6.155028396679772413e+02 7.397592835299257104e+02
6.174857142857142662e+02 7.395164835164835040e+02
6.189902697921273784e+02 7.391238390092879627e+02
6.205868895732512556e+02 7.392564892212934637e+02
6.230811507084586083e+02 7.395689136968655930e+02
6.260485395189003839e+02 7.393681271477663586e+02
6.284972234087996412e+02 7.393451516445962852e+02
6.300644481887110260e+02 7.399734625105307941e+02
6.297673246535068756e+02 7.396816463670726307e+02
6.288305661983822574e+02 7.395781183482332608e+02
6.282555938037866099e+02 7.399552495697073482e+02
6.284814814814815236e+02 7.399991485738612482e+02
6.288514508445214233e+02 7.401299263750540831e+02
6.286075339465614888e+02 7.406390713972842832e+02
6.269412538360368217e+02 7.408417360806663510e+02
6.247416958041958424e+02 7.405410839160839487e+02
6.221485738612175282e+02 7.416317581949765554e+02
6.217931034482758150e+02 7.414865900383141479e+02
6.202808941374947835e+02 7.415335301560522794e+02
6.182373524451938920e+02 7.415096964586846298e+02
6.167408975444539010e+02 7.412506350550380603e+02
6.152051612903226214e+02 7.409329032258063990e+02
6.145012864493996858e+02 7.408198970840480797e+02
6.131927083333333712e+02 7.401167534722221717e+02
6.111460290350128162e+02 7.400550811272416922e+02
6.087551546391752026e+02 7.398350515463916963e+02
6.076588186699710832e+02 7.401119372160264902e+02
6.075049545829892850e+02 7.401147811725846850e+02
6.079858803986710427e+02 7.399231727574750721e+02
6.083292028087566905e+02 7.400086741016109499e+02
6.080917244190786732e+02 7.402816958825927713e+02
6.071196192052980223e+02 7.402247516556291203e+02
6.063416770963705176e+02 7.401881518564872522e+02
6.054288747346072341e+02 7.403231422505307364e+02
6.050576256499133478e+02 7.402642980935875130e+02
6.048817204301075208e+02 7.406262365591397838e+02
6.049146859083191430e+02 7.408073005093378924e+02
6.059285410463631933e+02 7.411029349213100659e+02
6.073697694278394010e+02 7.411152860802732221e+02
6.096531474440220109e+02 7.414334600760456624e+02
6.116350085178875133e+02 7.409957410562180939e+02
6.123457106274007629e+02 7.408275714895432884e+02
6.131536131544785349e+02 7.404556469061012649e+02
