5.859592449592449839e+02 7.140463320463320542e+02
5.787060240963855904e+02 7.123020080321284695e+02
5.714728744939271792e+02 7.125566801619432908e+02
5.668725366876310545e+02 7.138893081761005988e+02
5.657548845470693095e+02 7.165599467140319803e+02
5.677175324675324646e+02 7.214350649350649292e+02
5.733721042471042892e+02 7.285468146718146727e+02
5.809852242744062778e+02 7.329667546174142672e+02
5.928757428417071651e+02 7.404451647757969113e+02
6.072259725400457455e+02 7.481824942791762396e+02
6.200973397823457844e+02 7.534377267230955795e+02
6.323420895522388037e+02 7.591128358208954978e+02
6.437594641817122465e+02 7.655107746068724737e+02
6.503593394077448693e+02 7.680444191343963212e+02
6.617301356589147190e+02 7.701143410852713487e+02
6.625779981965735033e+02 7.685293056807935272e+02
6.595566371681416058e+02 7.623261061946902828e+02
6.507325375773651785e+02 7.547294429708223333e+02
6.414159216687952494e+02 7.485649212430821535e+02
6.304635284139101259e+02 7.398184902459711338e+02
6.188549395581492263e+02 7.317824093372238394e+02
6.091004547333609480e+02 7.249127738735014645e+02
5.979688373951258882e+02 7.189001198561726369e+02
5.882145168747110802e+02 7.144521497919556623e+02
5.806528225806451928e+02 7.119463709677419274e+02
5.734473153007670589e+02 7.119467097295115536e+02
5.676326276463262275e+02 7.127733499377335420e+02
5.666734065934066393e+02 7.152584615384615745e+02
5.735368773946360079e+02 7.262500000000000000e+02
