6.189969472307021761e+02 7.390889664195377691e+02
6.201696545693047256e+02 7.391233056405772004e+02
6.198160520607375474e+02 7.391787418655097781e+02
6.174524331433581210e+02 7.392871547566857089e+02
6.156474164133738896e+02 7.395336517585757292e+02
6.154580617122990134e+02 7.393976531942633983e+02
6.171415584415584590e+02 7.393424242424242721e+02
6.187502160760587913e+02 7.390172860847018228e+02
6.188659120592076306e+02 7.387979973878972260e+02
6.175844827586206520e+02 7.388577586206896513e+02
6.165291613452533284e+02 7.391013197105150994e+02
6.158536792854104078e+02 7.391467460655040895e+02
6.174905902480752502e+02 7.392224123182206768e+02
6.183827527612573931e+02 7.395488530161427434e+02
6.173625954198473664e+02 7.398112807463952549e+02
6.159591397849462737e+02 7.392339784946236705e+02
6.145066609368285526e+02 7.391327889987107937e+02
6.141663807890223552e+02 7.391620926243567737e+02
6.141614447345517647e+02 7.382476066144473634e+02
6.148996947230701835e+02 7.383916266899258289e+02
6.168174740484429321e+02 7.381241349480968665e+02
6.172439446366781794e+02 7.384679930795847440e+02
6.162574561403508824e+02 7.380421052631578505e+02
6.147192676547515475e+02 7.390196163905841331e+02
