6.223764210526315992e+02 7.443360000000000127e+02
6.234861407249467220e+02 7.437820895522388582e+02
6.235068085106382796e+02 7.434093617021276259e+02
6.236597369537547593e+02 7.434620280016970355e+02
6.240215553677091975e+02 7.428427726120033867e+02
6.246544303797468274e+02 7.422616033755274429e+02
6.251915611814346221e+02 7.417257383966244788e+02
6.247860151642796609e+02 7.410998315080033763e+02
6.240298194036118957e+02 7.409143217135657551e+02
6.225567612687813153e+02 7.404340567612688346e+02
6.217016949152542793e+02 7.394627118644067423e+02
6.209225834046193313e+02 7.392151411462788246e+02
6.204547423126895183e+02 7.383858813339107883e+02
6.197238135955536791e+02 7.383219324497648586e+02
6.198528285835814131e+02 7.380484900042534946e+02
6.200229837024655808e+02 7.381984956122022368e+02
6.198288135593220431e+02 7.377258474576270828e+02
6.194703891708967376e+02 7.374906937394247279e+02
6.190462452269835012e+02 7.373122613491726725e+02
6.192134353741496398e+02 7.376143707482992795e+02
6.190989384288747033e+02 7.374309978768577594e+02
6.192066920796272598e+02 7.380542143159677835e+02
6.187606911447084030e+02 7.378946004319653866e+02
6.172022327179047352e+02 7.385324173465006652e+02
6.158956633748389322e+02 7.388870759982825120e+02
6.156877964639930951e+02 7.393389391979301308e+02
6.157044463818657505e+02 7.398452484742807655e+02
6.155637467476149141e+02 7.404011274934952098e+02
6.147686926104066742e+02 7.407149103629208184e+02
6.140538528896672688e+02 7.409645359019264106e+02
6.132094535993061299e+02 7.414843885516045248e+02
6.128895221394125201e+02 7.421359053046909366e+02
6.131789109766638148e+02 7.428193604148660825e+02
6.137002967359049990e+02 7.431208139041966660e+02
6.134981195152528244e+02 7.434968658587547452e+02
6.134864864864864558e+02 7.435595439189189619e+02
6.131576728499156843e+02 7.437369308600336808e+02
6.133274978650725870e+02 7.435969257045260292e+02
6.138722580645161315e+02 7.434309677419354330e+02
6.150836873406966561e+02 7.436932880203908098e+02
6.172880780653373449e+02 7.435960967331353686e+02
6.188332628015234604e+02 7.436284384257299962e+02
6.201244161358811198e+02 7.431477707006368973e+02
6.203309533809323284e+02 7.429462410751784773e+02
6.202552921253175100e+02 7.421727349703641039e+02
6.214874307626757854e+02 7.413936940775457742e+02
6.224526714345813616e+02 7.408262515776187911e+02
6.230932274247492160e+02 7.403800167224080724e+02
6.229162848812994753e+02 7.398971261974177196e+02
6.226458684654299987e+02 7.390952782462056803e+02
6.221094611794653702e+02 7.380059397539245083e+02
6.215773327652321996e+02 7.376284618662122057e+02
6.208478073946689619e+02 7.368736027515046771e+02
6.206313978494623598e+02 7.365492473118279122e+02
6.205728405672539338e+02 7.362385045122475731e+02
6.206584432156529374e+02 7.356652488302850088e+02
6.209625806451613244e+02 7.352004301075269268e+02
6.201385006353240215e+02 7.352138924184667985e+02
6.185930479016532217e+02 7.349894022891055556e+02
6.175062045357295801e+02 7.347954642704321486e+02
6.164886897140418114e+02 7.347298335467349943e+02
6.151090448013525247e+02 7.348389687235841166e+02
6.134247448979591582e+02 7.352738095238095184e+02
6.115709995709995610e+02 7.355066495066495236e+02
6.107516198704104227e+02 7.361421166306695341e+02
6.105716760502382385e+02 7.366769164140320072e+02
6.109686956521738921e+02 7.371730434782608654e+02
6.118357298474945765e+02 7.382357298474945537e+02
6.129520780322307019e+02 7.392981340118744811e+02
6.141982832618025441e+02 7.396746781115880367e+02
6.156368715083798406e+02 7.406897292651482303e+02
6.168393243828496679e+02 7.405223040277176096e+02
6.176999563890100262e+02 7.405255124291321636e+02
6.187214225232853551e+02 7.417438611346316293e+02
6.195311965811965820e+02 7.425940170940170901e+02
6.201747404844290941e+02 7.427798442906574792e+02
6.214466983167889111e+02 7.432209753992231072e+02
6.216875811337083633e+02 7.433812202509735698e+02
6.212625381596162697e+02 7.434766681203662984e+02
6.211062176165803521e+02 7.439011226252158622e+02
6.218695464362850771e+02 7.444142548596112192e+02
6.231159359190556870e+02 7.445834738617201083e+02
6.245666240953597708e+02 7.439357173265219672e+02
6.249615221987314726e+02 7.437911205073995689e+02
6.251306889352817961e+02 7.437916492693110513e+02
6.255622909698996637e+02 7.431283444816053816e+02
6.259440267335004364e+02 7.424369256474519716e+02
6.258974252491694870e+02 7.423052325581395507e+02
6.258687577383409462e+02 7.417111019397441396e+02
6.254037037037037408e+02 7.407000000000000455e+02
6.242912785774767599e+02 7.396227773073666185e+02
6.225332771693344966e+02 7.394018534119629749e+02
6.220691421254801980e+02 7.389825010670081156e+02
6.220246598639455442e+02 7.387542517006802427e+02
6.218274543136421926e+02 7.383076923076922640e+02
6.217416107382550763e+02 7.381501677852348848e+02
6.212366185216652639e+02 7.375603228547154231e+02
