6.069074639895242171e+02 7.386957660410300832e+02
6.100012981393335849e+02 7.389407183037645837e+02
6.149277310924369431e+02 7.398815126050419622e+02
6.190342172797262492e+02 7.405141146278871247e+02
6.217600858369098660e+02 7.407429184549356478e+02
6.235681523150151406e+02 7.408429251406317917e+02
6.251524701873935328e+02 7.416111584327086348e+02
6.261527009783070525e+02 7.414759676733305014e+02
6.271918755401901535e+02 7.411136560069144252e+02
6.262266549758877545e+02 7.403415168785620608e+02
6.237681975736568347e+02 7.403838821490468263e+02
6.200385114668974893e+02 7.399480744266551255e+02
6.159474789915966539e+02 7.399638655462184715e+02
6.123896434634974639e+02 7.395700339558574115e+02
6.099957337883959099e+02 7.389509385665528498e+02
6.090135192226447316e+02 7.388893113645965514e+02
6.086731583403894774e+02 7.390038103302285890e+02
6.092031516183986923e+02 7.388994889267461303e+02
6.107447084233261876e+02 7.387442764578834158e+02
6.129463435742103457e+02 7.391609692773690767e+02
6.202206328565235935e+02 7.402184655396619064e+02
6.242999135695764608e+02 7.410972342264476538e+02
6.277761842677097093e+02 7.410247718383311621e+02
6.291852494577007064e+02 7.412893709327548777e+02
6.284285099052541455e+02 7.413376399655469413e+02
6.262825900514579871e+02 7.412118353344768593e+02
6.238783319002579901e+02 7.404544282029235092e+02
6.217227891156462647e+02 7.404910714285714448e+02
6.187787878787878526e+02 7.393004329004329520e+02
6.158302364864864558e+02 7.394362331081081265e+02
6.135814151747655387e+02 7.389752770673486566e+02
6.104888316151202616e+02 7.389222508591064980e+02
6.085479982780886985e+02 7.387072750753336550e+02
6.091179020372778723e+02 7.387902037277849558e+02
6.113408207343412641e+02 7.388522678185745463e+02
6.146398467432950383e+02 7.396236696466581861e+02
6.186562366052293100e+02 7.397715387912559208e+02
6.223015250544661967e+02 7.400135076252723820e+02
6.243326115201385846e+02 7.405002165439584587e+02
6.262949891067538601e+02 7.407106753812636271e+02
6.284454545454545951e+02 7.406402597402596939e+02
