6.202002534854245823e+02 7.402796789184621957e+02
6.215973470261018292e+02 7.405673940949935741e+02
6.216020806241872378e+02 7.402553099263112699e+02
6.212099827882960881e+02 7.396342512908778417e+02
6.212843723313407054e+02 7.396771989752348873e+02
6.217689727463312011e+02 7.398318658280921909e+02
6.222881426202321791e+02 7.401940298507462330e+02
6.224672857745883903e+02 7.405563528915154166e+02
6.225964542000843949e+02 7.404470240607851110e+02
6.223276231263383806e+02 7.401314775160599311e+02
6.212812765957446572e+02 7.403263829787233590e+02
6.196390557939913606e+02 7.395484978540772545e+02
6.184837621256854163e+02 7.395820328975115672e+02
6.183423539518900043e+02 7.399819587628866202e+02
6.180755764304013837e+02 7.403270708795901101e+02
6.167864738409188021e+02 7.407069332199064320e+02
6.157346169945583370e+02 7.404244453746337058e+02
6.153773344651951902e+02 7.397368421052631220e+02
6.149720930232558658e+02 7.398625792811839119e+02
6.147297979797980361e+02 7.401725589225588919e+02
6.143538657604078708e+02 7.406665250637213376e+02
6.146202959830866348e+02 7.413183932346722713e+02
6.148750529436679244e+02 7.413545108005082511e+02
6.155613010842369022e+02 7.406175979983319166e+02
6.164179292929293297e+02 7.399684343434342964e+02
6.168730025231286618e+02 7.402237174095878345e+02
6.175148514851484833e+02 7.396495910460611185e+02
6.192703389830508058e+02 7.408220338983051079e+02
6.208678756476683702e+02 7.407599309153713421e+02
6.208844519966015696e+02 7.412570093457943585e+02
6.206416135881104310e+02 7.410046709129511555e+02
6.204179983179142255e+02 7.408233809924306570e+02
6.208410706817231812e+02 7.402137181095775986e+02
