6.077901498929336412e+02 7.395413276231263353e+02
6.106361711139347790e+02 7.400148242270224728e+02
6.143361064891846581e+02 7.403756239600666049e+02
6.175305359368508107e+02 7.405795596177814559e+02
6.187297185430463742e+02 7.410132450331126392e+02
6.186186262115465979e+02 7.404273072060682352e+02
6.183692893401015453e+02 7.403104906937394389e+02
6.180824388149420656e+02 7.394650064405324201e+02
6.184582963620230203e+02 7.389254658385093535e+02
6.194543828264758076e+02 7.385755813953488769e+02
6.214246880570409530e+02 7.390824420677362241e+02
6.240988089986766454e+02 7.396166740185267372e+02
6.280913006029285270e+02 7.399771748492678398e+02
6.307953313880783526e+02 7.405360566902876371e+02
6.324618211514904260e+02 7.406010616578195140e+02
6.325659008464328963e+02 7.408577186618299493e+02
6.322199083715119059e+02 7.400799666805497736e+02
6.300323937736642392e+02 7.398439209087084691e+02
6.280732961851692835e+02 7.395147878268323893e+02
6.262430890741553640e+02 7.391777095217200895e+02
6.240049283154121440e+02 7.389493727598566011e+02
6.222914997774811354e+02 7.386982643524700052e+02
6.221357048748352554e+02 7.387830478700043386e+02
6.226312419974391332e+02 7.392005975245411946e+02
6.238044554455445905e+02 7.405709570957095593e+02
6.236677604593929800e+02 7.405155865463494820e+02
6.223055668427468845e+02 7.405989435188947709e+02
6.194166666666666288e+02 7.398991666666667015e+02
6.170597510373444265e+02 7.399755186721992004e+02
6.135614859094790745e+02 7.390478223740392423e+02
6.097548722390645253e+02 7.389714161974881108e+02
6.072684980062028899e+02 7.386007975188302908e+02
6.056270815074495886e+02 7.390893952673093281e+02
6.055025751072961384e+02 7.395351931330471871e+02
6.074102455546147894e+02 7.392049110922946511e+02
6.096172685761727053e+02 7.394578663345786254e+02
6.112028087567121020e+02 7.398244527054936270e+02
6.116351351351351013e+02 7.401224406224406493e+02
6.109627964022894275e+02 7.399803761242845894e+02
6.088422360248447376e+02 7.397540372670807756e+02
6.069314481576692515e+02 7.393984575835476107e+02
6.048480675255442520e+02 7.387756552643269288e+02
6.034701659937192062e+02 7.387254374158815153e+02
6.042392857142857565e+02 7.388486607142857565e+02
6.067787270397266184e+02 7.400499786416061170e+02
6.100560200668896869e+02 7.403219063545150220e+02
6.134323308270676307e+02 7.402581453634085165e+02
6.163911788953008681e+02 7.406974443528441725e+02
6.191142618849040673e+02 7.409170141784820771e+02
6.189545829892650772e+02 7.412324525185796347e+02
6.189444444444444571e+02 7.410721393034825724e+02
6.189926502377863926e+02 7.396934716817985418e+02
6.185882352941176805e+02 7.387961383026492967e+02
