6.218608358466178743e+02 7.403050409306333677e+02
6.200509337860780761e+02 7.396362478777589331e+02
6.190144067796610443e+02 7.393033898305084222e+02
6.195541965415436607e+02 7.391623787431464052e+02
6.200025104602510737e+02 7.386941422594142068e+02
6.206850526315789693e+02 7.389334736842105258e+02
6.218156118143459707e+02 7.392797468354430066e+02
6.221846675137653619e+02 7.395002117746716976e+02
6.208377796901893362e+02 7.400352839931152857e+02
6.187018447018447205e+02 7.407722007722007902e+02
6.165188319932289005e+02 7.412860770207363430e+02
6.142697147651006162e+02 7.415834731543624230e+02
6.125106739221431553e+02 7.419045625784847289e+02
6.116676482961715919e+02 7.416499789650820276e+02
6.128774139378673453e+02 7.416011754827875393e+02
6.150120682480232972e+02 7.416891385767789870e+02
6.179050232165470788e+02 7.410042211903756879e+02
6.197841575859179102e+02 7.410871751886002130e+02
6.206836606769744549e+02 7.402745507730882082e+02
6.206650041562759270e+02 7.399048212801329782e+02
6.192896174863387841e+02 7.393085329970575685e+02
6.170221653878942334e+02 7.384497016197783523e+02
6.141850127011007316e+02 7.381837425910246111e+02
6.126633959044368112e+02 7.382986348122866502e+02
6.121558661584074343e+02 7.385108005082591944e+02
6.127533840947546651e+02 7.392208121827411560e+02
6.147469370511195166e+02 7.401634980988593497e+02
6.177666243117323575e+02 7.406725963574756406e+02
6.202340696686491128e+02 7.408423959218351911e+02
6.220334333476210986e+02 7.408979854264895266e+02
6.219714650766609338e+02 7.409275979557070286e+02
6.208348936170212937e+02 7.402263829787234499e+02
6.186733732876712111e+02 7.393446061643835492e+02
6.161229193341869177e+02 7.386965428937260185e+02
6.151905365441486992e+02 7.385082382762991529e+02
6.157901023890784700e+02 7.377965017064846052e+02
6.164405117270788423e+02 7.377351812366737249e+02
6.185273037542661996e+02 7.379283276450512403e+02
