6.218073472874839354e+02 7.400239214011106696e+02
6.201519650655021678e+02 7.393240174672489502e+02
6.184604916593502821e+02 7.389604916593502821e+02
6.167999999999999545e+02 7.386237580993520169e+02
6.152540095361941894e+02 7.377273515387950056e+02
6.146614987080102992e+02 7.375766580534021841e+02
6.139141501294219552e+02 7.372972389991372211e+02
6.137935483870967346e+02 7.371260215053763432e+02
6.134721141374837998e+02 7.369265023778642671e+02
6.139168819982774039e+02 7.370706287683032087e+02
6.139826614651061618e+02 7.370866926744689636e+02
6.151032258064516327e+02 7.376713978494623234e+02
6.167992177314210949e+02 7.384989135158626823e+02
6.184478662560492239e+02 7.387171139463264353e+02
6.208306556665219205e+02 7.388727746417715707e+02
6.218940623665100702e+02 7.397548056386159487e+02
6.221588664662945121e+02 7.403911550021468884e+02
6.228033898305084222e+02 7.407834745762711464e+02
6.227988992379339379e+02 7.414809483488569413e+02
6.228781725888325127e+02 7.413845177664974244e+02
6.229647408666099864e+02 7.413568394222600091e+02
6.221252672082085837e+02 7.411043180846515952e+02
6.217326226012793313e+02 7.409646055437100358e+02
6.206510837229069466e+02 7.402660433489162415e+02
6.187333621434745510e+02 7.391914433880725710e+02
6.173189730200174381e+02 7.388298520452567573e+02
6.146127641224666149e+02 7.381302285467874071e+02
