6.219102341717259606e+02 7.403677363399826845e+02
6.210255521870940356e+02 7.402096145517540435e+02
6.188090517241379303e+02 7.396689655172414177e+02
6.171994807442665660e+02 7.390865426222414953e+02
6.159681857265692315e+02 7.388147033533963395e+02
6.140704286964129324e+02 7.377305336832895364e+02
6.136914163090128795e+02 7.375510729613733929e+02
6.130519031141868709e+02 7.376206747404844464e+02
6.129307228915662336e+02 7.371764199655765424e+02
6.125707006369426608e+02 7.373528662420382034e+02
6.127304904051172798e+02 7.376498933901918917e+02
6.127678268251273721e+02 7.380365025466893485e+02
6.139177132957991034e+02 7.379133824166306113e+02
6.172530996152202079e+02 7.394647285164600135e+02
6.195117289313640185e+02 7.394843614248479753e+02
6.200249784668388884e+02 7.403329026701119346e+02
6.209137407889032829e+02 7.408127438231468886e+02
6.219312846777635286e+02 7.412163892445582860e+02
6.220555318240068345e+02 7.413532678342588724e+02
6.224881556683586723e+02 7.414386632825719516e+02
6.225164556962025699e+02 7.413784810126581988e+02
6.221951951951951969e+02 7.413745173745173815e+02
6.214103330486763070e+02 7.410644748078565271e+02
6.198155045474230747e+02 7.404504114335210261e+02
6.180237478411053189e+02 7.402936096718480030e+02
6.162294942626434704e+02 7.396591585210369431e+02
6.133274298056155658e+02 7.386397408207343460e+02
