6.263288470165994113e+02 7.399255271422161968e+02
6.311396697902722508e+02 7.400013386880856388e+02
6.342726480836237215e+02 7.408858885017422153e+02
6.337751402675874033e+02 7.411700474751834236e+02
6.306413853572994412e+02 7.406847873739587840e+02
6.253760312635693026e+02 7.400425531914893327e+02
6.207357689039931756e+02 7.396576040781648089e+02
6.171758664955070799e+02 7.394835258878904369e+02
6.130361496427070733e+02 7.398465741908364635e+02
6.117350063802637123e+02 7.396605699702254242e+02
6.131943972835314298e+02 7.400033955857385308e+02
6.160434969853574785e+02 7.408027562446167167e+02
6.199750328515111732e+02 7.409658344283836868e+02
6.235751407535730095e+02 7.415335643135556438e+02
6.255667244367417652e+02 7.424844020797227131e+02
6.215633245382585983e+02 7.418175021987686932e+02
6.171201055873294763e+02 7.407703475582929968e+02
6.124137781629116262e+02 7.402829289428076436e+02
6.076797922977066264e+02 7.398866291648637343e+02
6.026465403261348683e+02 7.391229616571176848e+02
6.006320139190952432e+02 7.389308394954327923e+02
6.014317501069747323e+02 7.389786050492083405e+02
6.041689595872743439e+02 7.389991401547721352e+02
6.092523850823937437e+02 7.391062445793581901e+02
6.152018348623853399e+02 7.393425076452599569e+02
6.217010893246186924e+02 7.402701525054466174e+02
6.279505736981465134e+02 7.405233892321271014e+02
6.319151111111110595e+02 7.406413333333333640e+02
6.335800981704595642e+02 7.406702365015618170e+02
6.313065953654188434e+02 7.406693404634580702e+02
6.211205673758864805e+02 7.395926418439715917e+02
