6.177932189200502080e+02 7.402373377982419242e+02
6.172417998317914680e+02 7.404209419680403244e+02
6.167967513536026445e+02 7.403069554352352952e+02
6.163923944839114029e+02 7.402691182615963044e+02
6.154436090225564158e+02 7.403796992481203461e+02
6.152267054908485306e+02 7.407874376039933395e+02
6.153185840707964189e+02 7.406847871892119883e+02
6.151080740117746473e+02 7.402291841883935604e+02
6.151920335429769011e+02 7.402268343815513845e+02
6.157021546261089497e+02 7.398749471905365453e+02
6.160113493064312706e+02 7.401820092475829824e+02
6.163362794612794460e+02 7.400955387205386842e+02
6.169694526941026425e+02 7.399906661009757727e+02
6.175412922550277699e+02 7.400688917415490096e+02
6.178866952789699099e+02 7.398909871244635497e+02
6.186926703814830262e+02 7.399159879982854591e+02
6.194993559467582145e+02 7.396749677973378994e+02
6.204086112283664534e+02 7.398041367665681491e+02
6.205554134697357540e+02 7.398013640238704056e+02
6.208069264069264364e+02 7.397584415584415183e+02
6.213768865890469897e+02 7.399085812850366892e+02
6.215850253807107038e+02 7.401159052453468803e+02
6.216248410343365549e+02 7.399232725731242226e+02
6.218438168592211923e+02 7.398468121523320633e+02
6.217478559176672661e+02 7.395917667238421700e+02
6.212497861420017671e+02 7.398464499572284012e+02
6.205214408233275662e+02 7.399755574614065381e+02
6.204135723431497809e+02 7.399624413145539847e+02
6.200792630676949102e+02 7.399682947729220359e+02
6.191849662162162531e+02 7.400223817567567721e+02
6.187455012853470180e+02 7.395728363324764132e+02
6.184295983086681190e+02 7.397661733615221920e+02
6.180908319185059554e+02 7.398429541595925230e+02
6.171177976952625386e+02 7.397904396073409998e+02
6.165547169811320600e+02 7.405853249475891289e+02
