6.139610027855153476e+02 7.232511606313835273e+02
6.058752941176470586e+02 7.184155294117647372e+02
6.004563884959924280e+02 7.167241867043846923e+02
5.962586797066014697e+02 7.159090464547676902e+02
5.900082564351627070e+02 7.195609519184069995e+02
5.844485887096774377e+02 7.256512096774193878e+02
5.790285996055226860e+02 7.352874753451676497e+02
5.778157260009647871e+02 7.437477086348287685e+02
5.803408856848609503e+02 7.483861997940267656e+02
5.869721019721019957e+02 7.536642616642616304e+02
5.982095553453169714e+02 7.574418164616839704e+02
6.079843230403799907e+02 7.580185273159145254e+02
6.186444644464446583e+02 7.582911791179118381e+02
6.295392579810180678e+02 7.570720448662640365e+02
6.472217555648886673e+02 7.517576648467030509e+02
6.523723270440251554e+02 7.487186582809224547e+02
6.546521202140799005e+02 7.457760395224372587e+02
6.539921842863019492e+02 7.426256684491978604e+02
6.510033044196612764e+02 7.407059066501445841e+02
6.461931771475544792e+02 7.395618577887381662e+02
6.396518856195607441e+02 7.356444260256942016e+02
6.326616379310345337e+02 7.311931034482759060e+02
6.264169642857142435e+02 7.277200892857142662e+02
6.183185217773867635e+02 7.249177298724152934e+02
6.091611136467366805e+02 7.196914650844363450e+02
6.034021385402138549e+02 7.171761971176197221e+02
5.978321096426823260e+02 7.151346059716104264e+02
5.927743514439549699e+02 7.176319138521781724e+02
5.819309852451214056e+02 7.319162303664921865e+02
