6.157868712702472749e+02 7.404045183290708110e+02
6.122788135593220886e+02 7.398631355932203633e+02
6.095158696572153758e+02 7.398006771053745751e+02
6.083468057366362700e+02 7.396427640156454117e+02
6.082072425828970381e+02 7.399157940663176305e+02
6.096443367122079735e+02 7.400960775672102727e+02
6.120681019332162123e+02 7.402214411247803127e+02
6.153533109807208348e+02 7.406194467728415702e+02
6.164752851711026551e+02 7.400059146599070345e+02
6.157317796610169580e+02 7.401610169491525539e+02
6.169155420113190758e+02 7.396913365259033526e+02
6.192956110154905218e+02 7.398691910499139794e+02
6.228126333760136504e+02 7.400174989329918844e+02
6.261360921501706116e+02 7.403374573378839614e+02
6.268076595744680617e+02 7.405889361702127189e+02
6.259995730145175230e+02 7.407596071733561303e+02
6.193434343434342964e+02 7.404128238910847131e+02
6.173455266637284922e+02 7.402428382547377623e+02
6.159896907216494810e+02 7.394912595248766820e+02
6.166814392277315164e+02 7.397323387450636574e+02
6.183337612323491612e+02 7.400718870346597669e+02
6.200710008554319757e+02 7.398562874251497306e+02
6.206506178099701856e+02 7.397217724755006429e+02
6.208761290322580635e+02 7.393578494623656070e+02
6.197825531914893418e+02 7.395817021276595824e+02
6.179841004184100939e+02 7.396820083682008544e+02
6.153896872358410519e+02 7.400000000000000000e+02
6.115442827442827820e+02 7.399542619542619377e+02
6.079195744680851021e+02 7.393680851063829778e+02
6.046723063223508916e+02 7.387466607301870454e+02
6.043556561085972589e+02 7.387542986425339677e+02
6.104667239158436587e+02 7.394761700300558687e+02
