6.168248394004282318e+02 7.394817987152034675e+02
6.163457785320322273e+02 7.397280441238863204e+02
6.155399999999999636e+02 7.392895652173913277e+02
6.153002150537633952e+02 7.397888172043010400e+02
6.158812687526789205e+02 7.400355765109301274e+02
6.155646140503035895e+02 7.398655680832611097e+02
6.157275097783572164e+02 7.396514558887440671e+02
6.163748361730013130e+02 7.394958497160331490e+02
6.171417558886510051e+02 7.395250535331905439e+02
6.174511214557765015e+02 7.397063055438002266e+02
6.176919451585260958e+02 7.395059982862039760e+02
6.187700950734658818e+02 7.395609334485739055e+02
6.195041001294778198e+02 7.394933103150625584e+02
6.195596919127085584e+02 7.399709028669234385e+02
6.205044890979050933e+02 7.395002137665669579e+02
6.211150064129969905e+02 7.394728516460025958e+02
6.211801375752364720e+02 7.395236457437661102e+02
6.220315743944636324e+02 7.395242214532871685e+02
6.220320762895535154e+02 7.396627654963156147e+02
6.211187254474028805e+02 7.393264949803578929e+02
6.204834693001288315e+02 7.393486474881923414e+02
6.207033014769765487e+02 7.389743701129452802e+02
6.200839826839826401e+02 7.389956709956710483e+02
6.190441048034934965e+02 7.388021834061134996e+02
6.187400257400257715e+02 7.394058344058344119e+02
6.185636441038740259e+02 7.395908897403149922e+02
6.171620689655172782e+02 7.393206896551723730e+02
6.167368869936034343e+02 7.392452025586353557e+02
6.165324508966695021e+02 7.391789069171647952e+02
6.163847472150814610e+02 7.393568980291345270e+02
6.153385593220339160e+02 7.393309322033898070e+02
6.150225531914893509e+02 7.393931914893616977e+02
6.157259983007646724e+02 7.392990654205607370e+02
6.157355687606111587e+02 7.391052631578946830e+02
