6.133721422523285582e+02 7.405685859441151706e+02
6.141152512998266957e+02 7.405948873483536090e+02
6.142122621564482188e+02 7.408494714587737917e+02
6.142093802345058293e+02 7.408207705192629646e+02
6.141890192791282743e+02 7.408294216261525662e+02
6.140240912933220443e+02 7.408153000845308043e+02
6.138037303942348899e+02 7.408198389147944454e+02
6.138700804062632415e+02 7.409132458738890818e+02
6.139848357203032947e+02 7.408601516427969500e+02
6.138214585079631433e+02 7.409006705783738198e+02
6.135852417302799040e+02 7.408821034775232874e+02
6.126791421362489700e+02 7.411160639192598865e+02
6.110522138680033777e+02 7.414227234753550420e+02
6.101067392214315532e+02 7.411603181247384100e+02
6.084404913172384113e+02 7.404036425243540407e+02
6.074591966173361470e+02 7.407327695560253460e+02
6.071631691648822198e+02 7.402282655246252716e+02
6.077518342684505797e+02 7.403392317652136398e+02
6.085339558573854220e+02 7.404702886247878268e+02
6.091963528413909899e+02 7.405326547921968086e+02
6.106202046035805324e+02 7.398537936913895692e+02
6.120335429769392022e+02 7.400721174004193017e+02
6.128568412162162531e+02 7.399256756756756204e+02
6.130420307948397749e+02 7.405106117353308264e+02
6.130787269681742373e+02 7.403856783919598001e+02
6.130589464882942821e+02 7.404306020066890142e+02
6.123007487520798122e+02 7.405024958402661923e+02
6.120900375156314794e+02 7.406469362234264509e+02
6.112448894451397337e+02 7.412803504380475488e+02
6.107992440151197115e+02 7.406459470810583525e+02
6.105669324381032084e+02 7.407641628199747856e+02
6.105845634753268314e+02 7.406499367355546610e+02
6.109103594080338553e+02 7.407073995771670525e+02
6.115145754119138246e+02 7.402860160540768675e+02
6.122958880881730011e+02 7.402373887240355543e+02
6.123427620632279513e+02 7.405994176372712445e+02
6.125468816291896701e+02 7.405829444208740142e+02
6.124053142134121117e+02 7.406296921130324336e+02
6.121140716069941163e+02 7.410562031640299665e+02
6.117148305084746198e+02 7.409216101694914869e+02
6.115053214133673691e+02 7.408003405704555462e+02
6.118243589743590292e+02 7.407329059829060043e+02
6.127720713073005072e+02 7.409121392190153301e+02
6.137210884353740994e+02 7.410259353741496398e+02
6.148099378881987604e+02 7.414587991718426565e+02
6.156337854500616231e+02 7.415499383477189212e+02
6.161242750621374853e+02 7.412149958574979109e+02
6.159694501018329902e+02 7.415539714867617249e+02
6.154997939843427730e+02 7.412035434693036677e+02
6.147005887300252880e+02 7.407720773759461963e+02
6.136978540772531687e+02 7.404819742489270311e+02
6.125758354755784012e+02 7.408311910882605389e+02
6.125055938037866099e+02 7.407056798623063969e+02
6.126082870568133103e+02 7.407774455360956836e+02
6.137132447492498386e+02 7.407376768109729710e+02
6.154625735912532036e+02 7.408708999158957340e+02
6.167901653242900011e+02 7.404408647732090003e+02
6.174219725343320988e+02 7.409126092384519779e+02
6.175913621262458264e+02 7.410145348837208985e+02
6.176444351813255480e+02 7.407907461442267731e+02
6.173522116577097449e+02 7.411376601901612275e+02
6.175438745231029998e+02 7.408321322594320009e+02
6.173282764433206466e+02 7.410113780025284314e+02
6.173409186683522876e+02 7.411057732827644031e+02
6.172185792349727080e+02 7.411483816729718228e+02
6.173327738145195553e+02 7.410234997901804945e+02
6.176736314249895941e+02 7.409289594651065727e+02
6.177399159663865476e+02 7.408243697478991407e+02
6.178143157894736532e+02 7.407574736842104812e+02
6.173016338500209486e+02 7.405077503142018713e+02
6.171230964467005151e+02 7.399995769881556953e+02
6.170575938566553305e+02 7.399876279863481159e+02
6.175943075615972475e+02 7.399634664401019108e+02
6.197157941047074701e+02 7.392129344478662460e+02
6.217080260303687282e+02 7.394494577006507825e+02
6.234955826672276089e+02 7.399566680689945315e+02
6.246825795644890604e+02 7.401143216080401999e+02
6.253493975903614910e+02 7.399642708766099304e+02
6.256999168744804365e+02 7.399679966749791902e+02
6.256954356846473502e+02 7.398464730290456828e+02
6.250442219440967619e+02 7.397697121401752156e+02
6.244478553406223682e+02 7.394188393608073966e+02
6.237445721583652585e+02 7.390438484461473081e+02
6.228176369863014088e+02 7.389225171232876619e+02
6.219031982942431114e+02 7.385428571428570876e+02
6.216331896551723730e+02 7.382745689655172328e+02
6.214701298701298811e+02 7.382683982683983004e+02
6.214306321595248619e+02 7.383313534153585351e+02
6.217793367346938567e+02 7.378635204081632537e+02
6.217993254637436848e+02 7.379224283305227345e+02
6.222747252747252560e+02 7.378951817413355911e+02
6.222505254308532585e+02 7.378411097099622111e+02
6.221759729272420145e+02 7.379708121827411560e+02
6.216358603066439628e+02 7.379284497444633644e+02
6.209232747535362478e+02 7.376493784826403726e+02
6.200889544688027399e+02 7.378292580101179965e+02
6.199447490510333409e+02 7.378658793757907688e+02
6.201990622335890748e+02 7.377135549872123192e+02
6.206054279749478155e+02 7.376183716075156553e+02
6.212002529510961040e+02 7.379329679595277867e+02
6.211834517342248319e+02 7.378570831592144259e+02
6.210571192052980223e+02 7.377926324503310980e+02
6.208464747601168483e+02 7.375102211097205327e+02
6.198165829145729049e+02 7.373974036850921721e+02
6.185296861747243611e+02 7.371055979643765568e+02
6.176355382619974534e+02 7.367812364894076609e+02
6.168541846419326475e+02 7.370263157894736423e+02
6.166019793459552147e+02 7.370753012048193114e+02
6.173091455560326040e+02 7.372730785744954574e+02
6.180488945578231323e+02 7.377755102040816837e+02
6.193254067584480254e+02 7.381168126825198215e+02
6.207601180438448409e+02 7.382870994940977880e+02
6.215508932280847603e+02 7.386676360614873147e+02
6.218908260689082681e+02 7.386762141967620892e+02
6.216008368200837140e+02 7.386585774058577272e+02
6.214248836225137893e+02 7.387541261108759727e+02
6.210133333333333212e+02 7.394129166666666606e+02
6.210304826418289394e+02 7.392798475867908792e+02
6.211968107427612722e+02 7.395346202266051705e+02
6.214789562289562355e+02 7.394903198653198615e+02
6.216127803639441254e+02 7.394121878967414432e+02
6.224114383269312611e+02 7.391626120358514527e+02
6.228352393053791047e+02 7.396039813638288933e+02
6.237361229718189861e+02 7.394897523484200974e+02
6.240081650193382075e+02 7.395423291792006921e+02
6.244767040552200115e+02 7.394434857635892513e+02
6.250931567328918845e+02 7.392322295805739714e+02
6.264249893752655680e+02 7.401419464513387538e+02
6.281827910958903658e+02 7.403891267123287889e+02
6.305093220338983429e+02 7.404360169491525312e+02
6.320046928327644764e+02 7.405460750853242189e+02
6.325574253260411979e+02 7.411569204880100870e+02
6.316945484810653397e+02 7.413528922180607879e+02
6.310021052631578868e+02 7.412627368421052552e+02
6.304086435601197991e+02 7.410012836970474837e+02
6.289070663811563691e+02 7.411293361884368096e+02
6.279167015487652179e+02 7.413047300125575703e+02
6.269445619974608235e+02 7.413114684722810352e+02
6.255584582441113071e+02 7.416625267665953061e+02
6.254404408647732225e+02 7.416833403984738879e+02
6.258003398470688126e+02 7.416694987255734759e+02
6.265305947796319970e+02 7.416345742404791963e+02
6.272473706352544696e+02 7.417707193941943160e+02
6.280588235294117112e+02 7.416710084033613839e+02
6.281954792800335099e+02 7.418447048974466043e+02
6.282225927469778526e+02 7.421075448103376857e+02
6.279565767284991580e+02 7.424232715008431569e+02
6.275894826123833354e+02 7.423927056827819797e+02
6.266638042078145645e+02 7.422189781021897943e+02
6.257452631578947830e+02 7.423191578947368043e+02
6.256865926558497222e+02 7.421861656703672452e+02
6.254460431654675858e+02 7.423013118916630901e+02
6.257811176968671134e+02 7.422823878069432340e+02
6.262680369127516542e+02 7.424077181208053844e+02
6.265334448160534748e+02 7.422709030100334076e+02
6.265498527555743067e+02 7.418813630626840450e+02
6.260181358076761171e+02 7.416752425137073033e+02
6.249105862505272171e+02 7.416997047659215241e+02
6.236853595890411270e+02 7.414550513698629857e+02
6.223368961094485030e+02 7.412492518170158746e+02
6.219756097560975832e+02 7.408214285714285552e+02
6.217225358228397454e+02 7.409617889709074916e+02
6.216585471944323444e+02 7.408869073510221597e+02
6.219409737182248818e+02 7.410297285652735582e+02
6.231432760787599818e+02 7.412685379136992196e+02
6.237231149567367083e+02 7.414190358467243414e+02
6.240937885643768368e+02 7.414520773344303279e+02
6.237321054834658298e+02 7.409556299706990785e+02
6.230379482902418431e+02 7.407481234361968063e+02
6.217418032786885078e+02 7.408987704918032478e+02
6.197881213142376282e+02 7.400387531592249388e+02
6.192406303236797385e+02 7.396392674616695331e+02
6.186481012658227883e+02 7.399388185654008794e+02
6.181697792869269961e+02 7.396303056027164757e+02
6.182025531914894145e+02 7.395719148936170768e+02
6.180489245044285553e+02 7.396490932096162396e+02
6.178960101867571666e+02 7.392385398981324443e+02
6.175029965753424221e+02 7.390625000000000000e+02
6.169699152542373213e+02 7.390584745762712373e+02
6.165454545454545041e+02 7.389628681177977114e+02
6.162590673575130040e+02 7.387599309153713421e+02
6.158490808037622628e+02 7.388046173578452454e+02
6.154238805970148860e+02 7.388669509594882356e+02
6.155122881355931668e+02 7.388762711864407038e+02
6.154678436317780097e+02 7.383900798654897244e+02
6.149255363904080696e+02 7.382347496844762418e+02
6.139245762711864245e+02 7.381635593220338478e+02
6.124366373902132636e+02 7.383270598076119313e+02
6.102791461412150511e+02 7.387754515599343677e+02
6.089163197335553832e+02 7.389075770191507218e+02
6.078928115695448469e+02 7.381897065078690048e+02
6.068417667238421700e+02 7.384699828473413845e+02
6.061959114139693838e+02 7.383551959114139436e+02
6.059872448979591582e+02 7.381658163265306030e+02
6.063370449678800469e+02 7.383678800856531552e+02
6.069690766550522767e+02 7.380317944250871278e+02
6.078316369804919077e+02 7.385394402035623216e+02
6.088686911890504234e+02 7.384696321642429666e+02
6.096249475010499737e+02 7.389806803863922369e+02
6.101903361344537871e+02 7.389180672268907983e+02
6.103150684931506476e+02 7.392357824823578767e+02
6.101627615062761834e+02 7.392803347280334947e+02
6.098701461377870601e+02 7.392651356993736727e+02
6.096006711409396530e+02 7.391971476510067305e+02
6.094332622601278899e+02 7.391070362473348041e+02
6.091407121407121394e+02 7.390175890175889890e+02
6.097270408163265074e+02 7.392835884353740994e+02
6.106768318509106166e+02 7.393130029648453956e+02
6.116354825115887479e+02 7.392149178255373272e+02
6.126548523206751042e+02 7.392700421940928663e+02
6.131977234401349506e+02 7.393983979763912657e+02
6.131666666666666288e+02 7.392811965811965820e+02
6.125858161980696650e+02 7.396080570709190170e+02
6.121658312447785875e+02 7.396244778613199742e+02
6.114658119658120086e+02 7.393777777777777374e+02
6.112394781144780609e+02 7.395505050505050804e+02
6.114545064377682593e+02 7.400862660944205800e+02
6.123753159224936553e+02 7.399553496208930028e+02
6.135993294216261802e+02 7.402372170997484773e+02
6.148404031919361614e+02 7.405170096598068312e+02
6.157177152317881337e+02 7.406415562913907706e+02
6.165430327868851919e+02 7.410487704918032250e+02
6.165320197044335373e+02 7.410751231527093523e+02
6.162614244545080737e+02 7.409921778509674368e+02
6.150302653399668316e+02 7.408233830845771308e+02
6.143329145728642970e+02 7.409422110552764025e+02
6.132095524956970394e+02 7.402340791738381540e+02
6.125608283002588905e+02 7.402791199309749572e+02
6.126187419768934888e+02 7.403055198973041797e+02
6.130961538461538112e+02 7.404311965811965592e+02
6.137933104631217702e+02 7.403374785591767022e+02
6.141431027073484756e+02 7.400562956596476170e+02
6.141042735042734648e+02 7.404504273504273897e+02
6.144843684868695846e+02 7.405956648603585109e+02
6.140799834231247587e+02 7.406576875259013377e+02
6.138448707256046646e+02 7.404286905754795498e+02
6.138769941225860975e+02 7.405281276238455348e+02
6.137896508203617714e+02 7.405069415229280594e+02
6.135012468827929979e+02 7.403225270157938667e+02
6.131140827413288434e+02 7.405741746761386821e+02
6.127010915197313352e+02 7.407132661628883170e+02
6.120135363790186602e+02 7.403967851099830568e+02
6.108779874213836365e+02 7.404779874213836592e+02
6.096959798994975017e+02 7.402776381909548036e+02
6.085075062552126610e+02 7.404557964970808825e+02
6.073585708209272980e+02 7.403270948532539251e+02
6.072341799397330533e+02 7.400327163151097238e+02
6.077328737613097474e+02 7.398716070659198749e+02
6.082004310344827900e+02 7.395771551724137680e+02
6.090259023354565215e+02 7.397554140127388109e+02
6.098962932111620603e+02 7.399333610995419122e+02
6.111165008291874301e+02 7.399494195688225773e+02
6.120166527893421744e+02 7.397485428809325185e+02
6.124116904962153285e+02 7.395832632464255312e+02
6.124243061396131225e+02 7.393208578637510300e+02
6.123077889447235975e+02 7.393969849246230979e+02
6.116258872651357024e+02 7.396192066805845116e+02
6.113132028321532516e+02 7.398588088296543219e+02
6.105679833679834019e+02 7.397513513513513317e+02
6.101356073211314879e+02 7.396759567387687184e+02
6.102781734394637851e+02 7.394713028906577392e+02
6.105381013197105631e+02 7.392669220945083453e+02
6.109396771452845769e+02 7.393181818181818699e+02
6.118295549958018000e+02 7.393530646515532680e+02
6.122390041493775925e+02 7.394618257261411145e+02
6.127753230512713571e+02 7.395577323884951966e+02
6.127676641729010498e+02 7.396666666666666288e+02
6.125463701216953041e+02 7.397897608057071466e+02
6.119655904842820746e+02 7.395679694137637625e+02
6.115022964509394114e+02 7.402158663883089957e+02
6.115250836120401345e+02 7.405004180602006727e+02
6.119362950544845035e+02 7.407560771165129836e+02
6.126781512605042508e+02 7.409831932773108747e+02
6.141009716941275656e+02 7.405631601182932400e+02
6.152237117720989090e+02 7.409375785504818168e+02
6.169425144747725653e+02 7.414524400330851677e+02
