6.192151360544218051e+02 7.400000000000000000e+02
6.196104995766299908e+02 7.399889923793394928e+02
6.199320512820512477e+02 7.399282051282051498e+02
6.206223925074499448e+02 7.395125585355469866e+02
6.209792020373514561e+02 7.394325127334465151e+02
6.214093642611684345e+02 7.391327319587628608e+02
6.220284482758620470e+02 7.388215517241379757e+02
6.235034602076124202e+02 7.390103806228373742e+02
6.253688524590163524e+02 7.393011216566005714e+02
6.262396234488660411e+02 7.400290971330765615e+02
6.261242051716828882e+02 7.403793980500212228e+02
6.262623089983021600e+02 7.403191850594228072e+02
6.263706233988044687e+02 7.403859948761742089e+02
6.261120067882901594e+02 7.402168010182435864e+02
6.260177439797212173e+02 7.401668779045204474e+02
6.259134089953762441e+02 7.403631778058007740e+02
6.249860627177699826e+02 7.395261324041812259e+02
6.234828913601368185e+02 7.397840034217280163e+02
6.221561290322580362e+02 7.394477419354839185e+02
6.216901408450704594e+02 7.394677763551003409e+02
6.209220281210054964e+02 7.392590541116318263e+02
6.203302482120319610e+02 7.395170382835507326e+02
6.199411266412537316e+02 7.393629817873782031e+02
6.197993197278912021e+02 7.394812925170067501e+02
6.190101608806096465e+02 7.392988992379339379e+02
6.190633981403211692e+02 7.392802197802197952e+02
6.193759525825571473e+02 7.393746824724809130e+02
6.188561120543294010e+02 7.390976230899830171e+02
6.180117746005046229e+02 7.393402018502944202e+02
6.155543800253914242e+02 7.394020313161236118e+02
6.139626769626769374e+02 7.390313170313170303e+02
6.124269377382464654e+02 7.393028377806014078e+02
6.104242551405791346e+02 7.395921107847251506e+02
6.086036943744752534e+02 7.395121746431569818e+02
6.073676158096047857e+02 7.393047173820654052e+02
6.066471807628523720e+02 7.398279436152570270e+02
6.065150125104253220e+02 7.396092577147622933e+02
6.066560802340159171e+02 7.396865858754700866e+02
6.071797658862876688e+02 7.397867892976588564e+02
6.081960379694593257e+02 7.400540652084192743e+02
6.097467230443974131e+02 7.394668076109936692e+02
6.115536842105262849e+02 7.396227368421052688e+02
6.135386855241264357e+02 7.398756239600666049e+02
6.149739276703112409e+02 7.398263246425567559e+02
6.159723168654173833e+02 7.397470187393525975e+02
6.173972022043238894e+02 7.395315811784654443e+02
6.181821963394343129e+02 7.396564059900166512e+02
6.184177480117203913e+02 7.396843867727081943e+02
6.178279797125951518e+02 7.395224006762467752e+02
6.174072360117795597e+02 7.397517879680269743e+02
6.178959830866807579e+02 7.396621564482029498e+02
6.182744439781787378e+02 7.396605119597146540e+02
6.190518266779948817e+02 7.395067969413763649e+02
6.197856840321898062e+02 7.390139771283354548e+02
6.201845893310753581e+02 7.390110076206605072e+02
6.204730412805391779e+02 7.390505475989890556e+02
6.215655494272380110e+02 7.393775986423419226e+02
6.226553030303030027e+02 7.401296296296296759e+02
6.234451996601529800e+02 7.403920985556499090e+02
