6.181629955947136068e+02 7.382647577092510573e+02
6.194504737295435461e+02 7.388057708871662044e+02
6.207255913978494846e+02 7.389449462365591899e+02
6.206742980561555214e+02 7.394384449244060988e+02
6.192461406518010563e+02 7.399708404802744326e+02
6.179729965156794833e+02 7.393305749128919615e+02
6.161913793103448143e+02 7.392409482758620243e+02
6.151123931623931185e+02 7.390705128205128176e+02
6.150078671328670907e+02 7.384737762237762126e+02
6.151447709593777518e+02 7.389593777009507676e+02
6.159948586118251797e+02 7.392403598971721976e+02
6.166765078026148785e+02 7.401159848165331141e+02
6.174970059880239432e+02 7.395106928999144884e+02
6.171838046272494012e+02 7.393753213367609760e+02
6.168949849978567954e+02 7.390501500214315911e+02
6.160727986050566187e+02 7.385557977332171049e+02
6.152890249234804969e+02 7.382689112374289380e+02
6.149457728437232618e+02 7.391532877882151524e+02
6.147436224489796359e+02 7.395565476190475920e+02
6.147954447786850096e+02 7.392857756768371473e+02
6.150205061082024258e+02 7.387438917975566710e+02
6.164052788420603974e+02 7.392383993188591376e+02
6.179133620689655118e+02 7.389150862068966035e+02
6.193016759776536446e+02 7.390636012032659892e+02
6.196893744644387425e+02 7.397772065124249821e+02
