6.242054329371816266e+02 7.425407470288624836e+02
6.240603854389721619e+02 7.422753747323340576e+02
6.236945045434877102e+02 7.415768065772392674e+02
6.227533955857385308e+02 7.415174023769100131e+02
6.215196245733787919e+02 7.410976962457338004e+02
6.202440273037542511e+02 7.406569965870306760e+02
6.184705128205127949e+02 7.399923076923076906e+02
6.161817413355875033e+02 7.396939983093828914e+02
6.136417657045840315e+02 7.388985568760610931e+02
6.118081841432225474e+02 7.386248934356351583e+02
6.108097287989668303e+02 7.377554885923375423e+02
6.107184300341297103e+02 7.375861774744026889e+02
6.108883161512027300e+02 7.374579037800687047e+02
6.120660980810234832e+02 7.375420042643922898e+02
6.128669803250641053e+02 7.378849443969204458e+02
6.138029197080292079e+02 7.385938170888792911e+02
6.153151801029159742e+02 7.385947684391080656e+02
6.173361665958351523e+02 7.393880152996175639e+02
6.204112591319295689e+02 7.399359690588740932e+02
6.225974193548387348e+02 7.404683870967742223e+02
6.239755469755469903e+02 7.409489489489488960e+02
6.246901408450704594e+02 7.412932138284251096e+02
6.245070004242680852e+02 7.415167585914298343e+02
6.245535181236673452e+02 7.417893390191898106e+02
6.239108910891088726e+02 7.417985363753766705e+02
6.233842492427520483e+02 7.410956295975768171e+02
6.208688524590163524e+02 7.403455565142363639e+02
