6.143777873070325768e+02 7.383138936535162884e+02
6.137776338514680674e+02 7.383199481865284497e+02
6.123684890228153108e+02 7.385122686181662175e+02
6.112806715454154300e+02 7.385785622040465341e+02
6.106336760925449880e+02 7.389490145672665449e+02
6.109203616013775218e+02 7.387120103314679227e+02
6.118965367965367932e+02 7.385484848484848044e+02
6.128317515099223556e+02 7.385815358067299030e+02
6.127804459691252532e+02 7.386179245283018417e+02
6.123542832544123939e+02 7.388045630650021849e+02
6.112534246575341967e+02 7.389139554794520564e+02
6.108269065981148742e+02 7.387489288774635270e+02
6.110779500430662665e+02 7.388621877691645068e+02
6.124579636670891887e+02 7.390152091254752804e+02
6.140144557823128935e+02 7.392755102040816837e+02
6.143432203389830875e+02 7.393305084745762770e+02
6.135914839797638933e+02 7.393427487352445269e+02
6.119659284497444105e+02 7.392312606473594769e+02
6.111505330490405186e+02 7.393556503198294649e+02
6.111177220569485371e+02 7.392728431789205388e+02
6.123123110151187802e+02 7.388250539956803777e+02
6.138656210258584451e+02 7.393543874523103341e+02
6.153003851091142451e+02 7.391390671801455028e+02
6.157915433403805991e+02 7.393429175475687316e+02
6.155910245554614448e+02 7.394779847586790993e+02
6.151537154989384817e+02 7.395524416135881438e+02
6.151616379310345337e+02 7.391181034482758605e+02
6.159524015577671889e+02 7.389800951968844629e+02
6.169149674620390442e+02 7.389123644251626502e+02
6.177583225248595227e+02 7.390579334198010883e+02
6.183232020547944785e+02 7.390196917808219723e+02
6.193804060017652091e+02 7.391288614298323409e+02
6.204076296613801560e+02 7.395906558079725528e+02
6.209620853080568850e+02 7.397742352434295299e+02
6.212175226586102781e+02 7.395753129046180447e+02
6.215047784535187247e+02 7.393531711555169750e+02
6.213958513396715944e+02 7.393798617113224054e+02
6.214177051998281058e+02 7.396523420713365340e+02
6.218116438356164508e+02 7.398009417808219723e+02
6.222102345415778473e+02 7.398349680170575766e+02
6.222834042553191694e+02 7.401365957446809034e+02
6.221061571125264891e+02 7.402849256900212822e+02
6.222042643923241485e+02 7.399198294243070677e+02
6.221514762516046630e+02 7.400029952931108710e+02
6.219411259131929910e+02 7.399346798452943403e+02
6.219138448349764303e+02 7.398546935276467593e+02
6.224168457241082706e+02 7.398328319724968196e+02
6.229069568928723584e+02 7.399103713188220581e+02
6.234076296613801560e+02 7.398971281611658242e+02
6.232387483926274854e+02 7.398122588941276945e+02
6.230198190435157812e+02 7.395028005170184997e+02
6.223326115201385846e+02 7.395915980944131434e+02
6.215155709342560613e+02 7.397179930795847440e+02
6.206206600942991827e+02 7.400900128589798896e+02
6.201103066439522991e+02 7.400574957410561865e+02
6.199692832764504828e+02 7.403336177474402575e+02
6.198550847457627242e+02 7.403864406779661067e+02
6.197357601713061968e+02 7.403884368308350759e+02
6.196540425531915162e+02 7.406655319148935632e+02
6.187866090712742562e+02 7.405853131749460090e+02
6.189245524296675285e+02 7.408572037510656401e+02
6.188546462063086437e+02 7.409113384484228391e+02
6.188742004264391880e+02 7.409087420042643544e+02
6.184991568296795776e+02 7.410860033726812617e+02
6.174457167090754410e+02 7.406713316369805398e+02
6.156458598726114815e+02 7.405006369426752144e+02
6.145698275862068840e+02 7.401387931034482790e+02
6.145486763450043100e+02 7.402813834329632527e+02
6.153354783354783422e+02 7.399081939081938799e+02
6.160789923142613134e+02 7.399491887275833051e+02
6.165349531116794424e+02 7.399053708439897719e+02
6.156240506329113487e+02 7.401139240506329315e+02
6.143429787234042578e+02 7.402212765957447118e+02
6.130540540540540633e+02 7.401055341055341614e+02
6.137365451388889142e+02 7.401306423611110858e+02
