6.163795180722891018e+02 7.385718588640274902e+02
6.157979539641943347e+02 7.388320545609548162e+02
6.158108223263741365e+02 7.386821474222412007e+02
6.166796775562155517e+02 7.387042851081884010e+02
6.171266611295681059e+02 7.390278239202657460e+02
6.172986198243412446e+02 7.388368883312421076e+02
6.168551695269987931e+02 7.388987023859355077e+02
6.165160337552742931e+02 7.389919831223628535e+02
6.160546610169491260e+02 7.391033898305084904e+02
6.154871035940803949e+02 7.393556025369979352e+02
6.155714888232813564e+02 7.393057781526781582e+02
6.159161045531196805e+02 7.392634907251265304e+02
6.172279190004308020e+02 7.391042654028435663e+02
6.179719195305951871e+02 7.394647946353729822e+02
6.181523096129837995e+02 7.397111943404078147e+02
6.172135922330097628e+02 7.394567327986492273e+02
6.160943316412859758e+02 7.392994923857868343e+02
6.147833753148614733e+02 7.396041141897565012e+02
6.138454044896230926e+02 7.395709445150359898e+02
6.136588235294117339e+02 7.397600840336134524e+02
6.137226677923174520e+02 7.396766568172224652e+02
6.139618768328446095e+02 7.395475492249686340e+02
6.151020579588408737e+02 7.397429651406971516e+02
6.159275847634993397e+02 7.399573043114273787e+02
6.162172268907562511e+02 7.398857142857142435e+02
6.164966749792185965e+02 7.399139650872817811e+02
6.165973154362416153e+02 7.402466442953019623e+02
6.163504850274146065e+02 7.403947701391817873e+02
6.156607066836951390e+02 7.404959557258407585e+02
6.152074815137016230e+02 7.404510656807307214e+02
6.150611183355006233e+02 7.402596445600346442e+02
6.155461672473867338e+02 7.403841463414634063e+02
6.165499999999999545e+02 7.409482905982905550e+02
6.168267117497887284e+02 7.409353338968724074e+02
6.168110969927996621e+02 7.408064379500211771e+02
6.160612244897959044e+02 7.410459183673469852e+02
6.147564991334488695e+02 7.406507798960138871e+02
6.139243807040417096e+02 7.403672316384180476e+02
6.140296901893287895e+02 7.407112736660928931e+02
6.150297872340426011e+02 7.407485106382978302e+02
6.162893054963783470e+02 7.409991478483169658e+02
6.179710884353740994e+02 7.409825680272108457e+02
6.188730834752981309e+02 7.413581771720613460e+02
6.195584192439862363e+02 7.411421821305841604e+02
6.193354700854700923e+02 7.413474358974358438e+02
6.180739000427167866e+02 7.413925672789406462e+02
6.172296834901625289e+02 7.414773310521813983e+02
6.169740425531914525e+02 7.414531914893617568e+02
6.173842887473460905e+02 7.412968152866242235e+02
6.183620025673941427e+02 7.410808729139922661e+02
6.190174171622769563e+02 7.412897196261682211e+02
6.191416490486258226e+02 7.414570824524313366e+02
6.188008438818565082e+02 7.413949367088607687e+02
6.179230769230769056e+02 7.410243589743589609e+02
6.171208510638298321e+02 7.412651063829787290e+02
6.162584800343495317e+02 7.411438385573206915e+02
6.159952277657266677e+02 7.406620390455531151e+02
6.163291845493562278e+02 7.408510729613733474e+02
6.173150862068965807e+02 7.408685344827586050e+02
6.189244558258642428e+02 7.411032863849765135e+02
6.199657794676805906e+02 7.413303760033797971e+02
6.203852739726027039e+02 7.408805650684931834e+02
6.198286445012787453e+02 7.410583972719522308e+02
6.194313725490195566e+02 7.408287581699346447e+02
6.191696969696969290e+02 7.409800865800865495e+02
6.193518356643356810e+02 7.406643356643356810e+02
6.197176573426573896e+02 7.405301573426573896e+02
6.204870996441280795e+02 7.400782918149466241e+02
6.209578021978021525e+02 7.399274725274725597e+02
6.207544391511477215e+02 7.403819835426592135e+02
6.204812446717817238e+02 7.404701619778346640e+02
6.195318336162988544e+02 7.404507640067911325e+02
6.191513722126929906e+02 7.401513722126929906e+02
6.190369426751592528e+02 7.404369426751592300e+02
6.189766255843603631e+02 7.402209944751381272e+02
6.190948566610455828e+02 7.403338954468803195e+02
6.197301720520353001e+02 7.400117498950902473e+02
6.206401849516603306e+02 7.400689365279529284e+02
6.216215089620675371e+02 7.400500208420174886e+02
6.223646179401993095e+02 7.403301495016611398e+02
6.223096828046744804e+02 7.402913188647746665e+02
6.214133277098270582e+02 7.397920708561788388e+02
6.203507271171941966e+02 7.392591958939264032e+02
6.190826124567473698e+02 7.392897923875432298e+02
6.181202068074105682e+02 7.395148642826368359e+02
6.180487596236099535e+02 7.395838323353293617e+02
6.180452431289641027e+02 7.394443974630021330e+02
6.189085884353740994e+02 7.391449829931972317e+02
6.198898163606010030e+02 7.394636894824708406e+02
6.200313152400834724e+02 7.393340292275573802e+02
6.193271889400921282e+02 7.394239631336405409e+02
6.182220790378006541e+02 7.390287800687285653e+02
6.170966910184787366e+02 7.389617533304684684e+02
6.169617861743237199e+02 7.391953628166595536e+02
6.174098005203816228e+02 7.390741543798785642e+02
6.192235998289867211e+02 7.392937152629328921e+02
6.203533643673296183e+02 7.392818451121455610e+02
6.206478991596638934e+02 7.394197478991596881e+02
6.206534114692340154e+02 7.393947258267057805e+02
6.197342094107672210e+02 7.391013141161508884e+02
6.188942022852306764e+02 7.393423614049936532e+02
6.168634399308556340e+02 7.387536732929991103e+02
6.160863185153215227e+02 7.386171773845489952e+02
6.159913793103448825e+02 7.386189655172413495e+02
6.166156812339331736e+02 7.387630676949443114e+02
6.174657300979140473e+02 7.386194125159641999e+02
6.179935008665511305e+02 7.387118717504332608e+02
6.176207627118643586e+02 7.390766949152542793e+02
6.170731394354148733e+02 7.388015397775876636e+02
6.168073472874839354e+02 7.388722768047842919e+02
6.160602928509905496e+02 7.388708010335917606e+02
6.160775862068965125e+02 7.388737068965517665e+02
6.164708904109588730e+02 7.391040239726027039e+02
6.172090754877013978e+02 7.391641221374045472e+02
6.186220905628438231e+02 7.395315277190012466e+02
6.195765199161425016e+02 7.400989517819706407e+02
6.191112036651395556e+02 7.400024989587672053e+02
6.181022052586938571e+02 7.396357082273112837e+02
6.172284285118799971e+02 7.398653605669028366e+02
6.159528023598819573e+02 7.398053097345132301e+02
6.157038445289396122e+02 7.398643852978453879e+02
