6.211433536055603781e+02 7.404669852302346271e+02
6.214859489840034712e+02 7.403713791612624391e+02
6.212119775958638002e+02 7.403059026281774777e+02
6.204532650448143158e+02 7.398480580452411459e+02
6.189321247892073643e+02 7.397820404721753675e+02
6.169472564866014181e+02 7.392666950233942771e+02
6.152453151618398124e+02 7.394288756388415322e+02
6.147952483801295784e+02 7.390203023758099334e+02
6.154379562043795886e+02 7.392962644911979169e+02
6.157786424556852580e+02 7.389386078685689654e+02
6.155523450586264289e+02 7.398161641541038307e+02
6.148463175819497337e+02 7.395057471264367450e+02
6.134948586118251797e+02 7.395124250214224730e+02
6.108835358190196985e+02 7.401386677838290780e+02
6.104385382059800804e+02 7.402603820598006905e+02
6.109364745477492988e+02 7.398952461085401637e+02
6.110375939849624274e+02 7.399147869674185358e+02
6.121879021879021820e+02 7.390115830115829567e+02
6.137647304638528567e+02 7.395424153781864334e+02
6.150357443229604542e+02 7.393284272497896836e+02
6.149911764705882433e+02 7.391953781512604564e+02
6.136668054977093334e+02 7.394518950437317244e+02
6.121287499999999682e+02 7.393779166666666924e+02
6.113910638297871856e+02 7.386668085106382478e+02
6.112804210526315956e+02 7.389199999999999591e+02
6.129656883009507737e+02 7.396225713104588522e+02
6.156914623837700447e+02 7.391817413355875033e+02
6.168116308470290505e+02 7.394348925410872653e+02
6.170033599328013452e+02 7.399462410751784773e+02
6.176256819135543310e+02 7.399869911875787238e+02
6.182605781315459126e+02 7.395902806870549284e+02
6.170177215189872868e+02 7.396616033755274202e+02
6.155854987426655498e+02 7.397615255658005253e+02
6.150314861460957445e+02 7.394710327455919696e+02
6.152748414376321762e+02 7.394093023255813932e+02
6.162613636363636260e+02 7.395639730639730942e+02
6.180215008431703154e+02 7.395847386172006281e+02
6.202739898989899530e+02 7.395336700336699778e+02
6.221549847627339886e+02 7.391410535481062425e+02
6.221490467937608173e+02 7.391009532062391827e+02
6.212589807852965578e+02 7.398826232247284906e+02
6.203166807790008761e+02 7.400059271803556840e+02
6.194788912579957696e+02 7.397061833688699153e+02
6.195938303341902156e+02 7.398187660668380659e+02
6.211465811965812236e+02 7.397230769230769738e+02
6.229517918088737360e+02 7.398071672354948305e+02
6.239451877427708268e+02 7.399279240397065678e+02
6.236682464454976298e+02 7.398569582076690949e+02
6.226304068522483703e+02 7.397794432548180339e+02
6.210755764304013837e+02 7.399483347566182374e+02
6.205362937660119087e+02 7.399415029888983781e+02
6.195587602238484806e+02 7.395845888936719348e+02
6.202941684665227058e+02 7.390142548596112420e+02
6.213560996563574008e+02 7.391752577319587090e+02
6.228093183779119499e+02 7.396622088006902231e+02
6.233017316017316034e+02 7.397415584415584817e+02
6.228992681876883353e+02 7.405398191993111823e+02
6.208353997434801386e+02 7.407024369388627747e+02
6.178628375482211368e+02 7.407089584226317811e+02
6.159196237708422359e+02 7.404694313809320647e+02
6.156669527896996215e+02 7.406261802575107822e+02
6.167227292481529730e+02 7.406214689265536890e+02
6.182252794496990873e+02 7.409432502149612674e+02
6.189413024850042575e+02 7.407095115681233892e+02
6.193844155844155921e+02 7.403727272727272748e+02
6.186438709677419183e+02 7.403380645161290659e+02
6.177930887372014013e+02 7.398639078498293884e+02
6.165904365904366387e+02 7.405896049896049362e+02
6.150738589211617864e+02 7.406269709543568069e+02
6.144172571904960023e+02 7.407665694039183109e+02
6.148349555649598415e+02 7.404384257300042691e+02
6.154891903348876667e+02 7.407202204323865544e+02
6.155571549534292899e+02 7.410088907705334123e+02
6.152420033670033490e+02 7.412150673400673213e+02
6.139548523206750588e+02 7.412481012658228110e+02
6.105962441314553644e+02 7.409769526248398961e+02
