6.234985100042571275e+02 7.409157088122605046e+02
6.235036185610898656e+02 7.409778629203916580e+02
6.232953676158095959e+02 7.410199745006374314e+02
6.229215686274509380e+02 7.406010230179027758e+02
6.219068376068375983e+02 7.401427350427350120e+02
6.211631143975641862e+02 7.392962157459764967e+02
6.195809889173060583e+02 7.392681159420289987e+02
6.172414675767918197e+02 7.391377986348122704e+02
6.151211604095562961e+02 7.388903583617747017e+02
6.133573573573573867e+02 7.383865293865293324e+02
6.127597955706984294e+02 7.376307495741056073e+02
6.121790411540093828e+02 7.377416207042850829e+02
6.120918281381634642e+02 7.377809604043808349e+02
6.126504729148753086e+02 7.375451418744626153e+02
6.130277185501065560e+02 7.379680170575693410e+02
6.137069332199064320e+02 7.383717566992769434e+02
6.152317741255794772e+02 7.390172777075431441e+02
6.171735256682222825e+02 7.395057276198557474e+02
6.195350914504466573e+02 7.399089749042960875e+02
6.214501484938481326e+02 7.405850657615612818e+02
6.225613588110403498e+02 7.409944798301486344e+02
6.229445155783183736e+02 7.413533930857875021e+02
6.227940797940798348e+02 7.412621192621193131e+02
6.228273809523809632e+02 7.414591836734693970e+02
6.226169491525423609e+02 7.413961864406779796e+02
6.220673158340389364e+02 7.412235393734123363e+02
6.203795435333896648e+02 7.404907016060861906e+02
