6.080303678357570334e+02 7.396458511548331671e+02
6.079512510785159520e+02 7.394150129421915381e+02
6.080163230240549410e+02 7.395051546391752026e+02
6.094220695577500919e+02 7.400188922284241926e+02
6.114991687448047060e+02 7.408640897755610695e+02
6.135739570164348606e+02 7.405558364938896148e+02
6.150841708542714059e+02 7.407759631490787342e+02
6.155234870926788062e+02 7.407841726618704570e+02
6.156771186440678321e+02 7.403826271186441090e+02
6.177039363484086607e+02 7.404497487437186010e+02
6.197281183932346948e+02 7.402067653276955070e+02
6.208163006756756204e+02 7.398703547297296836e+02
6.227693609818028335e+02 7.394735505713076691e+02
6.241552238805969637e+02 7.394234541577825439e+02
6.254474576271186379e+02 7.395144067796610443e+02
6.279512400168138129e+02 7.396317780580075123e+02
6.300974380512390098e+02 7.395930281394372514e+02
6.307845006216327874e+02 7.396009117281392946e+02
6.300602006688963002e+02 7.390765050167224217e+02
6.292918781725887811e+02 7.391015228426396106e+02
6.291331072488342215e+02 7.389894022891055556e+02
6.295627946849549517e+02 7.388658379768538680e+02
6.286838517256071555e+02 7.394064763527908326e+02
6.275739948674080324e+02 7.396762189905902005e+02
6.262198975234841782e+02 7.392245943637916525e+02
6.249706632653061433e+02 7.395773809523809632e+02
6.238442792234613989e+02 7.406315572077653542e+02
6.221270509045015160e+02 7.401262095077829599e+02
6.204534636634084563e+02 7.399553761155971188e+02
6.184394449116905434e+02 7.402657695542472993e+02
6.159868253293667522e+02 7.397981300467488381e+02
6.146914309835373160e+02 7.397847192908400302e+02
6.139249363867684224e+02 7.396938083121289083e+02
6.129312977099236832e+02 7.396972010178117216e+02
6.110203639514730867e+02 7.390459272097053827e+02
6.094434369602763581e+02 7.390729706390328602e+02
6.085343736819907008e+02 7.394487557992408711e+02
6.094691722972972912e+02 7.391727195945945823e+02
6.103701216953420499e+02 7.392673101133025284e+02
6.107497886728656340e+02 7.391720202874048482e+02
6.104616346955796189e+02 7.393236030025020682e+02
6.093137916490932184e+02 7.393918177983972555e+02
6.077802804929876856e+02 7.394224394390140560e+02
6.075539965986394009e+02 7.392049319727891543e+02
6.075317968416560461e+02 7.396440460947503652e+02
6.078152593227604257e+02 7.400192884697813724e+02
6.080480646533389972e+02 7.400642279880901242e+02
6.089494692144373857e+02 7.401146496815287037e+02
6.108597770154374302e+02 7.406719554030875088e+02
6.131122055674518379e+02 7.408847965738757466e+02
6.142583087925956988e+02 7.413428691628103024e+02
6.149142491467576974e+02 7.409402730375426245e+02
6.149765258215962831e+02 7.405394793000426716e+02
