6.110909090909091219e+02 7.395137221269296788e+02
6.111097666378565236e+02 7.392761452031114686e+02
6.103505598621877652e+02 7.391287683031869165e+02
6.099885057471263963e+02 7.394725415070242889e+02
6.094226447709593231e+02 7.392506482281763738e+02
6.091986813186813379e+02 7.395797802197802184e+02
6.090437062937063502e+02 7.396464160839160513e+02
6.088512216404886885e+02 7.399162303664921865e+02
6.089175076788064871e+02 7.398670469504168068e+02
6.103972902097901851e+02 7.397465034965034647e+02
6.116836779586449211e+02 7.402710074791025363e+02
6.139621409921670647e+02 7.401984334203655180e+02
6.170287707061900164e+02 7.403718395815169515e+02
6.188053135888501401e+02 7.403567073170731874e+02
6.195586975149957425e+02 7.403097686375321018e+02
6.202325274725275221e+02 7.404430769230768874e+02
6.207495667244367041e+02 7.406564124783362786e+02
6.210599300087488928e+02 7.405524934383201980e+02
6.211569920844327726e+02 7.405527704485488130e+02
6.212033450704225288e+02 7.405224471830986204e+02
6.213192041522490854e+02 7.407595155709342407e+02
6.212384249242752503e+02 7.408667243617481972e+02
6.212875591907016997e+02 7.409328454584589281e+02
6.215143962183068425e+02 7.408023205844434642e+02
6.217308354866494255e+02 7.406270456503015112e+02
6.217955920484010903e+02 7.401901469317199371e+02
6.218503225806451837e+02 7.398812903225806394e+02
6.216251610133103895e+02 7.395358522971232560e+02
6.211876083188908524e+02 7.394987001733102261e+02
6.200050739957716814e+02 7.398875264270612888e+02
6.179407216494845443e+02 7.394660652920962320e+02
6.154058159722221717e+02 7.394600694444444571e+02
6.135944325481798387e+02 7.396372591006423818e+02
6.119467301862277964e+02 7.393083585967951876e+02
6.113473413379073236e+02 7.394691252144082227e+02
6.109245442984315559e+02 7.396735905044509991e+02
6.103781115879828576e+02 7.395261802575107595e+02
6.101539445628998237e+02 7.395449893390191392e+02
6.103522093522093428e+02 7.394324324324323925e+02
6.105929241261721927e+02 7.393746803069053612e+02
6.106063329054343285e+02 7.394343175010696996e+02
6.108798966853206593e+02 7.391347395609126352e+02
6.105858113848768198e+02 7.397417162276975660e+02
6.103059477963200834e+02 7.393042362002566961e+02
6.103016211604095815e+02 7.397389078498293884e+02
6.116430098332621128e+02 7.394155622060709447e+02
