6.121107745564690958e+02 7.395162267416702662e+02
6.123911168607157833e+02 7.399215178956446834e+02
6.129537197231834398e+02 7.399852941176470722e+02
6.136202696824706209e+02 7.402018268812527140e+02
6.141607758620689310e+02 7.407525862068965807e+02
6.146436982119494132e+02 7.402455298735280849e+02
6.165227765726681355e+02 7.403878524945770323e+02
6.181515021459227910e+02 7.406866952789699781e+02
6.202941176470587834e+02 7.404861591695502057e+02
6.217913978494623279e+02 7.407922580645160906e+02
6.226877944325482304e+02 7.409426124197002537e+02
6.234496527777778283e+02 7.407100694444444571e+02
6.243138367525098147e+02 7.403033609777389756e+02
6.242222707423580914e+02 7.402021834061135905e+02
6.238194505015263758e+02 7.402839075447012647e+02
6.238157665505226532e+02 7.401972996515679597e+02
6.236343028229256333e+02 7.403648417450813213e+02
6.237440273037542511e+02 7.405319965870306760e+02
6.229528817837610859e+02 7.402355910811947979e+02
6.225252868678282994e+02 7.403637909052273471e+02
6.219910752231194238e+02 7.404581385465363610e+02
6.218598807495741312e+02 7.401426746166951034e+02
6.213563267033432567e+02 7.400956411341514922e+02
6.203020877716234054e+02 7.397669365146996370e+02
6.196074450084602177e+02 7.401044839255499710e+02
6.183100172711572213e+02 7.397387737478411509e+02
6.164517094017094223e+02 7.398106837606837871e+02
6.150394511149228265e+02 7.397517152658662098e+02
6.129204448246364336e+02 7.398716852010264802e+02
6.118604948805460708e+02 7.400401023890784700e+02
6.113770008424600064e+02 7.399797809604043550e+02
6.112050298380221420e+02 7.400375106564364387e+02
6.108286937901499414e+02 7.401657387580299883e+02
6.113334751169714991e+02 7.401820501914079387e+02
6.120822212656048578e+02 7.401442100731812843e+02
6.120820799312419922e+02 7.402079931241942177e+02
6.116369073045707410e+02 7.404267407090986808e+02
6.120085910652920802e+02 7.403694158075601308e+02
6.119874404504114409e+02 7.406141186660892117e+02
6.123506044905008139e+02 7.403557858376510694e+02
6.129424740484429321e+02 7.407465397923875798e+02
6.135217202432667136e+02 7.407172024326672499e+02
6.137658921525646747e+02 7.404414730381411118e+02
6.157455646906100810e+02 7.408559065339679819e+02
6.193364888123924175e+02 7.409660068846816330e+02
