5.521177204658902156e+02 7.145037437603992885e+02
5.503345528455284921e+02 7.148650406504065131e+02
5.493526081682167614e+02 7.172620299231701892e+02
5.523481953290870479e+02 7.196148619957536994e+02
5.599058219178082254e+02 7.247936643835616906e+02
5.724857015192135350e+02 7.295406613047363180e+02
5.871367149758453934e+02 7.339333333333332803e+02
6.053976635514018199e+02 7.392060747663551865e+02
6.260865337870685607e+02 7.457301895964997129e+02
6.442754367934223865e+02 7.494229188078109019e+02
6.613029568589432756e+02 7.546892874454678122e+02
6.736814075130765787e+02 7.598530670470755695e+02
6.812482065997130576e+02 7.617235772357723818e+02
6.853133397312859643e+02 7.626708253358924594e+02
6.843069635243959965e+02 7.629497868308858415e+02
6.794001905669366579e+02 7.607894235350166809e+02
6.692415094339622783e+02 7.579212264150943383e+02
6.539495837187788538e+02 7.538011100832562761e+02
6.391682832201745441e+02 7.486513094083413762e+02
6.195468899521531512e+02 7.421066985645933300e+02
5.990152636447733130e+02 7.356651248843663780e+02
5.819031325301205015e+02 7.292920481927710625e+02
5.679675821701936229e+02 7.228018910400720642e+02
5.556361290322580544e+02 7.168477419354838958e+02
5.498459606529928578e+02 7.153189619087484061e+02
5.471654135338345668e+02 7.150187969924811568e+02
5.465000000000000000e+02 7.174933444259567068e+02
5.582177074422583019e+02 7.250774165953806687e+02
