5.563010004349716837e+02 7.196502827316224966e+02
5.504451939291736835e+02 7.178537099494097902e+02
5.470077486009470249e+02 7.175781317262161565e+02
5.464286328460876803e+02 7.204165950128976874e+02
5.512380336351875485e+02 7.233419577404052916e+02
5.594522935779816635e+02 7.268591743119266084e+02
5.734210526315789593e+02 7.314530075187969942e+02
5.916279644268774973e+02 7.366615612648221258e+02
6.098600288600288195e+02 7.407518037518037772e+02
6.306950694112015299e+02 7.456179990426040831e+02
6.488815142576204380e+02 7.494823008849557482e+02
6.627523900573613673e+02 7.533288718929254628e+02
6.759166666666666288e+02 7.554477969348658917e+02
6.827586206896551175e+02 7.579338303821062937e+02
6.854013953488372408e+02 7.577920930232558021e+02
6.801001371742112269e+02 7.561545496113396894e+02
6.712431355181577146e+02 7.537010628875110569e+02
6.544247191011236282e+02 7.493078651685393652e+02
6.358278888347148268e+02 7.438751828376401818e+02
6.172402444757874491e+02 7.403079454630935743e+02
5.958717948717949184e+02 7.352586594691857727e+02
5.786020793950850702e+02 7.298468809073724515e+02
5.655416666666666288e+02 7.249211956521738784e+02
5.549168461869883231e+02 7.200430848772081163e+02
5.487614954877524269e+02 7.174443489471422026e+02
5.457455621301775182e+02 7.182878275570583355e+02
5.454366793731469443e+02 7.204091486658195436e+02
5.590379403794038353e+02 7.276978319783197549e+02
