6.230550660792951021e+02 7.381656387665198054e+02
6.264511443661971271e+02 7.387068661971831034e+02
6.286495119787044814e+02 7.387866015971605975e+02
6.290667846085802921e+02 7.389739053516143485e+02
6.269461264470169226e+02 7.389968833481744923e+02
6.249559471365638501e+02 7.391427312775330165e+02
6.221390212213078712e+02 7.392182763100909142e+02
6.188889837745516616e+02 7.394645602049530453e+02
6.166500638569604007e+02 7.396113239676458306e+02
6.147138618058498878e+02 7.394302670623145559e+02
6.132243426632740011e+02 7.397849872773537072e+02
6.128052497883149954e+02 7.397612193056731940e+02
6.131367120954002985e+02 7.399390971039182432e+02
6.136935281837161256e+02 7.403511482254697285e+02
6.145686941726925170e+02 7.406091025095704481e+02
6.166550985432733114e+02 7.406936589545844072e+02
6.168076263924592695e+02 7.403984575835476107e+02
6.159748508098891762e+02 7.398934356351236374e+02
6.151340879407923694e+02 7.393696125380931790e+02
6.136567036720751958e+02 7.395862510674636496e+02
6.119801553062985704e+02 7.387553925798101773e+02
6.114592496765847045e+02 7.388348426045708948e+02
6.126050238198354236e+02 7.386916414032048124e+02
6.145891067538126435e+02 7.385481481481481296e+02
6.172800702370500403e+02 7.381474978050921436e+02
6.207313699241410632e+02 7.377719767960732042e+02
6.243918154114061281e+02 7.386991728341314456e+02
6.264675153643546537e+02 7.388349429323968707e+02
6.275365205843293097e+02 7.386728640991589145e+02
6.266124131944444571e+02 7.392808159722221717e+02
6.230262252794497044e+02 7.397484952708512083e+02
