6.108257034859302621e+02 7.437429651406971516e+02
6.100837941301573437e+02 7.435061675882602685e+02
6.093712088850918462e+02 7.428607432721059922e+02
6.090617809970174221e+02 7.420362164465275328e+02
6.088549488054607082e+02 7.412871160409556524e+02
6.088269394714407099e+02 7.405916453537936377e+02
6.086728734659330939e+02 7.400609394837071022e+02
6.083932773109244181e+02 7.395962184873949354e+02
6.086448438168591792e+02 7.389679075738125675e+02
6.097029324266893582e+02 7.383323416914577138e+02
6.105668222316503488e+02 7.380950360627916780e+02
6.113658432708688224e+02 7.378662691652469903e+02
6.120739644970414020e+02 7.378195266272189201e+02
6.126106870229007200e+02 7.373015267175572944e+02
6.130101867572155925e+02 7.374066213921901181e+02
6.133738237810093779e+02 7.371958939264328592e+02
6.136537643555933528e+02 7.368515525308379210e+02
6.145179704016912865e+02 7.366799154334038349e+02
6.157197129590545046e+02 7.368889826931194875e+02
6.171062553556126886e+02 7.368341902313624132e+02
6.179272727272726797e+02 7.369826638477801453e+02
6.178531796841656387e+02 7.368749466495945626e+02
6.178381478334749772e+02 7.372115548003398544e+02
6.172827731092437489e+02 7.375109243697479542e+02
6.167311420143278156e+02 7.379544879898862746e+02
6.161008864499789297e+02 7.380367243562684507e+02
6.157839999999999918e+02 7.386648421052631193e+02
6.151494736842105340e+02 7.391726315789474029e+02
6.146418350168349889e+02 7.397390572390572743e+02
6.137516949152542338e+02 7.400940677966101475e+02
6.131695781849168725e+02 7.409663400085215699e+02
6.130848329048843652e+02 7.411126820908311856e+02
6.131111586147926573e+02 7.417135528003419722e+02
6.130426160337552801e+02 7.424063291139240164e+02
6.124687239366138556e+02 7.430679733110926009e+02
6.117808680994521637e+02 7.430750105351875163e+02
6.111173512154233549e+02 7.434031852472758146e+02
6.107805800756619874e+02 7.432526271542665199e+02
6.108150337837837469e+02 7.430726351351351013e+02
6.108464450988641374e+02 7.430138830458561188e+02
6.108618644067796595e+02 7.430690677966101703e+02
6.112325776658270797e+02 7.429412258606213300e+02
6.117547568710359656e+02 7.427150105708245746e+02
6.116579170194750077e+02 7.424868755292125115e+02
6.113531157270030008e+02 7.423938109368376672e+02
6.110584250635055241e+02 7.423382726502964033e+02
6.121498947368421568e+02 7.419389473684210543e+02
6.132634249471458361e+02 7.416490486257928296e+02
6.145703986429177803e+02 7.412094995759117637e+02
6.151595429538722328e+02 7.407968683876428031e+02
6.160519966722130221e+02 7.403269550748751726e+02
6.174455114822546875e+02 7.395227557411272983e+02
6.193835443037975210e+02 7.388046413502109999e+02
6.213773905652358280e+02 7.376621334466638018e+02
6.227111587982832361e+02 7.371708154506437722e+02
6.233558020477815944e+02 7.372141638225256202e+02
6.237488272921108319e+02 7.369970149253731506e+02
6.239065300896286317e+02 7.368945795988049667e+02
6.237539311517211900e+02 7.366952826179345948e+02
6.240547305897326851e+02 7.371960118795078643e+02
6.250423549343498735e+02 7.372520118593815823e+02
6.256471092077088088e+02 7.371014989293362305e+02
6.263512820512820554e+02 7.378175213675214081e+02
6.270534804753820026e+02 7.379881154499150853e+02
6.282247238742565969e+02 7.380977060322854868e+02
6.293302404048924927e+02 7.385579924082665002e+02
6.301160904822876319e+02 7.386478873239436780e+02
6.302604970008568444e+02 7.390094258783204850e+02
6.298132478632478524e+02 7.393474358974358438e+02
6.287233589087809378e+02 7.397877237851662358e+02
6.279843020789138563e+02 7.406160373355960473e+02
6.268856279671989569e+02 7.406991799741044815e+02
6.260606190885640672e+02 7.410791057609629888e+02
6.253751573646663928e+02 7.416332354175409591e+02
6.254627054361567389e+02 7.417353560893384383e+02
6.254162414965986727e+02 7.419953231292516875e+02
6.246832404629233224e+02 7.423369052721817525e+02
6.234554030874785440e+02 7.427036878216123341e+02
6.218137339055793973e+02 7.428012875536480806e+02
6.210875320239111943e+02 7.431088812980358398e+02
6.208978723404255788e+02 7.434357446808510304e+02
6.208964194373401142e+02 7.434156010230178708e+02
6.212795698924730914e+02 7.429772043010752895e+02
6.217037985488689174e+02 7.427298335467349943e+02
6.219672131147541450e+02 7.425146678170837049e+02
6.223317717206132329e+02 7.419339863713798877e+02
6.228244793880153338e+02 7.416685082872928660e+02
6.234593097571367935e+02 7.410715807413719176e+02
6.236322773972602818e+02 7.406605308219178596e+02
6.239813796022006045e+02 7.401946677951756328e+02
6.242977551884794138e+02 7.397361287590003940e+02
6.242577665827036526e+02 7.392716204869857393e+02
6.242495819397993273e+02 7.389335284280936094e+02
6.246045395024007121e+02 7.374024443474464761e+02
6.252385438972162319e+02 7.376822269807280463e+02
6.255566356720203203e+02 7.378833474218089350e+02
6.261680851063829323e+02 7.376595744680851112e+02
6.267857449549162538e+02 7.370940317732932954e+02
6.269548022598870602e+02 7.367205562798783376e+02
6.267788135593220886e+02 7.364347457627118274e+02
6.268134360290971472e+02 7.358408215661104350e+02
6.270715220235499601e+02 7.351809856083733621e+02
6.274800170068027683e+02 7.354085884353740994e+02
6.279444681759931655e+02 7.352896198205894507e+02
6.285194092827003942e+02 7.358337552742616481e+02
6.286705276705276901e+02 7.357867867867868199e+02
6.287655849701110355e+02 7.367280102476515822e+02
6.293385079775765689e+02 7.370245795601551890e+02
6.299222707423580232e+02 7.373545851528384674e+02
6.298569565217391073e+02 7.380452173913043907e+02
6.290264412657130606e+02 7.387841352405721409e+02
6.272163565556036247e+02 7.394011250540891069e+02
6.257489343563512421e+02 7.401768968456948414e+02
6.248009357720119397e+02 7.404734155678435172e+02
6.236351875808537670e+02 7.406476929711081993e+02
6.234505119453924635e+02 7.409982935153583412e+02
6.234813863928112596e+02 7.410333761232349161e+02
6.236075407026563653e+02 7.412677806341044970e+02
6.235483596080101734e+02 7.416050276949297313e+02
6.227832345469940947e+02 7.419237933954276514e+02
6.225625790139064293e+02 7.424968394437421466e+02
6.221243082162621931e+02 7.426066411238824685e+02
6.215780915703893470e+02 7.422524604193409914e+02
6.201589486858573537e+02 7.424785148101793766e+02
6.189398207426376075e+02 7.419206145966709300e+02
6.177144691780821404e+02 7.414096746575341967e+02
6.172132927888792437e+02 7.411798436142485116e+02
6.171559000861326467e+02 7.412596899224806748e+02
6.175709430756160145e+02 7.411019541206457006e+02
6.183433605500645172e+02 7.406854318865491678e+02
6.192707879843273986e+02 7.400936003482803471e+02
6.204944633730834767e+02 7.397644804088586170e+02
6.210156521739130540e+02 7.388634782608695559e+02
6.214732563115104540e+02 7.388557980316645626e+02
6.215906408094434710e+02 7.386964586846543170e+02
6.229278394534585459e+02 7.379376601195559715e+02
6.238042462845010050e+02 7.378492569002123673e+02
6.248643560119811582e+02 7.372263585793753009e+02
6.250907519446844844e+02 7.370851339671564801e+02
6.250664652567975281e+02 7.369063444108761587e+02
6.250414686825054105e+02 7.369010799136069636e+02
6.251031814273430882e+02 7.369363714531384630e+02
6.246556177356866328e+02 7.369418854928970859e+02
6.241266261925411527e+02 7.368547267996531218e+02
6.240437418796016118e+02 7.368705067128627206e+02
6.238522530329289566e+02 7.369272097053726611e+02
6.237050610820244856e+02 7.372281849912740199e+02
6.229702970297029196e+02 7.375880327163150696e+02
6.228951682484901085e+02 7.377126833477135506e+02
6.229922178988326777e+02 7.380034587116299463e+02
6.230109217999125804e+02 7.380083005679335884e+02
6.226236979166666288e+02 7.383485243055555429e+02
6.220736062717769528e+02 7.388763066202091068e+02
6.207298578199051917e+02 7.394657475226196084e+02
6.198406476352790833e+02 7.404899872177247744e+02
6.187757961783439669e+02 7.412169851380042473e+02
6.173641868512111159e+02 7.413953287197232385e+02
6.158098501070663815e+02 7.418912205567452247e+02
6.145000000000000000e+02 7.430455311973018979e+02
6.129216589861750890e+02 7.435458734813573756e+02
6.120731092436974450e+02 7.436735294117646617e+02
6.115405973916701896e+02 7.436525031552376959e+02
6.106862662746744945e+02 7.436081478370432478e+02
6.098642131979695478e+02 7.431366328257191753e+02
6.096045150501672651e+02 7.433712374581939457e+02
6.088262515776187911e+02 7.425464871687000823e+02
6.077643869891576287e+02 7.424336947456213238e+02
6.063728601252610133e+02 7.419290187891440382e+02
6.055981912144702619e+02 7.409978466838931581e+02
6.056666666666666288e+02 7.409404455869751018e+02
6.064925690021231048e+02 7.408985138004246664e+02
6.073299449385852995e+02 7.408962304108429180e+02
6.082338539468130421e+02 7.401680033769523561e+02
6.089777591271506481e+02 7.398615190935795454e+02
6.092218972001671773e+02 7.396861679899707269e+02
6.095238893545682686e+02 7.393025984911986370e+02
6.100897703549060225e+02 7.389336116910229748e+02
6.105407344871254054e+02 7.381042634022794573e+02
6.110539072294191101e+02 7.381136648558294837e+02
6.111190775681341165e+02 7.377702306079664822e+02
6.112479096989966365e+02 7.375882107023411436e+02
6.116787651230705478e+02 7.373996662494785141e+02
6.125082943428328690e+02 7.365516801361122816e+02
6.138864027538726305e+02 7.361807228915662336e+02
6.147988922028121124e+02 7.361542394546229389e+02
6.154191082802548181e+02 7.362522292993630799e+02
6.153565069944892230e+02 7.368033064857991121e+02
6.150807479813004193e+02 7.370263493412664957e+02
6.148128704487721734e+02 7.375000000000000000e+02
6.144478057094162295e+02 7.375385598636556779e+02
6.136207044673539031e+02 7.378470790378006541e+02
6.133176818950930738e+02 7.388604060913705780e+02
6.128847631241997078e+02 7.389291506615450089e+02
6.123601354210749150e+02 7.395044435040202870e+02
6.114497872340425602e+02 7.396212765957446891e+02
6.099697478991596427e+02 7.404268907563025550e+02
6.092304128053917793e+02 7.410117944397641168e+02
6.088494306199916082e+02 7.413901307465204127e+02
6.088312551953449656e+02 7.415170407315046077e+02
6.088223986627664317e+02 7.415486836606769430e+02
6.090367313248040091e+02 7.421828312009905630e+02
6.092721229746572362e+02 7.421940174491068092e+02
6.093729662077596458e+02 7.431372549019607732e+02
6.089949706621961241e+02 7.436517183570829275e+02
6.093556851311952869e+02 7.438129945855893084e+02
6.098668058455115215e+02 7.436484342379958434e+02
6.100351611552950999e+02 7.436634575136040439e+02
6.096234749684475673e+02 7.435098864114429489e+02
6.086494714587737462e+02 7.432114164904862719e+02
6.081849169152109198e+02 7.421785257775884475e+02
6.079264643009832980e+02 7.413608379649423341e+02
6.077663433150569290e+02 7.413129481231547970e+02
6.077100840336134979e+02 7.401411764705882206e+02
6.076599999999999682e+02 7.395812499999999545e+02
6.080165254237288082e+02 7.388622881355931895e+02
6.087363598500625130e+02 7.387538525614327227e+02
6.101463002114164738e+02 7.377581395348837532e+02
6.113081814328105565e+02 7.376523950826621103e+02
6.118037068239258360e+02 7.373938500421229492e+02
6.128356628547226137e+02 7.373854299025836099e+02
6.135072402044293085e+02 7.373096252129471395e+02
6.139641332194705683e+02 7.371955593509820801e+02
6.141518123667377722e+02 7.368515991471215330e+02
6.146059966216216708e+02 7.365375844594594810e+02
6.155539112050739732e+02 7.367843551797039936e+02
6.168951406649616729e+02 7.366389599317988086e+02
6.185876288659793545e+02 7.365395189003436371e+02
6.196108520559558883e+02 7.369105553200508893e+02
6.197438087105037994e+02 7.367668659265584665e+02
6.196911392405063452e+02 7.371468354430379577e+02
6.195896682066359062e+02 7.375023099538009319e+02
6.189743589743590064e+02 7.378961952026468225e+02
6.186043405676126667e+02 7.380050083472453935e+02
6.177693602693602770e+02 7.379894781144780609e+02
6.173389473684210316e+02 7.386686315789473838e+02
6.163968053804119336e+02 7.392526271542665199e+02
6.155884325230510967e+02 7.398650461022632498e+02
6.150396123050990127e+02 7.407193426042983901e+02
6.147432950191571308e+02 7.408854831843337934e+02
6.147949808592088630e+02 7.411382390472139150e+02
6.147405680373038876e+02 7.413806697753285562e+02
6.141045863694813534e+02 7.417445349335619085e+02
6.132871035940803495e+02 7.420752642706131610e+02
6.128111624003356610e+02 7.421796055392362632e+02
6.123046907430468764e+02 7.421872146118721503e+02
6.122236461347664545e+02 7.424927656056221394e+02
6.122268423219431952e+02 7.424158089748867724e+02
6.125014553014552803e+02 7.419276507276507573e+02
