7.684214186369957815e+02 7.334751970329160713e+02
7.795299860529986518e+02 7.387043235704323934e+02
7.898362435110901743e+02 7.436564417177913811e+02
7.993997227356746862e+02 7.476700554528650855e+02
8.093425841674248886e+02 7.528434940855322566e+02
8.167211319032405754e+02 7.566444545869466083e+02
8.218394724874942767e+02 7.588763074124601644e+02
8.243958699472759690e+02 7.609064147627416332e+02
8.233264949803578929e+02 7.612832824094282387e+02
8.187173818812310628e+02 7.599674902470741245e+02
8.090123348017621083e+02 7.573162995594714175e+02
7.986888489208632791e+02 7.541645683453236870e+02
7.852975022301516219e+02 7.513483496877787502e+02
7.683598026020637235e+02 7.465841184387617204e+02
7.525295508274231224e+02 7.424699763593380339e+02
7.374337674000897778e+02 7.388792096991468270e+02
7.211136870263040919e+02 7.338390548372715330e+02
7.062391111111111286e+02 7.300053333333332830e+02
6.931718679330620034e+02 7.255857078245137473e+02
6.785331877729257712e+02 7.220921397379912605e+02
6.653599109131403111e+02 7.182810690423162896e+02
6.538783783783783292e+02 7.157567567567567721e+02
6.409812880765883847e+02 7.128437771975630994e+02
6.287889182058047481e+02 7.110897097625329479e+02
6.186997802197802230e+02 7.090830769230768738e+02
6.077846425419240859e+02 7.076769638128861288e+02
5.986469534050179391e+02 7.065506272401433989e+02
5.915123859191655811e+02 7.066553672316383654e+02
5.839969578444154195e+02 7.065610604085180739e+02
5.766187050359711748e+02 7.071358442657638079e+02
5.700143763213530974e+02 7.076211416490485817e+02
5.628737655646200437e+02 7.080498067840275098e+02
5.558584628307434059e+02 7.104187316253675135e+02
5.491338682432432279e+02 7.119801520270269748e+02
5.418618947368421459e+02 7.140336842105263031e+02
5.343538862353451577e+02 7.160690403821103018e+02
5.290801056338028729e+02 7.190250880281689660e+02
5.244258675078864371e+02 7.219085173501576946e+02
5.214864986498649841e+02 7.259959495949594839e+02
5.200185348631951001e+02 7.304686672550750473e+02
5.190668998688238389e+02 7.346978574551814063e+02
5.194720658293633733e+02 7.396682546556951365e+02
5.199644097222221717e+02 7.440355902777778283e+02
5.207567215958368934e+02 7.487228967909800303e+02
5.207943231441048511e+02 7.537585152838428257e+02
5.204226666666667143e+02 7.575875555555555820e+02
5.197077625570776718e+02 7.612118721461187079e+02
5.195967814036656591e+02 7.655096110862762089e+02
5.197649647887324136e+02 7.688063380281689660e+02
5.199168110918544699e+02 7.718522530329289566e+02
5.202630669546435911e+02 7.737874730021597998e+02
5.196151217428449627e+02 7.748744126441691833e+02
5.184759267149552215e+02 7.748926288879420099e+02
5.153083994985373693e+02 7.743656498119514708e+02
5.121112500000000409e+02 7.729862500000000409e+02
5.060012771392081845e+02 7.702464878671775068e+02
4.981879310344827445e+02 7.670400862068966035e+02
4.899778663125276807e+02 7.635568835768038980e+02
4.806691863050244820e+02 7.601645175633615281e+02
4.707290836653386350e+02 7.548711819389110360e+02
4.617974290780142042e+02 7.507934397163120366e+02
4.524786361674579211e+02 7.464859732412602398e+02
4.422350427350427253e+02 7.408405982905983365e+02
4.344045279794959242e+02 7.370589491670226607e+02
4.261440860215053590e+02 7.328477419354838958e+02
4.178911564625850588e+02 7.298154761904761472e+02
4.126629454701588884e+02 7.269828252468870460e+02
4.091541850220264109e+02 7.257127753303964255e+02
4.081929824561403279e+02 7.241209602954755837e+02
4.106968995835261467e+02 7.249167052290606534e+02
4.158258215962441113e+02 7.259159624413146048e+02
4.257694538424359507e+02 7.277037216046398953e+02
4.385014895729891009e+02 7.311886792452829695e+02
4.523411934552454454e+02 7.344345524542829935e+02
4.701588785046728844e+02 7.386497786522380693e+02
4.855284231339594498e+02 7.427953534354918474e+02
5.004010643444605648e+02 7.454262215771649380e+02
5.174398826979472688e+02 7.499007820136852160e+02
5.316903363587827016e+02 7.512968499733048020e+02
5.451898936170213119e+02 7.536537234042552882e+02
5.597857531266993192e+02 7.574132680804784741e+02
5.715435779816514241e+02 7.602247706422018609e+02
5.846223776223775985e+02 7.623351264120494761e+02
5.979831045406547219e+02 7.649667370644139055e+02
6.087221929362150377e+02 7.662382709541381018e+02
6.193148148148147811e+02 7.681966966966966766e+02
6.296191446028512928e+02 7.693783095723014185e+02
6.375828313253011856e+02 7.700742971887550539e+02
6.451042084168336714e+02 7.705375751503006541e+02
6.526112869198311728e+02 7.707974683544304071e+02
6.579280205655527425e+02 7.709326478149100694e+02
6.650461204557785777e+02 7.691660336408029934e+02
6.723308823529412166e+02 7.689868697478991635e+02
6.781862284820031164e+02 7.681930099113197912e+02
6.846045340050377490e+02 7.673294710327455732e+02
6.921205981669078255e+02 7.657530149541727269e+02
6.973046948356807206e+02 7.637117370892018471e+02
7.024074941451990526e+02 7.608847775175644301e+02
7.061315667131566443e+02 7.570181311018130828e+02
7.080774941995359768e+02 7.532301624129930815e+02
7.088571428571428896e+02 7.486057692307692832e+02
7.088389043639740521e+02 7.437381615598885674e+02
7.087972328244275104e+02 7.385415076335877984e+02
7.087142857142856656e+02 7.340585253456221153e+02
7.083293957292139567e+02 7.291444797819173118e+02
7.080557804768330925e+02 7.253855150697255567e+02
7.079568345323740459e+02 7.213255395683453344e+02
7.084202508960573823e+02 7.176008064516129252e+02
7.087227151730256764e+02 7.149307897071872731e+02
7.089938189845474881e+02 7.117858719646799273e+02
7.083407796758650647e+02 7.100048182216381747e+02
7.081682368775235545e+02 7.080251233737101302e+02
7.083359267734554123e+02 7.074645308924484652e+02
7.101957671957671892e+02 7.067744107744107396e+02
7.133313027179007122e+02 7.084339268978444579e+02
7.184874418604650828e+02 7.102037209302325209e+02
7.257865116279069753e+02 7.121865116279069525e+02
7.325631199278628856e+02 7.156555455365194121e+02
7.416815144766146659e+02 7.198405345211581334e+02
7.525233904585455775e+02 7.235660027790644335e+02
7.622975206611570229e+02 7.282998163452708695e+02
7.721809830041340774e+02 7.324382177308222026e+02
7.834779614325068451e+02 7.375945821854912765e+02
7.928802650260292921e+02 7.420009465215333648e+02
8.021691519105312409e+02 7.459729729729730252e+02
8.118122087604846229e+02 7.503993476234855962e+02
8.187104656523744097e+02 7.535435684647302423e+02
8.248023820026467092e+02 7.568006175562417184e+02
8.282462555066078949e+02 7.587660792951542135e+02
8.280846354166666288e+02 7.588311631944444571e+02
8.231422357546759940e+02 7.578264462809917177e+02
8.133965744400527456e+02 7.549183135704874985e+02
8.028020786262991351e+02 7.520682331676457579e+02
7.874638851502916168e+02 7.488290713324361150e+02
7.695238095238095184e+02 7.437717086834734346e+02
7.547413162705666991e+02 7.409076782449725442e+02
7.380451404882542192e+02 7.361787194841086830e+02
7.211928251121075846e+02 7.323228699551569889e+02
7.067252047315741947e+02 7.288020928116469577e+02
6.923649602824359590e+02 7.253468667255075388e+02
6.772080595707402608e+02 7.216491458607096092e+02
6.650899170667830731e+02 7.196093408991706610e+02
6.520614452617913912e+02 7.171774123755949404e+02
6.390269214068606516e+02 7.145240990013026021e+02
6.175649493615147776e+02 7.114324086305592800e+02
