6.207437337942956219e+02 7.394451166810716813e+02
6.188343478260869688e+02 7.394965217391304577e+02
6.179588512644663751e+02 7.393343334762108725e+02
6.169342049768030165e+02 7.393808519611977772e+02
6.165866326096211196e+02 7.391966794380587089e+02
6.166467576791808369e+02 7.392188566552900966e+02
6.170826552462526706e+02 7.391434689507494795e+02
6.175203078238563421e+02 7.390457460453185377e+02
6.176895806312148807e+02 7.388573281452659103e+02
6.178501303214595737e+02 7.388423110338835613e+02
6.191223083548665045e+02 7.390809646856158679e+02
6.197050359712229692e+02 7.397579348286077447e+02
6.187528613819415568e+02 7.394633319203052224e+02
6.168294442087399148e+02 7.394187526516758453e+02
6.155092670598146469e+02 7.392535804549283966e+02
6.144230607966457001e+02 7.391857442348008362e+02
6.134936921783011030e+02 7.390689655172413950e+02
6.126128061882251359e+02 7.387430167597765376e+02
6.129405123751628253e+02 7.387073382544507467e+02
6.136468321917808453e+02 7.391665239726027039e+02
6.154387883887252428e+02 7.394795961295750431e+02
6.163144547759932266e+02 7.394442096365173711e+02
6.162570585756426453e+02 7.396228402865571070e+02
6.157640830156713037e+02 7.395789919525624327e+02
6.137433290978399327e+02 7.390796272765777530e+02
6.110734415029888851e+02 7.388112724167377792e+02
6.094814013840830285e+02 7.387746539792387921e+02
6.096872837370242451e+02 7.385947231833910109e+02
6.113171046962515902e+02 7.385988797931926229e+02
6.130626340626340607e+02 7.385010725010724855e+02
6.150891423743134965e+02 7.384841571609632638e+02
6.172096706961233394e+02 7.391275531471446811e+02
6.192119679730299140e+02 7.391723556679309013e+02
6.189520233625364654e+02 7.392327909887359283e+02
6.171297229219143219e+02 7.393576826196473348e+02
6.151121134020618229e+02 7.393698453608247974e+02
6.143786701208980503e+02 7.390513816925733863e+02
6.139759553456418644e+02 7.391764705882352473e+02
6.156213463241806494e+02 7.385496014171833394e+02
6.185998307952622781e+02 7.392846869712351463e+02
6.213754280821917746e+02 7.392238869863014088e+02
6.216888984509466809e+02 7.394806368330464466e+02
6.202662645411460289e+02 7.391477811288237945e+02
6.191686325906509865e+02 7.391861074705111605e+02
6.182479302832243775e+02 7.392575163398693121e+02
6.180308561495002095e+02 7.391564537157757968e+02
6.182867042009528404e+02 7.393659592897357697e+02
6.190154109589041127e+02 7.399854452054794365e+02
6.203143468950748911e+02 7.399254817987151682e+02
6.219974093264248722e+02 7.396191709844559909e+02
6.224511568123393772e+02 7.397283633247643593e+02
6.231546304163126706e+02 7.403007646559047998e+02
6.230226592560923109e+02 7.396442924326635193e+02
6.222234733650931275e+02 7.394265915980944328e+02
6.204480491012714083e+02 7.393625602805786912e+02
6.190694980694980813e+02 7.397271557271557185e+02
6.192661531878476353e+02 7.395853658536585726e+02
6.207037351443124180e+02 7.396464346349745256e+02
6.217884534344710801e+02 7.400408765276022223e+02
6.216395851339671026e+02 7.403210890233361852e+02
6.215962297238053225e+02 7.402989916703199924e+02
6.224868881118881063e+02 7.404099650349650119e+02
6.223155149934810879e+02 7.405749674054758316e+02
6.217427331887201944e+02 7.406503253796095123e+02
6.194132630654369223e+02 7.408102766798418770e+02
6.170972812234494995e+02 7.406741716227697907e+02
6.169408486926703290e+02 7.408405486498071468e+02
6.165841161400512647e+02 7.407036720751494840e+02
6.158476764199655236e+02 7.403700516351118495e+02
6.158386117136659550e+02 7.402039045553145797e+02
6.160232858990943896e+02 7.405109961190167951e+02
6.159669243986254514e+02 7.405455326460480592e+02
6.156106118955926831e+02 7.407856225930680694e+02
6.159347168179853043e+02 7.406705577172502899e+02
6.172173160173159658e+02 7.408303030303030710e+02
6.170906344410875590e+02 7.408459214501510814e+02
6.136001730852444780e+02 7.402643877109476307e+02
