6.170244107744107396e+02 7.400993265993265595e+02
6.178009278785323204e+02 7.401830451286376729e+02
6.185222363405337092e+02 7.398077085980517040e+02
6.189558508358336439e+02 7.396789541363051512e+02
6.202545064377682138e+02 7.396686695278970092e+02
6.206205260888314115e+02 7.393199655023717014e+02
6.209827511858559319e+02 7.395338507977576228e+02
6.212007705479452397e+02 7.398309075342465349e+02
6.209935760171306356e+02 7.396886509635974107e+02
6.208987664823479236e+02 7.396792854104636490e+02
6.205010570824524621e+02 7.397991543340380076e+02
6.195404489623041400e+02 7.399275730622617857e+02
6.193426870748298825e+02 7.399770408163265074e+02
6.193361486486486456e+02 7.402808277027027088e+02
6.190314201927104705e+02 7.403250942605781120e+02
6.193288307302659632e+02 7.399248628113127779e+02
6.194523809523809632e+02 7.400722789115645810e+02
6.191258474576271738e+02 7.400419491525424291e+02
6.172967409948541899e+02 7.397928816466552462e+02
6.164100208768267066e+02 7.402826722338204490e+02
6.164751037344398128e+02 7.403771784232365007e+02
6.169349387410223926e+02 7.402496831432192721e+02
6.166332078628189493e+02 7.403249686323713377e+02
6.158362427265170709e+02 7.401608478802992295e+02
6.159480519480518979e+02 7.398755760368663914e+02
6.172931461601981482e+02 7.399739884393063676e+02
6.188107098381070728e+02 7.398231631382316209e+02
6.184820534223706545e+02 7.396131051752921621e+02
6.172282930961456486e+02 7.396416772554002819e+02
6.162740899357601165e+02 7.393794432548179429e+02
6.171322525597269077e+02 7.396975255972696459e+02
6.180534511784511551e+02 7.400214646464646648e+02
6.186709597008724586e+02 7.401366846697133042e+02
6.197932034811437916e+02 7.401786158309158736e+02
6.202433333333333394e+02 7.400225000000000364e+02
6.209375796178344444e+02 7.397087048832271421e+02
