6.279498299319727721e+02 7.485977891156462647e+02
6.236124422026061893e+02 7.471567885666246411e+02
6.181839999999999691e+02 7.455524210526315301e+02
6.112226012793177006e+02 7.431978678038379940e+02
6.038474795346833162e+02 7.408190435157259799e+02
5.970835145715528824e+02 7.386128751631143814e+02
5.904727905964301726e+02 7.359333913800609253e+02
5.855298804780876480e+02 7.336285967242142760e+02
5.826165780141843697e+02 7.322819148936169995e+02
5.813650580875781770e+02 7.305621090259160155e+02
5.824544646823634366e+02 7.301443802754331500e+02
5.862010676156584168e+02 7.296997330960854242e+02
5.924842381786339729e+02 7.299225043782837474e+02
5.998490153172866712e+02 7.310713347921225704e+02
6.072469458987783355e+02 7.326876090750436106e+02
6.159750437828371332e+02 7.346957092819615127e+02
6.255947625388371307e+02 7.369662671992898595e+02
6.332978906586311041e+02 7.396074042186827455e+02
6.418275261324041594e+02 7.416088850174215850e+02
6.495095259193619768e+02 7.434762959680992935e+02
6.553158813263524962e+02 7.455619546247818334e+02
6.603577512776831782e+02 7.475732538330494208e+02
6.620013060513713299e+02 7.479381802350892485e+02
6.608053287494627739e+02 7.482672969488611443e+02
6.559350762527233201e+02 7.476579520697167709e+02
6.487620704654196970e+02 7.465976511526750983e+02
6.415170128148475897e+02 7.447627043747238531e+02
6.318769702276707676e+02 7.432285464098073362e+02
6.220274700930439167e+02 7.406043420469650300e+02
6.131125108601216880e+02 7.385473501303214334e+02
6.040378657487091232e+02 7.365413080895008306e+02
5.952587322121604529e+02 7.347369555843035869e+02
5.877750642673521497e+02 7.336958011996572395e+02
5.817950680272108457e+02 7.332640306122449374e+02
5.780667236954661803e+02 7.329473909324208307e+02
5.781041490262489333e+02 7.337544453852667630e+02
5.806373720136518841e+02 7.347320819112627532e+02
5.854048759251197680e+02 7.353861558554636986e+02
5.907588339222614877e+02 7.367402826855123976e+02
5.994464993394980183e+02 7.378987230295024347e+02
6.089558429973237708e+02 7.399290811775200609e+02
6.165984147952443664e+02 7.413628357551739327e+02
6.260677966101694665e+02 7.435497609734898106e+02
6.334798422436459759e+02 7.450534618755477823e+02
6.382069580731489395e+02 7.463996431757359460e+02
6.426313405797101268e+02 7.471607789855072497e+02
6.459222415291051220e+02 7.482523892267593055e+02
6.481190373871937709e+02 7.481830683283196777e+02
6.468094413165872538e+02 7.473967085318320187e+02
6.433222707423581141e+02 7.450231441048034640e+02
6.396553356282272489e+02 7.433334767641996450e+02
6.347855924978687199e+02 7.410865302642796451e+02
6.278298052497883646e+02 7.386215071972903843e+02
6.216188436830834689e+02 7.363832976445396525e+02
6.130471293916024251e+02 7.341152527849185390e+02
6.055573491928631711e+02 7.322272727272727479e+02
5.999892241379310462e+02 7.305366379310345337e+02
5.953151750972762102e+02 7.296718547341115482e+02
5.916604429005644761e+02 7.294298740772904921e+02
5.902127937336814512e+02 7.296035683202785549e+02
5.912981148619027181e+02 7.302770714598859740e+02
5.941572299651568301e+02 7.315644599303135465e+02
5.980277166739990662e+02 7.325098988121425236e+02
6.034868651488616251e+02 7.347714535901926638e+02
6.092035901926444694e+02 7.372644483362521441e+02
6.142850857897052492e+02 7.392582490101187886e+02
6.202084942084942440e+02 7.416181896181896036e+02
6.261018835616438309e+02 7.436014554794520564e+02
6.306915167095115748e+02 7.450411311053984491e+02
6.327207207207206920e+02 7.463693693693693376e+02
6.335910828025478168e+02 7.475295116772823576e+02
6.323513398553807292e+02 7.474670353041259432e+02
6.287564102564102768e+02 7.472846153846153356e+02
6.234773626373626030e+02 7.458496703296702890e+02
6.186745384285101181e+02 7.453297552597681488e+02
6.122310344827586732e+02 7.433250000000000455e+02
6.053118001722652934e+02 7.416136950904392506e+02
6.000356255178127185e+02 7.403612261806131301e+02
5.950885529157667406e+02 7.365278617710582694e+02
5.910385109114248507e+02 7.350059905862216283e+02
5.876057858376510694e+02 7.333626943005181147e+02
5.856037256562235598e+02 7.324441151566469443e+02
5.864422154382904182e+02 7.306306149149585281e+02
5.899645753307725045e+02 7.304498506188647298e+02
5.948835616438356055e+02 7.303326198630137469e+02
6.086896398399288728e+02 7.324295242329924349e+02
