6.192117647058823877e+02 7.379581699346405230e+02
6.176839539007091844e+02 7.378439716312057044e+02
6.170827402135231523e+02 7.382001779359430884e+02
6.160741543798785642e+02 7.394254119687770981e+02
6.153427947598253240e+02 7.392860262008733798e+02
6.145501745200698451e+02 7.395157068062827648e+02
6.141292307692307304e+02 7.401195604395604732e+02
6.142610773240660365e+02 7.405964378801043040e+02
6.142092013888889142e+02 7.405772569444444571e+02
6.140644185041072660e+02 7.407790747946389729e+02
6.141270527225583464e+02 7.407882454624027559e+02
6.149608619173262696e+02 7.402198768689534063e+02
6.153144352376798452e+02 7.403052769297862596e+02
6.156663763066202364e+02 7.402243031358884764e+02
6.163889852558543225e+02 7.400628794449262386e+02
6.181427951388889142e+02 7.398615451388889142e+02
6.199435518888406023e+02 7.396561007381676518e+02
6.212196405085488777e+02 7.392753178430513117e+02
6.229759405074365759e+02 7.392799650043745032e+02
6.249666666666666970e+02 7.385653333333333421e+02
6.264750551876379632e+02 7.384286975717438963e+02
6.271585040071237245e+02 7.382720391807657734e+02
6.261687800612155570e+02 7.387188456493222475e+02
6.251380243572394875e+02 7.374668470906630091e+02
6.239504424778760949e+02 7.378026548672565923e+02
6.226439066551425867e+02 7.383383751080380080e+02
6.203296263345196166e+02 7.378843416370107207e+02
6.186088869335679874e+02 7.382490101187856908e+02
6.179973533303925706e+02 7.383797970886633948e+02
6.171914612676056322e+02 7.388094190140844830e+02
6.152990132990132679e+02 7.396816816816816527e+02
