6.233017316017316034e+02 7.409606060606060964e+02
6.228719253604749611e+02 7.412145886344359269e+02
6.228096261280618364e+02 7.409192092823377607e+02
6.221352282515073284e+02 7.407299741602066661e+02
6.206685764654032482e+02 7.401798148964301163e+02
6.194858828487147093e+02 7.404045512010113725e+02
6.178516129032258277e+02 7.394804301075268995e+02
6.160836192109776448e+02 7.392375643224700070e+02
6.153329081632653015e+02 7.391755952380951840e+02
6.153011695906433260e+02 7.393120300751879768e+02
6.150181052631578495e+02 7.388324210526316165e+02
6.150656156795910192e+02 7.381823604601619309e+02
6.153769941225860975e+02 7.384139378673384044e+02
6.151255736337087683e+02 7.385206508135169088e+02
6.155021132713440011e+02 7.381677937447168460e+02
6.162635163899532245e+02 7.387130693912303059e+02
6.175161987041036582e+02 7.386552915766739034e+02
6.191146278870829747e+02 7.392664670658682553e+02
6.206745462220345644e+02 7.397619248628112700e+02
6.214639043143955632e+02 7.398684322938914875e+02
6.218548179871520460e+02 7.406689507494646705e+02
6.218033419023136048e+02 7.407737789203084731e+02
6.213562717770034851e+02 7.408671602787457005e+02
6.211248380129590032e+02 7.410414686825054105e+02
6.205354838709677097e+02 7.409690322580645443e+02
6.202633832976445092e+02 7.409867237687366242e+02
6.186015293118097134e+02 7.409545454545454959e+02
