7.271206526406183457e+02 7.571099184199226784e+02
7.276392595781317141e+02 7.572307361170899185e+02
7.271219298245614482e+02 7.553653508771930092e+02
7.269267643142476345e+02 7.526391478029294149e+02
7.268918312387792184e+02 7.490834829443447234e+02
7.267256069628950854e+02 7.449207512597342884e+02
7.260448229493500776e+02 7.396929627969520880e+02
7.250486415425066298e+02 7.352256792287466851e+02
7.240119402985075112e+02 7.305884861407249673e+02
7.214409282700421500e+02 7.240890295358649382e+02
7.164181516784086625e+02 7.193829258184832725e+02
7.085311447811448033e+02 7.141611952861952659e+02
6.964190082644628319e+02 7.095429752066115725e+02
6.848479282357966440e+02 7.058154634771465226e+02
6.726903001304915506e+02 7.028825576337537768e+02
6.571101282618310506e+02 7.007368421052631220e+02
6.434884814292430519e+02 7.000973201692524981e+02
6.312793136320304939e+02 6.997078169685414650e+02
6.194296768320436968e+02 7.018543468365953686e+02
6.103259118900995190e+02 7.036281383230696065e+02
6.033740842490842624e+02 7.076460622710623056e+02
5.946054176072234441e+02 7.130329571106094591e+02
5.873810823101409824e+02 7.187530695770805096e+02
5.805991735537189697e+02 7.242828282828282909e+02
5.734756326148078642e+02 7.299461105904405258e+02
5.686044528659402886e+02 7.355528185693983687e+02
5.647956480605487286e+02 7.402748344370860423e+02
5.607578845220766652e+02 7.446720038816108627e+02
5.589464114832535415e+02 7.482464114832536097e+02
5.591465517241379075e+02 7.523997277676951398e+02
5.597227508650519212e+02 7.555640138408303983e+02
5.598610634648370024e+02 7.580561749571184009e+02
5.601835051546391924e+02 7.602503092783505281e+02
5.592508223684210407e+02 7.614991776315789593e+02
5.574920505503465620e+02 7.628764777823073473e+02
5.553531073446328037e+02 7.638151735270379277e+02
5.509862614487926749e+02 7.638030807660283017e+02
5.473772802653400049e+02 7.637450248756218798e+02
5.443717948717949184e+02 7.633576923076923322e+02
5.422317229585293035e+02 7.629256092347156937e+02
5.421077971878994504e+02 7.620021303792075287e+02
5.433884228187919234e+02 7.613997483221476159e+02
5.436801332778009055e+02 7.598900458142441039e+02
5.440607304062372123e+02 7.588855149774312849e+02
5.440771144278606926e+02 7.574552238805970319e+02
5.439641089108911274e+02 7.566439768976897540e+02
5.425668868703551198e+02 7.556011560693641513e+02
5.401563160118292899e+02 7.542771440642162588e+02
5.369740315027671613e+02 7.524985100042571275e+02
5.337926148561614355e+02 7.508836410476599212e+02
5.315751520417028360e+02 7.489404865334491888e+02
5.305250763192324257e+02 7.466925425207151648e+02
5.286987590928540612e+02 7.437415489944372666e+02
5.273784355179703880e+02 7.413551797040169049e+02
5.249680715197956715e+02 7.386045125585355891e+02
5.226188034188033953e+02 7.364076923076922867e+02
5.199691438504997905e+02 7.340673620165146076e+02
5.156944444444444571e+02 7.316098090277778283e+02
5.116461126005361848e+02 7.293923145665772836e+02
5.082721088435374099e+02 7.282684807256235899e+02
5.061549421193232661e+02 7.278455031166517983e+02
5.051885098743267690e+02 7.269313285457809570e+02
5.052941431670282100e+02 7.272195227765727168e+02
5.059933082392304300e+02 7.283964868255959573e+02
5.073334683954619209e+02 7.303650729335494134e+02
5.081133935907970454e+02 7.320936729663105780e+02
5.093135002051702713e+02 7.357037340993024372e+02
5.098219120135364051e+02 7.394120135363790496e+02
5.096851363236587531e+02 7.435721196130167527e+02
5.099673076923077133e+02 7.479427884615384983e+02
5.123950248756218571e+02 7.549094527363183715e+02
5.157167381974248883e+02 7.593889484978541304e+02
5.226542553191488878e+02 7.662627659574468453e+02
5.437865044247787409e+02 7.758462389380531476e+02
5.586201431492842175e+02 7.810817995910020954e+02
5.748798604187437604e+02 7.839152542372880816e+02
5.886493756003842464e+02 7.839265129682996758e+02
6.026903898458748472e+02 7.824814143245693003e+02
6.146528925619834354e+02 7.787832874196510602e+02
6.232747152619590452e+02 7.748505694760820006e+02
6.321009337483326362e+02 7.695722543352601406e+02
6.391326759300761751e+02 7.645885253249663265e+02
6.438540080609045617e+02 7.602333184057322342e+02
6.493411131059245918e+02 7.545938061041292713e+02
6.542170193606483508e+02 7.497442593426384292e+02
6.592896007020623301e+02 7.462338745063624401e+02
6.645797349294570040e+02 7.418041898247114432e+02
6.686233988044406260e+02 7.367907771135780877e+02
6.716565440547476555e+02 7.329080410607356271e+02
6.731946666666666488e+02 7.278826666666666370e+02
6.737929292929293297e+02 7.243925619834710687e+02
6.734567329939842466e+02 7.218769088385006398e+02
6.736466922339405983e+02 7.193020134228188454e+02
6.753666169895677740e+02 7.170064580228514615e+02
6.772139628327473702e+02 7.163731793068809566e+02
6.792181638696939672e+02 7.167354392892399346e+02
6.820243320610686624e+02 7.172709923664122016e+02
6.851613053613053808e+02 7.180303030303030027e+02
6.887191937700412154e+02 7.183385249656436145e+02
6.910467625899281074e+02 7.187715827338129202e+02
6.924703257474342308e+02 7.186073181615349768e+02
6.926621803499326688e+02 7.188972633467923288e+02
6.921149321266968855e+02 7.190633484162896139e+02
6.913186516853932062e+02 7.195065168539325668e+02
6.907640346873573662e+02 7.205175718849840223e+02
6.916322727272727207e+02 7.221954545454545951e+02
6.930312783318222500e+02 7.235611967361741108e+02
6.953030575539568190e+02 7.260391187050360031e+02
6.988319724967769844e+02 7.290219166308552303e+02
7.010744364100382882e+02 7.306129306678009243e+02
7.034410256410255897e+02 7.329384615384615245e+02
7.053031496062992574e+02 7.344943132108486452e+02
7.067203975799480986e+02 7.359390665514260945e+02
7.089029982363315412e+02 7.373589065255731612e+02
7.108059108954565772e+02 7.398963387737097719e+02
7.134720992028343289e+02 7.420181576616474786e+02
7.164059187279151502e+02 7.447477915194345996e+02
7.200008654262223899e+02 7.474257897014279024e+02
7.227483674357857808e+02 7.497483674357857808e+02
7.260012858979854400e+02 7.533861980282897548e+02
7.286582656984194273e+02 7.565724049551473627e+02
7.300941684665226603e+02 7.582207343412527507e+02
7.307570937231298558e+02 7.581530524505589028e+02
7.297100694444444571e+02 7.568619791666666288e+02
7.295431989366416019e+02 7.542791315906069940e+02
7.297376080036380017e+02 7.501487039563437520e+02
7.294664891256103374e+02 7.466444740346205435e+02
7.289607318161534977e+02 7.419446675591253779e+02
7.287652019529516565e+02 7.357154904571682437e+02
7.274880444064901894e+02 7.304816396242528072e+02
7.249810309278350360e+02 7.260478350515463717e+02
7.197994338859684831e+02 7.197618277395876021e+02
7.107402164862614882e+02 7.140641132389674794e+02
7.007522897585345163e+02 7.103763530391340737e+02
6.874332904332903809e+02 7.058927498927498618e+02
6.735480769230769056e+02 7.026254370629370669e+02
6.606347864768682712e+02 7.008478647686832801e+02
6.454638888888888459e+02 6.991879629629629562e+02
6.321480605487228104e+02 6.985340586565752119e+02
6.218435171385990543e+02 6.991475409836065182e+02
6.125143678160919762e+02 7.020526819923371704e+02
6.051653687585891248e+02 7.051919377004122680e+02
5.994218887908208444e+02 7.107409532215357331e+02
5.919674725274725233e+02 7.166017582417582616e+02
5.837309479553903202e+02 7.221217472118959222e+02
5.711945231350330232e+02 7.337001888574126269e+02
