6.244641188959660667e+02 7.396709129511676792e+02
6.227193575655113591e+02 7.397637362637362912e+02
6.197939189189189619e+02 7.395287162162162531e+02
6.164141630901287954e+02 7.390575107296136821e+02
6.145542832909245590e+02 7.393057675996607259e+02
6.145685279187816832e+02 7.393591370558375502e+02
6.159160599571735020e+02 7.391023554603854109e+02
6.161993214588634373e+02 7.391743002544528736e+02
6.158818297331639542e+02 7.391605252011859193e+02
6.145326359832636172e+02 7.392878661087866021e+02
6.123755789473684672e+02 7.390399999999999636e+02
6.104073139974778996e+02 7.390937368642286174e+02
6.096526766595288791e+02 7.389477516059956770e+02
6.101440363186133027e+02 7.398819645068097088e+02
6.108916907813145372e+02 7.400186027284001966e+02
6.115246108540176238e+02 7.398809423643248238e+02
6.119466610667786881e+02 7.400634187316253474e+02
6.115611087778244155e+02 7.400268794624107613e+02
6.103391267486223342e+02 7.398507842306062230e+02
6.096980008507018738e+02 7.401607826456827297e+02
6.095637358014304255e+02 7.403904080774085514e+02
6.104146134239591674e+02 7.400564995751911965e+02
6.120621065883340179e+02 7.399509022240872582e+02
6.140573089700997116e+02 7.399418604651162923e+02
6.153729525409491998e+02 7.394813103737925530e+02
6.153662207357859870e+02 7.396994147157190582e+02
6.139225967540573947e+02 7.397981689554723062e+02
6.127804154302671122e+02 7.393569309029250007e+02
6.134897959183673493e+02 7.393732993197278347e+02
6.150580016934801506e+02 7.395093141405588995e+02
6.179026169026169555e+02 7.389974259974260349e+02
6.201079258010117883e+02 7.391302698145025261e+02
6.214948849104858937e+02 7.393120204603580987e+02
6.216484076433121118e+02 7.394484076433120663e+02
6.210651521645949060e+02 7.396909558508358487e+02
6.207297297297296836e+02 7.395331299040976774e+02
6.221046461137646020e+02 7.398497611810681747e+02
6.249452649869677998e+02 7.396459600347524201e+02
6.277741246797609165e+02 7.401861656703672452e+02
6.298871244635192852e+02 7.400613733905579465e+02
6.299654008438818664e+02 7.403679324894515048e+02
6.281791808873720129e+02 7.401561433447099034e+02
6.259067291311754389e+02 7.401077512776831782e+02
6.242567681895093301e+02 7.404217428087986264e+02
6.238261052631578423e+02 7.402745263157894442e+02
6.238966094600251608e+02 7.403884470489745127e+02
6.241235093696762988e+02 7.399476149914821690e+02
6.240602866779089481e+02 7.402150084317031542e+02
6.221730520878174957e+02 7.396887645286267343e+02
6.188259023354564761e+02 7.396191082802547498e+02
6.158655710071639078e+02 7.397968815844922119e+02
6.137009267059814874e+02 7.400037910699242047e+02
6.135963226076055435e+02 7.397563727538654348e+02
6.147035175879397002e+02 7.395075376884421985e+02
6.152182590233545625e+02 7.393571125265392538e+02
6.143648249683677705e+02 7.393336145086461784e+02
