6.171795989537924925e+02 7.414311246730601397e+02
6.123670668953687937e+02 7.416295025728987866e+02
6.102912951167728579e+02 7.418475583864118335e+02
6.086910327241819232e+02 7.420089247768805762e+02
6.072178005990585916e+02 7.428151476251604208e+02
6.050200085142613489e+02 7.433154533844189018e+02
6.023136246786632455e+02 7.437352185089973773e+02
5.999447537473233751e+02 7.440642398286937578e+02
5.995213043478261170e+02 7.443813043478261307e+02
6.012037440139312139e+02 7.444745319982586125e+02
6.035271385149804928e+02 7.442544507164567449e+02
6.055846947549441666e+02 7.435984522785898889e+02
6.061433506044904789e+02 7.430561312607944728e+02
6.059638865004299078e+02 7.420623387790197967e+02
6.043916415338215984e+02 7.416087893149503998e+02
6.023922246220301986e+02 7.412634989200863629e+02
6.018292787025181951e+02 7.406457533077251583e+02
6.028548596112310634e+02 7.397900647948164305e+02
6.071870129870129631e+02 7.391385281385281587e+02
6.132732456140350905e+02 7.382894736842105203e+02
6.186332622601279354e+02 7.378349680170575766e+02
6.231705227077977725e+02 7.373980291345329761e+02
6.247080665813060705e+02 7.373935125906956500e+02
6.249177545691906062e+02 7.367532637075718185e+02
6.262424242424242493e+02 7.368082251082250878e+02
6.288548951048951494e+02 7.365240384615384528e+02
6.310066137566137741e+02 7.357394179894180297e+02
6.322453321754234139e+02 7.356886669561441749e+02
6.315727780163159650e+02 7.354675826534993348e+02
6.302094535993061299e+02 7.348811795316565849e+02
6.274960560911481480e+02 7.347616126205083447e+02
6.258165499124343114e+02 7.349807355516637699e+02
6.261985357450473657e+02 7.352174849267872787e+02
6.278370620514984921e+02 7.361477416631489632e+02
6.295748167313497561e+02 7.367343682621819880e+02
6.307411210954214766e+02 7.377608044501497488e+02
6.305319331333047330e+02 7.384414916416631058e+02
6.282404513888889142e+02 7.392026909722221717e+02
6.236551575312904561e+02 7.399987052222701323e+02
6.169425033171163477e+02 7.401344537815126614e+02
6.111744288224956563e+02 7.401757469244288359e+02
6.092122954444936340e+02 7.403808049535604141e+02
6.078688021061868767e+02 7.405081175954366017e+02
6.063251401466148991e+02 7.410754635618801558e+02
6.051326226012793086e+02 7.425965884861407176e+02
6.026245194361383710e+02 7.430841520717641515e+02
5.994622435617634437e+02 7.430824967263204144e+02
