6.108659242761692667e+02 7.398993318485523787e+02
6.121695501730104070e+02 7.404152249134948534e+02
6.138509075194468778e+02 7.401573033707865079e+02
6.166698481561821836e+02 7.398971800433839690e+02
6.200625262274444367e+02 7.408132605958875274e+02
6.229005823627287555e+02 7.406143926788685121e+02
6.242876198416006446e+02 7.403830762817840423e+02
6.259646128226478368e+02 7.402256452955870145e+02
6.268845188284518599e+02 7.404443514644351581e+02
6.269629161399072927e+02 7.404778761061946852e+02
6.272313104661390071e+02 7.400729991204925682e+02
6.277515445719328682e+02 7.398164165931156049e+02
6.281205417607224035e+02 7.390966139954853134e+02
6.284714098646878710e+02 7.396320384111741078e+02
6.296571675302245694e+02 7.402996545768565966e+02
6.308131545873480945e+02 7.404675324675324646e+02
6.314918872758325961e+02 7.401238257899231030e+02
6.313306485799067787e+02 7.404243323442136671e+02
6.293398184176394352e+02 7.401569390402074760e+02
6.268067226890756274e+02 7.409306722689075286e+02
6.241180525635502363e+02 7.407535545023696386e+02
6.215240756663800994e+02 7.405249355116079641e+02
6.195254833040421545e+02 7.403334797891036487e+02
6.175591818973019826e+02 7.408816362053960347e+02
6.163937664618085819e+02 7.408195785776997582e+02
6.154053938356164508e+02 7.409075342465753238e+02
6.136225304749895031e+02 7.408184110970996699e+02
6.123122134222592194e+02 7.406481867444769023e+02
6.104661746617466633e+02 7.408487084870848776e+02
6.086665252439541973e+02 7.402019516334323725e+02
6.063909871244635497e+02 7.398751072961373438e+02
6.050598438855159884e+02 7.396426712922809656e+02
6.042732406602954143e+02 7.397680278019113302e+02
6.043929195804196297e+02 7.399694055944055435e+02
6.051707638279192452e+02 7.399644424934152767e+02
6.058926086956521431e+02 7.397408695652173947e+02
6.065724455611390340e+02 7.402826633165828980e+02
6.076300626304802108e+02 7.401427974947807797e+02
6.082493847415914843e+02 7.404183757178014957e+02
6.088310615448161798e+02 7.404465097067327406e+02
6.095675449602676963e+02 7.403007109995817245e+02
6.097916841663167133e+02 7.403191936161276772e+02
6.101193771626298030e+02 7.397288062283737418e+02
6.107013208351086178e+02 7.403566254793353210e+02
6.118365261813537472e+02 7.404116645381012631e+02
6.141866666666666106e+02 7.399582795698925111e+02
6.167260447446179796e+02 7.401810890671168863e+02
6.198383032339353349e+02 7.402305753884921842e+02
6.226445295870582868e+02 7.396858237547892259e+02
6.239471846355303342e+02 7.386826713225665344e+02
6.253560319461959125e+02 7.396208490962588940e+02
6.267531914893617113e+02 7.397336170212765865e+02
