6.183918563922942440e+02 7.398625218914185098e+02
6.187064612751390769e+02 7.400047068891741446e+02
6.186776400171013393e+02 7.398875587858059362e+02
6.173530655391120945e+02 7.404042283298097118e+02
6.168414582450191119e+02 7.403459092835947786e+02
6.160844537815125932e+02 7.404151260504202128e+02
6.153049853372433518e+02 7.405299539170506478e+02
6.154610226320201036e+02 7.407212908633696316e+02
6.162021052631579323e+02 7.406063157894736833e+02
6.161883691529709495e+02 7.406291613990729275e+02
6.150137693631669435e+02 7.403657487091221583e+02
6.138477611940298857e+02 7.404865671641790641e+02
6.123071701315230939e+02 7.402134068731438674e+02
6.106532086697832256e+02 7.400726731831704228e+02
6.097043625582380173e+02 7.403430749682338501e+02
6.103690626313576786e+02 7.403846153846153584e+02
6.126058549002970040e+02 7.402291047942298974e+02
6.149830938292476503e+02 7.404742180896026866e+02
6.170171159606333049e+02 7.408557980316645626e+02
6.168778107764106835e+02 7.409206618582944657e+02
6.152270200940572522e+02 7.406216331765712084e+02
6.130322026620867746e+02 7.407870330613997112e+02
6.116093617021276714e+02 7.405800000000000409e+02
6.107661564625850588e+02 7.401747448979591582e+02
6.111486315789474020e+02 7.404938947368420941e+02
6.127168776371307786e+02 7.403561181434598666e+02
6.149238578680202636e+02 7.405951776649745852e+02
6.176668070766638721e+02 7.407451558550968684e+02
6.190025488530161510e+02 7.409626168224299363e+02
6.189464812473662505e+02 7.410096923725242277e+02
6.177124099957644603e+02 7.406637018212621797e+02
6.163748960931005740e+02 7.407518703241895537e+02
6.151932489451477295e+02 7.401729957805906679e+02
6.146903870162296926e+02 7.405006242197252959e+02
6.161027651671481635e+02 7.404940156830375599e+02
6.179575177009579647e+02 7.405485214493960484e+02
6.192162162162162531e+02 7.403054483054482944e+02
6.205052038161318251e+02 7.403603642671292846e+02
6.208663494809688927e+02 7.400999134948096980e+02
6.204552776600254447e+02 7.404951250529885556e+02
6.202926520270269748e+02 7.405506756756756204e+02
6.203991578947368453e+02 7.407536842105263304e+02
6.210169061707523497e+02 7.408655959425190076e+02
6.226400336417157177e+02 7.409373423044575020e+02
6.235955536554082528e+02 7.406682342881573504e+02
6.238037587412587754e+02 7.403374125874125866e+02
6.237874564459930298e+02 7.406598432055749299e+02
6.228121212121211556e+02 7.400766233766233881e+02
6.215105557949159447e+02 7.407009909521757436e+02
6.198679727427597754e+02 7.409199318568994386e+02
6.193341836734693970e+02 7.406806972789115662e+02
6.198716302952502701e+02 7.402451861360718794e+02
6.205031739314430297e+02 7.398624629707998110e+02
6.220025940337224029e+02 7.395551232166018281e+02
6.234098432055749299e+02 7.397504355400697023e+02
6.242198221092756967e+02 7.399203727234222470e+02
6.239935897435897232e+02 7.400179487179486841e+02
6.227557544757032701e+02 7.400809889173060583e+02
6.210217855617257783e+02 7.401170439982913649e+02
6.196194915254237685e+02 7.403614406779661294e+02
6.177173818812310628e+02 7.395635023840485474e+02
6.177860525182952642e+02 7.396237623762376643e+02
6.189220722681758389e+02 7.394035698737483244e+02
6.201147469458987871e+02 7.394397905759162768e+02
6.204573510501500095e+02 7.397188169738534498e+02
6.194855319148936132e+02 7.399842553191489287e+02
6.176654024441635329e+02 7.399224610198061782e+02
6.163372532549349216e+02 7.401041579168417002e+02
6.156435224386113987e+02 7.399343776460626714e+02
6.156134239592183803e+02 7.398967714528462238e+02
6.158559932232104757e+02 7.398665819567979725e+02
6.171927194860813870e+02 7.396668094218415490e+02
6.170575447570332699e+02 7.397016197783460711e+02
6.158365343576610940e+02 7.396636790439607694e+02
6.137792207792207364e+02 7.400037704231252746e+02
6.104370526315789220e+02 7.397890526315788975e+02
