6.045573139435415442e+02 7.409422583404619900e+02
6.033387372013652339e+02 7.412154436860067790e+02
6.030226592560923109e+02 7.411333903377511660e+02
6.036771186440678321e+02 7.413427966101694437e+02
6.059351420093260003e+02 7.412539211530310013e+02
6.088456973293768897e+02 7.414192454429843337e+02
6.107776349614396167e+02 7.409571550985432395e+02
6.127851727042965422e+02 7.411710193765795793e+02
6.139915182357930235e+02 7.409321458863444150e+02
6.149957573186253512e+02 7.411103097157402999e+02
6.175610783487784374e+02 7.408146588037068341e+02
6.193193027210884338e+02 7.404732142857143344e+02
6.206072507552870547e+02 7.394380664652568385e+02
6.219715394566622990e+02 7.395247951703320268e+02
6.241625214408232978e+02 7.392774442538593576e+02
6.265761194029851140e+02 7.396707889125799511e+02
6.286856892010536058e+02 7.391988586479367314e+02
6.294477419354839185e+02 7.396559139784945955e+02
6.291092077087794223e+02 7.398325481798715373e+02
6.284111204717776218e+02 7.402354675652906053e+02
6.284746127366609016e+02 7.401858864027539084e+02
6.284703591518823487e+02 7.404660320207702853e+02
6.285445458496305946e+02 7.406792698826596961e+02
6.276580105633802305e+02 7.409713908450704594e+02
6.255040650406504028e+02 7.411587505348737750e+02
6.236095238095238074e+02 7.405848484848485214e+02
6.229969866551872428e+02 7.407399913904433788e+02
6.220713685978170133e+02 7.416922753988245631e+02
6.209058622165168799e+02 7.409148480958493792e+02
6.195237280889268732e+02 7.408426678067550029e+02
6.182906826964361926e+02 7.407569772434520701e+02
6.171046363249680553e+02 7.405014887282007976e+02
6.168844842284739798e+02 7.401645353793691129e+02
6.160455901150404543e+02 7.402279505752023852e+02
6.139576379974325846e+02 7.397218656397089944e+02
6.109961373390558492e+02 7.394158798283261831e+02
6.093038029386343624e+02 7.391080380293863072e+02
6.089767441860465169e+02 7.394477801268499206e+02
6.094084745762711464e+02 7.392885593220338478e+02
6.093290187891440155e+02 7.396004175365344508e+02
6.089835095137420922e+02 7.395251585623678920e+02
6.086517183570829275e+02 7.397221290863369632e+02
6.084331370899915328e+02 7.397174095878889375e+02
6.081282700421941172e+02 7.400008438818565537e+02
6.076928999144568024e+02 7.400102651839179089e+02
6.069728698601102224e+02 7.408800339126748895e+02
6.061638078902229836e+02 7.404000857632933048e+02
6.062308020477815944e+02 7.405328498293515622e+02
6.075360780984719895e+02 7.408679966044143157e+02
6.097828836424957899e+02 7.406985666104552593e+02
6.122352185089973773e+02 7.403149100257069222e+02
6.136590038314176354e+02 7.402179650915282991e+02
6.153941176470588061e+02 7.399453781512604564e+02
