6.171421821305841604e+02 7.390098797250859661e+02
6.160076303518440000e+02 7.385684612123781108e+02
6.155516211604095815e+02 7.380255972696245408e+02
6.160379965457685785e+02 7.373924870466321408e+02
6.168218884120171879e+02 7.373871244635192852e+02
6.167877094972067198e+02 7.373296089385474943e+02
6.166114922813036401e+02 7.373104631217838687e+02
6.169863829787234408e+02 7.376714893617021289e+02
6.175563589961718662e+02 7.384776690769884908e+02
6.183549356223176119e+02 7.389206008583690846e+02
6.199953762084909386e+02 7.393589743589743648e+02
6.210012701100762342e+02 7.399106689246401629e+02
6.211434671221178405e+02 7.405836891545687877e+02
6.201459390862944474e+02 7.414018612521150544e+02
6.200025188916877141e+02 7.421515533165406850e+02
6.197794117647058556e+02 7.420596638655462129e+02
6.190372565622353704e+02 7.419665537679932186e+02
6.185142617449664613e+02 7.420947986577181155e+02
6.185252568493150420e+02 7.412050513698629857e+02
6.173770076077768181e+02 7.412933220625528747e+02
6.165298889837745264e+02 7.398522630230571622e+02
6.167075551782683078e+02 7.395004244482173590e+02
6.161777301927195367e+02 7.388796573875803233e+02
6.150771526001705070e+02 7.382289002557545246e+02
6.151765463917525949e+02 7.377310996563574008e+02
6.157830349531117236e+02 7.376815856777493536e+02
6.162681704260651259e+02 7.379214703425229800e+02
