6.071679389312977264e+02 7.403575063613232032e+02
6.081482873851294926e+02 7.405062656641604235e+02
6.097007841518778832e+02 7.405951300041270997e+02
6.099598689598689134e+02 7.405839475839476336e+02
6.087804977560180077e+02 7.406340269277845891e+02
6.061103217718344922e+02 7.405419974926869600e+02
6.034375266524519930e+02 7.398298507462686757e+02
6.022441760138050313e+02 7.401609145815358488e+02
6.033048198002604749e+02 7.399322622666087454e+02
6.059034898750538787e+02 7.400771219302024519e+02
6.087654268808114466e+02 7.407675401521555614e+02
6.110235492010092457e+02 7.407981497056349554e+02
6.128524385160483234e+02 7.408761984160066731e+02
6.135416316232127656e+02 7.410878889823380860e+02
6.126285472257518450e+02 7.406336298178738389e+02
6.118049289891395119e+02 7.404431913116123951e+02
6.105736568457539306e+02 7.403795493934142087e+02
6.114775922671353783e+02 7.401687170474516506e+02
6.141884312007011886e+02 7.401419807186678099e+02
6.188391638225256202e+02 7.406318259385665215e+02
6.227419631375910285e+02 7.405889412773253753e+02
6.246516617585191398e+02 7.411598653765249765e+02
6.250330959363217289e+02 7.407147046501885370e+02
6.251781170483460528e+02 7.406259541984733232e+02
6.246641188959659985e+02 7.407163481953290329e+02
6.236582498911624270e+02 7.401671745755332950e+02
6.233886424134871049e+02 7.399929015084294406e+02
6.247743478260869097e+02 7.405513043478260897e+02
6.272828947368420813e+02 7.405394736842105203e+02
6.307051724137930933e+02 7.409844827586207430e+02
6.318806794055201408e+02 7.412700636942674919e+02
6.305619047619047706e+02 7.405688311688311387e+02
6.275285775676836693e+02 7.405320154705630102e+02
6.249820666097352841e+02 7.405751494449189067e+02
6.225438898450946681e+02 7.402792598967297408e+02
6.213377739578857017e+02 7.399656209712076134e+02
6.201885790172642601e+02 7.389424524125719245e+02
6.198360439560439090e+02 7.392637362637362912e+02
6.210235646958011557e+02 7.393958868894601437e+02
6.214365180467091250e+02 7.394878980891719493e+02
6.209881204921509834e+02 7.399372083156555391e+02
6.185089471493965902e+02 7.397361631294215840e+02
6.149706881903143767e+02 7.392166525063721565e+02
6.105547974413645989e+02 7.393650319829424689e+02
6.093805650684931834e+02 7.394135273972602818e+02
6.094922346850732993e+02 7.391669542709231564e+02
6.103831033040569309e+02 7.401447093266415322e+02
6.115804455445544363e+02 7.405202145214520897e+02
6.126643241008681571e+02 7.402591980157089893e+02
6.125117235705471330e+02 7.403636363636363740e+02
6.110931091058243965e+02 7.402949138638227851e+02
6.089273109243697490e+02 7.396609243697479315e+02
6.058821276595745076e+02 7.394174468085105900e+02
6.042527328377786944e+02 7.387542632269348815e+02
6.085477321814254310e+02 7.387935205183584912e+02
