6.207644131065948159e+02 7.387403566984653480e+02
6.196029776674937466e+02 7.387497932175351707e+02
6.184198757763974754e+02 7.389714285714285325e+02
6.174483204134367043e+02 7.390047372954350067e+02
6.163748906386701947e+02 7.395542432195975380e+02
6.153734622144112336e+02 7.401612478031634055e+02
6.148471199653529311e+02 7.406643568644434481e+02
6.151883994766681099e+02 7.408682948102922410e+02
6.155065929391747659e+02 7.419510846448320081e+02
6.148736492103075761e+02 7.425340814630091018e+02
6.147692949520234151e+02 7.423483521068001210e+02
6.144831460674157597e+02 7.424040782355389183e+02
6.129912280701754526e+02 7.416345029239765836e+02
6.138932584269663266e+02 7.403764044943819727e+02
6.149198423127463684e+02 7.390740254051686406e+02
6.160318777292576442e+02 7.387820960698689987e+02
6.174509888220120502e+02 7.387618228718830551e+02
6.195725223309229932e+02 7.383709059974479487e+02
6.213518363939899700e+02 7.382003338898163065e+02
6.225380774032458930e+02 7.382517686225551188e+02
6.223586776859503971e+02 7.382553719008263897e+02
6.216677740863786994e+02 7.381021594684385718e+02
6.207018425460636308e+02 7.383475711892797335e+02
6.195257166947723135e+02 7.389055649241146284e+02
6.180679277730008607e+02 7.389402407566637976e+02
6.156930171277997488e+02 7.402059727711902042e+02
