6.199414570685169110e+02 7.406066782307025278e+02
6.203647826086956911e+02 7.406956521739130039e+02
6.196473937801139300e+02 7.402566798072710981e+02
6.180240000000000009e+02 7.407048421052631966e+02
6.170470538363713331e+02 7.405544722339974442e+02
6.152679546409071918e+02 7.406556068878622909e+02
6.146846507737348020e+02 7.406214972814722159e+02
6.152583120204603802e+02 7.404953111679454878e+02
6.160090283748925231e+02 7.403271711092003216e+02
6.160835808230801831e+02 7.406512515910054617e+02
6.154038461538461888e+02 7.402102564102564202e+02
6.146380870314519598e+02 7.405114174924601684e+02
6.124373433583959923e+02 7.405756056808688754e+02
6.105137499999999591e+02 7.407649999999999864e+02
6.102984829848298887e+02 7.407810578105780905e+02
6.122392223161454012e+02 7.398195266272189201e+02
6.132898116438356055e+02 7.396211472602740287e+02
6.148301486199575265e+02 7.397074309978768270e+02
6.157623931623932094e+02 7.397683760683760283e+02
6.157474402730375687e+02 7.396638225255973111e+02
6.141560644614079365e+02 7.401149279050042651e+02
6.114697872340425420e+02 7.397799999999999727e+02
6.100186046511628319e+02 7.398452431289640572e+02
6.097448507776376800e+02 7.395859604875997775e+02
6.109674728940783552e+02 7.398273561301084555e+02
6.138330501274426751e+02 7.393920985556499090e+02
6.165189873417721174e+02 7.397367088607594496e+02
6.184368972746331110e+02 7.400951781970650245e+02
6.187751578947368216e+02 7.399263157894737333e+02
6.188515525308379210e+02 7.396290940025520513e+02
6.176602590890096280e+02 7.398437108232344599e+02
6.163568994889267287e+02 7.392866269165247104e+02
6.149978696207924713e+02 7.392381763953983409e+02
6.154584745762712146e+02 7.391559322033898525e+02
6.167790008467400185e+02 7.390931414055885398e+02
6.183510998307953059e+02 7.393747884940778476e+02
6.205188556566970419e+02 7.393021239705244625e+02
6.218026712623868661e+02 7.395075398535113891e+02
6.222189655172413723e+02 7.392965517241378848e+02
6.216804123711340253e+02 7.393148625429553249e+02
6.210136460554371070e+02 7.393420042643923580e+02
6.203006369426751689e+02 7.391490445859872125e+02
6.200038151759220000e+02 7.395599830436625552e+02
6.205518394648829599e+02 7.397169732441471979e+02
6.220665236051502234e+02 7.392630901287553797e+02
6.238515321536469855e+02 7.391005610703496131e+02
6.244190434401052698e+02 7.385563843791136378e+02
6.247989756722150787e+02 7.392556551429790943e+02
6.240942340791738161e+02 7.389492254733218033e+02
6.226547104580812402e+02 7.389062229904926653e+02
6.216499789650820276e+02 7.395679427850230923e+02
6.212959098497495916e+02 7.397883973288815014e+02
6.214103535353535790e+02 7.397091750841750581e+02
6.222514995715509940e+02 7.391546700942587904e+02
6.235741063644289852e+02 7.388387096774193878e+02
6.245940285204991369e+02 7.389220142602495116e+02
6.245419780219780250e+02 7.393846153846153584e+02
6.233198797767281576e+02 7.397221983683984945e+02
6.207347880822492243e+02 7.399164918170373539e+02
6.185671578947368516e+02 7.398909473684210525e+02
6.171986588432523604e+02 7.399534786253143466e+02
6.172395566922421040e+02 7.396427962489343599e+02
6.183858974358973910e+02 7.394111111111111541e+02
6.200457685664939618e+02 7.391588946459412455e+02
6.208268566493954950e+02 7.393259930915371569e+02
6.204447826086956184e+02 7.392034782608695878e+02
6.188640572390572743e+02 7.396346801346801385e+02
6.172038834951456465e+02 7.395192064162093857e+02
6.157037656903765992e+02 7.397217573221756766e+02
6.146572512647554731e+02 7.397129005059022120e+02
6.150309453158117776e+02 7.397346333192029988e+02
6.158386547467007404e+02 7.391830566198382257e+02
6.165870020964360947e+02 7.396922431865828003e+02
6.162082980524978666e+02 7.398175275190516231e+02
6.149601357082273125e+02 7.396420695504665446e+02
6.107943886097152699e+02 7.397257118927973352e+02
