6.125055650684931834e+02 7.397778253424658033e+02
6.128401865197117786e+02 7.399058923272573338e+02
6.141731656184485928e+02 7.396792452830188722e+02
6.158587547012118648e+02 7.397463435018804603e+02
6.160230414746544056e+02 7.393368244658566937e+02
6.157792207792207364e+02 7.391717637201508069e+02
6.139252336448597589e+02 7.387438402718776160e+02
6.128359608010225656e+02 7.388858116744780773e+02
6.139865149599662573e+02 7.394517488411294153e+02
6.158490962589323772e+02 7.397162673392181205e+02
6.171006018916594940e+02 7.393796216680997304e+02
6.183700345423143290e+02 7.394300518134715503e+02
6.207179715302490877e+02 7.393198398576512318e+02
6.227400784997819301e+02 7.402804186655037029e+02
6.239828571428571422e+02 7.409173626373626576e+02
6.249877729257641477e+02 7.411554585152838399e+02
6.265106940200785175e+02 7.410982103884766730e+02
6.279601576182136569e+02 7.415113835376532734e+02
6.295796288303840811e+02 7.414505826499784007e+02
6.313965819456617510e+02 7.411884312007011886e+02
6.319458530296518575e+02 7.416574989256553181e+02
6.306217354675652587e+02 7.416499578770008156e+02
6.266255230125523212e+02 7.416066945606694389e+02
6.229360807401177453e+02 7.415126156433977940e+02
6.200243693886276333e+02 7.413574176998716894e+02
6.181242702251876153e+02 7.407560467055880054e+02
6.166019541206457006e+02 7.398496176720475432e+02
6.146734154929577016e+02 7.387614436619718390e+02
6.127214912280701355e+02 7.385166666666666515e+02
6.096901893287435996e+02 7.390576592082616116e+02
6.069204395604396041e+02 7.387661538461538839e+02
6.061235164835164824e+02 7.388703296703296246e+02
6.071465669014085051e+02 7.386390845070422984e+02
6.100221258134490654e+02 7.390373101952277466e+02
6.117533215234720956e+02 7.388467670504871876e+02
6.143393327480246171e+02 7.396281826163301503e+02
6.182826931376780522e+02 7.405817867932671561e+02
6.207883959044368112e+02 7.412273890784982768e+02
6.219453852667230649e+02 7.418149872988992684e+02
6.233570826306913659e+02 7.419047217537943197e+02
6.240931884663601750e+02 7.420442958629336090e+02
6.250943637916310536e+02 7.419265584970111149e+02
6.257898550724637516e+02 7.417348678601875918e+02
6.266870070568700157e+02 7.419476961394769887e+02
6.261931581143095400e+02 7.417622027534417839e+02
6.227274290627686923e+02 7.405945829750644407e+02
6.172458442694662608e+02 7.398884514435695792e+02
6.138798432738354904e+02 7.394475402699173401e+02
6.123448581560284083e+02 7.387052304964538507e+02
6.112039735099338031e+02 7.381364238410595817e+02
6.103752740026304764e+02 7.379364313897413012e+02
6.089418452120681877e+02 7.378972452995189997e+02
6.070974557999137460e+02 7.379491159982751469e+02
6.050680242634315391e+02 7.381330155979202345e+02
6.039480686695278564e+02 7.384274678111587491e+02
6.049204593789876299e+02 7.387337303275202203e+02
6.068871034198599546e+02 7.395867325916769914e+02
6.090136693720631911e+02 7.390999572832123476e+02
6.107737746124843170e+02 7.400783410138249110e+02
6.128862679022746534e+02 7.407822240943555698e+02
6.143437105595288585e+02 7.411169541438788428e+02
6.135947877259352481e+02 7.410786044556535899e+02
6.131771571488120571e+02 7.420641934139224531e+02
6.129835304054054177e+02 7.422808277027027088e+02
6.134836100468284030e+02 7.422865048957003182e+02
6.143142241379309780e+02 7.417655172413792570e+02
6.156935552710200454e+02 7.420170721297481577e+02
6.165904232578025130e+02 7.417105600684053570e+02
6.163344594594594810e+02 7.416473817567567721e+02
6.147683031869078150e+02 7.409935400516795880e+02
6.126929065743944420e+02 7.403326124567473698e+02
6.117250423011844305e+02 7.405198815566835719e+02
6.119455006337135501e+02 7.402370088719898149e+02
6.138443791946308465e+02 7.400473993288591146e+02
6.151340425531915344e+02 7.393634042553190966e+02
6.154659090909091219e+02 7.393076599326599307e+02
6.148865278368041345e+02 7.393659158521037398e+02
6.133468507333908519e+02 7.388175150992234421e+02
6.126731831704207707e+02 7.392035699107522078e+02
6.141132879045997015e+02 7.392725724020442613e+02
6.164673174872665413e+02 7.396035653650254744e+02
6.174292432663531827e+02 7.398892689183411449e+02
6.192083708370837485e+02 7.396467146714671799e+02
6.211557123952360371e+02 7.399872077635641290e+02
6.243631907308378004e+02 7.410842245989305184e+02
