6.198432040903280722e+02 7.399833830421814582e+02
6.209597430406852254e+02 7.402316916488222205e+02
6.212945026178010721e+02 7.399895287958115659e+02
6.210829289810321825e+02 7.397318041464490079e+02
6.209401301518438459e+02 7.397631236442516638e+02
6.217082262210797126e+02 7.396268209083118563e+02
6.222808421052631047e+02 7.397957894736841808e+02
6.230432409739714785e+02 7.400138539042820867e+02
6.229569757727651904e+02 7.401808688387635584e+02
6.224821503569928609e+02 7.403019739605207405e+02
6.215212044105173845e+02 7.400500424088210139e+02
6.197469723183390897e+02 7.393486159169550547e+02
6.181603284356093582e+02 7.389818496110631258e+02
6.174911738746690162e+02 7.386306266548984922e+02
6.165769065058165097e+02 7.391413183972425713e+02
6.157129551227773163e+02 7.399623200677392560e+02
6.160524967989756533e+02 7.397473324797268788e+02
6.168558139534883367e+02 7.397961945031712503e+02
6.160981802793060069e+02 7.391900126957257271e+02
6.153715986394557831e+02 7.392295918367346985e+02
6.152800847457626787e+02 7.397415254237288309e+02
6.156692079627276826e+02 7.401990681914443257e+02
6.160152219873150443e+02 7.408494714587737917e+02
6.162740926157697459e+02 7.406074259491030034e+02
6.170588983050847673e+02 7.400334745762711464e+02
6.181052412645590266e+02 7.398722961730449015e+02
6.197511540075535095e+02 7.395963071758287697e+02
6.216410147991543909e+02 7.397095137420718629e+02
6.221849889624724028e+02 7.395002207505518754e+02
6.220844947735191681e+02 7.400474738675958406e+02
6.216646420824295092e+02 7.399722342733189180e+02
6.212631354122170251e+02 7.400474156343442473e+02
6.218218415417559299e+02 7.395117773019271681e+02
