6.174291772688719675e+02 7.402328244274808640e+02
6.170969237252422772e+02 7.403775811209440008e+02
6.180539049235993616e+02 7.403310696095076082e+02
6.189702254359847302e+02 7.404240748617609142e+02
6.188862745098039113e+02 7.399137254901960432e+02
6.178016421780466771e+02 7.401577355229040904e+02
6.174018087855297381e+02 7.401610680447889763e+02
6.175592274678111835e+02 7.396742489270386613e+02
6.181566523605150678e+02 7.398759656652360945e+02
6.182692636986300840e+02 7.398848458904109293e+02
6.178009397693293749e+02 7.401828278513455643e+02
6.174127318718381048e+02 7.403090219224283146e+02
6.164281372123317624e+02 7.405006513243595236e+02
6.161107705779334083e+02 7.404465849387040635e+02
6.158591426071741353e+02 7.401058617672790660e+02
6.171519586741283092e+02 7.396155832974601481e+02
6.187614718614718186e+02 7.397900432900432861e+02
6.198984946236558926e+02 7.399316129032257550e+02
6.187342718873735521e+02 7.395785305763308770e+02
6.173476562500000000e+02 7.402543402777778283e+02
6.164714348015700125e+02 7.405128652420410162e+02
6.167525142107564307e+02 7.405194578049846541e+02
6.182062122519413379e+02 7.407713546160483702e+02
6.173880532874945857e+02 7.408856897292650956e+02
