6.130208152645273003e+02 7.403009540329575202e+02
6.203283261802574771e+02 7.406206008583691300e+02
6.251237812632471105e+02 7.416523950826621103e+02
6.272544123977614845e+02 7.422974601808007264e+02
6.284164513350559673e+02 7.427024117140396129e+02
6.281291702309666789e+02 7.429174508126603769e+02
6.262972739073993580e+02 7.430034617048896735e+02
6.227585460839463849e+02 7.418195586326265811e+02
6.196062822719449059e+02 7.409754733218588854e+02
6.163678111587983039e+02 7.409330472103004013e+02
6.127149473684210079e+02 7.399604210526315455e+02
6.101824034334763383e+02 7.388793991416308700e+02
6.086679841897233700e+02 7.384931927975405870e+02
6.073079584775086914e+02 7.381552768166089891e+02
6.087826274848746380e+02 7.376564390665514566e+02
6.133815732290308915e+02 7.378331160365058849e+02
6.199285091543156341e+02 7.389564080209241865e+02
6.257329819938515811e+02 7.392375933245498345e+02
6.297187500000000000e+02 7.403125000000000000e+02
6.328470380194518157e+02 7.406600353669318793e+02
6.343008235804074957e+02 7.406835717381881068e+02
6.359986882378661903e+02 7.402400524704853524e+02
6.350749228735126053e+02 7.404808285588364924e+02
6.324967291757523071e+02 7.405346707370257491e+02
6.287596236099229827e+02 7.401094952951240202e+02
6.229840448469167313e+02 7.395575679172056880e+02
6.164613003095975046e+02 7.383578062804068622e+02
6.114215642951834297e+02 7.370406539991162163e+02
6.069376382131799801e+02 7.362379478107031900e+02
6.036557939914163171e+02 7.365321888412016733e+02
6.047541471714164345e+02 7.371505742237345657e+02
6.086660823838737997e+02 7.378141980718668265e+02
6.125905477031801638e+02 7.387712014134275478e+02
6.180857017927415882e+02 7.401250546567555375e+02
6.229219982471515777e+02 7.411314636283960908e+02
6.276710069444444571e+02 7.415030381944444571e+02
6.317669565217390755e+02 7.413569565217391073e+02
6.327230565371024795e+02 7.410026501766784577e+02
6.317964444444444325e+02 7.402648888888888905e+02
6.273165719282903865e+02 7.390839527765631374e+02
6.224573510501500095e+02 7.393090441491641513e+02
6.163165938864628970e+02 7.390379912663755704e+02
6.086540264167022087e+02 7.389458883681295447e+02
6.028770949720670842e+02 7.388311130210571491e+02
5.978117391304348303e+02 7.382347826086956957e+02
5.944117647058823195e+02 7.378021786492374758e+02
5.938567125645438409e+02 7.375602409638554491e+02
5.946446854663774957e+02 7.366919739696312490e+02
5.972860281195079324e+02 7.366089630931459169e+02
6.019571491036292628e+02 7.368089199825097921e+02
6.069296840231419310e+02 7.374962171784601423e+02
6.132534582775546141e+02 7.377643908969209861e+02
6.186881720430108089e+02 7.392206451612903493e+02
6.224676104676104842e+02 7.399832689832689994e+02
6.252647683807904286e+02 7.408767530811729785e+02
6.255960378983635337e+02 7.410766580534021841e+02
6.249252295583734167e+02 7.403318758198513478e+02
6.224464208242950463e+02 7.397514099783080610e+02
6.186272727272727252e+02 7.393173160173159886e+02
6.141416234887738028e+02 7.391964594127806549e+02
6.072129115006413258e+02 7.379670799486959822e+02
