6.073228084752804534e+02 7.406032405484005494e+02
6.083207468879668340e+02 7.404468879668049794e+02
6.099221532091097515e+02 7.408737060041407858e+02
6.104568003307151685e+02 7.409768499379908917e+02
6.105345183960314444e+02 7.409987598181066915e+02
6.100541770057899384e+02 7.413912324234904645e+02
6.094442588726514032e+02 7.412634655532359602e+02
6.094557280738564486e+02 7.413587914393621077e+02
6.106982722292457311e+02 7.412966708807416580e+02
6.122909853249475418e+02 7.416448637316561872e+02
6.134542048293088783e+02 7.417048293089092112e+02
6.139508403361344335e+02 7.413243697478991407e+02
6.141391708967851173e+02 7.411078680203045224e+02
6.138276006711408854e+02 7.411824664429530003e+02
6.135517384105960446e+02 7.413418874172185724e+02
6.134029727497935482e+02 7.406775392237819915e+02
6.133070898598516578e+02 7.409142621599340828e+02
6.128342290202563163e+02 7.403092186854072452e+02
6.124853002070393586e+02 7.403358178053830443e+02
6.116373488953730657e+02 7.400562734472697457e+02
6.104082318353632672e+02 7.399643007139857218e+02
6.092328131590046496e+02 7.393913960354281016e+02
6.089410299003321825e+02 7.399588870431894065e+02
6.094161849710982324e+02 7.398042939719240394e+02
6.106822468224681870e+02 7.400127101271012862e+02
6.116406377759607267e+02 7.397604251839737799e+02
6.114585028478437607e+02 7.397404393816110542e+02
6.098404558404558884e+02 7.395734635734635276e+02
6.080511340206185196e+02 7.395402061855670581e+02
6.053515815085157783e+02 7.399205190592051622e+02
6.026817992503123378e+02 7.384244064972928072e+02
6.016756529064869028e+02 7.381402695871945525e+02
6.014447225698789907e+02 7.381514392991239220e+02
6.023109908409658146e+02 7.382552039966694792e+02
6.029238017206063205e+02 7.384321999180663170e+02
6.038505935325420069e+02 7.382717969709373165e+02
6.050377358490566166e+02 7.384954881050041422e+02
6.057582101806240189e+02 7.387307060755337034e+02
6.062326530612244824e+02 7.391089795918367145e+02
6.068256198347107784e+02 7.388818181818181756e+02
6.074386183936745738e+02 7.388106533499792477e+02
6.077992471769134681e+02 7.388561271434546143e+02
6.079889502762431448e+02 7.387968550786230253e+02
6.076620775969962551e+02 7.392632457238214556e+02
6.071828810020876972e+02 7.396116910229644645e+02
6.063467708761826316e+02 7.398975730152200185e+02
6.064691206543967610e+02 7.399521472392638088e+02
6.072162273476111523e+02 7.400271828665568137e+02
6.084391143911439030e+02 7.401508815088151323e+02
6.096697806661251207e+02 7.403143785540211184e+02
6.099048790487904625e+02 7.402636326363264061e+02
6.096472039473684390e+02 7.402639802631579187e+02
6.097899831649831413e+02 7.397239057239057729e+02
6.098810222036028108e+02 7.402199413489736344e+02
6.112236622073578474e+02 7.402654682274247762e+02
6.128921196797302855e+02 7.399532237673830650e+02
6.144925986842105203e+02 7.402964638157894797e+02
6.156718552797643724e+02 7.398817837610433799e+02
6.160119341563786293e+02 7.402460905349794302e+02
6.155038508309687586e+02 7.405776246453182239e+02
6.144944099378882356e+02 7.399366459627328823e+02
6.135424153781864334e+02 7.394876723777684902e+02
6.126680619506068979e+02 7.394160736709920911e+02
6.124088488324457558e+02 7.397451863990168022e+02
6.126952182952182966e+02 7.394316008316008038e+02
6.128195020746887849e+02 7.392651452282157152e+02
6.128111019055509132e+02 7.390078707539353218e+02
6.118446641944788098e+02 7.386596621343221614e+02
6.108373617369929889e+02 7.390802949610815631e+02
6.102152263374485983e+02 7.387164609053497770e+02
6.097402327514546414e+02 7.386417290108063298e+02
6.098308395677472618e+02 7.385012468827929979e+02
6.098868159203980213e+02 7.383495024875621766e+02
6.100407734342160211e+02 7.385594787725934793e+02
6.094427321949187899e+02 7.387451062057475610e+02
6.089286310517529728e+02 7.391302170283806845e+02
6.087226644323418441e+02 7.394260578131545572e+02
6.085877192982455881e+02 7.396169590643274887e+02
6.096454396055875122e+02 7.400981922760887528e+02
6.111696171263894257e+02 7.401305063812268372e+02
6.127040858439950171e+02 7.399735864630623610e+02
6.132751322751322505e+02 7.405461945461945561e+02
6.132107455226988577e+02 7.402349021241149103e+02
6.122922695328647933e+02 7.406052087639520778e+02
6.114162479061976683e+02 7.405603015075377016e+02
6.109318653926048910e+02 7.406040714582468354e+02
6.114306599832915481e+02 7.405551378446115223e+02
6.133396704689480430e+02 7.408677651035065992e+02
6.151633165829146037e+02 7.410008375209380347e+02
6.174283914321713382e+02 7.411272574548509056e+02
6.193468208092485838e+02 7.415949628406275451e+02
6.199389788293898391e+02 7.414782067247820123e+02
6.200815573770491937e+02 7.419213114754098797e+02
6.201519039735098886e+02 7.419921357615894522e+02
6.195994139807451120e+02 7.414562578484722053e+02
6.191730930427493149e+02 7.414597652975691062e+02
6.181679932970255322e+02 7.414507750314202212e+02
6.175018979333614197e+02 7.412011809363137900e+02
6.163348662207357620e+02 7.411956521739130039e+02
6.153049496644295004e+02 7.411694630872483458e+02
6.149415448851774499e+02 7.410567849686847239e+02
6.149568822553897007e+02 7.410228026533997081e+02
6.157430699213902017e+02 7.413458833264377290e+02
6.165606677524430097e+02 7.411791530944625492e+02
6.175087362860625717e+02 7.410654205607476115e+02
6.175226993865030636e+02 7.407390593047034599e+02
6.167633209417596163e+02 7.403903345724907012e+02
6.156017774016081603e+02 7.400410495133305631e+02
6.145350537634408283e+02 7.393458064516129298e+02
6.148136539287247615e+02 7.393726921425504770e+02
6.163406966864911283e+02 7.393725573491929026e+02
6.176499372647427890e+02 7.395692179004601030e+02
6.184278647980214600e+02 7.397530915086562118e+02
6.188261231281197752e+02 7.398290349417637799e+02
6.183028169014085051e+02 7.395526097763048483e+02
6.178985927152317572e+02 7.394788907284768129e+02
6.170690789473684390e+02 7.396529605263158373e+02
6.168972399150743513e+02 7.390140127388534665e+02
6.167928082191780277e+02 7.390445205479452397e+02
6.173039215686274019e+02 7.392250639386189732e+02
6.185968959731543464e+02 7.395310402684564224e+02
6.192801507537687939e+02 7.398111390284757363e+02
6.199167364016736883e+02 7.398991631799162860e+02
6.196803953871499289e+02 7.405671334431631294e+02
6.198923711340206637e+02 7.406791752577319130e+02
6.204845961698584915e+02 7.403959200666112110e+02
6.220543024227234810e+02 7.405292397660819006e+02
6.229433569346106196e+02 7.407080383173677092e+02
6.237658763759525300e+02 7.406282811176968153e+02
6.236545454545454277e+02 7.410494714587738372e+02
6.234351657574485444e+02 7.412299622324800339e+02
6.231418319966230683e+02 7.411663149008020355e+02
6.232014358108108354e+02 7.413048986486486456e+02
6.241517706576728415e+02 7.411989881956154704e+02
6.251573129251701175e+02 7.403265306122449374e+02
6.261209711176223891e+02 7.406035998325659193e+02
6.263331950207468708e+02 7.406867219917012335e+02
6.260792933442892263e+02 7.405661462612982859e+02
6.245792326939116492e+02 7.401897414512093292e+02
6.230386230058774117e+02 7.399097397145255854e+02
6.219438250428815991e+02 7.393529159519725908e+02
6.217613588110403953e+02 7.396033970276008631e+02
6.221558773424191031e+02 7.395549403747870656e+02
6.229705387205386842e+02 7.397840909090908781e+02
6.242248844052122649e+02 7.396208490962588940e+02
6.241970649895177985e+02 7.396150943396226012e+02
6.235468879668050022e+02 7.397107883817427592e+02
6.215622423742786395e+02 7.388062654575433044e+02
6.199633180491871371e+02 7.384372655273029977e+02
6.187469576164498903e+02 7.380369282417120758e+02
6.175721476510067305e+02 7.380310402684564224e+02
6.161656050955414230e+02 7.376713375796177843e+02
6.157728220091704543e+02 7.383076281784076400e+02
6.151850771154647646e+02 7.384531054606086400e+02
6.152087682672233768e+02 7.383620041753653140e+02
6.160959765297569675e+02 7.383403185247275360e+02
6.175370524562864603e+02 7.384671107410491686e+02
6.186063478977740715e+02 7.386409727947237798e+02
6.205662949194547764e+02 7.388380834365964347e+02
6.216088759850683800e+02 7.387880547490667595e+02
6.220780528745278843e+02 7.388883759966429352e+02
6.221781462585033751e+02 7.387359693877550626e+02
6.217018947368420640e+02 7.393052631578947285e+02
6.211402985074627168e+02 7.393607675906183658e+02
6.213862589023879082e+02 7.394616673648931737e+02
6.234457284358234119e+02 7.401023524556335360e+02
6.263428093645485433e+02 7.400334448160534748e+02
6.280218737102765090e+02 7.401093685513825449e+02
6.280256410256409936e+02 7.406170126170126196e+02
6.274887406171809516e+02 7.400754795663052619e+02
6.265271059216013327e+02 7.402072560467055382e+02
6.256280033140016030e+02 7.404635459817729952e+02
6.248423460898502526e+02 7.402620632279533766e+02
6.247963895885810643e+02 7.403706968933669259e+02
6.253769035532994849e+02 7.407106598984771608e+02
6.260152542372881044e+02 7.407648305084745743e+02
6.262118432026688879e+02 7.409916597164303766e+02
6.261791979949874758e+02 7.410208855472013738e+02
6.257306897976043274e+02 7.413572903758777102e+02
6.254392059553349554e+02 7.411443341604632451e+02
6.250012219959266986e+02 7.412203665987780141e+02
6.249983626688497225e+02 7.409091281211625528e+02
6.253042934556065120e+02 7.404947894956231949e+02
6.245874947545111127e+02 7.399605539236256391e+02
6.231993243243243796e+02 7.399062500000000000e+02
6.218617472434266347e+02 7.395716709075487643e+02
6.201748841129372067e+02 7.397433628318584624e+02
6.196123310810810381e+02 7.394248310810810381e+02
6.196832980972516225e+02 7.390317124735729521e+02
6.200174781523096499e+02 7.389080316271328002e+02
6.205334728033473084e+02 7.387966527196653033e+02
6.203797678275290082e+02 7.389361525704808855e+02
6.196985785953177128e+02 7.385493311036789237e+02
6.186261525565799957e+02 7.390804694048616739e+02
6.173192291579388211e+02 7.392940930037703993e+02
6.164284504657069874e+02 7.393158340389500154e+02
6.163015939597315764e+02 7.393594798657718457e+02
6.168349596945269013e+02 7.395201527365294396e+02
6.178905787917194630e+02 7.396210392902407875e+02
6.187509529860228668e+02 7.394286319356205013e+02
6.189453483521067483e+02 7.398577388402169390e+02
6.188874422511549938e+02 7.399790004199916211e+02
6.184066749072929952e+02 7.403156159868150326e+02
6.181529509559434246e+02 7.404775561097256968e+02
6.178276150627615380e+02 7.406205020920501738e+02
6.179345637583892312e+02 7.406338087248321926e+02
6.184733110925770916e+02 7.410809007506255739e+02
6.199577989242862941e+02 7.415122052130740258e+02
6.208318546683565273e+02 7.412615124630333412e+02
6.217712363330530252e+02 7.413452481076534468e+02
6.227226677923174520e+02 7.415352469396369770e+02
6.240351906158357451e+02 7.415018852115625805e+02
6.250463659147869748e+02 7.417552213868003719e+02
6.260086956521739694e+02 7.418049689440994143e+02
6.258706467661691022e+02 7.417624378109452437e+02
6.251309274024339402e+02 7.416265211917750548e+02
6.230989974937343732e+02 7.418429406850459600e+02
6.209593291404612501e+02 7.415844863731656460e+02
6.198475298126064672e+02 7.411669505962521498e+02
6.190076563164610661e+02 7.411369629944704229e+02
6.189221431561322788e+02 7.410648807032231389e+02
6.195601001669449488e+02 7.405033388981636335e+02
6.201945137157107411e+02 7.402680798004987537e+02
6.198640098603121942e+02 7.406027115858669276e+02
6.183261231281197752e+02 7.403078202995008041e+02
6.156743897393463385e+02 7.402085229623500027e+02
6.138014009064688707e+02 7.404054388133498605e+02
6.131012179756404521e+02 7.401230575388492525e+02
6.132760633861551014e+02 7.401371976647205884e+02
6.139219269102990211e+02 7.402886212624584914e+02
6.141103761885076437e+02 7.401182306738321586e+02
6.147056619483763598e+02 7.400208159866778033e+02
6.145301204819277245e+02 7.400024927295388579e+02
6.144858215179316403e+02 7.396951626355296412e+02
6.144124481327801277e+02 7.397145228215767929e+02
6.144360777823748094e+02 7.397616880430285846e+02
6.146343594009983917e+02 7.394841930116472213e+02
6.151136833402232469e+02 7.393799090533277649e+02
6.150646244229961894e+02 7.392526227444398046e+02
6.146505175983436402e+02 7.394993788819875817e+02
6.133567498942022667e+02 7.392695725772323385e+02
6.128491213030432618e+02 7.390912987569653296e+02
6.131624946966483094e+02 7.392795927025880474e+02
6.145120585701980644e+02 7.392751937984496635e+02
6.164347826086956275e+02 7.396627268889826610e+02
6.182897891690781762e+02 7.403675072343943384e+02
6.191957955482275793e+02 7.407003297609232959e+02
6.194521410579344547e+02 7.409168765743072527e+02
6.182599413980744885e+02 7.412235244872331350e+02
6.170270156184043344e+02 7.411954411143942707e+02
6.156803652968036431e+02 7.412179327521793084e+02
6.149488831615120716e+02 7.410747422680412910e+02
6.141161048689139079e+02 7.415584685809404846e+02
6.142663043478261216e+02 7.414590301003344166e+02
6.144641666666666424e+02 7.415754166666666833e+02
6.144921227197346525e+02 7.413233830845771308e+02
6.141754817548174969e+02 7.413435834358343755e+02
6.139238329238329470e+02 7.413460278460278232e+02
6.134590028842192169e+02 7.410123609394313462e+02
6.127523575235752560e+02 7.410627306273062231e+02
6.125541871921182064e+02 7.407935139573070273e+02
6.123266062602965576e+02 7.407248764415156757e+02
6.123774220724515089e+02 7.403631002527380360e+02
6.116973956180239611e+02 7.405940471269119598e+02
6.112315919374742634e+02 7.406273138626079344e+02
6.105835740817168471e+02 7.402203879488238272e+02
6.102222222222221717e+02 7.401372549019607732e+02
6.100716919295371099e+02 7.400139287177386223e+02
6.095949417904456595e+02 7.403741469289442421e+02
6.089201303993479542e+02 7.399091279543602013e+02
6.075514675485737826e+02 7.391368334022323552e+02
6.054398682042833570e+02 7.391812191103789473e+02
6.035051975051975433e+02 7.392054054054053722e+02
6.026721242653233048e+02 7.392900923593618927e+02
6.028881031613976802e+02 7.395029118136438910e+02
6.045406758448060600e+02 7.396462244472256771e+02
6.061262770739681400e+02 7.399877400899059694e+02
6.077483633387888631e+02 7.400871522094926149e+02
6.087724080958281547e+02 7.399248244527054794e+02
6.090607304062372123e+02 7.402782109150595033e+02
6.085856150388229935e+02 7.402501021659174967e+02
6.081519507186858391e+02 7.404377823408624408e+02
6.079801436417405966e+02 7.401415293620616467e+02
6.088210215280709008e+02 7.402891515407344514e+02
6.105000000000000000e+02 7.402092138630599720e+02
6.121838297872340036e+02 7.403582978723404722e+02
6.129576450656501265e+02 7.405916984328674744e+02
6.132867892976588564e+02 7.407809364548495523e+02
6.133025830258302449e+02 7.408134481344812912e+02
6.136636174636174701e+02 7.407563409563409778e+02
6.136920570264766184e+02 7.409938900203666208e+02
6.138566176470587834e+02 7.409575163398692439e+02
6.139121871153057555e+02 7.409909725071809135e+02
6.139941690962099301e+02 7.407663473552686355e+02
6.129238768718802248e+02 7.413964226289517683e+02
6.116893812709030271e+02 7.413887959866220854e+02
6.113720831565549361e+02 7.412600763682647766e+02
6.109966485127775968e+02 7.414365312107247519e+02
6.117564208782104060e+02 7.414121789560895195e+02
6.129509480626545610e+02 7.414538334707336844e+02
6.138380600082202818e+02 7.415039046444718451e+02
6.134086850649350708e+02 7.420267857142856656e+02
6.118004895960832528e+02 7.415410036719706568e+02
6.085220202020202578e+02 7.415228282828283000e+02
6.057163501238645722e+02 7.408406275805119776e+02
6.034704166666666652e+02 7.401799999999999500e+02
6.016602751146310766e+02 7.398849520633597194e+02
6.014621813623067510e+02 7.397810279983284545e+02
6.020991979738286091e+02 7.393132123258759520e+02
6.028014125467386748e+02 7.395791441628583698e+02
6.037849958088851281e+02 7.393583403185247107e+02
6.046785117056856507e+02 7.393883779264214127e+02
6.048768026370004236e+02 7.396687268232385577e+02
6.053848384424192091e+02 7.398670256835127930e+02
6.055566708490171095e+02 7.396194061062317360e+02
6.057084377610693764e+02 7.397731829573934874e+02
6.060254590984975493e+02 7.398756260434056458e+02
6.060703750526758995e+02 7.395469869363674889e+02
6.061642857142857110e+02 7.397163865546218631e+02
6.058635986733002028e+02 7.400402155887230720e+02
6.060132340777502122e+02 7.400078577336641956e+02
6.062474562474562845e+02 7.407163207163207517e+02
6.075205086136177215e+02 7.407690730106644423e+02
6.088747424804284947e+02 7.405492377420683852e+02
6.099464650592561838e+02 7.411467102574581531e+02
6.102983702465523947e+02 7.409928959465106573e+02
6.099051796157059471e+02 7.412368421052631220e+02
6.096545300592717922e+02 7.409669771380185921e+02
6.103182593856655558e+02 7.411040955631399356e+02
6.137171632396139103e+02 7.416516995383969970e+02
