6.173032230703986443e+02 7.400657336726038693e+02
6.176839202375902005e+02 7.398952057700466867e+02
6.183452278589853677e+02 7.395576096302665974e+02
6.193572041166380586e+02 7.394232418524870809e+02
6.202540220152412758e+02 7.398221845893310729e+02
6.201932914046121823e+02 7.399220125786163180e+02
6.199987368421052452e+02 7.399818947368421505e+02
6.194121537825548103e+02 7.402653989251756457e+02
6.186118587047939172e+02 7.397556770395290187e+02
6.175624737063525345e+02 7.396461926798485820e+02
6.171729939603105777e+02 7.391652286453839906e+02
6.172513753702919530e+02 7.396508675412611638e+02
6.168501052631578432e+02 7.397237894736841781e+02
6.159274328859060006e+02 7.398397651006711158e+02
6.159328772979905580e+02 7.398794356562633538e+02
6.161571977787270953e+02 7.397590773173857315e+02
6.163909324208725593e+02 7.397100085543199839e+02
6.171212121212121247e+02 7.395983781476738841e+02
6.179751892346509976e+02 7.400004205214465856e+02
6.184836795252225556e+02 7.399783806697753334e+02
6.179503239740820391e+02 7.398518358531317745e+02
6.177588713125267077e+02 7.401829841812740369e+02
6.177846087704213005e+02 7.399329320722270040e+02
6.184940526762957234e+02 7.406452846219201547e+02
6.186386266094420989e+02 7.404811158798282804e+02
6.187651874192158630e+02 7.404269711331322696e+02
6.181946940522036584e+02 7.401501925545571794e+02
6.169644369178662373e+02 7.402853513971210759e+02
6.168180257510729234e+02 7.398377682403433937e+02
6.169116772823779229e+02 7.398997876857749816e+02
6.169028547081380793e+02 7.402552194290583429e+02
6.168833831695856134e+02 7.402934643314822551e+02
6.168878028049298337e+02 7.402367190820230007e+02
6.170505952380951840e+02 7.401683673469387941e+02
6.176210970464135244e+02 7.402329113924050716e+02
6.181903945111491794e+02 7.398902229845625698e+02
6.194911242603550363e+02 7.402451394759086725e+02
6.204231748726655269e+02 7.401982173174873196e+02
6.201475063398140719e+02 7.401703296703296928e+02
6.196169049621530576e+02 7.404798149705635524e+02
