6.149836347975882518e+02 7.398992248062015733e+02
6.149095563139932210e+02 7.398216723549487597e+02
6.149692832764504828e+02 7.399287542662116266e+02
6.151972496776966182e+02 7.396974645466265201e+02
6.155447826086956411e+02 7.395900000000000318e+02
6.161241942415126687e+02 7.397623549634722622e+02
6.165917748917748895e+02 7.396311688311687931e+02
6.168186167899086740e+02 7.392783819051761611e+02
6.174760068551842096e+02 7.394944301628106587e+02
6.180361702127659100e+02 7.398987234042552927e+02
6.192887263339071069e+02 7.398080895008605467e+02
6.200585175552665760e+02 7.395782401387082245e+02
6.206495468277945520e+02 7.393681484678463676e+02
6.212040017398869622e+02 7.392744671596345825e+02
6.213486640385457349e+02 7.393771353482260338e+02
6.217394122731201378e+02 7.397644770959377638e+02
6.218488372093023600e+02 7.398031869078380396e+02
6.210526766595288564e+02 7.397143468950749821e+02
6.208351883561643945e+02 7.396271404109588730e+02
6.201426116838488269e+02 7.394682130584192237e+02
6.195970790378006541e+02 7.396791237113402531e+02
6.191093750000000000e+02 7.395646701388889142e+02
6.183918279569892320e+02 7.395707526881720923e+02
6.176207937877480845e+02 7.395996548748921668e+02
6.166971922246220856e+02 7.395274298056154976e+02
6.160958188153309720e+02 7.393105400696864535e+02
6.155157395429064309e+02 7.393811987925830636e+02
6.150212121212121019e+02 7.393865800865801248e+02
6.149844223279965263e+02 7.393773258329727014e+02
6.150180878552971535e+02 7.396184323858742573e+02
6.150882983283325984e+02 7.397278182597514160e+02
6.155501715265866096e+02 7.394622641509433834e+02
6.153856597369536985e+02 7.395765803988120979e+02
6.163844167025398519e+02 7.396500215238914961e+02
