6.384272970561997909e+02 7.413148974130241413e+02
6.380661667401852810e+02 7.416074106749007342e+02
6.379670619235836284e+02 7.417584541062801691e+02
6.378730502599653391e+02 7.421776429809358433e+02
6.379044724272687290e+02 7.424528875379938881e+02
6.367738825591586647e+02 7.424460999123575675e+02
6.329693385895751589e+02 7.425361366622864807e+02
6.293370883882148519e+02 7.428448873483536090e+02
6.270949063996516770e+02 7.423992163691772248e+02
6.245453763440859802e+02 7.420946236559140061e+02
6.215915798611110858e+02 7.414301215277778283e+02
6.184144027598102866e+02 7.413583441138421222e+02
6.149586956521739012e+02 7.407030434782608381e+02
6.122572631578947266e+02 7.408488421052632020e+02
6.096050847457627242e+02 7.400364406779660840e+02
6.064367141659681693e+02 7.397644593461860723e+02
6.040403790688092158e+02 7.400094767202307366e+02
6.016293211162015950e+02 7.400516451478550835e+02
5.997027591973244398e+02 7.400731605351170401e+02
5.988438836612489240e+02 7.391231822070145654e+02
5.973731085170774122e+02 7.379260700389105523e+02
5.958728668941979549e+02 7.374261945392491953e+02
5.958967576791808369e+02 7.375315699658702897e+02
5.960701075268817704e+02 7.374800000000000182e+02
5.964609713790113119e+02 7.376491760624458038e+02
5.989427723611700003e+02 7.384150063586265560e+02
6.011522012578616341e+02 7.382301886792453161e+02
6.042338371116708231e+02 7.381234256926952639e+02
6.069830723656368718e+02 7.383910283537875330e+02
6.095920168067226541e+02 7.390596638655462129e+02
6.121661695781849630e+02 7.392466979122283419e+02
6.154561778537836290e+02 7.394899529713552511e+02
6.197596195417206673e+02 7.397846952010376071e+02
6.231951951951951969e+02 7.399575289575290071e+02
6.263127677806340898e+02 7.399280205655527425e+02
6.296324230602514263e+02 7.396527958387516719e+02
6.322178868917142154e+02 7.398399824638316886e+02
6.337149737302977428e+02 7.404373905429072238e+02
6.349214474845542782e+02 7.407714033539276670e+02
6.367502145922746877e+02 7.419467811158798440e+02
6.380857508532423026e+02 7.423831058020477940e+02
6.389961406518010563e+02 7.425377358490566166e+02
6.389552495697073482e+02 7.424208261617900462e+02
6.391771551724137908e+02 7.424025862068965580e+02
6.387667799490229754e+02 7.430157179269328935e+02
6.387861420017109140e+02 7.429255774165953881e+02
6.383456419063976455e+02 7.431734650064405514e+02
6.351817398794142946e+02 7.429870801033591761e+02
6.304440619621342421e+02 7.428132530120482215e+02
6.251182842287695394e+02 7.420004332755632959e+02
