6.202335735481135544e+02 7.398245019075880009e+02
6.190692603676784529e+02 7.397011543394612545e+02
6.181510548523207262e+02 7.397978902953586839e+02
6.179237855946398668e+02 7.398894472361808994e+02
6.174372623574143972e+02 7.398174904942965213e+02
6.163742714404662593e+02 7.402864279766861273e+02
6.163515201999166493e+02 7.402086630570595389e+02
6.161170651277823254e+02 7.399694971145919453e+02
6.162935054121564917e+02 7.397131557035803553e+02
6.162448464450989150e+02 7.395544804375263084e+02
6.165207100591716198e+02 7.396301775147928765e+02
6.169644995722840122e+02 7.396565440547476555e+02
6.171927813163481460e+02 7.398755838641188802e+02
6.173485546711352754e+02 7.401043150397989621e+02
6.177529215358931651e+02 7.398201168614357357e+02
6.183693424423569240e+02 7.393240819812126574e+02
6.189123252858958040e+02 7.393506988564167841e+02
6.195742869306087641e+02 7.392818220519369561e+02
6.203352916491817268e+02 7.394918170373479143e+02
6.203213530655391423e+02 7.394773784355179487e+02
6.204978956228956122e+02 7.398648989898989612e+02
6.210940677966101475e+02 7.400169491525423382e+02
6.207992424242423795e+02 7.394995791245790997e+02
6.209694526941026425e+02 7.396147645311837096e+02
6.209088596863077782e+02 7.396006782534972217e+02
6.205142371440714442e+02 7.392732681682957718e+02
6.200210662080825159e+02 7.393435081685296382e+02
6.192953767123287889e+02 7.393728595890411270e+02
6.189450362164465105e+02 7.393225394120153169e+02
6.182039446076374816e+02 7.396705832983634537e+02
6.176439680538040875e+02 7.396153846153846416e+02
6.165865945045794660e+02 7.398005828476269699e+02
6.165435684647302423e+02 7.400360995850622885e+02
6.162458471760796783e+02 7.398986710963455380e+02
6.152175906627761606e+02 7.399420591913296903e+02
