6.231169111302847341e+02 7.415858498705780448e+02
6.226923076923077360e+02 7.413914152146196557e+02
6.217806034482758832e+02 7.409784482758620925e+02
6.204581128747795447e+02 7.402372134038801050e+02
6.182853437094681794e+02 7.400575010808473735e+02
6.169447585906915492e+02 7.395967812092213762e+02
6.151578721578721343e+02 7.393058773058772886e+02
6.138052905464006699e+02 7.385459670424978640e+02
6.133255208333333712e+02 7.385086805555555429e+02
6.125272181740248243e+02 7.380077153879125262e+02
6.126662371134020759e+02 7.378371993127148016e+02
6.126436192915066385e+02 7.379393939393939945e+02
6.129329852045257212e+02 7.375979112271540998e+02
6.138203125000000000e+02 7.380933159722221717e+02
6.150008741258741338e+02 7.386145104895105078e+02
6.169780739466896193e+02 7.393129836629407237e+02
6.189641791044775800e+02 7.398503198294242793e+02
6.203175355450237021e+02 7.396673847479535198e+02
6.209742695159179675e+02 7.404365460095943945e+02
6.221514099783080383e+02 7.408885032537961024e+02
6.227561608300908347e+02 7.411284046692607035e+02
6.232599999999999909e+02 7.412500000000000000e+02
6.237695278969956689e+02 7.412656652360515181e+02
6.235821917808219723e+02 7.413574486301370143e+02
6.233938618925831179e+02 7.413670076726342586e+02
6.223534338358458626e+02 7.412914572864322054e+02
6.194339300937766666e+02 7.399352088661551079e+02
