6.149254766031195913e+02 7.383895147313691041e+02
6.151790017211703798e+02 7.386432874354561591e+02
6.148940568475452437e+02 7.384026701119723839e+02
6.147501071581654060e+02 7.386172310330047139e+02
6.143306382978723832e+02 7.389570212765956967e+02
6.141701403658017853e+02 7.389536367503189922e+02
6.138388341191598556e+02 7.386476639519931950e+02
6.143834459459459367e+02 7.393564189189189619e+02
6.156654008438819119e+02 7.392447257383965962e+02
6.165304125903870727e+02 7.391348362398979361e+02
6.161767932489451596e+02 7.391067510548523387e+02
6.149377415199656980e+02 7.386779733791327089e+02
6.149133448873483303e+02 7.384042461005199129e+02
6.161012216404886885e+02 7.384463350785340481e+02
6.180034364261168776e+02 7.387255154639175316e+02
6.187385927505330301e+02 7.389010660980810599e+02
6.185747224594364297e+02 7.389487617421007144e+02
6.183399661303980110e+02 7.390160880609653304e+02
6.184617380025940747e+02 7.388080415045395739e+02
6.194385809312639140e+02 7.385583148558757784e+02
6.208404619332762877e+02 7.392818648417451186e+02
6.214851945854484256e+02 7.393443316412859758e+02
6.220810576506285088e+02 7.387113133940182479e+02
6.220561357702349596e+02 7.386013925152306001e+02
6.221273440907108352e+02 7.385159180113388402e+02
6.222645641699517682e+02 7.386101620674551214e+02
6.226229365768896287e+02 7.384865334491746580e+02
6.229325842696629252e+02 7.389044943820224489e+02
6.228946236559139606e+02 7.392455913978494664e+02
6.234858470637938126e+02 7.396054076890578699e+02
6.236234594135146381e+02 7.395707607309817604e+02
6.232481720430107544e+02 7.394245161290322130e+02
6.227155025553662426e+02 7.396763202725724113e+02
6.228292682926829684e+02 7.393996576807872998e+02
6.234686825053995562e+02 7.388907127429805541e+02
6.244874521480221574e+02 7.393840918757974805e+02
6.242602739726027039e+02 7.393471746575341967e+02
6.237247550063910921e+02 7.391214316148274293e+02
6.230021626297577768e+02 7.389783737024221182e+02
6.225900783289816900e+02 7.391718885987814929e+02
6.221048593350383271e+02 7.396197783461210520e+02
6.220571672354948305e+02 7.395541808873720129e+02
6.221692373607540958e+02 7.395304198800342874e+02
6.220094178082191547e+02 7.396823630136985912e+02
6.202071835304424212e+02 7.390801576872536316e+02
6.184206140350877376e+02 7.387526315789473301e+02
6.181232332155476570e+02 7.388851590106006597e+02
6.187851063829787108e+02 7.394536170212766137e+02
6.190072248193795303e+02 7.394670633234169372e+02
6.188337531486146190e+02 7.398366918555835809e+02
6.177957716701902200e+02 7.396900634249471977e+02
6.162890222984563025e+02 7.398113207547170305e+02
6.149493725659887104e+02 7.395768065772392674e+02
6.142970424346335676e+02 7.399335619374196540e+02
6.144239222316144833e+02 7.402552831783600595e+02
6.150707547169811278e+02 7.397272727272727479e+02
6.151743742044972123e+02 7.401149766652524704e+02
6.142997470489038960e+02 7.402967959527824178e+02
6.135600343053173447e+02 7.399228130360205569e+02
6.129796696315120244e+02 7.402007623888182479e+02
6.135290598290598609e+02 7.398923076923076678e+02
6.139419491525424064e+02 7.401411016949152781e+02
6.139638912489380118e+02 7.400480033984706552e+02
6.136349341266468400e+02 7.402137696557585969e+02
6.134140857021637885e+02 7.402231650403055028e+02
6.130986814121650923e+02 7.400701829008932009e+02
6.128550662676357206e+02 7.400038477982043332e+02
6.124881154499150853e+02 7.400904074702885964e+02
6.128614072494669927e+02 7.398912579957356002e+02
6.141439966414777700e+02 7.402413937867338518e+02
6.154248310810810381e+02 7.399641047297296836e+02
6.154874521480221574e+02 7.397677584006805773e+02
6.152055201698514111e+02 7.397341825902335586e+02
