6.206683826683827192e+02 7.397597597597597314e+02
6.197503290917069307e+02 7.388429135585782888e+02
6.182991785559878508e+02 7.387003891050583206e+02
6.172093723129836462e+02 7.379531384350816552e+02
6.156840247131509614e+02 7.366813768755516776e+02
6.153082673702726879e+02 7.366310466138962738e+02
6.153449174630756033e+02 7.369874022589052629e+02
6.155753542292829934e+02 7.369012451696006565e+02
6.158496788008565090e+02 7.370231263383298028e+02
6.164476271911073582e+02 7.374715690466010756e+02
6.170136635354398322e+02 7.375456874466268573e+02
6.179961783439490546e+02 7.385121019108280507e+02
6.193580617495712204e+02 7.390638936535162884e+02
6.210374787052810461e+02 7.397129471890971217e+02
6.224146236559139425e+02 7.401144086021505473e+02
6.229771748492678398e+02 7.401098191214470035e+02
6.227027027027027088e+02 7.410219594594594810e+02
6.230817796610169808e+02 7.412919491525424291e+02
6.232692636986300840e+02 7.411956335616438309e+02
6.233025246041934224e+02 7.412242190842961236e+02
6.228644703919933363e+02 7.417222685571309739e+02
6.221979780960404014e+02 7.413559393428812427e+02
6.215848497672450321e+02 7.409191705459162449e+02
6.201065608023401410e+02 7.402440451316339249e+02
6.187082630691400027e+02 7.399114671163574712e+02
6.175698129621574708e+02 7.387390169638973703e+02
6.149853889127632556e+02 7.377060593038246452e+02
