6.197212558336868824e+02 7.409024183283835328e+02
6.193459897610921416e+02 7.405328498293515622e+02
6.197201914708441564e+02 7.401222802436901702e+02
6.203597430406852027e+02 7.406059957173447401e+02
6.204018851756641197e+02 7.407056555269922455e+02
6.199608602150537990e+02 7.408477419354838958e+02
6.198430873621713317e+02 7.408761662425785062e+02
6.197986492190798344e+02 7.404985225833685263e+02
6.199770505737357098e+02 7.403871653208669841e+02
6.183941100043308552e+02 7.402983975747076784e+02
6.172982228001733347e+02 7.405028175119202842e+02
6.169510012782275226e+02 7.406531742650191745e+02
6.172417061611374720e+02 7.402485997414906933e+02
6.174715619694396764e+02 7.401659592529711063e+02
6.162500000000000000e+02 7.398153846153845734e+02
6.151151048352588759e+02 7.397727856225931191e+02
6.154493316084518710e+02 7.395170332039672303e+02
6.152869306087696941e+02 7.399284802043422360e+02
6.143773905652358280e+02 7.397649808754781589e+02
6.143797040169133652e+02 7.397915433403805991e+02
6.151466836734693970e+02 7.398222789115645810e+02
6.153307725138711248e+02 7.398753734528382893e+02
6.150949744463373463e+02 7.397078364565587663e+02
6.148962264150943611e+02 7.395643224699828124e+02
6.167017167381974332e+02 7.395184549356223442e+02
6.180554614733276821e+02 7.396384419983065754e+02
6.174552047781569399e+02 7.394829351535836395e+02
6.156998292058069637e+02 7.395324508966695021e+02
6.159342906875543804e+02 7.391305483028720573e+02
6.178541666666666288e+02 7.394468537414966249e+02
6.192646430098332075e+02 7.395335613510046642e+02
6.192270761245674748e+02 7.394675605536332341e+02
6.198416055243849314e+02 7.393763487268018935e+02
6.205897216274089487e+02 7.394766595289079305e+02
6.208867678958785064e+02 7.393848156182212961e+02
6.207563993174061352e+02 7.397269624573378906e+02
