6.170738895807388644e+02 7.415076795350768180e+02
6.165741136266552758e+02 7.410832977360103087e+02
6.163287435456110188e+02 7.411037005163510685e+02
6.162679261485616280e+02 7.411807642765135142e+02
6.160580204778157167e+02 7.414667235494880515e+02
6.152561132561132808e+02 7.413818103818103964e+02
6.152203245089666552e+02 7.412544833475661790e+02
6.153261603375527784e+02 7.414734177215190130e+02
6.158973619126134054e+02 7.414126133553173759e+02
6.158347073371805891e+02 7.412683429513602960e+02
6.159046610169491487e+02 7.408016949152541883e+02
6.155780774249674323e+02 7.404588951718138787e+02
6.155749890686488470e+02 7.405526891123743098e+02
6.155051948051948330e+02 7.408190476190476375e+02
6.158824546240276732e+02 7.407921348314606576e+02
6.157031382527566166e+02 7.409223918575063408e+02
6.161332503113325174e+02 7.414259028642590010e+02
6.162928361960620123e+02 7.409560117302053186e+02
6.167716101694915096e+02 7.403419491525423837e+02
6.177312473210458847e+02 7.395803686240891466e+02
6.189157713794585334e+02 7.394009454232917733e+02
6.206537117903930039e+02 7.388541484716157584e+02
6.201727546196819958e+02 7.390911044262999212e+02
6.201692047377326844e+02 7.397038917089678307e+02
6.201165254237288309e+02 7.394411016949152327e+02
6.204457070707070443e+02 7.399591750841750581e+02
6.210427422767668304e+02 7.401163774862462787e+02
6.213872196360558746e+02 7.400634786288616169e+02
6.215909878682841736e+02 7.396564124783362786e+02
6.215625823451910037e+02 7.396271409749670056e+02
6.216230870135548230e+02 7.398303454306952744e+02
6.219044530912235587e+02 7.398171206225680407e+02
6.218432803778446214e+02 7.400583941605839300e+02
6.214274261603375180e+02 7.404016877637130847e+02
6.205241320914478820e+02 7.406634208298052044e+02
6.197811834823329491e+02 7.405696040868455157e+02
6.187824786324786146e+02 7.409290598290598382e+02
6.180819039451115486e+02 7.410454545454545041e+02
6.179218750000000000e+02 7.410533854166666288e+02
6.173773339122883499e+02 7.412357794181502868e+02
6.165828717511717514e+02 7.417869620792500882e+02
6.163747350572276673e+02 7.418100890207715565e+02
6.167422203532380536e+02 7.413873002523129117e+02
