6.211086048454469619e+02 7.410597326649958632e+02
6.185040237187632783e+02 7.405667090216010138e+02
6.171982135261590656e+02 7.407630795406209927e+02
6.170044345898004394e+02 7.390443458980043943e+02
6.167004484304932248e+02 7.389959641255605902e+02
6.157093285263632652e+02 7.387323118521857168e+02
6.142840805123513519e+02 7.388188472095150701e+02
6.139271019677996719e+02 7.393340787119857396e+02
6.146310853059401325e+02 7.392608307280036115e+02
6.154173951048951494e+02 7.402233391608391457e+02
6.155253796095444159e+02 7.404303687635574533e+02
6.160753279729158294e+02 7.411354210749047979e+02
6.176582278481013191e+02 7.412025316455695929e+02
6.185606837606837871e+02 7.411000000000000227e+02
6.192218444538887070e+02 7.411232469188270215e+02
6.199774659863945772e+02 7.411853741496598786e+02
6.203047740835464765e+02 7.407936913895993030e+02
6.202336726039015957e+02 7.409669211195928256e+02
6.203011794439763662e+02 7.411053074978938184e+02
6.205359307359307195e+02 7.403346320346320226e+02
6.202145660706497665e+02 7.402887047535979264e+02
6.196620450606585564e+02 7.398778162911611389e+02
6.203985255854292973e+02 7.399700780572419490e+02
6.204860990443092987e+02 7.399443961772371949e+02
6.196716222125054401e+02 7.394849147354613024e+02
6.192426215277778283e+02 7.397860243055555429e+02
6.195724078834618922e+02 7.400162810625535030e+02
6.206417657045840315e+02 7.402971137521221863e+02
6.225080372250423579e+02 7.404805414551607328e+02
6.233945578231292757e+02 7.408405612244897611e+02
6.233419732441471979e+02 7.411546822742475342e+02
6.227546140939597308e+02 7.410872483221476159e+02
6.226477699041266760e+02 7.412659441433930851e+02
6.226750308515014467e+02 7.413541752365281354e+02
6.222701680672269049e+02 7.408432773109243499e+02
6.203933529659234409e+02 7.408426588136305782e+02
6.179781303602057960e+02 7.403567753001715346e+02
6.170447504302926518e+02 7.398747848537004757e+02
6.168973913043478206e+02 7.396234782608695468e+02
6.161305494505494380e+02 7.393213186813186439e+02
6.150995177553704707e+02 7.393844804910127095e+02
6.130355439965322830e+02 7.395262245340268237e+02
