6.290721214677350872e+02 7.455993251792492629e+02
6.268278404163053210e+02 7.446483087597571284e+02
6.240946466809422191e+02 7.434351177730193285e+02
6.202243697478991180e+02 7.423315126050420076e+02
6.165863354037267072e+02 7.416480331262939671e+02
6.135507306889352321e+02 7.400734864300626441e+02
6.094690893901420168e+02 7.384807852965748225e+02
6.057313182199832227e+02 7.371926952141058109e+02
6.032292441140024266e+02 7.363841387856257370e+02
6.009067443796835732e+02 7.356915070774355172e+02
5.997692946058091366e+02 7.351672199170124031e+02
5.994033402922756295e+02 7.350521920668059010e+02
6.005245554614733692e+02 7.352701100762066062e+02
6.039279240397065678e+02 7.353323262839878680e+02
6.078469475494410972e+02 7.366418744625967747e+02
6.133688097306689997e+02 7.378870547350130664e+02
6.193352027610009145e+02 7.394042277825711835e+02
6.243693379790940980e+02 7.408554006968640806e+02
6.305801295896328611e+02 7.423429805615551231e+02
6.349870745368375538e+02 7.435256355019388366e+02
6.379425190194421020e+02 7.449234995773457513e+02
6.409046206019500005e+02 7.453654090716405562e+02
6.426067368421053061e+02 7.458244210526315783e+02
6.422541018090029183e+02 7.456432477913335788e+02
6.406407725321888620e+02 7.449291845493562505e+02
6.380462845010615638e+02 7.439439490445860201e+02
6.349519966015293448e+02 7.431248937977909463e+02
6.304813260595888096e+02 7.415690306336550748e+02
6.260359231411863448e+02 7.402978279030910471e+02
6.218084838303234392e+02 7.389806803863922369e+02
6.175512073272273028e+02 7.375174854288093229e+02
6.138083053691275381e+02 7.357999161073825007e+02
6.105889544688027399e+02 7.348726812816188385e+02
6.079150129421915381e+02 7.333925798101812461e+02
6.070319556881124754e+02 7.334831700042607281e+02
6.074216101694914869e+02 7.337432203389830647e+02
6.092041773231031812e+02 7.341909633418584917e+02
6.116240984302079369e+02 7.351820110309715801e+02
6.148063694267516439e+02 7.360666666666667197e+02
6.182963279248505160e+02 7.375004269854824770e+02
6.228380008616975374e+02 7.391223610512710138e+02
6.272593235039028059e+02 7.407220294882914686e+02
6.326125587355830930e+02 7.422951730029901682e+02
6.372684095860566913e+02 7.430984749455337806e+02
6.406608846487424671e+02 7.440789245446660516e+02
6.440163863734368306e+02 7.450250107805088646e+02
6.453272805879810221e+02 7.451033290099437636e+02
6.450610918544193737e+02 7.451174176776429476e+02
6.434832904884318623e+02 7.449228791773779221e+02
6.409229452054794365e+02 7.440710616438356055e+02
6.382148724600086780e+02 7.430051880674449194e+02
6.345492537313432422e+02 7.419825159914712458e+02
6.292404418011894904e+02 7.407187765505522066e+02
6.251022727272727479e+02 7.397916666666666288e+02
6.197474662162162531e+02 7.379151182432432279e+02
6.153912303107705384e+02 7.364516815666240745e+02
6.119592973436160719e+02 7.354335904027420838e+02
6.096862745098038658e+02 7.352920317062995537e+02
6.080750938673342034e+02 7.345999165623696854e+02
6.073490526315789566e+02 7.343873684210526562e+02
6.079617996604414429e+02 7.348629032258064626e+02
6.102664985287935906e+02 7.357776376628835351e+02
6.132562367864693442e+02 7.371353065539111640e+02
6.176286937901498959e+02 7.382642398286938032e+02
6.221767422334172579e+02 7.396570109151973611e+02
6.263016281062554071e+02 7.406178234790060060e+02
6.314633620689654663e+02 7.418935344827585823e+02
6.363384879725085739e+02 7.435975085910653206e+02
6.408355517389437637e+02 7.442172606268784421e+02
6.446788164665523482e+02 7.451873927958833974e+02
6.459634879725085739e+02 7.457096219931271435e+02
6.459130620985010864e+02 7.457451820128479767e+02
6.442450442851118169e+02 7.457157317587515308e+02
6.414686174724342891e+02 7.446480067854113258e+02
6.372407563025210493e+02 7.439806722689075968e+02
6.325137770241627777e+02 7.422339974565493321e+02
6.269883770985794627e+02 7.405286267757210226e+02
6.219546994072819643e+02 7.396193903471634030e+02
6.169423318010865387e+02 7.382971165900543156e+02
6.121879762912785736e+02 7.369098221845893022e+02
6.084407423028258108e+02 7.359595107549556587e+02
6.052992359932088675e+02 7.350653650254669174e+02
6.040839278220730648e+02 7.351825430130088534e+02
6.043828619670747457e+02 7.347247783875052392e+02
6.055491183879092887e+02 7.354617968094038361e+02
6.076528189910978881e+02 7.360122933446375555e+02
6.099590472210613825e+02 7.375837860426242969e+02
6.134834465195245912e+02 7.386897283531409357e+02
6.179485762855928215e+02 7.401032724181895901e+02
6.218628620102214200e+02 7.413488074957410845e+02
6.262198460222411995e+02 7.430906757912746343e+02
6.300773218142549013e+02 7.441866090712743471e+02
6.331138592750533007e+02 7.452260127931770057e+02
6.355535791757049537e+02 7.455956616052060326e+02
6.363756499133448870e+02 7.458544194107452086e+02
6.362743324720069040e+02 7.458385012919897008e+02
6.348310957124296010e+02 7.452784755305326598e+02
6.318758532423207726e+02 7.446932593856655558e+02
6.282654716175842395e+02 7.435864276568502191e+02
6.233231031543051586e+02 7.427936913895993030e+02
6.173481418197351331e+02 7.411691584792823733e+02
6.114125786163522207e+02 7.400628930817609898e+02
6.053998287671232674e+02 7.381091609589041127e+02
5.999394194362641883e+02 7.370816154816996004e+02
5.964535610162432704e+02 7.363981674302374358e+02
5.932892459826946379e+02 7.356897404202719599e+02
5.911157676348548193e+02 7.349651452282157607e+02
5.904789739276702676e+02 7.346118587047939172e+02
5.911362876254180492e+02 7.351204013377926003e+02
5.930826722338204036e+02 7.359874739039665883e+02
5.959382561535252307e+02 7.368856904463913224e+02
5.991172787979966188e+02 7.382228714524206907e+02
6.033270519262981679e+02 7.399036850921272617e+02
6.071153846153846416e+02 7.409290598290598382e+02
6.117932217932218464e+02 7.415714285714285552e+02
6.164704391891891646e+02 7.436452702702703164e+02
6.197229870671673098e+02 7.445260742594909971e+02
6.225953974895397778e+02 7.450907949790795328e+02
6.244977016297534647e+02 7.455399080651901613e+02
6.247417742607246964e+02 7.456851311953353161e+02
6.245334987593051892e+02 7.457708850289495786e+02
6.228278034439310886e+02 7.447988240235195008e+02
6.201301255230125662e+02 7.439121338912134433e+02
6.163746898263027560e+02 7.427510339123242602e+02
6.122556296914094673e+02 7.412026688907423022e+02
6.083540191586838546e+02 7.401370262390670405e+02
6.031571428571428442e+02 7.385689075630251637e+02
5.972271779908295457e+02 7.371988328470196166e+02
5.935464480874317132e+02 7.359550231189575697e+02
5.910145469659184982e+02 7.359197838736491804e+02
5.902030603804797693e+02 7.351947890818858014e+02
5.902960000000000491e+02 7.348311578947368616e+02
5.913944444444443889e+02 7.350863247863247807e+02
5.938244592346089803e+02 7.363947587354409734e+02
5.967734342160571259e+02 7.376607818411097242e+02
6.010763035184399996e+02 7.382306061890631099e+02
6.063796412181893629e+02 7.400892782644972385e+02
6.112617103566824426e+02 7.408852599914052917e+02
6.158901563160118258e+02 7.427177862272919810e+02
6.205736466638691127e+02 7.441275702895509312e+02
6.239153039832284549e+02 7.455048218029349982e+02
6.267610324729391778e+02 7.459275603663613765e+02
6.284303157894736387e+02 7.460732631578947576e+02
6.286573221757322472e+02 7.460924686192469153e+02
6.281114908158906474e+02 7.451016659547202607e+02
6.262623089983021600e+02 7.445853140916808570e+02
6.241384097602019665e+02 7.435607909129154223e+02
6.204367622259696873e+02 7.421505059021922079e+02
6.158279932546374766e+02 7.404751264755481088e+02
6.114197478991596881e+02 7.395050420168066694e+02
6.063173277661795737e+02 7.380505219206680749e+02
6.022886075949367068e+02 7.365337552742615799e+02
5.986650041562759270e+02 7.356704073150457361e+02
5.952199170124481498e+02 7.348340248962655323e+02
5.924395280235987684e+02 7.341656131479140868e+02
5.917443324937028137e+02 7.342409739714526040e+02
5.925095137420719311e+02 7.348883720930232357e+02
5.947607413647851899e+02 7.353593091828138313e+02
5.979051003344482069e+02 7.368729096989966365e+02
6.017337278106508620e+02 7.376762468300929640e+02
6.058973063973063518e+02 7.396317340067339501e+02
6.106852091418714963e+02 7.407680034497627730e+02
6.169283290924512357e+02 7.423859202714164667e+02
6.221735607675906294e+02 7.435488272921109001e+02
6.262447761194030136e+02 7.441603411513859783e+02
6.296747141041931854e+02 7.450046590427784849e+02
6.322446315789474056e+02 7.453258947368420877e+02
6.329556775010553338e+02 7.453554242296327175e+02
6.320695986336464784e+02 7.449197267292912557e+02
6.301171974522293340e+02 7.443978768577494520e+02
6.278244793880153338e+02 7.432728431789205388e+02
6.246579166666666652e+02 7.423862500000000182e+02
6.208015839933306097e+02 7.408578574406002417e+02
6.172282518641259230e+02 7.397062966031483029e+02
6.131158026755853143e+02 7.381341973244146857e+02
6.088712215320911127e+02 7.370028985507246944e+02
6.057613683771380693e+02 7.359499374217772356e+02
6.029133333333332985e+02 7.350716666666667152e+02
6.013389900662251648e+02 7.345877483443708797e+02
6.002777321281840841e+02 7.349059161873459516e+02
6.010659751037344449e+02 7.353439834024895845e+02
6.028608621425522642e+02 7.354289372599231456e+02
6.062805662805662905e+02 7.363462033462033105e+02
6.108703465982027865e+02 7.376461275139066629e+02
6.173546734955185684e+02 7.393341869398207109e+02
6.232683138274816201e+02 7.402982228001733347e+02
6.290267175572519136e+02 7.419173027989821776e+02
6.342072538860103350e+02 7.436006044905008139e+02
6.382712653406686059e+02 7.450947947524333586e+02
6.417497868712702029e+02 7.456722080136402155e+02
6.437890025575447908e+02 7.454595055413469709e+02
6.443135993135992976e+02 7.453011583011583525e+02
6.436646603611350201e+02 7.448439380911436274e+02
6.414176621160409013e+02 7.440627133105801931e+02
6.388321136461472634e+02 7.426371071889797122e+02
6.351382252559726567e+02 7.411531569965870858e+02
6.299377398720682777e+02 7.398592750533049411e+02
6.253142368533560784e+02 7.387558785805899788e+02
6.206858594411515924e+02 7.375283657917019582e+02
6.162519619991738864e+02 7.365117719950433184e+02
6.133601659751037687e+02 7.356165975103734809e+02
6.083528667790893678e+02 7.343393760539629511e+02
