6.132660869565216899e+02 7.396617391304347393e+02
6.132475898334794238e+02 7.398448729184925696e+02
6.150728621291448235e+02 7.396657940663176305e+02
6.181267108167770630e+02 7.395152317880795181e+02
6.214698275862068613e+02 7.401818965517240940e+02
6.227183932346722486e+02 7.408456659619450875e+02
6.224109183241641858e+02 7.412911553110452587e+02
6.212529284164859291e+02 7.406637744034707111e+02
6.206742100768574346e+02 7.410251921434671658e+02
6.211992320819113047e+02 7.409543515358361674e+02
6.223607675906183658e+02 7.405543710021321431e+02
6.230499788225328075e+02 7.402587886488776121e+02
6.214260578131545572e+02 7.401684122329284037e+02
6.185142613878246038e+02 7.395564069816942947e+02
6.160564102564102313e+02 7.392666666666666515e+02
6.140216284987277504e+02 7.396819338422392320e+02
6.140790363482670955e+02 7.394099746407438261e+02
6.153034571062739815e+02 7.390853606487409024e+02
6.167419906023067142e+02 7.391964972234087554e+02
6.174655835827276178e+02 7.394271056006840581e+02
6.165199831720656221e+02 7.404867480016828267e+02
6.171157487091221583e+02 7.404556798623063969e+02
6.207743876235496145e+02 7.407726686721100577e+02
6.239330508474575936e+02 7.407360169491524857e+02
6.248947142243231383e+02 7.403046841426729543e+02
6.239952215464812753e+02 7.401885317115551288e+02
6.216058899956691448e+02 7.400294499783456104e+02
6.188315519452758053e+02 7.399692176143651068e+02
6.176128337639966048e+02 7.396649440137812235e+02
6.169617672047578480e+02 7.396635514018691993e+02
6.176135680549591598e+02 7.392288535852296718e+02
6.178877944325481621e+02 7.391477516059957225e+02
6.181151541095890707e+02 7.393339041095890707e+02
6.162552733534223535e+02 7.390925527335342622e+02
6.145436934997848084e+02 7.393581575548859064e+02
6.147993138936535615e+02 7.398207547169811278e+02
6.177858985382631545e+02 7.397871883061048948e+02
6.205645299145298850e+02 7.395760683760684060e+02
6.232945900253592981e+02 7.399154691462383653e+02
6.237565957446807943e+02 7.404774468085106491e+02
6.213769722814498664e+02 7.404383795309167908e+02
