6.062482363315696148e+02 7.391089065255731612e+02
6.079669642857143117e+02 7.385008928571428442e+02
6.109508196721311606e+02 7.385640230394328682e+02
6.147629982668977391e+02 7.388587521663778261e+02
6.184302670623145559e+02 7.391920305214073323e+02
6.220260613703236459e+02 7.395889029003783435e+02
6.252233691164326501e+02 7.396601981833196078e+02
6.260965346534653690e+02 7.393576732673267315e+02
6.260592188156236944e+02 7.392419151616967383e+02
6.256351875808537670e+02 7.389409228115566748e+02
6.243309449171517826e+02 7.383367666815942130e+02
6.244025327905925451e+02 7.383274536408864606e+02
6.253102059086839972e+02 7.384001790510295677e+02
6.272336694432266313e+02 7.387737834283209395e+02
6.294054878048780211e+02 7.389725609756097811e+02
6.314565310492505432e+02 7.394351177730193285e+02
6.336070087609512029e+02 7.400851063829787790e+02
6.345029093931836996e+02 7.407539484621778456e+02
6.337249177631579187e+02 7.409206414473684390e+02
6.311727879799666425e+02 7.403802170283806845e+02
6.277231493367564781e+02 7.399157038938810729e+02
6.241548358473824010e+02 7.390323868677905921e+02
6.210193281178094367e+02 7.383110906580764095e+02
6.189453551912567946e+02 7.389257741347905721e+02
6.185735950044603442e+02 7.394888492417484258e+02
6.189844760672704069e+02 7.399353169469599152e+02
6.200549356223175437e+02 7.397553648068669645e+02
6.202426655490360190e+02 7.402866722548197913e+02
6.195939044481054907e+02 7.402825370675452632e+02
6.173843025620170692e+02 7.403127287515250146e+02
6.146419141914191187e+02 7.400532178217821411e+02
6.104690786705931487e+02 7.398927219183844954e+02
6.069485449177561804e+02 7.396140868831716944e+02
6.051022476862053736e+02 7.389819303657999399e+02
6.041985068072024205e+02 7.388906455862977509e+02
6.048733451015004903e+02 7.390388349514563515e+02
6.060448746150461830e+02 7.392133743950726057e+02
6.085422535211267814e+02 7.406106048053023869e+02
6.101647446457990327e+02 7.406729818780889900e+02
6.108949096880131719e+02 7.406087848932676252e+02
6.102768850432632917e+02 7.408360115368767538e+02
6.090885028949545585e+02 7.407622001654259520e+02
6.084205685618728694e+02 7.405898829431438344e+02
6.073604701784936424e+02 7.399643012625163010e+02
6.066220825852782355e+02 7.390745062836624584e+02
6.076531078610603345e+02 7.383414076782449911e+02
6.103331826401446278e+02 7.386803797468354560e+02
6.141248374512354076e+02 7.394937147811009481e+02
6.173113445378151027e+02 7.399025210084033688e+02
6.209390946502057886e+02 7.401876543209876900e+02
6.247009539610120328e+02 7.400800497718788620e+02
6.258089652283200621e+02 7.397545035609551860e+02
6.257131321716957473e+02 7.393637909052273471e+02
