6.160338184931506476e+02 7.392572773972602818e+02
6.162096498719043893e+02 7.395439795046968356e+02
6.163313483623990123e+02 7.397498936622713472e+02
6.163858742463393128e+02 7.400176571920758306e+02
6.162631352282514854e+02 7.398819982773470656e+02
6.161840307429547465e+02 7.398509820666097312e+02
6.177265392781316677e+02 7.395146496815286810e+02
6.186572393414943463e+02 7.394736175601519790e+02
6.192055084745762770e+02 7.392826271186440863e+02
6.193437633947706900e+02 7.389631375910844326e+02
6.192194712547209292e+02 7.392849349559378425e+02
6.191383432963278892e+02 7.390247651579845751e+02
6.187409919457396654e+02 7.393094531581178899e+02
6.180713364847442790e+02 7.392660077352815051e+02
6.172551903114186871e+02 7.396245674740484901e+02
6.162794180573384892e+02 7.407115960633290115e+02
6.154305495456512745e+02 7.407408048463868226e+02
6.148891313836752488e+02 7.412549105194237882e+02
6.156450482033303615e+02 7.417388255915863056e+02
6.167651352511807090e+02 7.427312151137826959e+02
6.177208315655494744e+02 7.431255833686890355e+02
6.192737994945240416e+02 7.431339511373209916e+02
6.201554800339847588e+02 7.426826677994902184e+02
6.209144067796610216e+02 7.429525423728813394e+02
6.209791400595997857e+02 7.428905917411664177e+02
6.198895912347239801e+02 7.423573535608933298e+02
6.187150766609880748e+02 7.422678875638841873e+02
6.180629519353466321e+02 7.418809017439386935e+02
6.179856842105263013e+02 7.422050526315789512e+02
6.178320545609548162e+02 7.421376811594202536e+02
6.169291204099060906e+02 7.423962425277541115e+02
6.170392658984208083e+02 7.425087494664959422e+02
6.173475844377938984e+02 7.428619067977767827e+02
6.175366795366795714e+02 7.431458601458601834e+02
6.182154838709677733e+02 7.429862365591397975e+02
6.187292020373514561e+02 7.432525466893039265e+02
6.188984771573603894e+02 7.434433164128595308e+02
6.188835358190196985e+02 7.434859656472559664e+02
6.180430561418320394e+02 7.430721823554242746e+02
6.179474358974358665e+02 7.429743589743590064e+02
6.177859603789836456e+02 7.421942291128337956e+02
6.176059431524547563e+02 7.419414298018949694e+02
6.179355814958927340e+02 7.418032857760483694e+02
6.186379460400347625e+02 7.418651000870321468e+02
6.195021132713440011e+02 7.419530853761623348e+02
6.206740425531914980e+02 7.421936170212766228e+02
6.213589202867988206e+02 7.426592155208772965e+02
6.214835348061692457e+02 7.429374739474781109e+02
6.209441411171776508e+02 7.431936161276775010e+02
6.207121971595655623e+02 7.431562238930659987e+02
6.206789760805706919e+02 7.432568191355434237e+02
6.198910070451719321e+02 7.429656029838375844e+02
6.192931541369172237e+02 7.425657286854262793e+02
6.183367003367003463e+02 7.416881313131312936e+02
6.174285714285714448e+02 7.417239780868098933e+02
6.165977205571971353e+02 7.414542000844238601e+02
6.164708860759493518e+02 7.410248945147678796e+02
6.161923881221246120e+02 7.403103304056879779e+02
6.159389887170915472e+02 7.402891767655662534e+02
6.156391578947368544e+02 7.396433684210526280e+02
6.155652173913043725e+02 7.396015886287625563e+02
6.163786933000416184e+02 7.395834373699542539e+02
6.175435598165902320e+02 7.398686952897040783e+02
6.184847107438016565e+02 7.401855371900826412e+02
6.177321877619447150e+02 7.402359597652975935e+02
6.166918185671894435e+02 7.402717253073336678e+02
6.161600338696019890e+02 7.404034716342082447e+02
6.158585597240189600e+02 7.401427339370418395e+02
6.153935760171306129e+02 7.402890792291220805e+02
6.150577758470894878e+02 7.397966985230234513e+02
6.149571734475374569e+02 7.395884368308351213e+02
6.150927573062261899e+02 7.395785684032189238e+02
6.157358653431160747e+02 7.388623219680621332e+02
6.163807084933845317e+02 7.387298335467349943e+02
6.175099309153713421e+02 7.383778065630397123e+02
6.188497256226255558e+02 7.385124525116082168e+02
6.192021720969089529e+02 7.382664995822890432e+02
6.188294442087399148e+02 7.375294866355536669e+02
6.178866155157714957e+02 7.377958226768968188e+02
6.168633276740238216e+02 7.380789473684210407e+02
6.153085106382978893e+02 7.381395744680851294e+02
6.135092905405405190e+02 7.384366554054054177e+02
6.121033022861981863e+02 7.388547840812869936e+02
6.117170364169107870e+02 7.387111762243616795e+02
6.124702657106705601e+02 7.381741881062843049e+02
6.134828171404327577e+02 7.382134068731438674e+02
6.139816631130064479e+02 7.378021321961620060e+02
6.147673036093418659e+02 7.378004246284500596e+02
6.158898809523809632e+02 7.375982142857143344e+02
6.165488060326770210e+02 7.377917888563049473e+02
6.170244005048380131e+02 7.377391670172486329e+02
6.172802013422818845e+02 7.378678691275167694e+02
6.170592654424040120e+02 7.383518363939899700e+02
6.163154836031548029e+02 7.385093399750934395e+02
6.149948761742100487e+02 7.384837745516651921e+02
6.144319066147860440e+02 7.390791180285343671e+02
6.140871817004747300e+02 7.392175226586102781e+02
6.141505190311418119e+02 7.393741349480968665e+02
6.145750000000000455e+02 7.397400862068965353e+02
6.144976465554128708e+02 7.402366281557552838e+02
6.148510729613733474e+02 7.397373390557939956e+02
6.163179487179487523e+02 7.396119658119657743e+02
6.178065198983912296e+02 7.397908552074512727e+02
6.187769392033543454e+02 7.397308176100628998e+02
6.195039966344131699e+02 7.394795961295750431e+02
6.197493765586034442e+02 7.396126350789692196e+02
6.197558823529411711e+02 7.393168067226890798e+02
6.197346251053074866e+02 7.394431339511372698e+02
6.190561418319965696e+02 7.396745462220345644e+02
6.185429902583650801e+02 7.398403218975010986e+02
6.177806034482758832e+02 7.400905172413793025e+02
6.170383125269048605e+02 7.404726646577701104e+02
6.163562632696390438e+02 7.409490445859872807e+02
6.169306087696892291e+02 7.420979140059599786e+02
