6.111721453287196937e+02 7.391211072664359563e+02
6.115878290893396070e+02 7.391022874406560277e+02
6.119007731958762406e+02 7.391542096219931182e+02
6.125107573149741711e+02 7.390451807228915868e+02
6.124660944206008253e+02 7.391587982832618309e+02
6.125699956389009913e+02 7.387514173571739775e+02
6.146038144776766785e+02 7.392188990030342666e+02
6.164285714285714448e+02 7.396740804106073028e+02
6.184115156646909099e+02 7.398759525825571473e+02
6.197143483984203840e+02 7.399082931110135632e+02
6.201571489909832735e+02 7.398231000429368578e+02
6.209956408020924528e+02 7.395313862249346357e+02
6.225298411335337505e+02 7.395530270502360963e+02
6.226455160744500290e+02 7.400211505922165998e+02
6.224156829679595830e+02 7.406652613827993719e+02
6.225376208490962426e+02 7.407099621689785636e+02
6.227303370786517007e+02 7.403375108038029566e+02
6.228786701208980503e+02 7.405699481865284497e+02
6.229496774193548845e+02 7.408511827956989464e+02
6.227029109589041127e+02 7.409773116438356055e+02
6.227176520994001976e+02 7.409884318766066826e+02
6.231186295503212023e+02 7.411241970021412726e+02
6.227820025348542003e+02 7.411263202365863663e+02
6.214111302847281877e+02 7.408019844693701543e+02
6.204038128249566171e+02 7.409025129982668432e+02
6.191578947368420813e+02 7.412181663837011456e+02
6.180119965724078384e+02 7.413161953727505988e+02
6.162917737789202874e+02 7.410484147386461018e+02
6.145330376940132737e+02 7.402093126385809683e+02
6.138419689119170926e+02 7.407914507772020443e+02
6.138414476518742049e+02 7.408018095648427561e+02
6.136792130025662573e+02 7.409478186484174103e+02
6.131805615550755419e+02 7.406894168466523070e+02
6.129960852544584213e+02 7.406285341452805824e+02
6.132629550321198622e+02 7.404029978586723928e+02
6.129323567427833268e+02 7.401025420077552326e+02
6.120796041308090025e+02 7.393283132530120838e+02
6.123752166377815911e+02 7.394224436741767477e+02
6.124323503902861603e+02 7.393503902862098585e+02
6.127914005959983115e+02 7.393150276713495259e+02
6.132852813852813370e+02 7.393277056277056545e+02
6.134071026418363317e+02 7.392143785188393394e+02
6.133682621819749556e+02 7.392768434670116449e+02
6.148372692142550022e+02 7.391584370974667308e+02
6.187329325890940481e+02 7.390734220695577505e+02
