6.190000000000000000e+02 7.397344559585492334e+02
6.200296137339055349e+02 7.398283261802574771e+02
6.202703513281919641e+02 7.397497857754926827e+02
6.199154929577464372e+02 7.402257789159197046e+02
6.170448997384481800e+02 7.398884045335657902e+02
6.159234470691163779e+02 7.399693788276465511e+02
6.177264110297285242e+02 7.401598448944420170e+02
6.202511848341232508e+02 7.395463162429987278e+02
6.210437392795882943e+02 7.395458833619211418e+02
6.196555084745763224e+02 7.397677966101695120e+02
6.173043107127614348e+02 7.394788732394366662e+02
6.167514051015996301e+02 7.394595763078253867e+02
6.179694456569184240e+02 7.400855521606285947e+02
6.187279029462738436e+02 7.399371750433275565e+02
6.194505307855625915e+02 7.405138004246284709e+02
6.205457685664939618e+02 7.397115716753022525e+02
6.207111398963730835e+02 7.396360103626942646e+02
6.199956101843722536e+02 7.398112379280070172e+02
6.189024933214603834e+02 7.392137132680320519e+02
6.191134065934065802e+02 7.394184615384615427e+02
6.205607961921245987e+02 7.396724361748160845e+02
6.209565030146425215e+02 7.400206718346253183e+02
6.202902533276084114e+02 7.401674538428510459e+02
6.153729329852045566e+02 7.399686684073107017e+02
