6.078094027954256262e+02 7.396018636171113485e+02
6.069522425249169828e+02 7.400813953488371908e+02
6.067021097046413161e+02 7.396033755274261239e+02
6.073168984407922153e+02 7.394315212810788580e+02
6.077391670172486329e+02 7.391897349600336611e+02
6.086162594776748165e+02 7.387978096040437777e+02
6.089872611464968486e+02 7.387290870488322980e+02
6.092582019599489058e+02 7.387648061354921083e+02
6.096638935108153419e+02 7.396426788685523661e+02
6.102301980198019464e+02 7.402405115511551230e+02
6.110133277800915721e+02 7.402923781757600636e+02
6.120789803593814895e+02 7.403660676974509443e+02
6.127491666666666106e+02 7.405812499999999545e+02
6.126644267114658078e+02 7.403485930281394758e+02
6.127601020842195112e+02 7.402075712462782349e+02
6.125585623678647380e+02 7.400625792811839574e+02
6.124863617289131525e+02 7.405266470835082373e+02
6.127901861252115623e+02 7.405528764805414994e+02
6.141346316680778727e+02 7.402764606265876637e+02
6.156935618729097541e+02 7.403131270903010090e+02
6.171083333333333485e+02 7.406924999999999955e+02
6.180749792874896684e+02 7.408102734051367406e+02
6.181729975227085561e+02 7.407497935590421321e+02
6.189303295786399985e+02 7.406599916562369117e+02
6.189566315789473947e+02 7.401359999999999673e+02
6.188767180341524181e+02 7.400987088713036428e+02
6.188276147168251100e+02 7.402083505580818610e+02
6.179598662207357620e+02 7.400706521739130039e+02
6.173142857142856883e+02 7.396483193277310875e+02
6.169235344095156961e+02 7.397043330501273886e+02
6.168700804062632415e+02 7.401062209056284473e+02
6.167255400254130109e+02 7.403290978398983953e+02
6.167457264957264442e+02 7.403363247863247807e+02
6.168881355932203405e+02 7.409694915254236776e+02
6.172622392507449831e+02 7.410051085568327380e+02
6.176662414965986727e+02 7.411994047619048160e+02
6.180448717948718240e+02 7.409367521367521476e+02
6.186257485029940426e+02 7.412382378100941196e+02
6.200000000000000000e+02 7.412834679133021609e+02
6.221862331081081265e+02 7.412989864864864558e+02
6.237359999999999900e+02 7.412656842105262740e+02
6.243738396624472671e+02 7.411907172995780684e+02
6.241308767471410874e+02 7.409479034307496477e+02
6.239238578680202636e+02 7.405169204737732116e+02
6.234684569479966285e+02 7.400085251491900635e+02
6.231074589127686068e+02 7.400716392751791091e+02
6.229297729184188483e+02 7.400660218671151824e+02
6.224597315436241161e+02 7.399244966442953455e+02
6.215568660488627302e+02 7.396491154170176969e+02
6.203588011819333587e+02 7.400198395947656991e+02
6.197038445289396122e+02 7.397782002534854655e+02
6.192281223449447225e+02 7.397111299915038671e+02
6.192945205479452397e+02 7.396545376712329016e+02
6.198177150192555018e+02 7.399088575096277509e+02
6.203543874523103341e+02 7.398300127172531120e+02
6.211103066439522991e+02 7.396699318568994386e+02
6.219457299116533022e+02 7.398632730332351457e+02
6.235325393449595595e+02 7.400025521054869841e+02
6.254476473081814447e+02 7.402356930902924432e+02
6.269805002119542223e+02 7.407655786350148901e+02
6.284485785953177128e+02 7.414740802675585201e+02
6.288662716885315831e+02 7.415133305120609748e+02
6.290211864406779796e+02 7.415686440677966402e+02
6.291517970401691855e+02 7.418951374207188110e+02
6.292452269834535628e+02 7.417632583792957348e+02
6.293106125970664380e+02 7.414568593615185819e+02
6.297986377181779289e+02 7.417935291613453046e+02
6.298063838723224990e+02 7.418227635447291277e+02
6.293016949152541883e+02 7.413957627118644496e+02
6.282021276595744439e+02 7.412221276595744257e+02
6.269742820402914276e+02 7.410737248178311347e+02
6.258319689788884261e+02 7.406281775096940692e+02
6.253359139784946592e+02 7.405694623655914484e+02
6.249686426116838902e+02 7.403217353951889663e+02
6.248965076660988416e+02 7.399731686541737190e+02
6.252813168020521744e+02 7.396494228302693728e+02
6.251543001686341086e+02 7.399123102866778936e+02
6.246430666108085461e+02 7.399111855886048943e+02
6.235227837613919064e+02 7.403102734051367406e+02
6.226184971098265351e+02 7.403063583815029460e+02
6.221936019941836093e+02 7.403307021188201134e+02
6.215440993788820379e+02 7.405180124223602434e+02
6.209232060428031446e+02 7.404649601342845244e+02
6.198020134228188454e+02 7.404983221476510380e+02
6.196300900128590001e+02 7.407483926275182284e+02
6.196540586485338054e+02 7.411563960900977008e+02
6.198864703371746145e+02 7.407230046948357085e+02
6.203127147766323333e+02 7.405060137457044220e+02
6.203449762828805660e+02 7.402936610608020374e+02
6.208679164891350410e+02 7.407537281636131183e+02
6.215423584504044356e+02 7.408412090251171094e+02
6.221770966368667359e+02 7.403669646658152033e+02
6.229650766609880748e+02 7.396916524701873641e+02
6.245389473684210770e+02 7.398374736842105222e+02
6.260824958123953365e+02 7.395904522613064955e+02
6.274914405010438259e+02 7.394392484342380385e+02
6.279768128161888399e+02 7.391294266441821037e+02
6.273434599156117883e+02 7.390810126582277917e+02
6.255174296514069283e+02 7.395900881982360033e+02
6.236000846381717793e+02 7.395564959796868152e+02
6.227981099656357173e+02 7.392242268041237594e+02
6.222832047986289581e+02 7.395501285347044131e+02
6.223374573378839614e+02 7.400456484641638326e+02
6.226201284796574100e+02 7.402295503211990990e+02
6.225296628254375264e+02 7.402594963721724071e+02
6.229016115351993221e+02 7.405059372349448950e+02
6.238279661016948694e+02 7.406084745762711918e+02
6.248021186440678321e+02 7.403398305084746198e+02
6.260055014811680394e+02 7.406398645789250850e+02
6.262069698257542996e+02 7.405057373565661010e+02
6.265537473233404171e+02 7.404269807280513760e+02
6.267297872340425329e+02 7.409187234042552745e+02
6.264738853503184828e+02 7.410301486199575720e+02
6.261992449664429614e+02 7.413234060402684236e+02
6.260934501460158117e+02 7.412649144764288849e+02
6.257063559322033370e+02 7.410004237288135300e+02
6.243891231028667335e+02 7.407284991568296846e+02
6.231784964300713909e+02 7.405153296934061018e+02
6.214760897164620701e+02 7.400694033008886663e+02
6.205714890016920435e+02 7.400913705583756155e+02
6.196239932174649994e+02 7.394069520983467783e+02
6.191968040370059043e+02 7.396816652649284833e+02
6.184393039049235767e+02 7.392576400679116659e+02
6.178957627118644496e+02 7.391483050847457434e+02
6.170596889449348055e+02 7.389285414039512716e+02
6.162588983050846991e+02 7.390194915254237458e+02
6.157104033970275623e+02 7.393723991507431492e+02
6.156079182630907098e+02 7.392141336739038024e+02
6.162113924050632932e+02 7.394523206751055113e+02
6.174540059347181113e+02 7.393908435777872228e+02
6.182639184020399625e+02 7.394241393965151019e+02
6.190689655172413950e+02 7.393452532992762372e+02
6.198025984911986370e+02 7.400800502933780081e+02
6.198545379196021941e+02 7.403841690841276204e+02
6.201191666666666151e+02 7.407216666666666924e+02
6.200630743525480284e+02 7.407188805346700065e+02
6.201778339654446199e+02 7.407842393594605710e+02
6.199144295302013461e+02 7.408246644295302303e+02
6.194982920580699783e+02 7.412023911187019394e+02
6.183643996641477543e+02 7.414135180520570430e+02
6.177243562684676590e+02 7.413765301815111570e+02
6.171789833404527599e+02 7.409953011533532390e+02
6.168759949727691492e+02 7.411952241307079703e+02
6.166278385197645093e+02 7.403570227081580697e+02
6.162953105196451133e+02 7.400240811153358891e+02
6.157571912013536348e+02 7.397373096446700629e+02
6.151845707175446023e+02 7.401111571961841946e+02
6.149164265129683145e+02 7.403124742692466498e+02
6.149175937371239797e+02 7.402735887927482281e+02
6.149032125205931152e+02 7.401898682042833570e+02
6.147979123173278140e+02 7.403093945720250986e+02
6.137667504187604663e+02 7.404229480737018321e+02
6.124257095158598077e+02 7.410914023372287147e+02
6.102209944751381272e+02 7.407603059923501405e+02
6.087188295165394720e+02 7.412383375742153930e+02
6.076116052520118274e+02 7.413320626853028443e+02
6.079325259515570679e+02 7.409083044982698993e+02
6.088827292110873941e+02 7.411837953091684312e+02
6.095127760935470178e+02 7.406790818536162533e+02
6.100637381567613602e+02 7.410030146425494877e+02
6.104293617021276077e+02 7.410876595744680344e+02
6.105261178437108356e+02 7.416050982030923251e+02
6.107819924968737269e+02 7.417415589829095097e+02
6.108304020100503067e+02 7.416628978224455295e+02
6.105954487989886275e+02 7.414450063211124871e+02
6.099685006299873749e+02 7.412582948341033671e+02
6.093299832495812325e+02 7.405988274706867287e+02
6.085850083752093269e+02 7.403802345058626315e+02
6.082822111388196618e+02 7.400702410640066091e+02
6.081881270903010090e+02 7.400020903010033635e+02
6.079067443796835732e+02 7.398621981681931175e+02
6.073937138130686435e+02 7.399714640198511688e+02
6.073760434056761142e+02 7.397391485809682763e+02
6.068057553956834909e+02 7.393482860770207026e+02
6.065196451204055847e+02 7.393950147866497673e+02
6.076040268456375770e+02 7.399366610738254622e+02
6.087210264900662651e+02 7.404834437086092294e+02
6.100971593248250429e+02 7.406595306710580644e+02
6.116371237458193946e+02 7.408428093645485433e+02
6.125251677852348848e+02 7.409647651006711158e+02
6.130673358427436597e+02 7.411421999163529790e+02
6.138161795849216560e+02 7.410432020330368914e+02
6.144946966482816606e+02 7.410661858294441799e+02
6.156162937948500939e+02 7.413794850147742181e+02
6.165156576200417931e+02 7.414559498956158450e+02
6.172820512820512704e+02 7.415018915510719353e+02
6.170025094102885532e+02 7.414989544123797032e+02
6.167595789473683681e+02 7.414463157894737151e+02
6.157533557046980377e+02 7.414773489932886150e+02
6.148427620632279513e+02 7.416476705490848644e+02
6.132935470265711047e+02 7.409725854070012474e+02
6.116188284518827913e+02 7.411757322175732270e+02
6.099149831649831413e+02 7.406228956228956122e+02
6.084189359028068793e+02 7.404813573523250625e+02
6.070453222453222679e+02 7.400424116424115937e+02
6.060436424674779801e+02 7.399131347041544586e+02
6.060724515585509380e+02 7.397805391743892187e+02
6.062204890387857859e+02 7.395526981450252606e+02
6.064378172588832285e+02 7.391772419627749287e+02
6.065319059613769923e+02 7.394013434089000611e+02
6.068304730012557684e+02 7.396885726245291153e+02
6.070794839783603720e+02 7.400557636287973082e+02
6.074256474519631865e+02 7.399540517961570458e+02
6.081932947019867015e+02 7.405649834437085701e+02
6.093329177057356674e+02 7.408869492934330765e+02
6.102500000000000000e+02 7.411225409836065410e+02
6.108771043771043878e+02 7.408644781144780609e+02
6.109248088360237716e+02 7.407718776550552775e+02
6.107603765511339589e+02 7.406914848095849493e+02
6.106636675235646408e+02 7.406478149100256587e+02
6.107372700042790257e+02 7.410406504065040281e+02
6.116070518266780027e+02 7.407565845369583712e+02
6.127704918032786736e+02 7.406763345943674040e+02
6.146376750106066993e+02 7.400708527789563504e+02
6.157540494458653484e+02 7.400166240409207603e+02
6.161236146632566033e+02 7.399855072463767556e+02
6.161909167367535929e+02 7.399037005887299756e+02
6.162964196502914547e+02 7.398992506244795777e+02
6.165029239766081446e+02 7.397360066833750807e+02
6.164935870914356428e+02 7.398386429458005296e+02
6.164619883040935520e+02 7.393107769423559148e+02
6.162845833333333303e+02 7.392454166666666424e+02
6.159399412011759978e+02 7.391230575388492525e+02
6.159908523908524103e+02 7.393779625779625349e+02
6.159576235978396426e+02 7.397129206481097299e+02
6.163419301164725539e+02 7.399796173044925354e+02
6.165992509363295540e+02 7.403637120266333795e+02
6.167919661733615158e+02 7.405784355179704335e+02
6.171575859178541350e+02 7.410465213746856534e+02
6.175772532188841524e+02 7.406978540772531687e+02
6.179948164146868521e+02 7.406060475161987142e+02
6.205957446808511122e+02 7.409365957446808579e+02
