6.186856531049251089e+02 7.395366167023554453e+02
6.191718213058419451e+02 7.391632302405498649e+02
6.194773218142548785e+02 7.385516198704103772e+02
6.201763959390863192e+02 7.379090524534686892e+02
6.213753191489361143e+02 7.380336170212765410e+02
6.223799826689775045e+02 7.374696707105719042e+02
6.235191804707933443e+02 7.382541412380121528e+02
6.244973913043478433e+02 7.390560869565217672e+02
6.247899699957137045e+02 7.395482211744534879e+02
6.250646404109588730e+02 7.399400684931506476e+02
6.249829714772243960e+02 7.403354618986802507e+02
6.247876366694700891e+02 7.406177460050462287e+02
6.246351408154687306e+02 7.409306431273644193e+02
6.244171572750210544e+02 7.407678721614802271e+02
6.243983911939034215e+02 7.407887383573242914e+02
6.237001725625539166e+02 7.403157894736841627e+02
6.223497890295358275e+02 7.401354430379747100e+02
6.218486646884273341e+02 7.397286986011021099e+02
6.210854017669331597e+02 7.398279343710559033e+02
6.205367615809605013e+02 7.396944326391840150e+02
6.198366149979053716e+02 7.400682865521574740e+02
6.192762267343485973e+02 7.398016074450084716e+02
6.187097591888466468e+02 7.398441064638783473e+02
6.186639727775415167e+02 7.395010633772863002e+02
6.178982832618025895e+02 7.392309012875535927e+02
6.168910806174957315e+02 7.390458833619211418e+02
6.159600686990124814e+02 7.389604980678402626e+02
6.150649462365591944e+02 7.386335483870967664e+02
6.136262886597937722e+02 7.388015463917525949e+02
6.121458601458601834e+02 7.389716859716859290e+02
6.103562340966921056e+02 7.392476675148431013e+02
6.081811994895789439e+02 7.395193534666099140e+02
6.065228619813717614e+02 7.398022861981371534e+02
6.062288428324698089e+02 7.398639896373057354e+02
6.059027003857694353e+02 7.399961423060436800e+02
6.063364055299539359e+02 7.401881022203602924e+02
6.066423173803526652e+02 7.400083963056255243e+02
6.074901456726649940e+02 7.396066838046272096e+02
6.085498956158663759e+02 7.405494780793319478e+02
6.099995803608895812e+02 7.408434746118338126e+02
6.118622754491018441e+02 7.411402908468776332e+02
6.136375376668102035e+02 7.408532070598364498e+02
6.149332493702770535e+02 7.414588581024348741e+02
6.166162691652469903e+02 7.408194207836456826e+02
6.174556692242114195e+02 7.398346121057118125e+02
6.179907133811734639e+02 7.395073870831574823e+02
6.179661160525200785e+02 7.393600169419737540e+02
6.178981756470088840e+02 7.395477301654645998e+02
6.177160068846816330e+02 7.395120481927710898e+02
6.180389888603256168e+02 7.397407883461868323e+02
6.183975496408957042e+02 7.401749049429657816e+02
6.192920875420875291e+02 7.398985690235690527e+02
6.199734019734020194e+02 7.389669669669669929e+02
6.210674688440051341e+02 7.384873227331328280e+02
6.216598521096128707e+02 7.379143105698129830e+02
6.224730538922156029e+02 7.390859709153122594e+02
6.236387208297320512e+02 7.396041486603284056e+02
6.239609777015436975e+02 7.407246998284733763e+02
6.238292787025181951e+02 7.414208279982927934e+02
