6.234277824978759099e+02 7.410985556499575750e+02
6.243755310110450409e+02 7.417408666100254777e+02
6.250438818565401107e+02 7.421455696202531271e+02
6.257305916911456052e+02 7.425321023919428853e+02
6.260463435374149412e+02 7.423758503401360258e+02
6.262348709267879485e+02 7.424341938214134871e+02
6.262033177371331476e+02 7.416920459378987971e+02
6.255701052631578705e+02 7.414597894736841681e+02
6.239841947885519176e+02 7.409299444681760178e+02
6.208135306553911050e+02 7.403226215644820059e+02
6.178467368421053152e+02 7.397650526315788966e+02
6.146868556701031139e+02 7.386937285223367553e+02
6.126147223417993928e+02 7.380185105467068070e+02
6.113220701454234813e+02 7.373199315654405837e+02
6.105351328191944731e+02 7.369897172236503593e+02
6.097141020145735411e+02 7.368966995285040866e+02
6.094446845289542125e+02 7.366119273984442088e+02
6.094556034482758378e+02 7.369806034482758150e+02
6.099376344086022073e+02 7.372494623655913983e+02
6.110550847457626560e+02 7.376355932203389330e+02
6.134044368600682446e+02 7.382649317406143155e+02
6.166842105263158373e+02 7.390954214805306037e+02
6.197965239508266677e+02 7.394404408647732225e+02
6.218769702276707676e+02 7.395179509632224608e+02
6.230857263513513544e+02 7.410874155405405190e+02
6.237331353415358990e+02 7.413661434026304278e+02
6.247657463330457404e+02 7.415250215703192680e+02
