6.150732226479352676e+02 7.399582801191996850e+02
6.147295434969853432e+02 7.393182601205857054e+02
6.154781290601991941e+02 7.389380684278908120e+02
6.171085371085371207e+02 7.391347061347061072e+02
6.178791631084543496e+02 7.391507258753202905e+02
6.195491109229466247e+02 7.394301439458085952e+02
6.209003847798204561e+02 7.393852073535698537e+02
6.205973097940311618e+02 7.397877259352669626e+02
6.198423289417764863e+02 7.394419889502762544e+02
6.187323103154304818e+02 7.393661551577152977e+02
6.178072087175188472e+02 7.396881810561609427e+02
6.168715870307166824e+02 7.394249146757679227e+02
6.157034220532319750e+02 7.394385297845374225e+02
6.154898488120950333e+02 7.391438444924406213e+02
6.162830269345873830e+02 7.394916631038905734e+02
6.174802379940501851e+02 7.396570335741606641e+02
6.190820162323793738e+02 7.393827424177701459e+02
6.193180846515605253e+02 7.392163317657118569e+02
6.179812446717817238e+02 7.392404092071611785e+02
6.173532702237521335e+02 7.393308950086058076e+02
6.169375000000000000e+02 7.394511986301370143e+02
6.159484314568113632e+02 7.392874946282767041e+02
6.158212765957447345e+02 7.393931914893616977e+02
6.166952259164535235e+02 7.390797101449275033e+02
6.195798715203426354e+02 7.392077087794432373e+02
