6.180495689655172100e+02 7.390525862068965353e+02
6.189832618025751572e+02 7.394965665236051109e+02
6.182171331636980085e+02 7.394703138252756389e+02
6.169389410760034025e+02 7.393727583262168537e+02
6.161578498293515622e+02 7.397738907849828820e+02
6.170102915951972591e+02 7.397092624356774877e+02
6.182158092848180786e+02 7.401371810957758726e+02
6.184708634623564194e+02 7.399068481497234870e+02
6.172112798264641924e+02 7.397900216919739478e+02
6.154309153713298883e+02 7.395418825561312133e+02
6.160973799126637687e+02 7.391917030567685742e+02
6.171747949935261204e+02 7.396646525679758497e+02
6.181450912250217016e+02 7.395369244135533791e+02
6.190327163151097238e+02 7.397085665088247879e+02
6.194110004330879065e+02 7.395006496318752625e+02
6.194853775643823610e+02 7.395303360977738976e+02
6.184790940766550875e+02 7.396371951219512084e+02
6.179338659565024727e+02 7.393240124278739813e+02
6.171054243219597311e+02 7.394741907261592360e+02
6.171041666666666288e+02 7.396562500000000000e+02
6.179283246977547606e+02 7.396947322970638652e+02
6.182115133013519426e+02 7.394888791975578215e+02
6.177935958459540871e+02 7.393448723496321691e+02
6.154113814074717084e+02 7.396954821894005363e+02
