6.175765262252793946e+02 7.400184866723989217e+02
6.168657604078165377e+02 7.404519966015293448e+02
6.153815175922001117e+02 7.402314540059346655e+02
6.138310404127256561e+02 7.401552020636285079e+02
6.125661764705882888e+02 7.400077854671279738e+02
6.128513220632856928e+02 7.400719549198092864e+02
6.133858603066439628e+02 7.403683986371379433e+02
6.138173322005097816e+02 7.400246389124894222e+02
6.142115869017632122e+02 7.401301427371956834e+02
6.129343157894736578e+02 7.401713684210526480e+02
6.116900042176297347e+02 7.404369464361028577e+02
6.104838979506482701e+02 7.402287745713090317e+02
6.105672215108834280e+02 7.394221084080238597e+02
6.107905692438403094e+02 7.398245539507221338e+02
6.125834042553191239e+02 7.393140425531914843e+02
6.139978714346530069e+02 7.394120902511707527e+02
6.152907711757269453e+02 7.398916982722292914e+02
6.149832775919732057e+02 7.400020903010033635e+02
6.142523012552301225e+02 7.400221757322175336e+02
6.137124319799079331e+02 7.398681456676433754e+02
6.143515228426396106e+02 7.400549915397631366e+02
6.155067283431454825e+02 7.397531539108495053e+02
6.172985324947588879e+02 7.398293501048218559e+02
6.195980841316118131e+02 7.401211995002082631e+02
6.202909783989834978e+02 7.397157983905125320e+02
6.189249045396691145e+02 7.398328383538396338e+02
6.178799154334037667e+02 7.398266384778012252e+02
6.171275139067180362e+02 7.398853230637569141e+02
6.171684526360908194e+02 7.396802400342905912e+02
6.184851100561070325e+02 7.392520500647389099e+02
6.193199481865284497e+02 7.391230569948186258e+02
6.200578654093442310e+02 7.393133304757822089e+02
6.205136054421768677e+02 7.393869047619048160e+02
6.210642123287670984e+02 7.395505136986300840e+02
6.213987783595113115e+02 7.391618673647469677e+02
6.218730502599653391e+02 7.391278162911611389e+02
6.227058319039450680e+02 7.391801029159519203e+02
6.230420560747663785e+02 7.394749362786745905e+02
6.235648305084745289e+02 7.394135593220338478e+02
6.236829679595277867e+02 7.396745362563237904e+02
6.238590831918505728e+02 7.395046689303904941e+02
6.235504941985388996e+02 7.392561237645036272e+02
6.230420781451266521e+02 7.393349076857019782e+02
6.229302721088434964e+02 7.395182823129251801e+02
6.231130136986300840e+02 7.393450342465753238e+02
6.237016574585635453e+02 7.394258393540161478e+02
6.244893985287753821e+02 7.392622241453916558e+02
6.242320966350301887e+02 7.392536669542708978e+02
6.234642857142856656e+02 7.396920168067226768e+02
6.225714891811625193e+02 7.395294866355536669e+02
6.216006884681582960e+02 7.388562822719449059e+02
6.212407883461868323e+02 7.387600685518423234e+02
6.213045512547852240e+02 7.393224159931943404e+02
6.207888700084961329e+02 7.395348343245539127e+02
6.207827571489543743e+02 7.394822876653862522e+02
6.204098984771574123e+02 7.395186125211505441e+02
6.191852487135505498e+02 7.392967409948541899e+02
6.177736910428385499e+02 7.389039376893119879e+02
6.172035745422841728e+02 7.389333042720139701e+02
6.167294623655914165e+02 7.391599999999999682e+02
6.172777300085984962e+02 7.390687876182287255e+02
6.175187419215855016e+02 7.389965532098233325e+02
6.173652849740932425e+02 7.386934369602763581e+02
6.169711579853637886e+02 7.387666810159277020e+02
6.159112271540469692e+02 7.383977371627502180e+02
6.139591924398625906e+02 7.386340206185567467e+02
6.122699700982485638e+02 7.394002563007261415e+02
6.113311772315653343e+02 7.393592065545493597e+02
6.112384615384615927e+02 7.394021367521366983e+02
6.117788666382616611e+02 7.390783979548359639e+02
6.128502127659573944e+02 7.391689361702127599e+02
6.132480000000000473e+02 7.395642105263158328e+02
6.124365546218486998e+02 7.398067226890756274e+02
6.110945439400250052e+02 7.397401082882132641e+02
6.093756388415672518e+02 7.395860306643952526e+02
