6.118234343434343145e+02 7.197288888888888323e+02
6.053167289331672691e+02 7.180377750103777998e+02
6.016963628933388009e+02 7.184119329791581094e+02
5.980968147527241854e+02 7.208336127409891105e+02
5.940700665188470566e+02 7.258713968957871430e+02
5.905511953089760482e+02 7.333757329724853662e+02
5.896966696669667272e+02 7.406863186318631733e+02
5.898026377767309896e+02 7.476382477626001446e+02
5.922088414634146147e+02 7.524166666666666288e+02
5.984316877152698453e+02 7.553828932261768614e+02
6.080495106505469494e+02 7.566660909614276989e+02
6.175627157652473898e+02 7.578716915995396448e+02
6.243983240223464009e+02 7.581737430167597722e+02
6.313883792048929990e+02 7.597268093781855214e+02
6.380019305019304738e+02 7.574541505791505642e+02
6.430627576729272050e+02 7.541213925790196981e+02
6.460590308370044568e+02 7.501748898678414434e+02
6.463407601572739622e+02 7.454661424202708986e+02
6.447495748299319303e+02 7.414396258503401214e+02
6.414291666666666742e+02 7.370658333333333303e+02
6.353491220906491890e+02 7.332445896284198170e+02
6.307609756097560876e+02 7.291845528455284011e+02
6.253498789346247122e+02 7.247873284907183233e+02
6.203727858293075315e+02 7.225330112721417208e+02
6.149827373612823749e+02 7.198450472667489066e+02
6.081444723618089938e+02 7.177294807370184344e+02
6.048633153302866958e+02 7.180581636892396773e+02
6.021656703672075537e+02 7.196622544833475104e+02
5.938297777777777355e+02 7.313804444444444925e+02
