6.231692963752665264e+02 7.394742004264392108e+02
6.228088109495295157e+02 7.392591958939264032e+02
6.217988992379339379e+02 7.396176968670617953e+02
6.206242450388265297e+02 7.388899913718722701e+02
6.189801980198019464e+02 7.389169177787343870e+02
6.179251197213757223e+02 7.388467566390944512e+02
6.175988725065047902e+02 7.389588031222896234e+02
6.168388483025354390e+02 7.392213149978513229e+02
6.159146551724137453e+02 7.390909482758620470e+02
6.152963917525772786e+02 7.392096219931271435e+02
6.146784648187633593e+02 7.394243070362473418e+02
6.138881720430107407e+02 7.395384946236558790e+02
6.137487068965517665e+02 7.396905172413793252e+02
6.127581810454738616e+02 7.400603484912877548e+02
6.127768805779855938e+02 7.399974500637483743e+02
6.132442845046571165e+02 7.399093988145639287e+02
6.137763496143959401e+02 7.397167952013710419e+02
6.138455284552845796e+02 7.397804878048780211e+02
6.143774151996565251e+02 7.396878488621725865e+02
6.150879965826569560e+02 7.397287483981205014e+02
6.155987206823027691e+02 7.397445628997867288e+02
6.159874892148403660e+02 7.397981018119068040e+02
6.166694915254237230e+02 7.400029661016949376e+02
6.173733333333333348e+02 7.401737500000000409e+02
6.182397289284201634e+02 7.395196950444726554e+02
6.195465811965812009e+02 7.391833333333332803e+02
6.203904639175257216e+02 7.391963058419244135e+02
6.212447221025420276e+02 7.391016803102111226e+02
6.216138194150063327e+02 7.394764730818143335e+02
6.218860215053763341e+02 7.393647311827957083e+02
6.221355859709152583e+02 7.394418306244654104e+02
6.230800847457627469e+02 7.396283898305084676e+02
6.235597803126320287e+02 7.394786649767638664e+02
6.237887678122380066e+02 7.395393964794635622e+02
6.239640564826701166e+02 7.393756953359006729e+02
6.239112349914237257e+02 7.392264150943395862e+02
6.240213583938488000e+02 7.394750106791968847e+02
6.236676646706587235e+02 7.390928143712575320e+02
6.223771892353695421e+02 7.390730457069628301e+02
6.208722294654497773e+02 7.387800956106041212e+02
6.190177874186550753e+02 7.386997830802603175e+02
6.186998247151620944e+02 7.386244522348816872e+02
6.175551724137931160e+02 7.390439655172414177e+02
