6.138489516474112406e+02 7.394005134788189935e+02
6.140840120017145409e+02 7.395795113587655578e+02
6.149910979228486667e+02 7.400063586265366666e+02
6.156048080978490589e+02 7.400649514972585621e+02
6.166750107898144506e+02 7.395118687958566852e+02
6.167203569910752776e+02 7.399545261368465390e+02
6.170914948453607849e+02 7.395038659793814304e+02
6.178874514877102229e+02 7.393281586890901735e+02
6.191200345423143290e+02 7.395544041450776831e+02
6.197826086956521294e+02 7.394743865690917346e+02
6.201478813559322134e+02 7.399949152542372985e+02
6.206513017498932641e+02 7.399210413999146567e+02
6.208421955403086940e+02 7.399403945111491794e+02
6.209836206896551403e+02 7.397461206896551857e+02
6.212775847089487797e+02 7.395143353605560606e+02
6.213520824388149322e+02 7.395105195362816630e+02
6.215315198618307022e+02 7.394382556131261026e+02
6.220338983050847901e+02 7.392320730117339735e+02
6.220388768898487797e+02 7.393943844492440576e+02
6.220724389198456947e+02 7.394466352336047521e+02
6.218303571428571104e+02 7.395548469387755404e+02
6.220731394354148733e+02 7.395697177074422370e+02
6.220358361774743798e+02 7.396450511945392918e+02
6.221606529209622067e+02 7.397409793814432533e+02
6.217662835249042246e+02 7.398859088974031692e+02
6.217231493367564781e+02 7.397381258023106056e+02
6.217802385008517376e+02 7.397048551959113638e+02
6.219615713065755926e+02 7.394957301451751164e+02
6.220068317677198593e+02 7.394137489325363504e+02
6.216259607173356017e+02 7.395431255337318817e+02
6.209982839982840233e+02 7.395212355212355533e+02
6.203781072830353196e+02 7.390501526384648514e+02
6.199235042735042498e+02 7.396136752136752648e+02
6.198055319148936633e+02 7.395344680851063686e+02
6.191938250428815991e+02 7.393816466552315205e+02
6.182873811581677046e+02 7.389040622299049801e+02
6.176514629948364927e+02 7.389591222030981044e+02
6.170687446626815245e+02 7.393061485909479416e+02
6.162065171392298453e+02 7.396284384257299962e+02
6.157769296013570965e+02 7.397391857506361248e+02
6.149405063291138731e+02 7.397822784810126677e+02
6.146477511559478444e+02 7.397162673392181205e+02
6.142112557748845347e+02 7.398303233935321259e+02
6.142014358108108354e+02 7.397550675675676075e+02
6.139594080338266622e+02 7.395758985200845927e+02
6.140492631578947567e+02 7.395250526315790012e+02
6.138461538461538112e+02 7.396043956043955632e+02
6.136557514693535040e+02 7.395335852225020972e+02
6.135420363329108113e+02 7.396328686100549703e+02
6.135234641638224957e+02 7.396228668941979549e+02
6.137966609589041127e+02 7.394815924657534651e+02
6.140664950664951220e+02 7.394714714714714319e+02
6.139401453612655359e+02 7.395053441641726977e+02
6.139264643009832980e+02 7.394501923899101712e+02
6.138739352640544666e+02 7.395221465076660934e+02
6.144116140051238517e+02 7.392408198121263467e+02
6.147947524333474121e+02 7.393127380448581789e+02
6.151954120645709736e+02 7.394974511469838490e+02
6.154595635430038101e+02 7.393132220795891953e+02
6.156361301369862531e+02 7.394987157534246762e+02
6.163232235701906347e+02 7.395077989601386435e+02
6.169936170212765774e+02 7.396429787234042124e+02
6.174915824915824487e+02 7.398720538720539253e+02
6.180174616695059058e+02 7.396469335604770095e+02
6.188037383177570518e+02 7.396299915038232484e+02
6.193195920101996990e+02 7.396825329366765800e+02
6.202349656357388312e+02 7.394720790378006541e+02
6.210081720430107453e+02 7.392339784946236705e+02
6.216566908935442370e+02 7.395091919623770309e+02
6.221134995700773516e+02 7.396225279449698746e+02
