6.204222797927461670e+02 7.400362694300517887e+02
6.199245283018867667e+02 7.395208424747696654e+02
6.199327840416304980e+02 7.397228967909800303e+02
6.199795652173912686e+02 7.397586956521739694e+02
6.200107573149741711e+02 7.399672977624784380e+02
6.200551962052609269e+02 7.403053040103492322e+02
6.196950959488273156e+02 7.403117270788912947e+02
6.192092631578947248e+02 7.403414736842105413e+02
6.181631959201019981e+02 7.401746706332342001e+02
6.181474713132171246e+02 7.402864428389290197e+02
6.181776094276094682e+02 7.403623737373737868e+02
6.182881284326151672e+02 7.402708069286015871e+02
6.178494391716997143e+02 7.398360655737704974e+02
6.177962883038411519e+02 7.399805783340526659e+02
6.179317114810072553e+02 7.400209133589415842e+02
6.189488054607508047e+02 7.398178327645051695e+02
6.202004319654428173e+02 7.402211663066954088e+02
6.211016156462585514e+02 7.404574829931972317e+02
6.206061499578770508e+02 7.405648694187026422e+02
6.200538329026701376e+02 7.404035314384151434e+02
6.197042735042734876e+02 7.406128205128204627e+02
6.195367425870218767e+02 7.399716373012462327e+02
6.196436192915066385e+02 7.400405463081519883e+02
6.184930069930070431e+02 7.391984265734265591e+02
6.176801705756929550e+02 7.399198294243070677e+02
6.176250534416417395e+02 7.397994869602393919e+02
6.178816362053960347e+02 7.393324630113141893e+02
6.187232409381663274e+02 7.398191897654584182e+02
6.182329351535836395e+02 7.400196245733787919e+02
6.185713665943601427e+02 7.396898047722343108e+02
6.189502359502359923e+02 7.399236379236378980e+02
6.191840307429547465e+02 7.399854824935952138e+02
6.199283261802574998e+02 7.397141630901287499e+02
6.198614328614328315e+02 7.396349206349206042e+02
6.197419215855235279e+02 7.396910814304179667e+02
6.192437553832902495e+02 7.397515073212747438e+02
6.193983634797588138e+02 7.395198105081825588e+02
6.198554371002131802e+02 7.399117270788912037e+02
6.191218166383700918e+02 7.400946519524618452e+02
6.177979035639413041e+02 7.400486373165618943e+02
