6.162724167378308948e+02 7.400576430401366679e+02
6.162500000000000000e+02 7.398326161790017750e+02
6.162749021313615003e+02 7.394236624619400118e+02
6.173610989969472485e+02 7.394269515918011848e+02
6.182363952982150295e+02 7.395446234218545669e+02
6.183345039508341188e+02 7.401624231782265042e+02
6.192068062827224821e+02 7.401055846422339073e+02
6.202819956616051513e+02 7.398971800433839690e+02
6.203436952714536119e+02 7.398804728546409706e+02
6.209053697183098848e+02 7.396408450704225288e+02
6.212513871105420549e+02 7.398262910798122221e+02
6.211657963446475605e+02 7.399364664926022215e+02
6.211467460655040895e+02 7.406660995321140035e+02
6.218805460750853626e+02 7.403822525597269077e+02
6.217155727155727618e+02 7.402509652509652369e+02
6.209822817631805947e+02 7.401287813310285628e+02
6.203194145501506682e+02 7.399134739560912521e+02
6.193534963534963254e+02 7.405847275847276023e+02
6.188006872852233755e+02 7.403745704467354471e+02
6.187630890052356563e+02 7.398403141361256985e+02
6.172383820998278452e+02 7.401970740103270145e+02
6.160519031141868709e+02 7.398961937716262582e+02
6.160845493562231923e+02 7.399163090128755584e+02
6.151837425910246111e+02 7.402112616426757086e+02
6.139836629406706834e+02 7.399131556319862284e+02
6.139918594687231916e+02 7.401902313624678982e+02
6.145023902651021217e+02 7.403368100825728106e+02
6.148131161594513969e+02 7.402078868409772667e+02
6.148855806039982781e+02 7.403989791578052291e+02
6.148363324764353592e+02 7.401431019708654730e+02
6.152362542955326035e+02 7.401198453608247974e+02
6.165153684210525853e+02 7.402917894736841617e+02
6.168381795195954282e+02 7.404538558786346130e+02
6.185940377027619661e+02 7.399548443665058812e+02
