6.096899834437085701e+02 7.406502483443708797e+02
6.128554421768707243e+02 7.401122448979591582e+02
6.148125791473195250e+02 7.402963275643732004e+02
6.164627845884413091e+02 7.398384413309981937e+02
6.185338871884564469e+02 7.396589418452120981e+02
6.208898230088495893e+02 7.394123893805309535e+02
6.233091397849461828e+02 7.388965053763440665e+02
6.254440951953300782e+02 7.386717557251907920e+02
6.261684636118598064e+02 7.389236298292902347e+02
6.284782218230803892e+02 7.389726088908845441e+02
6.300629183400267266e+02 7.390035698348951883e+02
6.287310589277802819e+02 7.389455028799291085e+02
6.259111498257839230e+02 7.391994773519163573e+02
6.234997817546923216e+02 7.388655608904408609e+02
6.210151712180320374e+02 7.393363675769397787e+02
6.176371603856266574e+02 7.401910604732690899e+02
6.154141856392294585e+02 7.396755691768826182e+02
6.115002174858634589e+02 7.399456285341452713e+02
6.087438338381653011e+02 7.404703591518823487e+02
6.078440327445066487e+02 7.406613528651442948e+02
6.069952565761103642e+02 7.409586028460543048e+02
6.064470284237726219e+02 7.409504737295435461e+02
6.073191763191763357e+02 7.410489060489060194e+02
6.083333333333333712e+02 7.408110539845758922e+02
6.101054018445322527e+02 7.404448836187966663e+02
6.117997305792546285e+02 7.400143691064212135e+02
6.134473099155179625e+02 7.403152512227657098e+02
6.166293142088749164e+02 7.400147915732854926e+02
6.199022222222222354e+02 7.401084444444444443e+02
6.260525154457193366e+02 7.397939099735216359e+02
