6.219619131975199480e+02 7.385079716563329839e+02
6.244659040915090600e+02 7.386234051913770600e+02
6.258891855807743241e+02 7.387249666221629241e+02
6.260167106420404934e+02 7.391350043975373865e+02
6.249554390563564539e+02 7.393761467889908090e+02
6.231749347258485159e+02 7.395552654482158914e+02
6.210869565217391255e+02 7.397296599225139744e+02
6.186699402220324373e+02 7.401404782237403879e+02
6.173737288135592962e+02 7.404305084745762997e+02
6.163135021097045865e+02 7.404962025316456220e+02
6.145617204301074707e+02 7.401849462365590853e+02
6.139888936351986786e+02 7.404634771465185850e+02
6.137526835551739168e+02 7.404001717475310897e+02
6.136696581196581519e+02 7.404414529914530476e+02
6.135861921097770164e+02 7.402650085763293646e+02
6.138389175257732404e+02 7.405657216494845443e+02
6.147541054451166929e+02 7.404394987035436770e+02
6.155769888793840892e+02 7.404709153122327052e+02
6.156723915843709847e+02 7.402352941176470722e+02
6.153616090948841020e+02 7.398277219064276551e+02
6.150191815856777566e+02 7.401342710997442964e+02
6.146272340425531411e+02 7.399791489361701906e+02
6.147906477906477676e+02 7.396752466752466262e+02
6.150987179487179901e+02 7.398649572649572974e+02
6.163246696035242849e+02 7.389973568281938014e+02
6.182624297449200412e+02 7.390255079982706548e+02
6.207474523704031526e+02 7.385112981834292896e+02
6.229982698961937331e+02 7.394083044982698993e+02
6.248136998254799437e+02 7.395510471204188434e+02
6.254026086956521340e+02 7.396569565217391755e+02
6.237725303292894523e+02 7.405316291161178697e+02
