6.301694560669455996e+02 7.399092050209204672e+02
6.289122957867583636e+02 7.393086844368013999e+02
6.285576419213973622e+02 7.393122270742358069e+02
6.283643138974134672e+02 7.393989478298991571e+02
6.287068588903450745e+02 7.393687199650502180e+02
6.293625053625053170e+02 7.396894036894036617e+02
6.303935185185184764e+02 7.398577441077441108e+02
6.311175979983319166e+02 7.398223519599666815e+02
6.319015780730896950e+02 7.399389534883721353e+02
6.318042939719240394e+02 7.401333608587943900e+02
6.314794807370184344e+02 7.400079564489112727e+02
6.307828474862695884e+02 7.398179129700042722e+02
6.306508071367884440e+02 7.398691588785046633e+02
6.309545060658579132e+02 7.397690641247833128e+02
6.315955536554082528e+02 7.402599401453612700e+02
6.324512353706111298e+02 7.402964889466840077e+02
6.327058823529412166e+02 7.400722318339099957e+02
6.332602972399150758e+02 7.406717622080678893e+02
6.333480616923718571e+02 7.411513130471029172e+02
6.332386744966443075e+02 7.412105704697986539e+02
6.322212389380531476e+02 7.411091445427728104e+02
6.306763102725367389e+02 7.407023060796645950e+02
6.289388015299617791e+02 7.400254993625159159e+02
6.267840616966581138e+02 7.394233076263924431e+02
6.253539130434783146e+02 7.389456521739130039e+02
6.247880649407635474e+02 7.387977182974989319e+02
6.258791348600508400e+02 7.395237489397794661e+02
6.279746514575411993e+02 7.396882129277566946e+02
6.297720773759461963e+02 7.399730866274179562e+02
6.301877601998335194e+02 7.399358867610325206e+02
6.298336092715231871e+02 7.399573675496689020e+02
6.293147229114971424e+02 7.400086848635236265e+02
6.285736885928392894e+02 7.399554537885095442e+02
6.273620761825031877e+02 7.401439933026371136e+02
6.261979345955249983e+02 7.396815834767642173e+02
6.248422184006878979e+02 7.397502149613069378e+02
6.242465692784418252e+02 7.392669322709162998e+02
6.247114624505928759e+02 7.388893280632411233e+02
6.263960224816255504e+02 7.397829658452226340e+02
6.279067688378032699e+02 7.406108982545764547e+02
6.285813177648039982e+02 7.407022518765637642e+02
6.278493775933609413e+02 7.409464730290455918e+02
6.269616680707666774e+02 7.407308340353832818e+02
6.254785894206548846e+02 7.404659949622166550e+02
6.234893081761006215e+02 7.402201257861635213e+02
6.216189868028948240e+02 7.400787569178373815e+02
6.197659939888363851e+02 7.401537140403606827e+02
6.181714902807775616e+02 7.400021598272138590e+02
6.171414445399827855e+02 7.396543422184006431e+02
6.165972812234494995e+02 7.397672047578589627e+02
6.160165534804754088e+02 7.395955008488964495e+02
6.160570358034971150e+02 7.398892589508742503e+02
6.158553067993366312e+02 7.399253731343283107e+02
6.152443703085905327e+02 7.400925771476230466e+02
6.134955826672276089e+02 7.398010096760622218e+02
6.115182084554206767e+02 7.398262871494349611e+02
6.093240506329113941e+02 7.399189873417722083e+02
6.079110060189166234e+02 7.398654342218400188e+02
6.073018462859596411e+02 7.399669386002576630e+02
6.078100389441800644e+02 7.397161401990480272e+02
6.085964163822525279e+02 7.400627133105801931e+02
6.090732015145140394e+02 7.402801851072780437e+02
6.090963509635096216e+02 7.409380893808937572e+02
6.096366220056841030e+02 7.411331709297604675e+02
6.096299559471365228e+02 7.414561473768521864e+02
6.090501426824296232e+02 7.416999592335914713e+02
6.076262115465655143e+02 7.410358196375894977e+02
6.061086030664395139e+02 7.410276831345826167e+02
6.046276457883369631e+02 7.408401727861770496e+02
6.041355200690547917e+02 7.408826068191626746e+02
6.041659501289767604e+02 7.408684436801376023e+02
6.044165247018739819e+02 7.406060477001703930e+02
6.040626853028377354e+02 7.401465480728504645e+02
6.043099121706399046e+02 7.399790882475952003e+02
6.047430120984563473e+02 7.397275761368376834e+02
6.044048013245032962e+02 7.397230960264901114e+02
6.035012468827929979e+02 7.397402327514546414e+02
6.022545681063122629e+02 7.396723421926910760e+02
6.015273189326557031e+02 7.393578991952562092e+02
6.012937660119555403e+02 7.394449188727583078e+02
6.016663826161056932e+02 7.395615679590966920e+02
6.029673036093417977e+02 7.403312101910828460e+02
6.046154816996213412e+02 7.406928901977282749e+02
6.069479429051217494e+02 7.411309823677581790e+02
6.094222314392368389e+02 7.413193695562007406e+02
6.095496308449548906e+02 7.410164068908941317e+02
6.082568464730290998e+02 7.406531120331950433e+02
6.072298215802888990e+02 7.403130841121495678e+02
6.067593307593307372e+02 7.403603603603603460e+02
6.064653078924544616e+02 7.402241977450130435e+02
6.058887434554974334e+02 7.402334205933682370e+02
6.060160242529233301e+02 7.401511476829796266e+02
6.074859611231102008e+02 7.402565874730021278e+02
6.088534119629317729e+02 7.406739679865206654e+02
6.103920595533498954e+02 7.405516956162117594e+02
6.105329760923331150e+02 7.405276174773289313e+02
6.097761497761497367e+02 7.406532356532356971e+02
6.085746513535684699e+02 7.405406070549630613e+02
6.080071488645920681e+02 7.400605550883094566e+02
6.073767993226080080e+02 7.398962743437764402e+02
6.067650834403081035e+02 7.402152332049636243e+02
6.069145299145299077e+02 7.403581196581196764e+02
6.080704407951599251e+02 7.404075194468452992e+02
6.097788336933045912e+02 7.396345572354211981e+02
6.117167162909399849e+02 7.400378562313909470e+02
6.132558823529411711e+02 7.405310924369747454e+02
6.145836134453782051e+02 7.403189075630251637e+02
6.152969722107009147e+02 7.403289091663210684e+02
6.146409608091023529e+02 7.402638010956594599e+02
6.130102827763496407e+02 7.400059982862039760e+02
6.109561181434598893e+02 7.406299578059072246e+02
6.098521889900302995e+02 7.404351972258343721e+02
6.100629613547546342e+02 7.405953104646114298e+02
6.118963310580204507e+02 7.408063139931740579e+02
6.139458762886597469e+02 7.407195017182131096e+02
6.157022448115205862e+02 7.410792037272342441e+02
6.175315010570824370e+02 7.410799154334038121e+02
6.187900165016501433e+02 7.412425742574257583e+02
6.196947324761509890e+02 7.409858979676482704e+02
6.207036727879799400e+02 7.407979966611018199e+02
6.202332065906210801e+02 7.406662441909589916e+02
6.193157894736841627e+02 7.402006846384252867e+02
6.184504929275610721e+02 7.396592370338619276e+02
6.187777290661990719e+02 7.391096010521700919e+02
6.206506231198968635e+02 7.395947571981091642e+02
6.236842105263158373e+02 7.400389388104407544e+02
6.257458492975733861e+02 7.396990208599404468e+02
6.279987212276214450e+02 7.400319693094629656e+02
6.295496056454960581e+02 7.404723951847239505e+02
6.308005039899202302e+02 7.401364972700546332e+02
6.315792163543441120e+02 7.405996592844974202e+02
6.322762596071733014e+02 7.409269854824935919e+02
6.321856832971800486e+02 7.409127982646421060e+02
6.321734605377276921e+02 7.407805724197745576e+02
6.326318063958512994e+02 7.407808988764045353e+02
6.331494352736750670e+02 7.405390964378800618e+02
6.343937473595268557e+02 7.409742289818335621e+02
6.359779567613395557e+02 7.407876218736753344e+02
6.366233766233766573e+02 7.408345203183912417e+02
6.364384871155444898e+02 7.406417290108063298e+02
6.351651299245598921e+02 7.405574182732607369e+02
6.333730526315789575e+02 7.401393684210526089e+02
6.309097046413502312e+02 7.398945147679324918e+02
6.290034512510785589e+02 7.393231233822260720e+02
6.280702062308030236e+02 7.395502413339183931e+02
6.277546150382710266e+02 7.391130121566861817e+02
6.274736842105263577e+02 7.392439785905442022e+02
6.279447585906915492e+02 7.395806872553283711e+02
6.287611111111110631e+02 7.394965811965812463e+02
6.301417721518987491e+02 7.400071729957805928e+02
6.306450144807612332e+02 7.400223417459660595e+02
6.306688796680498399e+02 7.400419087136929193e+02
6.300679089026915562e+02 7.401937888198757491e+02
6.288254697286012060e+02 7.398651356993736954e+02
6.283501039501039713e+02 7.399609147609147612e+02
6.285014938113529297e+02 7.396649594536918357e+02
6.288339801638637709e+02 7.395545493747305272e+02
6.290946643717727511e+02 7.396148881239242883e+02
6.298245766391662528e+02 7.392887537993921114e+02
6.303798906184265434e+02 7.400008413967185561e+02
6.306799163179916832e+02 7.400899581589958416e+02
6.307012169534200439e+02 7.401418380193033499e+02
6.303202531645570161e+02 7.397801687763712835e+02
6.290449342941924442e+02 7.395816023738872218e+02
6.272232219365895389e+02 7.392759211653813054e+02
6.251560191221208242e+02 7.389526292916123111e+02
6.235992150021805855e+02 7.387069341474051498e+02
6.231559513466551152e+02 7.384900086880973049e+02
6.241279965753424221e+02 7.387940924657534651e+02
6.261075731497418246e+02 7.387960413080894568e+02
6.279704142011834165e+02 7.391787827557058108e+02
