6.214914046121593856e+02 7.402494758909853090e+02
6.184604927782497725e+02 7.394456244689889672e+02
6.153646663869072881e+02 7.400684011749895035e+02
6.133245315161840381e+02 7.401307495741056073e+02
6.133756859434359967e+02 7.401173490924441012e+02
6.155868388171595598e+02 7.402548937942524390e+02
6.168050496688741759e+02 7.403944536423840646e+02
6.178267451640033414e+02 7.400782169890663909e+02
6.179494147157190582e+02 7.402738294314381164e+02
6.167027812370278070e+02 7.406475716064757080e+02
6.137978947368420677e+02 7.402538947368420850e+02
6.128754194630872689e+02 7.405218120805369608e+02
6.128129139072847238e+02 7.406374172185430780e+02
6.153502516778523841e+02 7.399848993288591146e+02
6.181299411269974371e+02 7.394840201850294079e+02
6.197260330578512821e+02 7.398045454545454049e+02
6.191305070656691214e+02 7.398478802992518695e+02
6.177991649269310983e+02 7.400559498956158677e+02
6.169443500424808917e+02 7.396631265930330983e+02
6.171890611541774661e+02 7.395620155038759549e+02
6.181005176876617497e+02 7.394236410698878217e+02
6.200874155405405190e+02 7.401853885135135442e+02
6.209774153074027936e+02 7.405483061480551896e+02
6.207557894736842172e+02 7.403953684210525807e+02
6.189722805543889308e+02 7.404099118017639967e+02
6.158938947368420713e+02 7.402821052631578596e+02
6.134492385786802515e+02 7.406023688663282201e+02
6.130543063215952770e+02 7.406122189223589203e+02
6.148458262350936820e+02 7.401614139693356265e+02
6.175395806589644963e+02 7.397201540436457208e+02
6.192721545569088448e+02 7.400302393952121065e+02
6.193129738837404830e+02 7.396592249368154626e+02
6.169797894736842636e+02 7.395696842105263613e+02
6.141290458175703861e+02 7.395359394703657472e+02
6.115344027015618167e+02 7.392832418742085565e+02
6.107727663230240296e+02 7.388152920962198777e+02
6.149456790123456358e+02 7.399584362139917175e+02
