6.248939151321056897e+02 7.398831064851881365e+02
6.225154424040066488e+02 7.398476627712855134e+02
6.191848101265823061e+02 7.402599156118143355e+02
6.162842794759825438e+02 7.402515283842794815e+02
6.145988909426987448e+02 7.395859519408502365e+02
6.135036934441366157e+02 7.403324099722991605e+02
6.135739700374531367e+02 7.404002808988764173e+02
6.145694822888283397e+02 7.414913714804722531e+02
6.165074946466809251e+02 7.419755888650963698e+02
6.191421425593997583e+02 7.422888703626510960e+02
6.202730290456431703e+02 7.415004149377593876e+02
6.197752066115702974e+02 7.406958677685950079e+02
6.177202181208053844e+02 7.399928691275167694e+02
6.129611135660627497e+02 7.379836500220945936e+02
6.121825216203914124e+02 7.370619025944470195e+02
6.127576588934613255e+02 7.364755372656607051e+02
6.138694063926940316e+02 7.360757990867580247e+02
6.170149845747025665e+02 7.370423093873953349e+02
6.196030927835051898e+02 7.373560996563574008e+02
6.228856073211314879e+02 7.382150582362728528e+02
6.249245129870130313e+02 7.390994318181818699e+02
6.247289719626168107e+02 7.393596099146687948e+02
6.218427468508735956e+02 7.400292563998374362e+02
6.185969153814089623e+02 7.400066694456023697e+02
6.161224400871459466e+02 7.397877995642701308e+02
6.133226244343891267e+02 7.410095022624434478e+02
