6.175205128205128631e+02 7.397102564102564202e+02
6.186913043478260761e+02 7.397352173913043316e+02
6.186097666378565236e+02 7.397467588591183585e+02
6.194278969957081245e+02 7.397201716738197774e+02
6.197890658631080214e+02 7.397498923805424056e+02
6.197971698113207140e+02 7.397384219554030551e+02
6.198424657534246762e+02 7.394931506849314928e+02
6.203164448261056805e+02 7.391077715757835449e+02
6.202661839863714022e+02 7.392823679727428043e+02
6.199353338968724074e+02 7.394987320371935766e+02
6.191629502572899355e+02 7.393945111492281512e+02
6.182935819601041203e+02 7.391986123156981421e+02
6.181698275862069067e+02 7.394663793103447915e+02
6.175952380952380736e+02 7.393443877551020478e+02
6.176137137989778694e+02 7.392491482112436643e+02
6.176480851063829505e+02 7.391323404255318792e+02
6.172040990606319610e+02 7.391430401366353635e+02
6.164978632478632790e+02 7.390482905982905777e+02
6.143373860182371118e+02 7.386825879287885073e+02
6.148351979345954987e+02 7.387375215146299752e+02
6.151349850491243387e+02 7.394438274241776980e+02
6.148643852978453879e+02 7.397714406421630429e+02
6.137007145859604407e+02 7.397095418242959113e+02
6.137820833333333894e+02 7.398979166666666742e+02
6.155514297908664503e+02 7.392424242424242493e+02
6.172763776164032379e+02 7.393105510465612724e+02
6.176731831704207707e+02 7.393412664683382900e+02
6.166852085967129824e+02 7.397345132743363365e+02
6.158920863309352853e+02 7.401100296233601057e+02
6.166147959183673493e+02 7.398664965986394009e+02
6.178468776732249808e+02 7.396214713430282472e+02
6.183602058319039543e+02 7.397911663807890363e+02
6.190764578833693577e+02 7.394773218142548785e+02
6.200490823730260672e+02 7.396995305164318779e+02
6.201923736075407305e+02 7.395235646958011557e+02
6.203462039045552956e+02 7.393752711496746315e+02
