6.257625745950554119e+02 7.412199488491048669e+02
6.247813172621609965e+02 7.409651312957382743e+02
6.214213649851632226e+02 7.409177617634591115e+02
6.179343065693431072e+02 7.398574495491627658e+02
6.164348206474190874e+02 7.392445319335082559e+02
6.156222126929674232e+02 7.396719554030875088e+02
6.158963123644251709e+02 7.395900216919740160e+02
6.172729670329670171e+02 7.397621978021977611e+02
6.201003945637878587e+02 7.405304690925032673e+02
6.225635799734160400e+02 7.401958351794417013e+02
6.232261174408413353e+02 7.409982471516213991e+02
6.226046006944444571e+02 7.410451388888889142e+02
6.205088859991330992e+02 7.410013003901170805e+02
6.178928266438940682e+02 7.413945345858240898e+02
6.149113762249680804e+02 7.406237750319556881e+02
6.122279814580699622e+02 7.401521281078803440e+02
6.113463331920305563e+02 7.400987706655362217e+02
6.120039028620989257e+02 7.397302688638334303e+02
6.154764171354391920e+02 7.399450454348766471e+02
6.187124239791485252e+02 7.399778453518679271e+02
6.221928386540121210e+02 7.400936151855047456e+02
6.246753880266074930e+02 7.389427937915743314e+02
6.239531250000000000e+02 7.391124131944444571e+02
6.211393056150878920e+02 7.395460780111444592e+02
6.178682864450128136e+02 7.396999147485081494e+02
6.155055603079555340e+02 7.396501283147989625e+02
6.133960734101578964e+02 7.401241997439180977e+02
6.132798126064735698e+02 7.403568994889267287e+02
6.149637681159420026e+02 7.409279624893435994e+02
6.185608488523170081e+02 7.412390645300996539e+02
6.219440069991251221e+02 7.409811898512685957e+02
6.247416846652267850e+02 7.411723542116631052e+02
6.260359774599046432e+02 7.408097095795404812e+02
6.257027972027972282e+02 7.407137237762237874e+02
6.232464726631393432e+02 7.402526455026454641e+02
6.207500000000000000e+02 7.404690152801358636e+02
6.185974683544303616e+02 7.398531645569620423e+02
6.175385899040467166e+02 7.400475594493116205e+02
6.168841016803102093e+02 7.394226626454114921e+02
