6.109326446280991831e+02 7.396475206611570457e+02
6.086706741090596324e+02 7.391408329755259956e+02
6.077105719237434869e+02 7.391416811091854697e+02
6.083616636528029176e+02 7.382784810126581760e+02
6.106979395002191495e+02 7.390920648838228999e+02
6.139168471199653823e+02 7.393858813339107883e+02
6.163549369290996083e+02 7.393632013919095698e+02
6.174232578024797249e+02 7.392838820008551011e+02
6.187268063274904080e+02 7.392817443351859765e+02
6.196526684164479093e+02 7.386312335958004951e+02
6.212472406181015003e+02 7.380286975717439191e+02
6.240921861281825613e+02 7.376755926251097435e+02
6.256845924029022399e+02 7.378762270593256289e+02
6.263933054393305611e+02 7.379234309623431045e+02
6.234836409395973078e+02 7.381677852348993838e+02
6.193657570422535628e+02 7.378635563380281610e+02
6.134040311497938092e+02 7.382459917544663313e+02
6.139382433668801013e+02 7.386898444647758879e+02
6.170977738978612024e+02 7.398022697512003560e+02
6.205111587982833043e+02 7.405768240343347770e+02
6.212237011592958424e+02 7.406144267926148359e+02
6.198295750216825581e+02 7.399137033824804348e+02
6.177091531223268248e+02 7.394653550042771712e+02
6.152159863945578309e+02 7.392878401360544558e+02
6.132474789915966085e+02 7.394878151260504637e+02
6.125264900662251648e+02 7.392769039735098886e+02
6.107845257903494485e+02 7.390336938435940510e+02
6.080055770055770381e+02 7.389189189189189619e+02
6.064840162089149089e+02 7.379567762269248306e+02
6.074690909090909372e+02 7.380995454545454777e+02
6.096680309231468300e+02 7.383919963619827058e+02
6.156621739130434889e+02 7.399386956521739194e+02
