6.148328280640970434e+02 7.385889995669120935e+02
6.147805410122164176e+02 7.377063699825480398e+02
6.153053501522400666e+02 7.380356676816006711e+02
6.154583151462243222e+02 7.376372762985595273e+02
6.166235496347228491e+02 7.382788998710786927e+02
6.170854955338154468e+02 7.392381965121224994e+02
6.181458953636749811e+02 7.398034878774989238e+02
6.197027379400260543e+02 7.396592785745327774e+02
6.215034013605442169e+02 7.406526360544218051e+02
6.227321428571428896e+02 7.414294217687074706e+02
6.231696658097686168e+02 7.418946015424164671e+02
6.229479166666666288e+02 7.416831597222221717e+02
6.228342882327016241e+02 7.414041427941824622e+02
6.222138528138527818e+02 7.415917748917748895e+02
6.219334792122538147e+02 7.411606126914660990e+02
6.210266027038813945e+02 7.409677278674225818e+02
6.203771701388889142e+02 7.408485243055555429e+02
6.195487223906452527e+02 7.405664789952360252e+02
6.194038379530917382e+02 7.400400852878465230e+02
6.187200667501042517e+02 7.402094284522319185e+02
6.178025451559934709e+02 7.401309523809524080e+02
6.177862154354106679e+02 7.398625670656210787e+02
6.181809128630704890e+02 7.398460580912862952e+02
6.182687993352720923e+02 7.399110926464478553e+02
6.175055084745762315e+02 7.394093220338983201e+02
6.168412903225806758e+02 7.395367741935483537e+02
6.166233709817549880e+02 7.400768896611641594e+02
6.162226648959716613e+02 7.400699424524125334e+02
6.157541776605100949e+02 7.405083553210201899e+02
6.160629124505059053e+02 7.408042234931808707e+02
6.172766330556772800e+02 7.407299430074529027e+02
6.178896703296703663e+02 7.404492307692307804e+02
6.179669133652590745e+02 7.409320853286895954e+02
6.176754910333048656e+02 7.410209222886421685e+02
6.180046968403074743e+02 7.411648163962424860e+02
6.180923913043478706e+02 7.411864548494983183e+02
6.179561220225658644e+02 7.405754283326368750e+02
6.169436974789915666e+02 7.403890756302521368e+02
6.162884697813973389e+02 7.397728246892413608e+02
6.154736842105263577e+02 7.395819426615319117e+02
6.141673764906303177e+02 7.392155025553662426e+02
6.117518154634771008e+02 7.392011960700555164e+02
6.115379692832764249e+02 7.393430034129693240e+02
6.116197783461210520e+02 7.393857630008525348e+02
6.115749574105622060e+02 7.394718909710392154e+02
6.114633629817873270e+02 7.404095722151630525e+02
6.117689684569479596e+02 7.404292412617220407e+02
6.127085980516729933e+02 7.403362981787378203e+02
6.139059974478944923e+02 7.403173117822203722e+02
6.144933054393305838e+02 7.402000000000000455e+02
6.150457821110639998e+02 7.397977956761340010e+02
6.157701732150401313e+02 7.397093367131390096e+02
6.156933108960874961e+02 7.395195624737064009e+02
6.145457239627434092e+02 7.393319220999153458e+02
6.140462885738114664e+02 7.398561301084237130e+02
6.144709622721492224e+02 7.393832132259432228e+02
6.150550381033023086e+02 7.396807790008467691e+02
6.156448362720402656e+02 7.401922753988245631e+02
6.159346733668342040e+02 7.404489112227805663e+02
6.169491382934005514e+02 7.401214796132828724e+02
6.180573839662447426e+02 7.409835443037974301e+02
6.189490526315789793e+02 7.412248421052631784e+02
6.192741867342627984e+02 7.411994085340093079e+02
6.192972515856237123e+02 7.410841437632135467e+02
6.198057338468121316e+02 7.403329054343174676e+02
6.193244863013699160e+02 7.398720034246575779e+02
6.184963472281907571e+02 7.393678556080790258e+02
6.174528954191875982e+02 7.389719101123595237e+02
6.170544899738448521e+02 7.381521360069747288e+02
6.168036783575705613e+02 7.381420017108639513e+02
6.173112755768393072e+02 7.372960383108402311e+02
6.174835497835497335e+02 7.371852813852814279e+02
6.183444491346559744e+02 7.379430139299282700e+02
6.193039215686274019e+02 7.382732310315431050e+02
6.203305263157894842e+02 7.392134736842104985e+02
6.217058577405857704e+02 7.396225941422594587e+02
6.232299785867237460e+02 7.395139186295502896e+02
6.246256865230249105e+02 7.403574144486691466e+02
6.252031047865459641e+02 7.406593359206555078e+02
6.249481798715203240e+02 7.408231263383297573e+02
6.243575731497418246e+02 7.405417383820998793e+02
6.239453193350831270e+02 7.402615923009624339e+02
6.225622837370242451e+02 7.396782006920415142e+02
