6.194110688635403221e+02 7.411787072243346302e+02
6.184772431729518303e+02 7.403805808409189240e+02
6.169793769197016218e+02 7.399368143922773697e+02
6.163131046613896160e+02 7.394956024626209228e+02
6.152951620062139000e+02 7.394460719041278480e+02
6.140124610591900591e+02 7.393551401869158326e+02
6.130244553134726857e+02 7.392276567363272761e+02
6.127202486678507967e+02 7.394356127886322838e+02
6.131160394265233435e+02 7.393082437275985512e+02
6.140282485875706016e+02 7.399126466753585873e+02
6.148763235916984513e+02 7.405146124523506614e+02
6.164763513513513544e+02 7.407512668918918735e+02
6.174899074852817193e+02 7.407026913372582158e+02
6.186320236586395822e+02 7.408187579214195466e+02
6.196002543450614439e+02 7.411411615091139993e+02
6.200940025521055077e+02 7.408455976180348443e+02
6.202015209125474939e+02 7.404921841994084843e+02
6.209062500000000000e+02 7.402803938356164508e+02
6.210574468085106901e+02 7.402714893617021517e+02
6.204860813704497104e+02 7.398102783725910285e+02
6.189952647438657323e+02 7.400477830391735097e+02
6.194075723830734432e+02 7.391652561247216227e+02
6.194771009337483747e+02 7.392276567363272761e+02
6.188727758007117927e+02 7.390262455516013915e+02
6.183453903837670396e+02 7.392712836347595839e+02
6.179175752289577304e+02 7.393144352376798452e+02
6.181401581722319634e+02 7.396493848857644480e+02
6.196025974025974392e+02 7.401939393939394449e+02
6.226481795088907347e+02 7.406164267569855610e+02
6.229559983395599829e+02 7.413976753839767753e+02
6.226171096345515252e+02 7.412695182724252163e+02
6.225466722478024622e+02 7.410899958141482102e+02
6.231783276450512403e+02 7.410123720136518841e+02
6.230972222222221717e+02 7.410416666666666288e+02
6.216218947368421368e+02 7.407983157894736905e+02
6.198709540034071779e+02 7.408377342419080378e+02
6.185923842492427411e+02 7.399705755084379462e+02
6.171007853403141326e+02 7.396191099476440058e+02
6.168325991189427668e+02 7.394444933920705125e+02
6.154958460865763072e+02 7.394910362920857096e+02
6.141395652173913504e+02 7.393869565217390800e+02
6.126968900569426069e+02 7.400315374507226807e+02
