6.250330866347409255e+02 7.405589899869395367e+02
6.276308026030368410e+02 7.410980477223426988e+02
6.287962085308056430e+02 7.409310641964669912e+02
6.281845034246575779e+02 7.411357020547944785e+02
6.250768903993202912e+02 7.407417162276975660e+02
6.206629645450661883e+02 7.396074327210593538e+02
6.163420153714773733e+02 7.392271562766866282e+02
6.123667232597623524e+02 7.388815789473684390e+02
6.105995652173912731e+02 7.384930434782609154e+02
6.105721050365906422e+02 7.382643133878605113e+02
6.127044463818657505e+02 7.377890148212728718e+02
6.153795206971677771e+02 7.382605664488017965e+02
6.186871192341166079e+02 7.387637075718015467e+02
6.230434035238504293e+02 7.392127202406531978e+02
6.257066436583261293e+02 7.396509922346850772e+02
6.267928968763371813e+02 7.398395378690629514e+02
6.246120874410629540e+02 7.397252464637805360e+02
6.215784271594327492e+02 7.392733132788998773e+02
6.184258854394403215e+02 7.385242675994752517e+02
6.144762521588946811e+02 7.385466321243522998e+02
6.106606451612902902e+02 7.387445161290322631e+02
6.076302771855010860e+02 7.392021321961620970e+02
6.062830109335576481e+02 7.392190916736753934e+02
6.066716164616037759e+02 7.392443784471786330e+02
6.081448617416425577e+02 7.398728848534874487e+02
6.106690287619841229e+02 7.399078782826177303e+02
6.141369519832985588e+02 7.400914405010438486e+02
6.163068936877076567e+02 7.397985880398671270e+02
6.169596088435374668e+02 7.393630952380951840e+02
6.152059814658804271e+02 7.396305812973884031e+02
6.129746192893401258e+02 7.388692893401015453e+02
6.105282224094355570e+02 7.383643639427127709e+02
6.077900460058552881e+02 7.378444165621078810e+02
6.050671422576583609e+02 7.375031472933277428e+02
6.029883624272652014e+02 7.371591853699085277e+02
6.026090097747555774e+02 7.369630259243518822e+02
6.044991755976916465e+02 7.377638087386644656e+02
6.087771806531624179e+02 7.382224059528730322e+02
6.130627615062761606e+02 7.387924686192468471e+02
6.170415078356628555e+02 7.390330368487929036e+02
6.196777730915225675e+02 7.396364403205398048e+02
6.211594202898551202e+02 7.395451832907075413e+02
6.219193890538820142e+02 7.398158676283411523e+02
6.213959044368600644e+02 7.395767918088737360e+02
6.192294390552509640e+02 7.396195698017713767e+02
6.164074544684456214e+02 7.395726387124100256e+02
6.122319630872483458e+02 7.396212248322148071e+02
6.097834793491864502e+02 7.393229036295368815e+02
6.093308048883270658e+02 7.390847029077117440e+02
6.107471650566989183e+02 7.388496430071398891e+02
6.133832985386221708e+02 7.393507306889353003e+02
6.159689183588893684e+02 7.397977621218400373e+02
6.193190596137699231e+02 7.397837951301427211e+02
6.233381601362862057e+02 7.397385008517887854e+02
6.262934595524957331e+02 7.400365748709122045e+02
6.287790149892933869e+02 7.399160599571735020e+02
6.291477028767711772e+02 7.395547445255474486e+02
6.279802744425386436e+02 7.391265008576328910e+02
6.248053662691652335e+02 7.386626916524702438e+02
6.221019974500637773e+02 7.379490012749681682e+02
6.191895534962089869e+02 7.380126368997472355e+02
6.167702702702703164e+02 7.381929898648648987e+02
6.167599830076466105e+02 7.385560747663550956e+02
6.177781065088757941e+02 7.392062552831783933e+02
6.205594525235243282e+02 7.397985457656116068e+02
6.240012914334911329e+02 7.409242359018510342e+02
6.271535549011358626e+02 7.418687421119058172e+02
6.300810115730819234e+02 7.421054436348049421e+02
6.309538721963605212e+02 7.427719001269572345e+02
6.303717786227291526e+02 7.423346007604562828e+02
6.270083892617449237e+02 7.417307046979865390e+02
6.227833965444584692e+02 7.410497260851243482e+02
6.186931438127090814e+02 7.404728260869565020e+02
6.146744087837837469e+02 7.396659628378378102e+02
6.125691850594228072e+02 7.391315789473684390e+02
6.124042016806722586e+02 7.389907563025210493e+02
6.127275042444821338e+02 7.387134974533106515e+02
6.146698113207546612e+02 7.383451972555745897e+02
6.216364403205398048e+02 7.393454238717840781e+02
