6.126204974271012134e+02 7.365990566037735334e+02
6.123692640692640907e+02 7.367493506493506175e+02
6.127822894168466519e+02 7.369166306695464073e+02
6.139210413999146567e+02 7.374071702944942217e+02
6.138445772843723489e+02 7.376144321093082681e+02
6.135123720136518841e+02 7.377265358361775043e+02
6.149502551020408418e+02 7.382202380952380736e+02
6.173059733562527072e+02 7.383777395788569038e+02
6.184281462585033751e+02 7.388796768707483125e+02
6.196775285653829997e+02 7.392052475666525879e+02
6.198700299273193650e+02 7.390560068405301308e+02
6.200870678617156955e+02 7.392219376867263918e+02
6.208277801817395130e+02 7.393608827347468377e+02
6.208421727972626059e+02 7.397617621899058804e+02
6.204528706083975749e+02 7.400029991431019880e+02
6.194709622721492224e+02 7.402636710470538901e+02
6.192237580993520396e+02 7.401602591792656085e+02
6.185519172770357272e+02 7.402873761309780321e+02
6.185811855670102659e+02 7.408118556701031139e+02
6.193122563880467624e+02 7.407544391511477215e+02
6.196571428571428442e+02 7.408679653679653256e+02
6.196027164685908701e+02 7.410373514431239528e+02
6.196558959295006161e+02 7.414519513218632483e+02
6.190756938603868775e+02 7.413040370058872668e+02
6.184121110176619140e+02 7.414108494533221574e+02
6.172389151958674347e+02 7.409530779164872456e+02
6.160093976932934083e+02 7.409098675779581527e+02
6.155816023738872218e+02 7.413272573124205564e+02
6.157641069155706646e+02 7.410237590156979195e+02
6.166038216560509682e+02 7.411125265392781785e+02
6.170848406546081151e+02 7.410004306632213229e+02
6.178887457044673965e+02 7.411056701030927343e+02
6.191001697792869436e+02 7.412911714770798426e+02
6.205656949725390632e+02 7.417752429235318914e+02
6.220000000000000000e+02 7.421141897565071304e+02
6.231533559898045951e+02 7.426002548853016378e+02
6.235048832271762649e+02 7.433027600849256942e+02
6.233720150816925525e+02 7.434390448261416395e+02
6.228617336152219650e+02 7.433970401691332199e+02
6.217938931297709360e+02 7.434338422391857648e+02
6.212019392917369487e+02 7.436897133220910519e+02
6.210389773679798964e+02 7.434932942162615745e+02
6.209924749163880051e+02 7.434364548494983183e+02
6.210944981100377618e+02 7.434157916841662654e+02
6.215213675213675515e+02 7.423047008547008545e+02
6.226154171961032944e+02 7.418212621770436499e+02
6.231323590814196223e+02 7.418150313152400486e+02
6.228238015138772425e+02 7.411732548359966586e+02
6.213294970161978199e+02 7.407173913043478706e+02
6.203309563758389231e+02 7.405629194630872689e+02
6.201689844079224940e+02 7.406628739991572274e+02
6.201351694915254029e+02 7.403135593220339388e+02
6.191830749895266308e+02 7.409007121910348133e+02
6.180607111882046638e+02 7.402979184735472700e+02
6.163746781115879685e+02 7.404630901287553115e+02
6.158502559726962318e+02 7.409347269624573755e+02
6.159426020408163822e+02 7.409387755102040956e+02
6.173678304239401768e+02 7.407049044056525418e+02
6.182910229645093523e+02 7.406275574112735285e+02
6.193544839255499710e+02 7.403024534686970810e+02
6.204660804020101068e+02 7.397173366834171020e+02
6.222577927548441039e+02 7.395867733782645246e+02
6.235213892418466912e+02 7.395383312155865951e+02
6.229390905298289454e+02 7.399257405089695112e+02
6.208777038269550985e+02 7.398527454242928343e+02
6.189411266412537316e+02 7.393722998729351730e+02
6.179978632478632790e+02 7.391568376068375983e+02
6.169378506689685082e+02 7.388342684505826128e+02
6.154326271186440636e+02 7.392838983050847901e+02
6.142600341588386073e+02 7.389551665243382104e+02
6.130479219677692981e+02 7.385004240882103659e+02
6.126862579281183798e+02 7.382989429175476062e+02
6.135526652452025473e+02 7.378076759061833627e+02
6.146407236011779105e+02 7.377867059318468819e+02
6.159241350562734851e+02 7.376586077532305126e+02
6.163871912934282591e+02 7.374738384261197552e+02
6.162032897511599003e+02 7.370105440742303244e+02
6.156192066805845116e+02 7.369536534446764335e+02
6.154599494097807337e+02 7.369557335581787356e+02
6.154039115646259006e+02 7.371390306122449374e+02
6.149019271948608321e+02 7.376766595289079760e+02
6.145356371490280480e+02 7.376876889848812198e+02
6.143105510465612724e+02 7.380499786416061170e+02
6.152625318606626479e+02 7.383772302463891037e+02
6.167137355584081888e+02 7.388724860932819638e+02
6.174266949152541883e+02 7.392275423728813166e+02
6.179551090209491804e+02 7.392295852928601789e+02
6.180297619047619264e+02 7.393171768707483125e+02
6.179962073324904850e+02 7.393906447534766357e+02
6.181122362869198241e+02 7.388447257383966189e+02
6.175623938879456318e+02 7.383051782682513249e+02
6.168181818181818699e+02 7.383116279069766961e+02
6.153145500420521330e+02 7.384369217830109164e+02
6.140426621160409013e+02 7.378920648464163605e+02
6.129387931034482335e+02 7.375693965517241395e+02
6.118961587167581229e+02 7.381156606162937805e+02
6.125455717970764908e+02 7.379453998280309861e+02
6.132478705281090470e+02 7.382900340715502807e+02
6.134128755364806693e+02 7.382802575107295979e+02
6.132544987146529820e+02 7.386208226221079940e+02
6.141514629948364927e+02 7.386785714285714448e+02
6.164112903225806122e+02 7.390509337860780761e+02
6.177976391231028401e+02 7.393132377740303127e+02
6.187379134860051408e+02 7.392968617472433834e+02
6.190563559322033598e+02 7.396224576271185924e+02
6.192163317657118569e+02 7.397806755023514143e+02
6.196538789428815335e+02 7.397719522591645500e+02
6.206113989637306076e+02 7.399926597582037857e+02
6.200353295993106713e+02 7.401180525635502363e+02
6.196712147887324136e+02 7.401927816901408050e+02
6.188940714908457039e+02 7.406525719267655177e+02
6.185010864841373177e+02 7.405806171229900201e+02
6.185150862068965125e+02 7.407543103448275588e+02
6.199779474130618837e+02 7.414062765055131194e+02
