6.161956241956241911e+02 7.396186186186185978e+02
6.164210977701543470e+02 7.395844768439108066e+02
6.169213002566295927e+02 7.399982891360136819e+02
6.166023839931885959e+02 7.399404001702852156e+02
6.166181135225375556e+02 7.402813021702837659e+02
6.169304970513900344e+02 7.404304970513900344e+02
6.174339542760372979e+02 7.403209144792548386e+02
6.179854824935952138e+02 7.404598633646455710e+02
6.184131914893616795e+02 7.403072340425532047e+02
6.194350258175559247e+02 7.403050774526677742e+02
6.204202401372212989e+02 7.401882504288164455e+02
6.216848561759729819e+02 7.404056683587140242e+02
6.225867346938775881e+02 7.402448979591836178e+02
6.233401885175663892e+02 7.399524421593830539e+02
6.235369897959183163e+02 7.402397959183673493e+02
6.229509385665528498e+02 7.406621160409556524e+02
6.224923813670004620e+02 7.405337396604265905e+02
6.226451750640478622e+02 7.409837745516651921e+02
6.227603375527426124e+02 7.412962025316455765e+02
6.227631247375052226e+02 7.414737505249895548e+02
6.220594479830148202e+02 7.415617834394904548e+02
6.212357414448669033e+02 7.417912970004224462e+02
6.201421319796954776e+02 7.421594754653129939e+02
6.194780008543357326e+02 7.418355403673643877e+02
6.188242730720606914e+02 7.422010113780024767e+02
6.190080270384453343e+02 7.421901140684410620e+02
6.190545073375261609e+02 7.421911949685534182e+02
6.188403041825094988e+02 7.416307562315166706e+02
6.186651143099068122e+02 7.415969517358171288e+02
6.182098346757099989e+02 7.413162356930903343e+02
6.180076955964086665e+02 7.411244121419409794e+02
6.175130801687763551e+02 7.413135021097045865e+02
6.177373994070309209e+02 7.413447691656077723e+02
6.181218381112985298e+02 7.410893760539629511e+02
6.186962931760741640e+02 7.406406908171861687e+02
6.198532494758909479e+02 7.406788259958070739e+02
6.201603934987168714e+02 7.406479897348160648e+02
6.201747984726347340e+02 7.403037759864233749e+02
6.204778303917348694e+02 7.397399913904433788e+02
6.205848406546081151e+02 7.398970714900947314e+02
6.208793103448275588e+02 7.394202586206896513e+02
6.212694944301628084e+02 7.395038560411311437e+02
6.213870693321990757e+02 7.394661846022969485e+02
6.217776827704146854e+02 7.392808892689183722e+02
6.218463184931506476e+02 7.394109589041096342e+02
6.218882252559726567e+02 7.394769624573378906e+02
6.209393173198483282e+02 7.394315212810788580e+02
6.203756906077347821e+02 7.392044198895027876e+02
6.205014736842105094e+02 7.395448421052631147e+02
6.204578059071729967e+02 7.396308016877636646e+02
6.198330494037478502e+02 7.394795570698466918e+02
6.186901528013581810e+02 7.395980475382003760e+02
6.172273693157670778e+02 7.394649383765405446e+02
6.152870488322718074e+02 7.393596602972398841e+02
6.143808922558922632e+02 7.391856060606060055e+02
6.146082735331362983e+02 7.390126635711270637e+02
6.145305439330544459e+02 7.391167364016736201e+02
6.144343264792278205e+02 7.388652958455728594e+02
6.141781681304893254e+02 7.386787954830614353e+02
6.143174872665534849e+02 7.379961799660441102e+02
6.146344269279932178e+02 7.380745632722624805e+02
6.146287064890416332e+02 7.377120756338633782e+02
6.144499785315585996e+02 7.376771146414770328e+02
6.145830115830116256e+02 7.378138138138137947e+02
6.145297845373891050e+02 7.384545838614279774e+02
6.148028643639427173e+02 7.387085088458297832e+02
6.148107544810337686e+02 7.387440600250104126e+02
6.146489675516223770e+02 7.385638432364096388e+02
6.146543367346938567e+02 7.385093537414966249e+02
6.139418197725284472e+02 7.386259842519684753e+02
6.134935952177626177e+02 7.392322801024764658e+02
6.138630952380951840e+02 7.392614795918367463e+02
6.149281129653402331e+02 7.390188275566965785e+02
6.158491525423728490e+02 7.395228813559322134e+02
6.160885328836425288e+02 7.394169477234401029e+02
6.159866052741732574e+02 7.397756383424026581e+02
6.156863315330286923e+02 7.401557955961777679e+02
6.148941666666667061e+02 7.400187499999999545e+02
6.145649811951525407e+02 7.401583786042624524e+02
6.152220353238014923e+02 7.402905803195963017e+02
6.156291197329995839e+02 7.401735502711723029e+02
6.158057190916737227e+02 7.400025231286795133e+02
6.159601863617111803e+02 7.399898348157560122e+02
6.163322033898305108e+02 7.399423728813559364e+02
6.166138865368332063e+02 7.400550381033023086e+02
6.168068522483939660e+02 7.398004282655246016e+02
6.175226302305721902e+02 7.398906917164816832e+02
6.184706632653061433e+02 7.404460034013605991e+02
6.197177940542869692e+02 7.401930202498922426e+02
6.210956896551724640e+02 7.398758620689654890e+02
6.222837548221174302e+02 7.400565795113587910e+02
6.228116067561714999e+02 7.400450411433521367e+02
6.228072601555747951e+02 7.402454624027657246e+02
6.215376949740034433e+02 7.402240034662045218e+02
