6.212518263859045646e+02 7.394967769660506747e+02
6.213065348237316812e+02 7.395180567497850461e+02
6.202935019624945880e+02 7.390405582206716417e+02
6.185341348218119037e+02 7.393228853585229672e+02
6.151168384879724726e+02 7.385622852233676667e+02
6.123020017406440729e+02 7.384277632724107434e+02
6.116853595890411270e+02 7.388694349315068166e+02
6.129913606911446777e+02 7.387896328293736588e+02
6.155545927209705042e+02 7.388860485268630782e+02
6.182906632868609904e+02 7.396653992395437172e+02
6.216540084388185505e+02 7.399033755274261921e+02
6.239739538855678802e+02 7.396391972672929569e+02
6.224971628109996118e+02 7.395159319074639370e+02
6.195239316239316167e+02 7.395081196581196536e+02
6.172480785653287967e+02 7.395409906063193830e+02
6.151134020618557088e+02 7.393999140893471349e+02
6.136998292058069637e+02 7.394842015371477828e+02
6.126799999999999500e+02 7.396259574468084566e+02
6.147935680139070200e+02 7.392842242503259058e+02
6.181486779367143072e+02 7.398205461638491442e+02
6.204019776440241003e+02 7.402540842648323860e+02
6.215994843145681443e+02 7.403854748603351936e+02
6.213119584055459654e+02 7.401425476603119478e+02
6.197100306614104284e+02 7.399518177836180257e+02
6.151582360570687342e+02 7.390946822308690116e+02
