6.125966597077243705e+02 7.407657620041753717e+02
6.130553691275167694e+02 7.403959731543624230e+02
6.134779874213836592e+02 7.403002096436058537e+02
6.136727956539907609e+02 7.401746761387379365e+02
6.134991596638654983e+02 7.395079831932772549e+02
6.131045723962743068e+02 7.394881456392887458e+02
6.124729673957903060e+02 7.396281469252992338e+02
6.114752804320730775e+02 7.396630660573327987e+02
6.108893004115226404e+02 7.400921810699588832e+02
6.098893933140734589e+02 7.401539413949649315e+02
6.087866943866944212e+02 7.401808731808731636e+02
6.077721782590587054e+02 7.403182007496876622e+02
6.069610715780661394e+02 7.408547509418166328e+02
6.065687996654119161e+02 7.408138854035968279e+02
6.059712020033389308e+02 7.413121869782971771e+02
6.058354166666666742e+02 7.412599999999999909e+02
6.072717345653087477e+02 7.410025199496010373e+02
6.092253820033955662e+02 7.406752971137520944e+02
6.121596145789694674e+02 7.403632174277335025e+02
6.141022582019598985e+02 7.398159352364721144e+02
6.150902542372881499e+02 7.396233050847457662e+02
6.156644518272424875e+02 7.391507475083056988e+02
6.157728026533997081e+02 7.390978441127695078e+02
6.156516853932583899e+02 7.384357053682896321e+02
6.139264768380789974e+02 7.377501062473438651e+02
6.124168755221386391e+02 7.381959064327485294e+02
6.109829592684953923e+02 7.384334995843723846e+02
6.098225270157938667e+02 7.386317539484622330e+02
6.092203742203741967e+02 7.393896049896050044e+02
6.089308099308099145e+02 7.402490842490842624e+02
6.095411073825503081e+02 7.402130872483221538e+02
6.104688954718577634e+02 7.403165467625899510e+02
6.107067669172931801e+02 7.409653299916458309e+02
6.115342005874947517e+02 7.410528745279060558e+02
6.118417326114118850e+02 7.412528113286131202e+02
6.127537499999999682e+02 7.412583333333333258e+02
6.136697057604641259e+02 7.409179444674679189e+02
6.138448776441310883e+02 7.404549979261716999e+02
6.136970321516899958e+02 7.405090684253915470e+02
6.128634840871021652e+02 7.401277219430485275e+02
6.120621301775147458e+02 7.399053254437869782e+02
6.112000000000000455e+02 7.399417190775681092e+02
6.106298755186721792e+02 7.402228215767635220e+02
6.104137931034482563e+02 7.401977565434150392e+02
6.104511742892459552e+02 7.403419859909353136e+02
6.105683423348566521e+02 7.402214374740340190e+02
6.105685045948204106e+02 7.402147034252296862e+02
6.106254744833403265e+02 7.400084352593842141e+02
6.111942688579856622e+02 7.405195954487990093e+02
6.122359454855195509e+02 7.403177172061328974e+02
6.130397946084724481e+02 7.402708600770217799e+02
6.139137271568210963e+02 7.405210369740756278e+02
6.148366483283961088e+02 7.406881083368599548e+02
6.151858294442087072e+02 7.409711497666525020e+02
6.153253968253968651e+02 7.409945697577276178e+02
6.153745302713987257e+02 7.409118997912316900e+02
6.151216666666666697e+02 7.409120833333333849e+02
6.145404951741502373e+02 7.412450692404531765e+02
6.134542443064182180e+02 7.418016563146998124e+02
6.125840561751342648e+02 7.420574142916150322e+02
6.121652858326428941e+02 7.423193869096934350e+02
6.119190082644628319e+02 7.425280991735537555e+02
6.123406913785922825e+02 7.423386089129529637e+02
6.132155963302752752e+02 7.424036697247706797e+02
6.139843557019349873e+02 7.426191848497323917e+02
6.153030050083472133e+02 7.417775459098497777e+02
6.169398907103825422e+02 7.415119798234552491e+02
6.188004219409282314e+02 7.411135021097046547e+02
6.208957185247986672e+02 7.407693938109368901e+02
6.233617204301075390e+02 7.404215053763440437e+02
6.252398979157804888e+02 7.407745640153126487e+02
6.268616567036721108e+02 7.403710503842869457e+02
6.276413646055436857e+02 7.405108742004264286e+02
6.294627249357326946e+02 7.403384747215081916e+02
6.295484421681604772e+02 7.407345283824157605e+02
6.289290240811153581e+02 7.409704267004647136e+02
6.268036941580755865e+02 7.407096219931271435e+02
6.253415358506575785e+02 7.414654221467967545e+02
6.238197064989517457e+02 7.416582809224319135e+02
6.223554720133668070e+02 7.416420217209690691e+02
6.215237489397794661e+02 7.414512298558099701e+02
6.212214163822525279e+02 7.413250853242320773e+02
6.218605442176871065e+02 7.414642857142856656e+02
6.232708688245314761e+02 7.413926746166951034e+02
6.251455906821963708e+02 7.419363560732113001e+02
6.263219264892268257e+02 7.415192226446979475e+02
6.271103066439522991e+02 7.413922487223168218e+02
6.270008396305626093e+02 7.417006717044500874e+02
6.269493457154917451e+02 7.416171380329252543e+02
6.268596121416526330e+02 7.414283305227655774e+02
6.265331632653061433e+02 7.410654761904761472e+02
6.253224989447023745e+02 7.411266357112705236e+02
6.244378447178617080e+02 7.410080610946117758e+02
6.232134251290877955e+02 7.403240103270223926e+02
6.221752100840336652e+02 7.405495798319327605e+02
6.216447698744769923e+02 7.402104602510460154e+02
6.215705263157894933e+02 7.398412631578947867e+02
6.215731605351170401e+02 7.396609531772575110e+02
6.222790309106098903e+02 7.394878863826231736e+02
6.227823899371069274e+02 7.392909853249475418e+02
6.231589743589743193e+02 7.390794871794871597e+02
6.233999144568007296e+02 7.390795551753635664e+02
6.235361702127659100e+02 7.392689361702127826e+02
6.236498729889923425e+02 7.394301439458085952e+02
6.236359832635982912e+02 7.396117154811715864e+02
6.231373626373626848e+02 7.395688926458157084e+02
6.225908710217755697e+02 7.400829145728642970e+02
6.221728971962617152e+02 7.400501274426508189e+02
6.216323096339924632e+02 7.400866638620109370e+02
6.213031712473573407e+02 7.399885835095137736e+02
6.207764606265876637e+02 7.399077053344623209e+02
6.201952360697575841e+02 7.395538068906847684e+02
6.203450317124735420e+02 7.398160676532769457e+02
6.211835016835017313e+02 7.392937710437710166e+02
6.212599156118143355e+02 7.387118143459915700e+02
6.215264730999145968e+02 7.378552519214346148e+02
6.222310996563574008e+02 7.379785223367697427e+02
6.230594271056006619e+02 7.376186404446344795e+02
6.243954191875540118e+02 7.374693171996542560e+02
6.256694987255734759e+02 7.379362786745964513e+02
6.263597122302157914e+02 7.380634786288616169e+02
6.271937445699392129e+02 7.379483058210252011e+02
6.274927163667523473e+02 7.385175664095972934e+02
6.280443774235243382e+02 7.388427401981904268e+02
6.288891267123287889e+02 7.395312500000000000e+02
6.291607758620689310e+02 7.397590517241379757e+02
6.277890148212728718e+02 7.396687009590235675e+02
6.256324300699300238e+02 7.396188811188810632e+02
6.243925831202045629e+02 7.396764705882352473e+02
6.233702599062632999e+02 7.392778014486578968e+02
6.224130067567567721e+02 7.395185810810810381e+02
6.216004219409282996e+02 7.393573839662446971e+02
6.201549235993209095e+02 7.391685059422750328e+02
6.197956852791878646e+02 7.391793570219965659e+02
6.210271301398897776e+02 7.393887240356083339e+02
6.226953727506427185e+02 7.396996572407883832e+02
6.241921266581086911e+02 7.399965768078733390e+02
6.254422089041096342e+02 7.405513698630137469e+02
6.257553373185311330e+02 7.409940222032450947e+02
6.255097789115645810e+02 7.413741496598639742e+02
6.252281303602057960e+02 7.411552315608919344e+02
6.240679694137637625e+02 7.412170773152081438e+02
6.229914965986394009e+02 7.408082482993197573e+02
6.224295473953885676e+02 7.401635354397950550e+02
6.219715498938428482e+02 7.395142250530785759e+02
6.214624522698345572e+02 7.391518879932117443e+02
6.212123115577888939e+02 7.395004187604689605e+02
6.210998719590269275e+02 7.389227486128894498e+02
6.208403218975010986e+02 7.388466751376535058e+02
6.215133305120609748e+02 7.391722386796444653e+02
6.220838654746701195e+02 7.393486590038314716e+02
6.230170068027210846e+02 7.399931972789115662e+02
6.232778947368420859e+02 7.406147368421052306e+02
6.233588435374149412e+02 7.410642006802721653e+02
6.234316546762589724e+02 7.415107913669064601e+02
6.232770526315789539e+02 7.419027368421052415e+02
6.231218683651804895e+02 7.419324840764330702e+02
6.224869490800170979e+02 7.415969191270860392e+02
6.221050847457627242e+02 7.416906779661017026e+02
6.219203204047217923e+02 7.416817032040472668e+02
6.217826453243470723e+02 7.413723673125526830e+02
6.214987479131885948e+02 7.408956594323873333e+02
6.211427392739274183e+02 7.405008250825082996e+02
6.213581901968998409e+02 7.400858818600754603e+02
6.212037974683544235e+02 7.397282700421941399e+02
6.211805205709488291e+02 7.396696053736355907e+02
6.214877637130801986e+02 7.397265822784810325e+02
6.214715789473684708e+02 7.400589473684210589e+02
6.213907172995781139e+02 7.406185654008438632e+02
6.209864003399915191e+02 7.409464513387165425e+02
6.205995762711864927e+02 7.414440677966101703e+02
6.200312366281557388e+02 7.411159606332905696e+02
6.194396258503401214e+02 7.413741496598639742e+02
6.192121724429416645e+02 7.417662721893491380e+02
6.187828282828282909e+02 7.420067340067339501e+02
6.186040799333887890e+02 7.420328892589508314e+02
6.181019708654670239e+02 7.410796915167095449e+02
6.174968179889690418e+02 7.408319898175647040e+02
6.168589634664400592e+02 7.401299915038232484e+02
6.156985074626866208e+02 7.396742004264392563e+02
6.131015658061785416e+02 7.394837071519255005e+02
6.106220905628438231e+02 7.393279729157850397e+02
6.076794979079497807e+02 7.396008368200837140e+02
6.061346551011978363e+02 7.402655927302766941e+02
6.060399505766063157e+02 7.403554365733114082e+02
6.062775020678246847e+02 7.405827129859387696e+02
6.064758333333332985e+02 7.411287499999999682e+02
6.069045037531276421e+02 7.414645537948290439e+02
6.077811980033277450e+02 7.419538269550748737e+02
6.091911092646447514e+02 7.419339426672206628e+02
6.105414410662224327e+02 7.418912952936276497e+02
6.113945606694560411e+02 7.417280334728033040e+02
6.112671691792294268e+02 7.415996649916247634e+02
6.105116861435726605e+02 7.407787979966610692e+02
6.096741854636591142e+02 7.400710108604845345e+02
6.087831273966766048e+02 7.390873455475074252e+02
6.085158831003811883e+02 7.390224481152054068e+02
6.078799321170979510e+02 7.385307594399660047e+02
6.075265374894692059e+02 7.387354675652906053e+02
6.074496506370735460e+02 7.395026715988491333e+02
6.076780427631579187e+02 7.398519736842105203e+02
6.080479166666666515e+02 7.401237499999999727e+02
6.090953961012028230e+02 7.410029033596018735e+02
6.100124792013310753e+02 7.414991680532446026e+02
6.106040969899665924e+02 7.415911371237458525e+02
6.111059657905715312e+02 7.420183562786817220e+02
6.122425638877251686e+02 7.422852953498114630e+02
6.131017441860465169e+02 7.425232558139534831e+02
6.133616312942156128e+02 7.422243029546400521e+02
6.127567906393647945e+02 7.417312996239030554e+02
6.122101510067113850e+02 7.411187080536913072e+02
6.121719476130122075e+02 7.408863540346429772e+02
6.121471698113207367e+02 7.405643605870020565e+02
6.119106844741235136e+02 7.404332220367278978e+02
6.117717255717255966e+02 7.403239085239084716e+02
6.115845450768591718e+02 7.403223930203572536e+02
6.117107023411371074e+02 7.406793478260869961e+02
6.116961441743503656e+02 7.410938809723386385e+02
6.121578947368420813e+02 7.411324278438030433e+02
6.124972769166317903e+02 7.415303728529535192e+02
6.130671169269734264e+02 7.416023638666104034e+02
6.131838546069315043e+02 7.415219780219780432e+02
6.133574432296046552e+02 7.415672834314550528e+02
6.135569567044976793e+02 7.415653635981504976e+02
6.137363184079601979e+02 7.417110281923714865e+02
6.138523769808173256e+02 7.415371142618848808e+02
6.139055578771416322e+02 7.412110321771834833e+02
6.134119897959183163e+02 7.400089285714285552e+02
6.126600254345061103e+02 7.400254345061466665e+02
6.124027895181741314e+02 7.398956043956044368e+02
6.125366666666666333e+02 7.402050000000000409e+02
6.123911606774059919e+02 7.402424617926476458e+02
6.117612442202606644e+02 7.404153005464480657e+02
6.103500830564784110e+02 7.406353820598006905e+02
6.085058972198820584e+02 7.408597304128054475e+02
6.070864661654135261e+02 7.414553049289891078e+02
6.062511608273532602e+02 7.413271422541156426e+02
6.060985617597292503e+02 7.414086294416243845e+02
6.068510186757215479e+02 7.411935483870968255e+02
6.087183157894736496e+02 7.413827368421052597e+02
6.112016302016302234e+02 7.407764907764907321e+02
6.135577889447235975e+02 7.409208542713568022e+02
6.152669740150880671e+02 7.405184409052808405e+02
6.162556390977443925e+02 7.400538847117794603e+02
6.167343880099916760e+02 7.398867610324729185e+02
6.169654882154882216e+02 7.394292929292929557e+02
6.157459779847587242e+02 7.392078746824724931e+02
6.136317114093959617e+02 7.391602348993288842e+02
6.114032800672833901e+02 7.389163162321278833e+02
6.095240527884205903e+02 7.384810557684120340e+02
6.087953290870487990e+02 7.389757961783438986e+02
6.082507387083157937e+02 7.393600675390459855e+02
6.080863939899833213e+02 7.398576794657763003e+02
6.088221660345553801e+02 7.400408765276022223e+02
6.100045193097781748e+02 7.408134757600657849e+02
6.113316624895571749e+02 7.403972431077694409e+02
6.124248747913188708e+02 7.409574290484140420e+02
6.132587939698491937e+02 7.407550251256280944e+02
6.137578419071518283e+02 7.403408615641990309e+02
6.139584889995849153e+02 7.402386882523868508e+02
6.139339116067740179e+02 7.400095002065262406e+02
6.138792310906811736e+02 7.399013790221479212e+02
6.128094838438942134e+02 7.395543432647922373e+02
6.114269995768091803e+02 7.389949217096910843e+02
6.100588733587462684e+02 7.391685726387123623e+02
6.091528294093350269e+02 7.397657992565056020e+02
6.088600498338870466e+02 7.396370431893687964e+02
6.089713216957605937e+02 7.394650872817954905e+02
