6.128987717069038581e+02 7.383591698432867361e+02
6.160526315789473983e+02 7.378569609507640052e+02
6.184144598570827611e+02 7.384434636401849730e+02
6.185420042643922898e+02 7.382520255863539660e+02
6.172392611683849282e+02 7.385927835051546708e+02
6.146065365025466463e+02 7.385449915110356187e+02
6.110481622306717782e+02 7.389349387410223926e+02
6.071927710843373234e+02 7.392376402160365387e+02
6.041465263157895151e+02 7.392720000000000482e+02
6.027791044776118952e+02 7.390490405117270711e+02
6.033619007212557790e+02 7.394722104369961926e+02
6.059107217355027615e+02 7.399933249895702829e+02
6.094292845257903082e+02 7.402067387687187647e+02
6.129547883271681030e+02 7.404188244965063177e+02
6.144058388157894797e+02 7.404481907894736423e+02
6.146062111801242054e+02 7.402173913043478706e+02
6.134252778921367053e+02 7.403330588719637717e+02
6.113326454808088783e+02 7.398340899711101883e+02
6.090758909853249179e+02 7.395098532494758956e+02
6.082563887725177665e+02 7.397490573942186529e+02
6.098618336886993347e+02 7.391599147121535225e+02
6.133733850129199254e+02 7.395111972437554186e+02
6.183620469083156195e+02 7.396724946695095468e+02
6.225422565422564958e+02 7.402106392106392150e+02
6.250361757105943070e+02 7.407006890611542076e+02
6.262875481386392948e+02 7.412901155327342622e+02
6.265758738277919520e+02 7.411845694799659441e+02
6.249105621805791770e+02 7.409420783645655320e+02
6.213056255247690842e+02 7.410864819479429570e+02
6.177708333333333712e+02 7.402865646258503602e+02
6.153076597545492632e+02 7.405480321625052511e+02
6.146300042140750293e+02 7.408954909397386928e+02
6.158172954641797787e+02 7.412174650275539989e+02
6.179771959459459367e+02 7.414983108108108354e+02
6.212311621966794064e+02 7.419599829714771886e+02
6.233504712939160299e+02 7.420968294772922036e+02
6.235412960609911579e+02 7.424747988140618418e+02
6.211673875432526302e+02 7.418235294117647527e+02
6.182116538131962216e+02 7.415282776349614551e+02
6.163204535909281958e+02 7.413469130617387464e+02
6.144343264792278205e+02 7.410868652958455414e+02
6.139644039735098886e+02 7.412065397350993408e+02
6.145713094245204502e+02 7.409245204336947381e+02
6.169702507437314125e+02 7.404492137696557847e+02
6.204973980919340875e+02 7.406799653078924166e+02
6.239145408163265074e+02 7.412240646258503602e+02
6.263140178951853159e+02 7.414409884959522969e+02
6.262654980761009256e+02 7.414117144078666115e+02
6.257264309764309473e+02 7.418817340067339501e+02
6.233182593856655558e+02 7.410341296928327210e+02
6.199588581024348741e+02 7.410944584382871199e+02
6.174365719134492565e+02 7.401663131098854365e+02
6.154137483787288829e+02 7.395853869433635737e+02
6.147247191011235827e+02 7.394675885911841533e+02
6.158511368511368573e+02 7.396928356928357289e+02
6.178222698072804633e+02 7.401066381156316538e+02
6.196346402412752923e+02 7.404519603619129384e+02
6.197416702726092126e+02 7.404993509303332075e+02
6.172258203799655121e+02 7.402037996545768692e+02
6.132916117698725884e+02 7.399020641194554173e+02
6.097864978902953226e+02 7.401962025316455538e+02
6.060431684828164407e+02 7.396345347862531980e+02
6.029748848890749287e+02 7.396077856843867266e+02
6.016776510350655371e+02 7.392927756653992901e+02
6.022401021711366411e+02 7.388067262664964119e+02
6.040708828522920157e+02 7.385764006791171141e+02
6.062020117351215731e+02 7.383646269907795840e+02
6.099328859060402692e+02 7.382428691275167694e+02
6.122744935923935827e+02 7.382840016535758423e+02
6.124787803873094845e+02 7.383086114544705651e+02
6.111223051409618847e+02 7.380352404643449518e+02
6.083935185185184764e+02 7.374675925925926094e+02
6.060385098367518140e+02 7.375889493511929231e+02
6.055186125211505441e+02 7.376628595600676590e+02
6.067071339173967317e+02 7.377797246558197912e+02
6.096000834028357076e+02 7.379462051709757588e+02
6.129507368421052433e+02 7.380766315789473992e+02
6.158043385793279185e+02 7.377579753296469107e+02
6.163975701717637321e+02 7.379090909090908781e+02
6.162149068322980838e+02 7.383325051759834423e+02
6.141885280472374689e+02 7.377418810628427082e+02
6.116871295512278266e+02 7.377692633361557455e+02
6.079466779517562145e+02 7.382154041472704193e+02
6.048681226375472306e+02 7.380986980260395285e+02
6.026102329450915249e+02 7.385066555740432932e+02
6.018297604035309405e+02 7.387356031946195571e+02
6.037830508474576163e+02 7.390597457627118274e+02
6.068858116744780773e+02 7.386974861525351344e+02
6.110261713803292878e+02 7.392308991135499809e+02
6.157286919831224168e+02 7.388831223628692442e+02
