6.195519339417644460e+02 7.391216862233811753e+02
6.187410480349344652e+02 7.389401746724890927e+02
6.172679343128780829e+02 7.388232497839239841e+02
6.158692240627724459e+02 7.386551874455100233e+02
6.155373711340206455e+02 7.387079037800687047e+02
6.166369593709043784e+02 7.384578418523373102e+02
6.182087483759203224e+02 7.386262451277609671e+02
6.204029914529915004e+02 7.390850427350427481e+02
6.226826758147512919e+02 7.389974271012007421e+02
6.235144708423325710e+02 7.389930885529157649e+02
6.235105740181269312e+02 7.391040138109624422e+02
6.219910102739726199e+02 7.390171232876712111e+02
6.186029850746268721e+02 7.394678038379530562e+02
6.168728923476005548e+02 7.389987029831387417e+02
6.159245689655172100e+02 7.391413793103448597e+02
6.155250535331905439e+02 7.392792291220556535e+02
6.165459646094087702e+02 7.392943461372464071e+02
6.176385336743393282e+02 7.395618073316283017e+02
6.188089935760170874e+02 7.395473233404710527e+02
6.188898377455166155e+02 7.398065755764304186e+02
6.181789965986394009e+02 7.399468537414966249e+02
6.172610943558811414e+02 7.394222317966393803e+02
6.159180043383947805e+02 7.390368763557484044e+02
6.146940363007778387e+02 7.389822817631805947e+02
6.143552688172043190e+02 7.392288172043010945e+02
