6.390537117903929811e+02 7.385117903930131433e+02
6.385273788150807377e+02 7.397257630161579982e+02
6.367731913004882927e+02 7.420221926320461989e+02
6.341167332445628517e+02 7.438397691966267757e+02
6.313320329432162907e+02 7.462579107065453172e+02
6.295058619192358265e+02 7.478323925314806502e+02
6.272359354557348752e+02 7.487235063235935968e+02
6.247404218682737564e+02 7.502074903142488438e+02
6.212360086767895382e+02 7.507088937093275263e+02
6.175666521927920485e+02 7.519044724272687290e+02
6.145385609651012828e+02 7.522356742783283607e+02
6.120397266125587521e+02 7.521900897052541950e+02
6.091660914581535735e+02 7.518274374460742138e+02
6.053106255355612575e+02 7.510865467009425629e+02
6.027365475678002440e+02 7.498829100301334165e+02
6.002182978723403721e+02 7.489931914893617204e+02
5.975113880532875328e+02 7.471877954447786578e+02
5.955303609341825677e+02 7.456743099787686333e+02
5.941193520886615715e+02 7.445034100596760709e+02
5.933138252756573365e+02 7.429206955046649909e+02
5.930074875207986906e+02 7.418361064891846581e+02
5.932328881469114776e+02 7.408038397328881501e+02
5.936996229576874384e+02 7.398341013824884840e+02
5.950120282040646771e+02 7.389207797594359590e+02
5.966979298690325777e+02 7.374017743979720763e+02
5.997806866952789733e+02 7.359300429184548875e+02
6.019165239726027039e+02 7.353972602739726199e+02
6.041744937526927970e+02 7.344416199913830496e+02
6.074452173913043680e+02 7.338530434782608154e+02
6.107023396880415476e+02 7.334783362218371394e+02
6.141292725679228397e+02 7.329653812445224048e+02
6.180017383746197766e+02 7.328961321164711080e+02
6.212379264510411758e+02 7.324191404519273192e+02
6.239358523725834402e+02 7.327253954305799653e+02
6.267910250769907634e+02 7.325728112626484290e+02
6.296273400087070513e+02 7.330548541575968784e+02
6.315636679704476819e+02 7.334693611473272767e+02
6.337215298667812249e+02 7.347541899441340547e+02
6.357893607893607850e+02 7.355066495066495236e+02
6.378908145580588780e+02 7.356321490467937565e+02
6.398645743766121541e+02 7.371646603611350201e+02
6.407193292144748966e+02 7.375238305383936677e+02
6.412564330079858337e+02 7.385674356699200871e+02
6.402108695652174220e+02 7.406491304347825917e+02
6.385017730496454078e+02 7.421484929078013693e+02
6.358563115487913819e+02 7.443231871083258966e+02
6.333976010661928058e+02 7.465624167036872905e+02
6.312085514834205924e+02 7.483141361256544997e+02
6.287813182016586779e+02 7.494325621999126952e+02
6.211636205395996058e+02 7.513420365535248493e+02
