6.203969631236442410e+02 7.401648590021692371e+02
6.201577107907382924e+02 7.402088248143294322e+02
6.188921270117442646e+02 7.404806437581556793e+02
6.168985010706637695e+02 7.410261241970021047e+02
6.160259067357512777e+02 7.400829015544040885e+02
6.170564481111593977e+02 7.399622231871471740e+02
6.189226447709593231e+02 7.395475367329299843e+02
6.198850624192854184e+02 7.393762376237623357e+02
6.199459344401873295e+02 7.394465730097914502e+02
6.191956521739130039e+02 7.396099744245524334e+02
6.183577787197965563e+02 7.399008054260280005e+02
6.177874682472480572e+02 7.398217612193056993e+02
6.188121499353726449e+02 7.399577768203361074e+02
6.182899106002554390e+02 7.401745423584503669e+02
6.177599323753170211e+02 7.403770076077768181e+02
6.169656372335798551e+02 7.397864288821226637e+02
6.165884398087788441e+02 7.398209474141677902e+02
6.172689982728842324e+02 7.393467184801381791e+02
6.185038759689922472e+02 7.391821705426356175e+02
6.202251486830925842e+02 7.393343245539507507e+02
6.208427539311517194e+02 7.397892052698682619e+02
6.199736170212765956e+02 7.400089361702127917e+02
6.180132762312633758e+02 7.405117773019271681e+02
6.156869037294015925e+02 7.406951431049436678e+02
