6.157768736616702654e+02 7.409066381156317220e+02
6.159712569712569348e+02 7.406404976404976424e+02
6.176162841056734578e+02 7.399627544391511265e+02
6.191318493150685072e+02 7.392701198630137469e+02
6.207420051858254055e+02 7.391050129645635707e+02
6.218772311710927170e+02 7.387370483239006944e+02
6.226400169204737267e+02 7.391556683587140242e+02
6.220719729043183861e+02 7.391176968670617953e+02
6.205156183140778694e+02 7.390492083868207374e+02
6.190141267123287889e+02 7.390214041095890707e+02
6.172850447379634033e+02 7.394043459735833039e+02
6.159777684563758839e+02 7.403594798657718457e+02
6.161896478574459479e+02 7.408167161646160821e+02
6.171299458558934248e+02 7.415989171178675861e+02
6.180867174280880363e+02 7.415469543147207787e+02
6.181219512195121979e+02 7.419255455712451521e+02
6.186686491079013877e+02 7.418241291418861465e+02
6.202492656315569093e+02 7.416550566512798923e+02
6.200190355329949625e+02 7.410473773265651971e+02
6.194498951781970391e+02 7.402968553459119221e+02
6.183934634974533537e+02 7.392920203735144469e+02
6.186637968144640354e+02 7.388291003013345062e+02
6.187489307100086080e+02 7.380718562874251347e+02
6.196269430051813742e+02 7.379412780656303994e+02
6.209242875372182198e+02 7.388170991067630666e+02
6.223434819897083798e+02 7.391899656946826553e+02
6.233078583765112626e+02 7.393039723661485141e+02
6.236113272805879433e+02 7.395832252485948857e+02
6.236427943760984363e+02 7.400092267135324846e+02
6.225342407486176626e+02 7.412611654615056977e+02
6.199889737065309419e+02 7.414694656488549072e+02
6.179819665092314835e+02 7.413014169171318599e+02
6.162868217054264051e+02 7.412127476313522720e+02
6.168045729076790167e+02 7.408222605694563754e+02
6.177616822429906733e+02 7.408228547153780710e+02
6.196146868250540365e+02 7.395779697624190021e+02
6.210519313304721436e+02 7.392866952789700008e+02
6.222504302925989350e+02 7.385826161790017750e+02
