6.277590571802705881e+02 7.396346573548668175e+02
6.284696108439003410e+02 7.394748578924354661e+02
6.283024070021881471e+02 7.395225382932165985e+02
6.274162679425837723e+02 7.395850369725967539e+02
6.267807986406116925e+02 7.395849617672047316e+02
6.258532539344959105e+02 7.393896214376860598e+02
6.248208955223880139e+02 7.388771855010661511e+02
6.236420962931401846e+02 7.386923732424371565e+02
6.229747048903878976e+02 7.389506745362563152e+02
6.212693446088794644e+02 7.386300211416490811e+02
6.206915927334177923e+02 7.386822982678495464e+02
6.207811050189793605e+02 7.390932096161957361e+02
6.218679324894515048e+02 7.395059071729957623e+02
6.234086251067463991e+02 7.396033304867634115e+02
6.257496774193548390e+02 7.400632258064516691e+02
6.290521590423257976e+02 7.410453185121847355e+02
6.330854030501088801e+02 7.411555555555555657e+02
6.359809688581315186e+02 7.415354671280276762e+02
6.370728051391862437e+02 7.421880085653104970e+02
6.369915002124946568e+02 7.424589885252868271e+02
6.357512776831346173e+02 7.418330494037478502e+02
6.331412859560067545e+02 7.413185279187816832e+02
6.302823934567369406e+02 7.403555746879035269e+02
6.279138370118845387e+02 7.395080645161290249e+02
6.257513882956001225e+02 7.390551046561298563e+02
6.241278617710582921e+02 7.382872570194384707e+02
6.231449781659388236e+02 7.375432314410480785e+02
6.228080895008605467e+02 7.376751290877797373e+02
6.226446351931330128e+02 7.376300429184549330e+02
6.235133985538068373e+02 7.381854529987239175e+02
6.249237894736842236e+02 7.388981052631578450e+02
6.260322851153040347e+02 7.394117400419287378e+02
6.275743959304789996e+02 7.403344637558287786e+02
6.294182203389830192e+02 7.405266949152542111e+02
6.316206896551724412e+02 7.412711206896551630e+02
6.329625161568289968e+02 7.412244722102542482e+02
6.341160292221744612e+02 7.415453373442200018e+02
6.338360726643599037e+02 7.415856401384082801e+02
6.322010421189752378e+02 7.411762917933131121e+02
6.298948707079271117e+02 7.409512505298855558e+02
6.271510942760942271e+02 7.403312289562289834e+02
6.251857855361596421e+02 7.401845386533665305e+02
6.233698513800425189e+02 7.389813163481953779e+02
6.221218576906688895e+02 7.383374520664677902e+02
6.210387096774193196e+02 7.378765591397849448e+02
6.205489270386266298e+02 7.377553648068669645e+02
6.210363007778738620e+02 7.376460674157303856e+02
6.222147108843537353e+02 7.377431972789115662e+02
6.244238524238523951e+02 7.383157443157442685e+02
6.266034338358458626e+02 7.393488274706867287e+02
6.289430272108843383e+02 7.394740646258503602e+02
6.324070567986231026e+02 7.401488812392426553e+02
6.352151039456937269e+02 7.411179465422146677e+02
6.367927773000859588e+02 7.411006018916594940e+02
6.365403780068728565e+02 7.412959621993127257e+02
6.338257705479452397e+02 7.411523972602740287e+02
6.299105308219178596e+02 7.409995719178082254e+02
6.256610169491525539e+02 7.407835723598435607e+02
6.215984848484848726e+02 7.409747474747474598e+02
6.194909549852756072e+02 7.407816575515355453e+02
6.179001650165016599e+02 7.409113036303630224e+02
6.176908939014201678e+02 7.403308270676691336e+02
6.181405924071756317e+02 7.401063829787234454e+02
6.186554025865665380e+02 7.396220275344180664e+02
6.198000824402308808e+02 7.397699917559768892e+02
6.205319502074688671e+02 7.398344398340249199e+02
6.215832978270132116e+02 7.397153813378781706e+02
6.219812526629740432e+02 7.403962505325947632e+02
6.231262842465753238e+02 7.404636130136985912e+02
6.240069144338807519e+02 7.410579083837510552e+02
6.247781541066892714e+02 7.413183742591024838e+02
6.244137638062871929e+02 7.410892098555649454e+02
6.232973898160033741e+02 7.407432605905006540e+02
6.206034334763947982e+02 7.399742489270386159e+02
6.177170222028732951e+02 7.389059643012625429e+02
6.131039396479463903e+02 7.394874266554903670e+02
6.089339933993398972e+02 7.391233498349835145e+02
6.060240265120132790e+02 7.389685169842584855e+02
6.030008240626287943e+02 7.386365883807169439e+02
6.020310559006211406e+02 7.384202898550724967e+02
6.024110455311972601e+02 7.381580944350758955e+02
6.038287757677744594e+02 7.386739587715608195e+02
6.055897108843537353e+02 7.389217687074830110e+02
6.074496189669771411e+02 7.393141405588484076e+02
6.093045097227968654e+02 7.398340918494001244e+02
6.107948613376835283e+02 7.408719412724307176e+02
6.120449625312239732e+02 7.408476269775187575e+02
6.127099585062240976e+02 7.412593360995850844e+02
6.128820598006644786e+02 7.412350498338870466e+02
6.128124213176668036e+02 7.410373478808224945e+02
6.114989402289105556e+02 7.404446799491310003e+02
6.096366315789473447e+02 7.401920000000000073e+02
6.054036580178647000e+02 7.391726924712887694e+02
6.034187396351575217e+02 7.394718076285240613e+02
6.023433333333333621e+02 7.392170833333333348e+02
6.020391249474126880e+02 7.389314261674379622e+02
6.028331262939958606e+02 7.399312629399586285e+02
6.043360892930962791e+02 7.402633319553534648e+02
6.063461701227253116e+02 7.404312314853999624e+02
6.083082802547770598e+02 7.411171974522293340e+02
6.096100840336134752e+02 7.416953781512604564e+02
6.107688483844242455e+02 7.426582435791217449e+02
6.120522765598650494e+02 7.430822091062394747e+02
6.130532494758909934e+02 7.432356394129978980e+02
6.141976935749588620e+02 7.434415156507413940e+02
6.148786871624429295e+02 7.435720814291648821e+02
6.140719633943427880e+02 7.432246256239600370e+02
6.120512820512821008e+02 7.425736145574854845e+02
6.093729235880398392e+02 7.418102159468438686e+02
6.065297818791946156e+02 7.407093120805369608e+02
6.035301815111861288e+02 7.398742085268045230e+02
6.011167019027484457e+02 7.391919661733614930e+02
6.004281462585033751e+02 7.390161564625850588e+02
6.013565144532886961e+02 7.387142857142856656e+02
6.038424657534246762e+02 7.387217465753424221e+02
6.068670325031658876e+02 7.392038834951456465e+02
6.102037578288100121e+02 7.400676409185804232e+02
6.137909818794774992e+02 7.409110830172777469e+02
6.151831517183570668e+02 7.416190276613579044e+02
6.161756756756756204e+02 7.420401182432432279e+02
6.157172995780590554e+02 7.425075949367088697e+02
6.151987394957983497e+02 7.429936974789916349e+02
6.148239999999999554e+02 7.427806315789473501e+02
6.144345034246575779e+02 7.420856164383561691e+02
6.131089361702128144e+02 7.416506382978723195e+02
6.109212462137602415e+02 7.410142795326698888e+02
6.084892611683849282e+02 7.405446735395189535e+02
6.071244689889549591e+02 7.400038232795242266e+02
6.056461794019933222e+02 7.401021594684385718e+02
6.041317991631799487e+02 7.394585774058577954e+02
6.033547311379741132e+02 7.395502292621926017e+02
6.035843398583923545e+02 7.394194085797583966e+02
6.049624630957401905e+02 7.392652889076339306e+02
6.077510711225364730e+02 7.388753213367609760e+02
6.112491438356164508e+02 7.395440924657534651e+02
6.150264730999145968e+02 7.406105892399658615e+02
6.171730118443316542e+02 7.409792724196277049e+02
6.188932203389830420e+02 7.413072033898305335e+02
6.194614432989690158e+02 7.419393814432989984e+02
6.196937422295897022e+02 7.420882718607542756e+02
6.191368552412645840e+02 7.420137271214641714e+02
6.178790186125211221e+02 7.410181895093062394e+02
6.161826271186440636e+02 7.408923728813559819e+02
6.141473729175565950e+02 7.403686458778299766e+02
6.118856778580535547e+02 7.400616234594135676e+02
6.107934131736526524e+02 7.396514114627887011e+02
6.099387668918918735e+02 7.399691722972972912e+02
6.099970451667370526e+02 7.400666948079358463e+02
6.108347718865597926e+02 7.405614467735306334e+02
6.125613010842369022e+02 7.400804837364470359e+02
6.161730365392692192e+02 7.398912221755564360e+02
6.205409071640525553e+02 7.399253921153031115e+02
6.252887263339071069e+02 7.399066265060240539e+02
6.288927648578811613e+02 7.402028423772609358e+02
6.300780051150894678e+02 7.404590792838874904e+02
6.299137709137709180e+02 7.402402402402402686e+02
6.288775247099268881e+02 7.399136226901590589e+02
6.283020789138735154e+02 7.399236317352566630e+02
6.273103594080338326e+02 7.394778012684989790e+02
6.262180034129693240e+02 7.388767064846416588e+02
6.252373673036092896e+02 7.387970276008492192e+02
6.244602150537634770e+02 7.379763440860215269e+02
6.227752761257434031e+02 7.378912489379779345e+02
6.218608333333332894e+02 7.383620833333333167e+02
6.214342881213142391e+02 7.380122156697557330e+02
6.213999157184997557e+02 7.385495153813737943e+02
6.221344608879492171e+02 7.391365750528541412e+02
6.238026944806605343e+02 7.388565840938722431e+02
6.265684165232357827e+02 7.399776247848536741e+02
6.300343309859155170e+02 7.406619718309858627e+02
6.337027143472640773e+02 7.410758293838862301e+02
6.365165306998711685e+02 7.413246028338343194e+02
6.368662365591397929e+02 7.415311827956988964e+02
6.363457943925233167e+02 7.414698385726422885e+02
6.339459344401873295e+02 7.410429970200085563e+02
6.313323353293412765e+02 7.405851154833191003e+02
6.286782718120805384e+02 7.400935402684564224e+02
6.264662104362703303e+02 7.389653550042771712e+02
6.249766725352112644e+02 7.380334507042254018e+02
6.235293356341674098e+02 7.376397756686799312e+02
6.223257314974182464e+02 7.376269363166953781e+02
6.220908699397072041e+02 7.374043927648579029e+02
6.231036113499569637e+02 7.377932072226999480e+02
6.242435517970401406e+02 7.386202959830866348e+02
6.275620888157894797e+02 7.401492598684210407e+02
