6.208423271500843157e+02 7.416682124789207364e+02
6.183205944798301061e+02 7.408925690021231958e+02
6.159217948717948730e+02 7.401175213675213627e+02
6.133592150170647983e+02 7.396864334470989206e+02
6.104038867765103760e+02 7.390722433460075536e+02
6.084957877000842927e+02 7.380012636899747349e+02
6.070172117039586510e+02 7.374870912220309265e+02
6.056261280618822411e+02 7.369862483884829771e+02
6.049029787234042033e+02 7.371217021276595460e+02
6.055517979452055215e+02 7.369096746575341967e+02
6.068992805755395921e+02 7.373973762166737060e+02
6.079199152542372531e+02 7.374470338983051079e+02
6.099098984771574123e+02 7.381252115059221524e+02
6.133711993243243796e+02 7.390409628378378102e+02
6.174683172471674197e+02 7.401107847251363410e+02
6.211481164383561691e+02 7.402033390410958873e+02
6.252610544217686765e+02 7.408750000000000000e+02
6.292934182590233831e+02 7.414407643312101754e+02
6.333181818181818699e+02 7.424651656754460873e+02
6.360307955517536129e+02 7.428793840889649118e+02
6.369174116645381218e+02 7.435419327373350598e+02
6.376195142735407444e+02 7.435240732850447785e+02
6.377477477477477805e+02 7.431407121407121394e+02
6.359503239740820391e+02 7.425123110151188257e+02
6.337274678111588173e+02 7.417729613733905580e+02
6.300038961038960679e+02 7.407956709956710029e+02
6.267901918976546085e+02 7.401914712153518394e+02
6.232493627867460191e+02 7.394027187765505005e+02
6.189114359415304989e+02 7.377416165090284039e+02
6.159712199312714347e+02 7.371945876288659747e+02
6.136762028608582114e+02 7.367537928045080662e+02
6.119370480646533679e+02 7.365057422373457712e+02
6.118324046292327694e+02 7.362730390055721728e+02
6.124171907756813198e+02 7.366687631027253929e+02
6.143573560767590607e+02 7.371257995735608120e+02
6.159867690994451550e+02 7.370964575330772277e+02
6.189126378286683803e+02 7.376166242578456149e+02
6.223637510513036659e+02 7.390025231286795133e+02
6.257954353338968758e+02 7.393960270498731688e+02
6.289575191163976342e+02 7.396525063721325068e+02
6.321417021276595278e+02 7.408255319148936451e+02
6.343888888888889142e+02 7.408472222222221717e+02
6.356543681085665867e+02 7.416407972858354469e+02
6.372804929876753022e+02 7.423642158946025802e+02
6.376668058455114760e+02 7.425511482254697739e+02
6.382547528517110322e+02 7.423916349809885560e+02
6.375765651438240411e+02 7.424758883248730399e+02
6.359440137812231342e+02 7.419470284237726219e+02
6.343133757961783203e+02 7.417358811040339788e+02
6.318373493975904012e+02 7.409586919104991694e+02
6.291456925675676075e+02 7.405190033783783292e+02
6.265588993981083377e+02 7.396552020636285079e+02
6.236669505962521498e+02 7.390677172061328974e+02
6.211112065264061357e+02 7.386569343065693829e+02
6.189883870967742041e+02 7.377866666666666333e+02
6.166119016817593774e+02 7.374294954721863178e+02
6.155337579617834081e+02 7.376866242038216797e+02
6.150795698924731596e+02 7.376348387096774104e+02
6.152151682999574405e+02 7.380549637835534895e+02
6.163341836734693970e+02 7.387772108843537353e+02
6.179319640564826841e+02 7.388609328198544972e+02
6.203457583547557306e+02 7.394293059125964191e+02
6.226487179487179446e+02 7.403743589743589837e+02
6.256167664670658723e+02 7.410962360992300546e+02
6.296235446313065722e+02 7.413523070288918007e+02
6.328781725888325127e+02 7.421099830795262733e+02
6.347002159827213745e+02 7.418570194384449223e+02
6.367876975651430485e+02 7.428637334472447264e+02
6.381863969005596573e+02 7.430361601377528586e+02
6.398392475416844718e+02 7.432924326635313719e+02
6.407206390328151429e+02 7.431433506044904789e+02
6.401394950791612928e+02 7.432593068035943134e+02
6.377384219554030551e+02 7.426290737564322626e+02
6.342185344827586277e+02 7.414702586206896058e+02
6.310000000000000000e+02 7.406576227390180520e+02
6.271012441012441059e+02 7.401235521235521446e+02
6.224737954353338409e+02 7.393178360101436510e+02
6.183137842465753238e+02 7.381772260273972961e+02
6.152436722436722221e+02 7.374478764478764106e+02
6.121856108982545948e+02 7.372860791826309423e+02
6.102850427350426799e+02 7.364547008547008318e+02
6.091207191780821404e+02 7.365363869863014088e+02
6.093915074309978763e+02 7.369159235668789734e+02
6.105818497611810471e+02 7.370846721667389829e+02
6.122344537815125705e+02 7.381067226890755819e+02
6.153713313483624461e+02 7.392981709910676500e+02
6.189415529010238970e+02 7.398643344709897747e+02
6.225332204824376277e+02 7.410901396529834528e+02
6.264481733220051183e+02 7.419970263381478617e+02
6.289158878504672430e+02 7.431304163126593494e+02
6.311447424435930316e+02 7.432383993188591376e+02
6.326517894736841754e+02 7.439048421052631284e+02
6.332613929492691796e+02 7.437987962166810121e+02
6.327122179650915541e+02 7.434265644955299877e+02
6.309551282051281760e+02 7.432897435897435798e+02
6.284171699741156090e+02 7.427260569456427675e+02
6.261250000000000000e+02 7.426630067567567721e+02
6.227416772018541451e+02 7.421192583227981459e+02
6.195341719077567859e+02 7.413387840670859532e+02
6.161367120954002985e+02 7.401865417376490086e+02
6.120793583790629100e+02 7.393566905867454579e+02
6.057215619694396764e+02 7.377054329371816266e+02
6.027539882451720814e+02 7.377342569269521846e+02
6.009196956889264811e+02 7.372227387996618972e+02
5.997574875207986906e+02 7.376880199667220950e+02
5.997662116040955880e+02 7.372047781569965537e+02
6.001435832274460154e+02 7.382481999152901153e+02
6.010050654284508482e+02 7.386091177712114586e+02
6.030973225669358726e+02 7.393306417339566678e+02
6.050655186896261739e+02 7.397274254514909444e+02
6.075173858399664368e+02 7.404130708001675885e+02
6.106716854872438489e+02 7.413287327478042243e+02
6.132596754057427688e+02 7.420079067831876500e+02
6.155198994553833245e+02 7.421839128613322600e+02
6.177029324266893582e+02 7.420896727581809955e+02
6.190537363560033555e+02 7.425373635600335547e+02
6.198204804045511764e+02 7.425200168563000034e+02
6.194000829187395993e+02 7.422893864013267375e+02
6.185105485232068077e+02 7.420316455696203093e+02
6.171027600849256487e+02 7.417949044585986940e+02
6.150021340162185197e+02 7.410951771233461614e+02
6.124966414777497903e+02 7.403408900083962862e+02
6.094620893007581799e+02 7.398007582139848637e+02
6.063951919021509411e+02 7.389080556727119529e+02
6.036670929241262229e+02 7.377591645353793410e+02
6.016552742616033811e+02 7.374143459915611629e+02
5.989224283305227345e+02 7.368954468802697875e+02
5.961688851913477265e+02 7.369055740432612538e+02
5.946273764258554593e+02 7.366577946768061338e+02
5.941144781144780609e+02 7.368901515151515014e+02
5.956200762388817793e+02 7.370186361711139398e+02
5.973474320241691657e+02 7.369905049633146064e+02
5.998333333333333712e+02 7.389886649874055138e+02
6.035076013513513544e+02 7.398044763513513544e+02
6.068971525711857566e+02 7.405941351466212836e+02
6.112888513513513544e+02 7.414565033783783292e+02
6.148348195329086820e+02 7.423108280254776901e+02
6.181649958228905462e+02 7.433972431077694409e+02
6.215543163981825501e+02 7.439847170590664973e+02
6.237404612159328963e+02 7.440742138364779521e+02
6.249624314056563890e+02 7.444250738708316248e+02
6.248327044025156738e+02 7.440381551362683012e+02
6.245562080536913072e+02 7.434433724832214239e+02
6.233456947996589861e+02 7.423013640238704056e+02
6.200383173677633977e+02 7.416418159100375078e+02
6.167529560810810381e+02 7.409024493243243796e+02
6.134675491033304979e+02 7.398663535439794714e+02
6.098802907225309582e+02 7.388054724241128497e+02
6.066893287435456159e+02 7.377358003442341214e+02
6.044944444444444116e+02 7.370846153846154039e+02
6.017083689154568447e+02 7.368078565328778495e+02
6.004822117445348795e+02 7.366048006858122790e+02
5.996371107266436411e+02 7.364096020761245427e+02
5.995472593871385243e+02 7.368899438929649932e+02
5.997367303609341889e+02 7.378535031847134178e+02
6.006715517241378848e+02 7.379297413793103715e+02
6.024377919320594401e+02 7.391902335456475157e+02
6.061983718937445929e+02 7.397382176520993653e+02
6.091419518377692839e+02 7.405728770595691230e+02
6.128394222599830528e+02 7.412587085811385350e+02
6.159700800674252150e+02 7.420754319426886241e+02
6.188207188160675969e+02 7.422904862579281371e+02
6.216432181971356385e+02 7.431503791069924318e+02
6.236842767295597696e+02 7.435324947589098201e+02
6.249590371621621898e+02 7.431634290540540633e+02
6.254479561736199003e+02 7.430998735777496904e+02
6.254115432873275040e+02 7.426457549142618291e+02
6.243407960199004947e+02 7.423387230514096018e+02
6.225941176470588516e+02 7.415726890756302510e+02
6.205591081194783101e+02 7.405725704669752076e+02
6.184850000000000136e+02 7.401420833333332894e+02
6.156907044601917960e+02 7.395639849937473400e+02
6.130607321131448089e+02 7.387404326123128158e+02
6.109275544388609660e+02 7.381880234505862290e+02
6.090315789473684163e+02 7.377764210526315765e+02
6.077215619694396764e+02 7.373056027164685702e+02
6.066441326530612059e+02 7.373554421768707243e+02
6.066517094017093541e+02 7.373666666666666742e+02
6.074106239460370489e+02 7.378777403035412590e+02
6.089609407811843766e+02 7.387307853842922896e+02
6.107307692307692832e+02 7.394019442096365538e+02
6.131481164383561691e+02 7.399002568493150420e+02
6.167998259355961181e+02 7.404869451697128397e+02
6.210298889837745264e+02 7.413753202391118293e+02
6.250164075993091046e+02 7.422379101899826992e+02
6.292091727389627067e+02 7.426386626660951151e+02
6.339695801199657126e+02 7.433359040274207246e+02
6.370838654746701195e+02 7.437245636441039096e+02
6.386581306017925499e+02 7.438279982927870151e+02
6.395203354297693750e+02 7.440784067085953666e+02
6.392973993288591146e+02 7.436224832214765001e+02
6.386574702886248360e+02 7.424673174872665413e+02
6.358299699441820394e+02 7.414924860455131466e+02
6.325704437742352866e+02 7.402348125807841370e+02
6.294836409395973078e+02 7.397315436241610769e+02
6.257591973244146857e+02 7.390484949832775783e+02
6.221790356394129731e+02 7.381463312368972538e+02
6.191948544917755726e+02 7.369240826655419596e+02
6.157974522292993242e+02 7.362985138004246437e+02
6.133720637583892312e+02 7.363913590604026922e+02
6.119338635412306076e+02 7.362762662201757848e+02
6.116092964824121054e+02 7.362462311557789008e+02
6.140299145299145493e+02 7.373538461538461206e+02
