6.162729184188393674e+02 7.401488645920942417e+02
6.162414808582246906e+02 7.399882204459402146e+02
6.168791069924178601e+02 7.399528222409435330e+02
6.175827731092437034e+02 7.401731092436974677e+02
6.178464149342383962e+02 7.400661858294441799e+02
6.174875684787189130e+02 7.401849978929625422e+02
6.167313369886123837e+02 7.404175453395191653e+02
6.160545989080218305e+02 7.401637967240654916e+02
6.165269133725820438e+02 7.400971404541631955e+02
6.175435510887772352e+02 7.399757118927973352e+02
6.186310228233305679e+02 7.395397295012679706e+02
6.194821353509878463e+02 7.397948717948718240e+02
6.189644670050761306e+02 7.396476311336717799e+02
6.183958691910498828e+02 7.396691049913941924e+02
6.187828326180257363e+02 7.397836909871244870e+02
6.197276955602536646e+02 7.403133192389005899e+02
6.204877430262046119e+02 7.403630600169061609e+02
6.204178168130489439e+02 7.402676704307821183e+02
6.191405063291139186e+02 7.398594936708860814e+02
6.172946236559139379e+02 7.389178494623655524e+02
6.165849546044098588e+02 7.385460440985732475e+02
6.166337059329321164e+02 7.388215821152192575e+02
6.179093231162196389e+02 7.392085994040016885e+02
6.185033840947546651e+02 7.392597292724195768e+02
6.180226986128625413e+02 7.396183270281630939e+02
6.167592356687897563e+02 7.395681528662420305e+02
6.159755993150685072e+02 7.395676369863014088e+02
6.158330486763450153e+02 7.394842015371477828e+02
6.157566539923953997e+02 7.395724545838613722e+02
6.153452330953381306e+02 7.394850902981939953e+02
6.145292385359697391e+02 7.393378207824989659e+02
6.142386796445197206e+02 7.388734659331358898e+02
6.146261603375527329e+02 7.387599156118143355e+02
6.154831896551723958e+02 7.382405172413792798e+02
6.159103972950126717e+02 7.392557058326289052e+02
6.165391049769971232e+02 7.395441237975742297e+02
6.166366737739872406e+02 7.390959488272920908e+02
