6.251867549668874062e+02 7.398741721854304387e+02
6.229819064430714661e+02 7.399236540158869957e+02
6.200557734204793405e+02 7.404008714596949403e+02
6.173515125692373431e+02 7.398525777588411074e+02
6.163420497680303924e+02 7.395752846900041959e+02
6.150780383795308808e+02 7.392277185501066015e+02
6.151578272027373941e+02 7.391291702309666789e+02
6.170764331210191358e+02 7.393745222929936745e+02
6.198654173764906545e+02 7.394982964224872148e+02
6.228902386117136984e+02 7.395097613882862788e+02
6.231084390030607665e+02 7.401114997813730270e+02
6.218247377622377599e+02 7.402639860139860275e+02
6.183261152013858464e+02 7.404699003897791272e+02
6.155846219931271435e+02 7.404067869415807763e+02
6.127785744411640962e+02 7.399164909320961669e+02
6.101934662706830750e+02 7.394760288502333196e+02
6.098828941865327806e+02 7.397825177749895147e+02
6.109393559180259672e+02 7.398904224173985540e+02
6.141903531438415484e+02 7.395740740740740193e+02
6.172548936170212528e+02 7.402200000000000273e+02
6.196973113616652427e+02 7.394973980919340875e+02
6.211939262472884593e+02 7.393032537960954187e+02
6.202099352051835695e+02 7.389706263498919725e+02
6.168687340696686761e+02 7.394711129991503640e+02
6.128824023519529192e+02 7.393989920201596533e+02
6.101723549488054914e+02 7.391190273037542511e+02
6.079402035623409120e+02 7.392307039864291482e+02
6.083497061293030583e+02 7.401549118387908948e+02
6.111649703138252789e+02 7.399563189143341333e+02
6.151514637250742226e+02 7.404726347051336006e+02
6.187515977844055897e+02 7.406109927567107434e+02
6.210312099187686954e+02 7.404429243266353069e+02
6.224995759117896341e+02 7.401522476675148710e+02
6.213134457414613507e+02 7.404517942066580645e+02
6.193685589519650421e+02 7.403733624454148412e+02
6.167368884971352827e+02 7.400427501101806911e+02
6.140100544616673233e+02 7.400201089233347602e+02
6.129557867360208547e+02 7.393784135240572368e+02
6.137548303993130503e+02 7.401137827393731641e+02
