6.158715354157501451e+02 7.372142542894852113e+02
6.148864840989399454e+02 7.374920494699646270e+02
6.139928603302097372e+02 7.377394020526550094e+02
6.131028446389497049e+02 7.384065645514223206e+02
6.122152446946730606e+02 7.392585534863577550e+02
6.114460742018982273e+02 7.394456427955133222e+02
6.111206073752711063e+02 7.399431670281995821e+02
6.110309460654287932e+02 7.400243147656940437e+02
6.118873552983080799e+02 7.399750667853962796e+02
6.123986725663717152e+02 7.401761061946903055e+02
6.137281938325991177e+02 7.401634361233479922e+02
6.148657894736842309e+02 7.403131578947368325e+02
6.163019867549668334e+02 7.402317880794702205e+02
6.177838795394154658e+02 7.403507528786536795e+02
6.200478511298183548e+02 7.402046964997784926e+02
6.212211033274955980e+02 7.406633099824869078e+02
6.229363197189284165e+02 7.406029863855950452e+02
6.243438331854481476e+02 7.403198757763975664e+02
6.249007123775601258e+02 7.403713268032056476e+02
6.258713784021070978e+02 7.403397717295873690e+02
6.258826643140714623e+02 7.398901632112924744e+02
6.247375762859634278e+02 7.395017436791630416e+02
6.236316944688322792e+02 7.387743634767339245e+02
6.224679999999999609e+02 7.382462222222221726e+02
6.207544326241135195e+02 7.380576241134751854e+02
6.187907180385288939e+02 7.378305604203152370e+02
6.175836236933797636e+02 7.382038327526132662e+02
6.161820580474934559e+02 7.380505716798593312e+02
6.150289855072463752e+02 7.385322793148880010e+02
6.140104620749782498e+02 7.390876198779424158e+02
6.121071581654522333e+02 7.398251178739819807e+02
