6.973615160349854705e+02 7.397308066083576250e+02
6.954161430642822097e+02 7.375621072982116857e+02
6.950249388753056792e+02 7.347442542787285902e+02
6.949669135802469100e+02 7.314804938271604442e+02
6.970426029962546863e+02 7.297762172284644748e+02
6.991685597455701782e+02 7.279854611540208680e+02
6.995828900709219624e+02 7.261250000000000000e+02
6.994004201680671713e+02 7.247617647058823422e+02
6.978597510373443811e+02 7.226074688796680903e+02
6.951155427631579187e+02 7.204925986842105203e+02
6.899501226492232036e+02 7.186251022076860409e+02
6.812701056051989781e+02 7.167810722989439682e+02
6.723275350021212944e+02 7.152049215103945699e+02
6.618317124735729067e+02 7.148008456659619014e+02
6.502496863237139451e+02 7.146382266833960557e+02
6.416639344262295026e+02 7.154603106125970271e+02
6.326168501270110482e+02 7.174165961049957332e+02
6.230556263269638748e+02 7.197380042462845040e+02
6.146070496083550552e+02 7.224342906875543804e+02
6.044945438673069020e+02 7.265250982103884780e+02
5.935850785340313678e+02 7.310034904013961068e+02
5.850595293031841493e+02 7.339640055376096370e+02
5.778355041003376300e+02 7.362561505065123129e+02
5.720521653543306684e+02 7.402957677165354653e+02
5.673839750260145820e+02 7.415000000000000000e+02
5.651126401630988312e+02 7.437308868501529560e+02
5.646841332027423732e+02 7.470881488736532674e+02
5.651602914389799253e+02 7.505359744990892068e+02
5.665630810092961838e+02 7.526697653829128285e+02
5.674850777637662986e+02 7.550899537620848605e+02
5.674540158135663432e+02 7.566221389929255565e+02
5.668176954732509785e+02 7.582353909465020934e+02
5.650389768574908658e+02 7.593520097442143424e+02
5.634730612244898111e+02 7.598722448979591491e+02
5.616308562197092442e+02 7.602746365105008408e+02
5.592875658161199226e+02 7.595544754961522358e+02
5.587776869636289803e+02 7.586011442582754398e+02
5.594045454545454277e+02 7.577074380165289540e+02
5.603128058727569396e+02 7.562422512234910528e+02
5.607587327376116946e+02 7.549549147034930456e+02
5.600531187122736583e+02 7.538740442655935112e+02
5.580333869670153035e+02 7.522847948511665663e+02
5.558649413667610588e+02 7.506870198139911281e+02
5.532416326530611741e+02 7.497514285714286189e+02
5.485139177399252048e+02 7.476098878271707235e+02
5.441895143962183283e+02 7.458010313708638250e+02
5.406341685649202873e+02 7.436624145785876863e+02
5.378402714932126401e+02 7.416230769230769511e+02
5.367853658536585044e+02 7.401698447893569437e+02
5.364282490974728717e+02 7.383795126353791147e+02
5.370631437527989647e+02 7.363900582176444232e+02
5.374637043554773754e+02 7.350360756709194447e+02
5.377128027681660569e+02 7.341120242214533391e+02
5.377562846186621073e+02 7.333442692799318365e+02
5.371323340471092251e+02 7.331610278372590983e+02
5.357403150276713859e+02 7.339357173265219672e+02
5.336946082561078128e+02 7.342232518955349860e+02
5.324048531289910215e+02 7.345474670072371737e+02
5.323475268817204551e+02 7.352219354838709933e+02
5.340915169243627361e+02 7.364245716673631250e+02
5.362698412698413222e+02 7.378876678876679307e+02
5.387022361710475025e+02 7.396182816790898187e+02
5.409309392265192855e+02 7.407908445146014174e+02
5.421196682464454852e+02 7.421761453396524075e+02
5.423388691182285584e+02 7.445500197706603558e+02
5.422064128256513413e+02 7.468757515030059722e+02
5.404252491694352329e+02 7.488754152823920549e+02
5.375021312872975159e+02 7.525289855072463752e+02
5.354154126766985655e+02 7.558317373461012494e+02
5.347630244352236559e+02 7.594610419548179152e+02
5.375412621359223522e+02 7.611373786407766602e+02
5.440960232783704669e+02 7.643011639185257309e+02
5.514643554687500000e+02 7.663735351562500000e+02
5.712462517037710086e+02 7.673616537937301700e+02
5.822853839037927628e+02 7.666105457909343386e+02
5.934744292237443233e+02 7.638187214611872378e+02
6.050703971119133939e+02 7.617716606498195233e+02
6.147094252873563391e+02 7.588744827586207293e+02
6.235124309392265332e+02 7.555759668508287632e+02
6.330796665122742297e+02 7.524886521537748649e+02
6.402219750889679517e+02 7.503140569395018247e+02
6.471977644024075289e+02 7.478559759243336202e+02
6.548052497883149954e+02 7.446875529212532001e+02
6.610558848433530557e+02 7.415292125317527052e+02
6.658860601001669011e+02 7.388597662771285286e+02
6.699709060681628898e+02 7.355162094763092000e+02
6.714666666666666970e+02 7.327683127572016701e+02
6.714812789230121552e+02 7.295978123685317769e+02
6.708681699913270222e+02 7.264913269731135870e+02
6.704002719854941006e+02 7.242307343608340489e+02
6.702472375690607578e+02 7.230584714548803049e+02
6.706159250585479867e+02 7.220810304449648811e+02
6.716886704119850720e+02 7.223113295880149280e+02
6.733074039362699068e+02 7.227005623242736192e+02
6.746692447679708948e+02 7.231396724294813794e+02
6.757496610935381796e+02 7.233551739719837315e+02
6.769103159851300688e+02 7.229888475836431780e+02
6.785061841502518973e+02 7.227462207970683039e+02
6.785749306197965325e+02 7.228603145235892953e+02
6.781183654297792600e+02 7.230695162047909434e+02
6.780978784956605523e+02 7.229676952748312715e+02
6.786650831353919102e+02 7.240874109263658056e+02
6.806113207547169850e+02 7.259042452830188950e+02
6.833327313769751754e+02 7.290939051918735458e+02
6.857061118335500396e+02 7.317295188556566927e+02
6.890098501070664270e+02 7.342428265524624749e+02
6.926057571964955741e+02 7.372127659574467771e+02
6.948290598290598155e+02 7.396149776149776471e+02
6.974979575163398522e+02 7.407798202614378624e+02
6.985522080066033368e+02 7.415864630623194671e+02
6.980644891122277613e+02 7.421444723618089938e+02
6.977134551495016694e+02 7.426686046511628092e+02
6.977922132881930111e+02 7.432395260262378542e+02
6.988703071672355236e+02 7.434620307167235751e+02
6.992809133993968089e+02 7.446148211977596247e+02
7.001762208067940492e+02 7.456348195329087503e+02
7.006273424190800370e+02 7.469003407155025798e+02
7.010247229326513434e+02 7.479688832054561090e+02
7.006874727193364834e+02 7.476294194674813980e+02
6.999083333333333030e+02 7.475491228070175111e+02
6.989787906137183882e+02 7.462328519855595914e+02
6.976767161410018616e+02 7.432676252319109835e+02
6.954366404715127601e+02 7.395122789783889630e+02
6.939073075036782257e+02 7.363187837175086088e+02
6.941300097751710609e+02 7.334291300097751218e+02
6.957935262383521149e+02 7.298661108386463638e+02
6.974768812330008814e+02 7.279827742520399170e+02
6.991259423503325934e+02 7.252239467849224184e+02
6.985331914893616840e+02 7.237119148936170632e+02
6.969892915980231010e+02 7.218471993410214509e+02
6.943136531365313431e+02 7.193099630996309770e+02
6.898310893512851862e+02 7.172664218686250024e+02
6.838572645930976250e+02 7.148376651043886341e+02
6.742355424229632490e+02 7.136222034613761025e+02
6.646398940864960423e+02 7.121416593115621936e+02
6.542559038213826170e+02 7.124959209961357374e+02
6.430523331879633133e+02 7.130523331879633133e+02
6.340781182563659968e+02 7.141730686232197058e+02
6.253535573985159317e+02 7.163116542994325755e+02
6.149781052631578859e+02 7.201680000000000064e+02
6.061242527754055800e+02 7.244005123825789951e+02
5.965209158960810782e+02 7.275407309555262145e+02
5.860721045515998640e+02 7.318359621451104431e+02
5.775761078998073117e+02 7.353834296724470505e+02
5.724046242774566053e+02 7.379932562620423369e+02
5.638092105263158373e+02 7.426563765182186216e+02
