6.217572105036590528e+02 7.407412828239345117e+02
6.221909814323607861e+02 7.401808134394341323e+02
6.220818181818182211e+02 7.407155844155844306e+02
6.222517513134851015e+02 7.405021891418564337e+02
6.221462673611110858e+02 7.405976562500000000e+02
6.222439236111110858e+02 7.405477430555555429e+02
6.227558644656820661e+02 7.407610773240660365e+02
6.232271171941830517e+02 7.407844311377245958e+02
6.230682302771855348e+02 7.406409381663113436e+02
6.224031637451902270e+02 7.407922188969645276e+02
6.217946701616426708e+02 7.405644386194844628e+02
6.207218600608431416e+02 7.406831812255541081e+02
6.208074588031222447e+02 7.407120555073720425e+02
6.210713347921225704e+02 7.405260393873085150e+02
6.206606434552666087e+02 7.402556192155134340e+02
6.190812445980985785e+02 7.405449438202247165e+02
6.170539490720759659e+02 7.401143720328010431e+02
6.152101883561643945e+02 7.405205479452055215e+02
6.134894442050840553e+02 7.407083153813011904e+02
6.125933014354067154e+02 7.405371900826446563e+02
6.128563416738567184e+02 7.405340811044003431e+02
6.135769065058165097e+02 7.406803102111158523e+02
6.138886021505376220e+02 7.405195698924731005e+02
6.130744997871435089e+02 7.401613452532992596e+02
6.121606086221470377e+02 7.401601859678783057e+02
6.115805084745762770e+02 7.405737288135593417e+02
6.121367153912295862e+02 7.407446259673258737e+02
6.120409801436417183e+02 7.412310942120827804e+02
6.123017241379310462e+02 7.406568965517241168e+02
6.119995733788396137e+02 7.403067406143344442e+02
6.123613231552162688e+02 7.403087362171331733e+02
6.128422165820643386e+02 7.406345177664974244e+02
6.126631490080202411e+02 7.407526382439848476e+02
6.120385756676557776e+02 7.410449342941924442e+02
6.116060606060606233e+02 7.406986769099445382e+02
6.114389410760034025e+02 7.404777967549102868e+02
6.117413793103448825e+02 7.401689655172414177e+02
6.121194029850746574e+02 7.398558635394456360e+02
6.127689039932030255e+02 7.399757858963466788e+02
6.137043551088777349e+02 7.403856783919598001e+02
6.147861369399830664e+02 7.402975486052408769e+02
6.154894514767931923e+02 7.399611814345992116e+02
6.156562633604104349e+02 7.396973065412569213e+02
6.156842560553633348e+02 7.390173010380623282e+02
6.169506920415225295e+02 7.388205017301038424e+02
6.181564102564102541e+02 7.393478632478633017e+02
6.188627705627706064e+02 7.394225108225108443e+02
6.183747841105354155e+02 7.395392918825560855e+02
6.176891597736178028e+02 7.391872006965606943e+02
6.178059310946358664e+02 7.390130832969908852e+02
6.190919589392643729e+02 7.395089820359281703e+02
6.206260647359455334e+02 7.394927597955706915e+02
6.215787056367431660e+02 7.397970772442588441e+02
6.214127784783522657e+02 7.398457335014711589e+02
6.198245539507221338e+02 7.394341546304162875e+02
6.188069727891156617e+02 7.393801020408163822e+02
6.186054421768707243e+02 7.393358843537414486e+02
6.191269978401727485e+02 7.392198704103672071e+02
6.192761487964988874e+02 7.387811816192560173e+02
6.194997836434444025e+02 7.392293379489398149e+02
6.192575236457437313e+02 7.391560619088563726e+02
6.195354838709677097e+02 7.392537634408602116e+02
6.201985357450473657e+02 7.390848406546081151e+02
6.204200854700854961e+02 7.394641025641025180e+02
6.208602471239880742e+02 7.396020451640391684e+02
6.203176420695505158e+02 7.395525869380830954e+02
6.190793176972281344e+02 7.393198294243070450e+02
