6.301090754154239448e+02 7.411227098423519237e+02
6.327806505421184511e+02 7.417185154295245866e+02
6.352782497875955414e+02 7.412225998300764331e+02
6.369297343616109401e+02 7.409451585261354012e+02
6.379168452636090478e+02 7.408701243034719255e+02
6.386708047945205635e+02 7.409721746575341967e+02
6.398648068669527902e+02 7.409798283261802680e+02
6.409525862068965125e+02 7.409689655172413723e+02
6.416400852878464320e+02 7.410968017057568886e+02
6.423341957740404951e+02 7.408486416558861265e+02
6.426572422792518182e+02 7.408125271857329608e+02
6.430543951261967095e+02 7.406692776327240608e+02
6.436978354978355128e+02 7.406887445887446120e+02
6.438771258503401214e+02 7.407419217687074706e+02
6.442938652938653377e+02 7.406074646074646353e+02
6.451262344353799563e+02 7.397028767711464070e+02
6.453403343334762212e+02 7.395640805829403917e+02
6.454277801448657783e+02 7.397447805709416571e+02
6.453254237288135755e+02 7.399504237288135755e+02
6.452919307139839020e+02 7.399792986903253222e+02
6.453757934828607858e+02 7.399229792636479033e+02
6.453193739424704063e+02 7.398625211505922152e+02
6.452074355724545285e+02 7.398939585973806743e+02
6.451928118393234399e+02 7.399285412262156569e+02
6.445467445742905284e+02 7.403464106844741082e+02
6.442150041911148719e+02 7.401441743503771704e+02
6.439923922231614597e+02 7.401234150464919139e+02
6.434251901944210204e+02 7.399949281487743065e+02
6.430770850884582615e+02 7.402287278854254282e+02
6.429136114622840523e+02 7.399612305099030891e+02
6.425019011406843674e+02 7.398462188424165333e+02
6.417472387425658553e+02 7.395586236193712466e+02
6.409049445865302914e+02 7.395170502983802407e+02
6.403319167020824807e+02 7.395435614109646849e+02
6.397879182963928315e+02 7.390052151238592160e+02
6.389974259974260349e+02 7.390090090090089916e+02
6.383670033670033490e+02 7.394562289562289834e+02
6.375728813559321679e+02 7.392500000000000000e+02
6.365686612139475073e+02 7.386504520017218738e+02
6.356342296201451063e+02 7.386350832266325597e+02
6.346482347937047734e+02 7.383836665248829831e+02
6.338689299527288767e+02 7.380330898152127475e+02
6.328373468525559247e+02 7.380557667934093615e+02
6.319414983164982687e+02 7.382340067340066980e+02
6.303078529657476565e+02 7.385877192982455881e+02
6.287000842459983687e+02 7.383685762426284782e+02
6.275376068376068588e+02 7.385388888888888914e+02
6.262454118651302224e+02 7.383708920187793865e+02
6.248719253604749611e+02 7.386246819338422256e+02
6.238571428571428896e+02 7.385607993197278347e+02
6.227860780984719895e+02 7.388654499151103892e+02
6.215081196581196536e+02 7.387743589743589609e+02
6.203761863675582617e+02 7.385440034512511147e+02
6.187947301317467463e+02 7.386183595410115004e+02
6.167469931271477890e+02 7.380609965635738945e+02
6.152425658453695405e+02 7.383275276125743858e+02
6.125147182506308354e+02 7.383751051303617032e+02
6.085526205450734096e+02 7.383052410901467510e+02
6.060611040876527795e+02 7.382932996207332508e+02
6.022674948240165804e+02 7.385395445134575994e+02
5.998602785985648325e+02 7.384191642043056163e+02
5.988222222222221944e+02 7.382786324786325167e+02
5.975648887022259714e+02 7.386568668626626959e+02
5.966323283082076614e+02 7.388232830820770687e+02
5.961823952602624104e+02 7.383851036817604836e+02
5.952742489270385704e+02 7.382776824034334595e+02
5.945192389006342637e+02 7.388748414376320852e+02
5.940761986301370143e+02 7.387966609589041127e+02
5.927651201325600141e+02 7.396727423363711296e+02
5.924672581326573209e+02 7.394964089564849701e+02
5.914853999153618815e+02 7.394316546762589724e+02
5.907683495969453134e+02 7.396924056003393844e+02
5.905884861407249673e+02 7.395194029850746347e+02
5.904444444444444571e+02 7.398505747126437200e+02
5.899978732454275132e+02 7.401990642279880603e+02
5.901015658061785416e+02 7.403025814642403475e+02
5.903078538429231230e+02 7.404653506929861351e+02
5.903540609137055526e+02 7.402144670050761306e+02
5.905811496196112103e+02 7.402159763313609346e+02
5.906978206202850288e+02 7.402829002514669128e+02
5.908294930875575801e+02 7.400967741935484128e+02
5.911309523809524080e+02 7.397091836734693970e+02
5.917243562684676590e+02 7.398526804558886170e+02
5.920524967989756533e+02 7.396726419120785749e+02
5.921347128378378102e+02 7.401562500000000000e+02
5.925302127659574580e+02 7.396770212765957240e+02
5.934497487437186010e+02 7.406624790619765690e+02
5.939610829103214655e+02 7.403181049069373785e+02
5.943182400683468813e+02 7.404374199060230239e+02
5.954557939914162716e+02 7.407390557939913833e+02
5.958195744680850794e+02 7.404293617021276077e+02
5.961528553027050066e+02 7.403933018462859081e+02
5.967178616885871634e+02 7.406970725498515549e+02
5.974343476448519823e+02 7.409366402667777720e+02
5.983916952054794365e+02 7.406352739726027039e+02
5.990583226905065430e+02 7.407679863771817281e+02
6.003143585386576433e+02 7.410314358538657871e+02
6.006941973739940295e+02 7.410165184243963949e+02
6.014706874736398277e+02 7.413530156052298707e+02
6.026374840628984657e+02 7.412554186145346193e+02
6.033620981387479105e+02 7.412271573604060677e+02
6.046304159445406867e+02 7.406585788561525305e+02
6.062213740458015536e+02 7.412268871925360827e+02
6.079114781872087860e+02 7.413197797543414254e+02
6.088960167714884619e+02 7.411132075471698499e+02
6.097147108843537353e+02 7.406347789115645810e+02
6.113556591776176674e+02 7.408770665536244451e+02
6.124702864471996691e+02 7.407075673364686281e+02
6.139373401534527375e+02 7.410306905370844106e+02
6.156811106436684895e+02 7.413180479596129544e+02
6.173155893536121539e+02 7.412564427545415811e+02
6.188170940170940639e+02 7.407901709401709240e+02
6.209430297798877518e+02 7.407186016400518156e+02
6.245774289350870276e+02 7.413551124310564546e+02
6.276749788672865407e+02 7.413410819949281176e+02
6.308203360620422018e+02 7.410633347694958957e+02
6.331429179072734996e+02 7.413641003828158773e+02
6.347074401008827635e+02 7.418247162673392268e+02
6.358665533361665894e+02 7.412864428389290197e+02
6.366679277007145856e+02 7.415779739386297251e+02
6.374745833333333849e+02 7.416066666666666833e+02
6.379448851774529885e+02 7.417503131524008495e+02
6.385778619528620084e+02 7.413228114478114321e+02
6.391335299073293754e+02 7.413652064026958897e+02
6.397868085106382523e+02 7.410489361702127553e+02
6.403662568885121118e+02 7.407363289529461099e+02
6.409339542760372979e+02 7.404216765453005564e+02
6.413372982158028890e+02 7.404141886151231802e+02
6.421025641025640880e+02 7.398970085470085678e+02
6.425089174616341552e+02 7.402426379095810489e+02
6.429661512745507252e+02 7.400982030923527191e+02
6.433091364205256468e+02 7.402315394242802995e+02
6.432536503963287942e+02 7.401560283687942956e+02
6.433570531603181735e+02 7.398116366680619649e+02
6.433477530449390542e+02 7.396589668206636361e+02
6.434524010109520304e+02 7.397042965459140760e+02
6.433337536780160235e+02 7.399323245060950285e+02
