6.296297577854671772e+02 7.376016435986159649e+02
6.291029668411866851e+02 7.374157940663176305e+02
6.293346422338569255e+02 7.372796684118674193e+02
6.298931660899653480e+02 7.376492214532871685e+02
6.297933706414119115e+02 7.380000000000000000e+02
6.292195121951219789e+02 7.383085151904150507e+02
6.286422450728363174e+02 7.383984575835476107e+02
6.283998294970161851e+02 7.388086104006820278e+02
6.291425522833973218e+02 7.388570209133589515e+02
6.311767241379310462e+02 7.385762931034482790e+02
6.337846889952153333e+02 7.385402348847325129e+02
6.349039130434782692e+02 7.387882608695651925e+02
6.356061776061776527e+02 7.390570570570570226e+02
6.348464193270060605e+02 7.392062122519413379e+02
6.333952901597981509e+02 7.395588730025231143e+02
6.314083724903887287e+02 7.390422896198206217e+02
6.294932829554995806e+02 7.390894206549118053e+02
6.276646984394769788e+02 7.391463517503162848e+02
6.261442636986300840e+02 7.388664383561643945e+02
6.260495762711864245e+02 7.388682203389830647e+02
6.266237331081081265e+02 7.385232263513513544e+02
6.269902044293015706e+02 7.382810902896081870e+02
6.269182012847966234e+02 7.383922912205567854e+02
6.272034557235421062e+02 7.385041036717062752e+02
6.275086132644272539e+02 7.389909560723514232e+02
6.279756097560975832e+02 7.393958065896448488e+02
6.290608545533017377e+02 7.393569270608545594e+02
6.300466101694914869e+02 7.396699152542372531e+02
6.308570819112627532e+02 7.398425767918088241e+02
6.321227390180878274e+02 7.400977605512489390e+02
6.333797577854671772e+02 7.402928200692041401e+02
6.336575639358474064e+02 7.403125270914607654e+02
6.315458015267175824e+02 7.400135708227311397e+02
6.273091295116772699e+02 7.396993630573248311e+02
6.237310924369747909e+02 7.397231092436974222e+02
6.208329699084168851e+02 7.388717836894898028e+02
6.186918131161594374e+02 7.394110587226746247e+02
6.171398163606010030e+02 7.398647746243739221e+02
6.165695615514333667e+02 7.394700674536256884e+02
6.166208791208790672e+02 7.394522400676246434e+02
6.166506994489189992e+02 7.395642221280203330e+02
6.166615840745446349e+02 7.397429055484964238e+02
6.165590351248413299e+02 7.399750317393144314e+02
6.154938741022391469e+02 7.400477397549641410e+02
6.144462499999999636e+02 7.405012500000000273e+02
6.133853407629661660e+02 7.401804543506215168e+02
6.128514309764309473e+02 7.410858585858585457e+02
6.120654205607476115e+02 7.410637213254035487e+02
6.108842239185751168e+02 7.411437659033078944e+02
6.094558198810535714e+02 7.406610025488530482e+02
6.078940033783783292e+02 7.407288851351351013e+02
6.058952020202019639e+02 7.405185185185184764e+02
6.040513141426783932e+02 7.401668752607425859e+02
6.023911392405062770e+02 7.397869198312235994e+02
6.017403846153846416e+02 7.404151337792642380e+02
6.026332062685303299e+02 7.404188903007200224e+02
6.035002128565347448e+02 7.405163899531715970e+02
6.043846478279207304e+02 7.405255166596373329e+02
6.055368331922099969e+02 7.405893310753598371e+02
6.060859309182814059e+02 7.406154170176916978e+02
6.064304495335029515e+02 7.404927905004241211e+02
6.062392040643522932e+02 7.408302286198137381e+02
6.061017380245866661e+02 7.412653666807970012e+02
6.061506559458315451e+02 7.414519678374947489e+02
6.063905124947056038e+02 7.412740364252435938e+02
6.064708386547466716e+02 7.412511707109408690e+02
6.066147645311837096e+02 7.412681374628765525e+02
6.063738872403561118e+02 7.411309877066553327e+02
6.052293344637557766e+02 7.406057651547265550e+02
6.030622129436325167e+02 7.400275574112735057e+02
6.010834028356964609e+02 7.398840700583820080e+02
6.004050420168067603e+02 7.398084033613445172e+02
6.004718867138692531e+02 7.401982507288629449e+02
6.015218476903870624e+02 7.398701622971285587e+02
6.030383813099707595e+02 7.404651647893199424e+02
6.044635067114094227e+02 7.406178691275167694e+02
6.052428451178451496e+02 7.409158249158249419e+02
6.063008812421318225e+02 7.411288292068820738e+02
6.075858113848768198e+02 7.409112149532710418e+02
6.076289573659771577e+02 7.409776276910088200e+02
6.074052676295666515e+02 7.409868309260832575e+02
6.071543710021321658e+02 7.411599147121535225e+02
6.080230572160546672e+02 7.405691716481640015e+02
6.080407550407550161e+02 7.402904332904332705e+02
6.078244725738396710e+02 7.403151898734176939e+02
6.068350083752093269e+02 7.399321608040200999e+02
6.052713145737085370e+02 7.396211675766484177e+02
6.034604985213350119e+02 7.393523447401773865e+02
6.018752107925801056e+02 7.393680438448566292e+02
6.007283582089552283e+02 7.393714285714286234e+02
6.018157216494845443e+02 7.391542096219931182e+02
6.041178707224335085e+02 7.397334178284748987e+02
6.077421975203078546e+02 7.393522873022659496e+02
6.102114406779661522e+02 7.394639830508474461e+02
6.119171622769753185e+02 7.397901444350042084e+02
6.128579957356076875e+02 7.398430703624733269e+02
6.132178556172575554e+02 7.400914139256727822e+02
6.130947191953059701e+02 7.405113160100586356e+02
6.119903442485306186e+02 7.403274559193954474e+02
6.110515075376883942e+02 7.400510887772194337e+02
6.106355574324323925e+02 7.393826013513513544e+02
6.107132570944514782e+02 7.392714951291825400e+02
6.117439898776887048e+02 7.393002952340784759e+02
6.123539302227826511e+02 7.393501471206388942e+02
6.126483516483516496e+02 7.391267962806424521e+02
6.129708491761723508e+02 7.391956062526404594e+02
6.136545996592844858e+02 7.385962521294718499e+02
6.149179229480737376e+02 7.386402847571189341e+02
6.173628727425451643e+02 7.385380092398152101e+02
6.201748633879781210e+02 7.388675914249685093e+02
6.239168765743072527e+02 7.391834592779176774e+02
6.271042024013721630e+02 7.391144939965694221e+02
6.287247667514842533e+02 7.395424088210347691e+02
6.307600337980566110e+02 7.398457963667088961e+02
6.317556770395290187e+02 7.399554247266610219e+02
6.317602191319004987e+02 7.398154235145385655e+02
6.317577958137547967e+02 7.392298163178129471e+02
6.313098409969918521e+02 7.391263429308122568e+02
6.316346895074946133e+02 7.388316916488222432e+02
6.319166666666666288e+02 7.387302405498281814e+02
6.320346020761245427e+02 7.382941176470587834e+02
6.316343574210299039e+02 7.381691908264820086e+02
6.305794473229706227e+02 7.383048359240068521e+02
6.299624838292367031e+02 7.384122466580422497e+02
6.300502599653380003e+02 7.383786828422877306e+02
6.308987558987558941e+02 7.383595023595023576e+02
6.330898924731183115e+02 7.385105376344085926e+02
6.345060396893874213e+02 7.387437446074202398e+02
6.362116630669546566e+02 7.388699784017278489e+02
6.374626672421234161e+02 7.390914976262408800e+02
6.379515151515151956e+02 7.389047619047619264e+02
6.375297872340426011e+02 7.390710638297872492e+02
6.363506044905008139e+02 7.387642487046632596e+02
6.347155804920155333e+02 7.387255071212774737e+02
6.328641396933560372e+02 7.387870528109028783e+02
6.322428018908466356e+02 7.384250107434464780e+02
6.313674518201285082e+02 7.381289079229121626e+02
6.306437125748502694e+02 7.379063301967493089e+02
6.308606034849128719e+02 7.379039524011899402e+02
6.314009353741496398e+02 7.380744047619048160e+02
6.311691521090754122e+02 7.379271410311035879e+02
6.303316540722082664e+02 7.387237615449201940e+02
6.296855078623034387e+02 7.384343391415214910e+02
6.296129447063866564e+02 7.385760822974710891e+02
6.298126352228472342e+02 7.383054954565122898e+02
6.309378216123499215e+02 7.387667238421955744e+02
6.329076595744680844e+02 7.392106382978723786e+02
6.344064239828693417e+02 7.391987152034261044e+02
6.354153122326774792e+02 7.392934131736526524e+02
6.349367250961950049e+02 7.393086789226165365e+02
6.335398902490502451e+02 7.394753060363021859e+02
6.317483443708608775e+02 7.399176324503310980e+02
6.296655391120507375e+02 7.395636363636364194e+02
6.273351788756388032e+02 7.388343270868824675e+02
6.256526586620926764e+02 7.388310463121783869e+02
6.252119006849314928e+02 7.384614726027397182e+02
6.257717206132879255e+02 7.386929301533219814e+02
6.260786758383491133e+02 7.388813413585554599e+02
6.262010265183918136e+02 7.390855431993156799e+02
6.261001283697047484e+02 7.393508771929824661e+02
6.266222222222222626e+02 7.393175213675214081e+02
6.273512940178192139e+02 7.395744590581247166e+02
6.282904318374258992e+02 7.397438611346316293e+02
6.296403962101636580e+02 7.400167958656330711e+02
