6.207694548481065340e+02 7.400020807324177667e+02
6.202395010395010786e+02 7.398814968814969006e+02
6.181680743243243796e+02 7.395743243243243796e+02
6.143551401869158326e+02 7.392875955819880573e+02
6.125852372583480019e+02 7.387218804920913726e+02
6.129940042826552826e+02 7.392980728051392134e+02
6.161108312342569207e+02 7.397703610411418822e+02
6.192827529021558348e+02 7.400389718076285135e+02
6.210820681165366750e+02 7.401797291752154706e+02
6.205115014638226967e+02 7.398745294855708607e+02
6.177322540473224990e+02 7.402179327521793084e+02
6.160798141891891646e+02 7.399138513513513544e+02
6.141074026529738603e+02 7.398917415489944460e+02
6.153879569892473000e+02 7.397870967741935146e+02
6.177669693039342746e+02 7.400012970168612583e+02
6.206297400937367001e+02 7.405888368129526498e+02
6.225620559966569090e+02 7.408140409527788961e+02
6.228748419721871414e+02 7.406506531816265806e+02
6.206124298662062984e+02 7.403478636167458262e+02
6.205476595744680708e+02 7.400459574468085293e+02
6.206589180050718824e+02 7.401204564666103352e+02
6.210759762308998688e+02 7.399842954159593091e+02
6.215702270815811517e+02 7.398982338099242497e+02
6.211947346427078855e+02 7.397028834099456844e+02
6.195206680584551577e+02 7.398363256784969053e+02
6.171332767402376476e+02 7.398179117147708439e+02
6.144597701149425575e+02 7.396845466155810982e+02
6.139974348011970733e+02 7.398366823428815451e+02
6.153200343200343241e+02 7.398395538395537869e+02
6.178356687898088921e+02 7.402794055201698029e+02
6.195855592654423845e+02 7.403856427378965464e+02
6.196661108795331074e+02 7.406015006252605417e+02
6.178785357737104960e+02 7.404642262895174554e+02
6.152392223161454012e+02 7.397455621301775182e+02
6.131727972626176779e+02 7.396030795551753272e+02
6.132575107296137276e+02 7.396502145922746649e+02
6.176012958963283381e+02 7.392047516198704216e+02
