6.208276740237690774e+02 7.397941426146010144e+02
6.212281385281385155e+02 7.395848484848485214e+02
6.212912326388889142e+02 7.395776909722221717e+02
6.213301764959104503e+02 7.394024967714162813e+02
6.209512510785159520e+02 7.395457290767902805e+02
6.205684165232357827e+02 7.394724612736661129e+02
6.200442132639791453e+02 7.396120502817511806e+02
6.190719761499148035e+02 7.399833901192504300e+02
6.186364414029084173e+02 7.396467065868263262e+02
6.181478149100256587e+02 7.395844044558697306e+02
6.178071367884451774e+02 7.399545454545454959e+02
6.180744680851063322e+02 7.398787234042553109e+02
6.179641047297296836e+02 7.396266891891891646e+02
6.171976251060220875e+02 7.395699745547074144e+02
6.163883045856121043e+02 7.396891039124947156e+02
6.156037177862273211e+02 7.400359104351499582e+02
6.149698385726422885e+02 7.398343245539507507e+02
6.154991532599491393e+02 7.399441151566469443e+02
6.156099110546379052e+02 7.398072850487081951e+02
6.158895397489540073e+02 7.399205020920502420e+02
6.166075630252100837e+02 7.396407563025210266e+02
6.170088383838383379e+02 7.396481481481481524e+02
6.180576271186440636e+02 7.395207627118644496e+02
6.180995321139940870e+02 7.395168013611229298e+02
6.173711120579463341e+02 7.396033233915636629e+02
6.178383052313013195e+02 7.399247730220492940e+02
6.182587886488776121e+02 7.403024142312578988e+02
6.193430406852248780e+02 7.397323340471092479e+02
6.200320512820512704e+02 7.402888888888888914e+02
6.205994115174443095e+02 7.401685582177385641e+02
6.208640406607370323e+02 7.398233799237610810e+02
6.211083155650319441e+02 7.397842217484007961e+02
6.209116397621070291e+02 7.395747663551402411e+02
6.208068085106383478e+02 7.394523404255319292e+02
6.198146588037068341e+02 7.402342038753158704e+02
