6.511109704641349936e+02 7.340649789029536123e+02
6.429264104660670682e+02 7.295695012264922070e+02
6.294270246860112366e+02 7.263750541359895578e+02
6.130998580217700464e+02 7.259105537150969667e+02
5.953076142131980077e+02 7.261756345177665253e+02
5.809058240396529982e+02 7.250910780669145197e+02
5.729193548387096371e+02 7.228580645161290477e+02
0.000000000000000000e+00 0.000000000000000000e+00
0.000000000000000000e+00 0.000000000000000000e+00
0.000000000000000000e+00 0.000000000000000000e+00
0.000000000000000000e+00 0.000000000000000000e+00
0.000000000000000000e+00 0.000000000000000000e+00
0.000000000000000000e+00 0.000000000000000000e+00
5.907156250000000455e+02 7.273374999999999773e+02
6.168964162984781296e+02 7.497776141384389348e+02
6.298456632653061433e+02 7.535863095238095184e+02
6.425835789473684372e+02 7.550627368421052097e+02
6.526237731733914416e+02 7.588991275899672928e+02
6.618546583850932166e+02 7.586198757763975209e+02
6.683668954996186358e+02 7.570274599542334499e+02
6.700026954177897096e+02 7.549011680143755711e+02
6.696529466791394043e+02 7.522104770813845107e+02
6.653696829079659665e+02 7.479829853054910700e+02
6.581195597798899826e+02 7.392811405702851744e+02
6.499712322885358162e+02 7.329355946758265645e+02
6.385060291060291320e+02 7.286424116424116164e+02
6.243698691926026640e+02 7.269354984212900490e+02
6.057960271317829211e+02 7.263832364341085395e+02
5.758099173553719083e+02 7.270368722186904051e+02
