6.109355378819590214e+02 7.383156132272918057e+02
6.109915966386554373e+02 7.382605042016806465e+02
6.109991624790619653e+02 7.382646566164154365e+02
6.109298319327731406e+02 7.386491596638655892e+02
6.108527528809219120e+02 7.389688433632095439e+02
6.111425504508372342e+02 7.390880206097037899e+02
6.117869342442356810e+02 7.393620836891545878e+02
6.129962105263157355e+02 7.398197894736841818e+02
6.143779166666666924e+02 7.402725000000000364e+02
6.148526711185309068e+02 7.405350584307178679e+02
6.155954773869347036e+02 7.410439698492461957e+02
6.155305613305613406e+02 7.414740124740125111e+02
6.149480954374215571e+02 7.416852239430724012e+02
6.139349559378933918e+02 7.414783885858162193e+02
6.137449191206967498e+02 7.418299460804645378e+02
6.137869871529217107e+02 7.417534189805221558e+02
6.139436090225564158e+02 7.411382623224728832e+02
6.127346767422334324e+02 7.408904282115869364e+02
6.106676312525837602e+02 7.407209590739975056e+02
6.081185737976783230e+02 7.399274461028192036e+02
6.057652173913043043e+02 7.395527950310558936e+02
6.037887733887733930e+02 7.391970893970893712e+02
6.028076127430699671e+02 7.388080264791062746e+02
6.019884583676833927e+02 7.385910964550701010e+02
6.019163529903805738e+02 7.381488916771224922e+02
6.017422072451558961e+02 7.378601516427969500e+02
6.017099494097807337e+02 7.377563237774030540e+02
6.018914695945945823e+02 7.379273648648648987e+02
6.029554808903822050e+02 7.380348593028139703e+02
6.042521920668058328e+02 7.379699373695198119e+02
6.055230511316010507e+02 7.386190276613579044e+02
6.065231732776618401e+02 7.392008350730689017e+02
6.070352292020373852e+02 7.390619694397283865e+02
6.072420919443272851e+02 7.396174609869253800e+02
6.078878544223445033e+02 7.396906474820143558e+02
6.087075115400755294e+02 7.398631976500209930e+02
6.092092138630599720e+02 7.399775993237532248e+02
6.094325913481729913e+02 7.401553968920621855e+02
6.097036881810561226e+02 7.399853310980720380e+02
6.097641196013289573e+02 7.402981727574750721e+02
6.102264693793670176e+02 7.404611590628853719e+02
6.107098638052001434e+02 7.402926124638877354e+02
6.111096003296250956e+02 7.401108364235682302e+02
6.118032445923461182e+02 7.397724625623959582e+02
6.117713578208831677e+02 7.399859678085018686e+02
6.112513435303844744e+02 7.402715998346424158e+02
6.108227635447291277e+02 7.399907601847962724e+02
6.111758474576271283e+02 7.398093220338982974e+02
6.118996251561849249e+02 7.402361516034985698e+02
6.134947235120304185e+02 7.405707049387926872e+02
6.142479026845637691e+02 7.410415268456375770e+02
6.147915622389306236e+02 7.410939849624060116e+02
6.148077889447235975e+02 7.415121440536013324e+02
6.148944099378882129e+02 7.418559006211180531e+02
6.152712431979907706e+02 7.420975303474257316e+02
6.157342038753158704e+02 7.422207245155855162e+02
6.159432924248835661e+02 7.425332204824376277e+02
6.157906683480454149e+02 7.426557377049180104e+02
6.157447523089840615e+02 7.430134340890008389e+02
6.153376623376623229e+02 7.427976539589442382e+02
6.150843989769821292e+02 7.425771526001705070e+02
6.151393989983305346e+02 7.424883138564273395e+02
6.155467775467775482e+02 7.422623700623701097e+02
6.162638190954774018e+02 7.414342546063651298e+02
6.164109075770192021e+02 7.415670274771024424e+02
6.160401157981802953e+02 7.412675765095119687e+02
6.148372573316811440e+02 7.407100371747211511e+02
6.131737128505650389e+02 7.402482210129761597e+02
6.117867768595041298e+02 7.398822314049587021e+02
6.111119592875318176e+02 7.391988973706530714e+02
6.108741142142559966e+02 7.390846185910795612e+02
6.109232693911593515e+02 7.385291909924937954e+02
6.111579166666666652e+02 7.384158333333333530e+02
6.108402169378389317e+02 7.383775552774301332e+02
6.105707216494845397e+02 7.384808247422680552e+02
6.102158302733578239e+02 7.387637698898408871e+02
6.114182117840955470e+02 7.392665842604037607e+02
6.129200492004920306e+02 7.392943829438294188e+02
6.146501445683601332e+02 7.394832713754647102e+02
6.171784679089026895e+02 7.398393374741200432e+02
6.186401830282861738e+02 7.402466722129784102e+02
6.194968840880763992e+02 7.408940589945990496e+02
6.208475583864118335e+02 7.410696390658174550e+02
6.228962585034013273e+02 7.413864795918367463e+02
6.248536895674300240e+02 7.414703138252756389e+02
6.272979175520612216e+02 7.415801104972375697e+02
6.287166736314250102e+02 7.417488508148767323e+02
6.291557514693535040e+02 7.415512174643157550e+02
6.288982693119460237e+02 7.411198818066694685e+02
6.285907577019150949e+02 7.412614487926728088e+02
6.283454469507100839e+02 7.411211361737678089e+02
6.283402630462452407e+02 7.400865507000423804e+02
6.283870967741935374e+02 7.400779220779220395e+02
6.279149377593361123e+02 7.398946058091286204e+02
6.272509473684210661e+02 7.395326315789474165e+02
6.265052105043768051e+02 7.394977073780742103e+02
6.265493723849372145e+02 7.393820083682007862e+02
6.265904121110177130e+02 7.393448275862068613e+02
6.263894692854157711e+02 7.393029669870455791e+02
6.259741235392320959e+02 7.394215358931552373e+02
6.253683984542722101e+02 7.389952769428939519e+02
6.247962489343562993e+02 7.394565217391303804e+02
6.243234169145771375e+02 7.396081597960051113e+02
6.245141388174806707e+02 7.398226221079690959e+02
6.249811482433590299e+02 7.398166238217652335e+02
6.252845010615711772e+02 7.400284501061571518e+02
6.254372349448685782e+02 7.396620016963528315e+02
6.251060282171868039e+02 7.395575032064984953e+02
6.245768581081081265e+02 7.395000000000000000e+02
6.240662447257384429e+02 7.392907172995780911e+02
6.241539434837620774e+02 7.389426402361872306e+02
6.243818257607335909e+02 7.388661942476031754e+02
6.240881856540083845e+02 7.380599156118142901e+02
6.234143646408839459e+02 7.376642583935401944e+02
6.224327535002121294e+02 7.375350021213406535e+02
6.218990283058724344e+02 7.374833122095479894e+02
6.219542016806722131e+02 7.376084033613445854e+02
6.223911960132890044e+02 7.378073089700997116e+02
6.231806879403231960e+02 7.376634894322420450e+02
6.236452938758734490e+02 7.380558980682285437e+02
6.233641237113401985e+02 7.379101030927835154e+02
6.231331932773109656e+02 7.378121848739496045e+02
6.220791336942940006e+02 7.384373177842566065e+02
6.219136992040217820e+02 7.388282362798491931e+02
6.223337590464027471e+02 7.388752660706683173e+02
6.232766139375801231e+02 7.391265498076101039e+02
6.240333755809041349e+02 7.393874102239120703e+02
6.254698744769874565e+02 7.397711297071130048e+02
6.267999999999999545e+02 7.400314465408805518e+02
6.277163441745574346e+02 7.407208727871552583e+02
6.276109014675051867e+02 7.407551362683437901e+02
6.280615773935048765e+02 7.410577815267819233e+02
6.286157388028464084e+02 7.412390121389702244e+02
6.295820394460763509e+02 7.415216114141837807e+02
6.304776431257835156e+02 7.415290430422064674e+02
6.303520710059171961e+02 7.413947590870667455e+02
6.293951240016813244e+02 7.412362337116435356e+02
6.285280235988200275e+02 7.411816266329540213e+02
6.280907939189189619e+02 7.410633445945945823e+02
6.285706452973429350e+02 7.403293968789540713e+02
6.287673841059602182e+02 7.403013245033112071e+02
6.279366138448707488e+02 7.397564637197664297e+02
6.255858161980696650e+02 7.392404532102391386e+02
6.235412499999999909e+02 7.388324999999999818e+02
6.214116645381012631e+02 7.385559812686249188e+02
6.193965957446808943e+02 7.385472340425532138e+02
6.184514237855946703e+02 7.385891959798995003e+02
6.180404335139641034e+02 7.385514797832430531e+02
6.177508460236886094e+02 7.384060913705583289e+02
6.175850622406638877e+02 7.392875518672199178e+02
6.173822185292896165e+02 7.394457831325300958e+02
6.175264473136193146e+02 7.397205331112036220e+02
6.177644351464434749e+02 7.397970711297070920e+02
6.183449709060681698e+02 7.400087281795510989e+02
6.186293969849245968e+02 7.400908710217755697e+02
6.186442388561816870e+02 7.401850294365012815e+02
6.183276222315085988e+02 7.400167154199749575e+02
6.183502943650125871e+02 7.400664423885617680e+02
6.183096614368290602e+02 7.403612716763005892e+02
6.191174510620575120e+02 7.399704289879216503e+02
6.196628895184136354e+02 7.401226224200728439e+02
6.203108614232210130e+02 7.396799833541406315e+02
6.201113402061855595e+02 7.398144329896907720e+02
6.195598027127003888e+02 7.398845047266748907e+02
6.194082135523614170e+02 7.397388090349076037e+02
6.194531250000000000e+02 7.398236019736841627e+02
6.195531211244315273e+02 7.398387763538652280e+02
6.199258184832159486e+02 7.399167012018234573e+02
6.197997465145754177e+02 7.395378115758344393e+02
6.195279209621993459e+02 7.397195017182131096e+02
6.191755206119846662e+02 7.403251168720781834e+02
6.194760683760683833e+02 7.409021367521366983e+02
6.209340058848255239e+02 7.414585960487600005e+02
6.218382726502964033e+02 7.411985605419135936e+02
6.226032472939217541e+02 7.421074104912572693e+02
6.226673622704507807e+02 7.418426544240401199e+02
6.222912824811400014e+02 7.416261525565799957e+02
6.215489107219136713e+02 7.414891072191371677e+02
6.208936260025327556e+02 7.417564373153229553e+02
6.209333333333332803e+02 7.419104166666667197e+02
6.209979053204859838e+02 7.417984918307498674e+02
6.215769881556683458e+02 7.415355329949238694e+02
6.218254301300880797e+02 7.415090222408728096e+02
6.216395641240569603e+02 7.415523889354568610e+02
6.209140271493212140e+02 7.412957630604689712e+02
6.203414033647927681e+02 7.412010668855149333e+02
6.198263946711074368e+02 7.407901748542881251e+02
6.191032766486935088e+02 7.405267523849025793e+02
6.180671334431631294e+02 7.402154036243822475e+02
6.174103194103194028e+02 7.401576576576576372e+02
6.164888705688375694e+02 7.398643858202802903e+02
6.156576539101497474e+02 7.396934276206322920e+02
6.151745762711864245e+02 7.390372881355932577e+02
6.145640050697085144e+02 7.385842839036755549e+02
6.147643097643098145e+02 7.384078282828282909e+02
6.157632687447346598e+02 7.382030328559393411e+02
6.164724999999999682e+02 7.383604166666666515e+02
6.165566194837634839e+02 7.388842631140715866e+02
6.155748228428511766e+02 7.393176323468111377e+02
6.153508697496818058e+02 7.393911752227407987e+02
6.162146486028789241e+02 7.396710414902624962e+02
6.176574585635358972e+02 7.396808329791755341e+02
6.193872082973206261e+02 7.403755401901469213e+02
6.214368556701031139e+02 7.406847079037801223e+02
6.228190120381900670e+02 7.417276878372769033e+02
6.232573344509639810e+02 7.416860854987426137e+02
6.229500416319733631e+02 7.417410491257285230e+02
6.227554257095158619e+02 7.417366444073455796e+02
6.219868977176669205e+02 7.411356720202874158e+02
6.212735768903993403e+02 7.409774851316907416e+02
6.204583690987124101e+02 7.406755364806866737e+02
6.193744752308983834e+02 7.411343408900083887e+02
6.179826565143823700e+02 7.405922165820643386e+02
6.170615896795671915e+02 7.405151893466500042e+02
6.166599005799503175e+02 7.403980944490472211e+02
6.164510045100450952e+02 7.405887658876588375e+02
6.162137874435782123e+02 7.405711940910956628e+02
6.157826086956521294e+02 7.405676784249384355e+02
6.154758164530798012e+02 7.404390243902439579e+02
6.150609555189456614e+02 7.405032948929159602e+02
6.147486497714997995e+02 7.402272538429580209e+02
6.143904761904761926e+02 7.401639751552795587e+02
6.145334719334719011e+02 7.402120582120581957e+02
6.140498753117207116e+02 7.403919368246051818e+02
6.135651993355481864e+02 7.404127906976743816e+02
6.133691022964509330e+02 7.400939457202505309e+02
6.128682784493538520e+02 7.402150896206752577e+02
6.132240595287308906e+02 7.401360066143034828e+02
6.138920686835649576e+02 7.402604251839737799e+02
6.141511580658268485e+02 7.401141812271434901e+02
6.134404229361529133e+02 7.402435949572997060e+02
6.125190397350993408e+02 7.396655629139072516e+02
6.111554166666666106e+02 7.394320833333333667e+02
6.101454396055875122e+02 7.392428101889893242e+02
6.097434944237918444e+02 7.393031805039239543e+02
6.098960396039603893e+02 7.388948019801980536e+02
6.100128311258278018e+02 7.383985927152317572e+02
6.101454166666666197e+02 7.379674999999999727e+02
6.101335814722910982e+02 7.382307692307692832e+02
6.100966282894736423e+02 7.383182565789473983e+02
6.102168178070899103e+02 7.383796372629843745e+02
6.102282653481664738e+02 7.383201483312732307e+02
6.103758278145695613e+02 7.382909768211920891e+02
6.105889443059019186e+02 7.381882793017456379e+02
6.108661710037174544e+02 7.383465510119784767e+02
6.107093981863149565e+02 7.385057708161582468e+02
6.106998749478949549e+02 7.389987494789495486e+02
6.111794979079497807e+02 7.393138075313808031e+02
6.116748542880932291e+02 7.394683597002498345e+02
6.128846312319736853e+02 7.400041203131437442e+02
6.144276315789473983e+02 7.403819901315789593e+02
6.152457002457002773e+02 7.406613431613432112e+02
6.157195988299206419e+02 7.409686585875469973e+02
6.154565397350993408e+02 7.412433774834437372e+02
6.145519399249061507e+02 7.411860659157280224e+02
6.138043117744609845e+02 7.415974295190712837e+02
6.135980920779759344e+02 7.414935711323101941e+02
6.136801670146137440e+02 7.412025052192067278e+02
6.135476089716462411e+02 7.410761743546339630e+02
6.123316749585405887e+02 7.411351575456053524e+02
6.100306038047973516e+02 7.404404466501240449e+02
6.081390374331550674e+02 7.399255450431920735e+02
6.053315441783649931e+02 7.396486374896779807e+02
6.034578015644298148e+02 7.392618361465623593e+02
6.025646427096240814e+02 7.388190830235439535e+02
6.019406185567009970e+02 7.387270103092783984e+02
6.016427976686095462e+02 7.384179850124895665e+02
6.016608551266085669e+02 7.385666251556662019e+02
6.016812011517894234e+02 7.386807897984368765e+02
6.024545831605142894e+02 7.385964330153462924e+02
6.034703425229740787e+02 7.385847953216374435e+02
6.048706176961602523e+02 7.389027545909849550e+02
6.063662500000000364e+02 7.393787499999999682e+02
6.070763860369610256e+02 7.397281314168377548e+02
6.075429883138564264e+02 7.398171953255425706e+02
6.079114604882084905e+02 7.404232519652462088e+02
6.082738985868661530e+02 7.402826267664172519e+02
6.090632231404958929e+02 7.409219008264462900e+02
6.093711036225779480e+02 7.405661331086773771e+02
6.094358649789029414e+02 7.406945147679324464e+02
6.097311101730688279e+02 7.407260447446179796e+02
6.101262054507337780e+02 7.409614255765199005e+02
6.105720268006700735e+02 7.404983249581239306e+02
6.113215913800248700e+02 7.407579776212184015e+02
6.119469539991711144e+02 7.403870700372979172e+02
6.124285714285714448e+02 7.403629232039636463e+02
6.123747947454844507e+02 7.406395730706075256e+02
6.118180307436642806e+02 7.402147901952638449e+02
6.113665289256198321e+02 7.401661157024793738e+02
6.123036848792884257e+02 7.399313850063532527e+02
