6.013776315789473301e+02 7.347807017543859729e+02
6.020030474531997697e+02 7.351427949499346823e+02
6.066447721179624750e+02 7.361644325290437791e+02
6.133834219858156303e+02 7.373289007092198517e+02
6.208026828212895225e+02 7.385569017741237303e+02
6.260589765828274267e+02 7.395108412836079879e+02
6.282973695942934000e+02 7.402403031654034748e+02
6.289079646017698906e+02 7.407460176991151002e+02
6.286938053097345573e+02 7.415084070796459628e+02
6.285718073353955333e+02 7.420167918692002331e+02
6.297830802603036773e+02 7.423969631236442410e+02
6.314443466783985741e+02 7.419652441706995205e+02
6.323948628646060115e+02 7.413944275141489015e+02
6.313233506944444571e+02 7.409270833333333712e+02
6.211895815542271748e+02 7.388492741246797095e+02
6.138002628120893860e+02 7.376027157249233142e+02
6.098356461405030586e+02 7.369562012142237108e+02
6.080977086035451293e+02 7.360791180285343671e+02
6.069300639658848695e+02 7.355462686567163928e+02
6.068567741935484037e+02 7.345410752688171669e+02
6.062150631258163003e+02 7.340222028733130628e+02
6.047642980935875130e+02 7.342625649913344432e+02
6.026819787985865560e+02 7.347173144876325068e+02
6.023449186097668644e+02 7.351860976682797855e+02
6.045173487544484487e+02 7.362864768683274406e+02
6.108216845878135928e+02 7.371765232974910305e+02
6.182221727515583325e+02 7.382720391807657734e+02
6.291456811345079814e+02 7.410477009024494919e+02
