5.974310344827586050e+02 7.400748528174937064e+02
6.001133757961783886e+02 7.400794055201698711e+02
6.049259574468085248e+02 7.405161702127659282e+02
6.103820078226857504e+02 7.405949587136027503e+02
6.137509578544061242e+02 7.412813963388675802e+02
6.173618760757315158e+02 7.412882960413080582e+02
6.197372735116480271e+02 7.411777394305436246e+02
6.215239915074309920e+02 7.414513800424628016e+02
6.235574883326262352e+02 7.414191769198133670e+02
6.248712788259957733e+02 7.415672955974843035e+02
6.256358579375267936e+02 7.410051347881899346e+02
6.271803770351327785e+02 7.408136246786632455e+02
6.284087622288387820e+02 7.408498511271799316e+02
6.293427966101694437e+02 7.401470338983050397e+02
6.303057324840764295e+02 7.400254777070064165e+02
6.314811520542143626e+02 7.398775942397289782e+02
6.322547368421052170e+02 7.396155789473684763e+02
6.332529812606474025e+02 7.391409710391823182e+02
6.337046922083512754e+02 7.388798966853206593e+02
6.342422174840085063e+02 7.383923240938166828e+02
6.347367303609341889e+02 7.385681528662420305e+02
6.354528697109342374e+02 7.382589023879346541e+02
6.367971818958155836e+02 7.375922288642186686e+02
6.379321888412017643e+02 7.375725321888412509e+02
6.386723768736616194e+02 7.373391862955031684e+02
6.394196581196581519e+02 7.373598290598290532e+02
6.399614561027836999e+02 7.370573875802997463e+02
6.404931389365351606e+02 7.370990566037735334e+02
6.408495460440985880e+02 7.371763942931257816e+02
6.418416385135135442e+02 7.377191722972972912e+02
6.428103448275861638e+02 7.376640033641715490e+02
6.434972515856236441e+02 7.372816067653277514e+02
6.439045768566494417e+02 7.368091537132987696e+02
6.441535106846924919e+02 7.365612734409071436e+02
6.446343537414966249e+02 7.371819727891156617e+02
6.449790419161677164e+02 7.372750213857998460e+02
6.461294470638662233e+02 7.372970424346335676e+02
6.472586575459598635e+02 7.374305258657545892e+02
6.482655367231637911e+02 7.369582790091264997e+02
6.488424423569598503e+02 7.372433817250213224e+02
6.488928877463581557e+02 7.374987146529563233e+02
6.489040447504303302e+02 7.375550774526677742e+02
6.488788395904437039e+02 7.378289249146757811e+02
6.489755364806867419e+02 7.383545064377682365e+02
6.493664383561643945e+02 7.387397260273972961e+02
6.496061643835616906e+02 7.387932363013699160e+02
6.496132075471698499e+02 7.389275300171526624e+02
6.495567544238239179e+02 7.390392749244713286e+02
6.494443482026850916e+02 7.389865742745777197e+02
6.493353552859618958e+02 7.392400346620451046e+02
6.489800865800865495e+02 7.393554112554112407e+02
6.486778260869565429e+02 7.395878260869565111e+02
6.485441433566433034e+02 7.399278846153846416e+02
6.481976843910806565e+02 7.402671526586620985e+02
6.473976058144505714e+02 7.405908507909363152e+02
6.465534269902085498e+02 7.407296722009365340e+02
6.448958424507658265e+02 7.402223194748358992e+02
6.428596268023749190e+02 7.408893129770992800e+02
6.409777967549102868e+02 7.402796754910333448e+02
6.383132123258759520e+02 7.401000422119037694e+02
6.337709827077183036e+02 7.397714044706874574e+02
6.297003891050583206e+02 7.390220492866407085e+02
6.257156904660110968e+02 7.388777255237281452e+02
6.219675379426644213e+02 7.387980607082630513e+02
6.192421505376344157e+02 7.384034408602150279e+02
6.165963026655201702e+02 7.381478933791917143e+02
6.146660914581535735e+02 7.383188093183779301e+02
6.134370179948585928e+02 7.382009425878320599e+02
6.121853932584269842e+02 7.386318063958512994e+02
6.112411739685239809e+02 7.389353466609952648e+02
6.102778478352248612e+02 7.395060949978982308e+02
6.090191734128675307e+02 7.394047720494247642e+02
6.078481120067882557e+02 7.396966482817140331e+02
6.073463497453310538e+02 7.398904923599320682e+02
6.065927791771620150e+02 7.403232577665827421e+02
6.057136209813875212e+02 7.404323181049069262e+02
6.049516129032258505e+02 7.409707130730050721e+02
6.042815699658702897e+02 7.410209044368600644e+02
6.037823878069432340e+02 7.412408975444539010e+02
6.030241868223519077e+02 7.417372810675562960e+02
6.022810810810810835e+02 7.418486486486486911e+02
6.013776550552252047e+02 7.415900594732370337e+02
6.004825976230899869e+02 7.417143463497453695e+02
5.996725096194954858e+02 7.419290294997862247e+02
5.994348925410872653e+02 7.421112515802781218e+02
5.988198653198653574e+02 7.423253367003367202e+02
5.984280865507000726e+02 7.424798472634705604e+02
5.974842687074830110e+02 7.421985544217686765e+02
5.965346202266051705e+02 7.426294586655476451e+02
5.959311502938707008e+02 7.426582703610411045e+02
5.953698630136985912e+02 7.422970890410958873e+02
5.949099405267629663e+02 7.425288870008496360e+02
5.946345091372716070e+02 7.423977900552486062e+02
5.940109797297296836e+02 7.426744087837837469e+02
5.935518707482992795e+02 7.430046768707483125e+02
5.924564564564564080e+02 7.428331188331188741e+02
5.908412698412698774e+02 7.429193479193479561e+02
5.902944680851063595e+02 7.428740425531915434e+02
5.898874476987447224e+02 7.428656903765690913e+02
5.900886182276354930e+02 7.423700125997479518e+02
5.899594251901944517e+02 7.422590870667793297e+02
5.894435146443514668e+02 7.421096234309623014e+02
5.890072003388394251e+02 7.418771706903854692e+02
5.888692178301093918e+02 7.415727502102607787e+02
5.887905982905982682e+02 7.409846153846153811e+02
5.885194968553458921e+02 7.413077568134171997e+02
5.887792041078305374e+02 7.405511339323919628e+02
5.890232952138924247e+02 7.402723422278695580e+02
5.890240404892450670e+02 7.399034162800505783e+02
5.890468031759297673e+02 7.400839949853740336e+02
5.897407563025210493e+02 7.399638655462184715e+02
5.899187710437710166e+02 7.398463804713804848e+02
5.902051607445008585e+02 7.396438240270728102e+02
5.910633772862611295e+02 7.392364951084645099e+02
5.930158526135389820e+02 7.388311910882605389e+02
5.944745977984758838e+02 7.390757832345469751e+02
5.965586472602740287e+02 7.388069349315068166e+02
5.991456185567010380e+02 7.390562714776632447e+02
6.024024914089346794e+02 7.391932989690722025e+02
6.066395398380911956e+02 7.396267575628461373e+02
6.114652137468566480e+02 7.403964794635372755e+02
6.144481012658227428e+02 7.405417721518987264e+02
6.169339339339339858e+02 7.408258258258258593e+02
6.191722814498933758e+02 7.409697228144989367e+02
6.210177258971033325e+02 7.407808041504539460e+02
6.223177805800756914e+02 7.413165195460277346e+02
6.234045183290708110e+02 7.412638533674339669e+02
6.244850809889172751e+02 7.410963341858482636e+02
6.256415174765558049e+02 7.410068201193521418e+02
6.264863042562158171e+02 7.406750948166877606e+02
6.273424423569598503e+02 7.402600341588386073e+02
6.281485355648535460e+02 7.407698744769874111e+02
6.288947589098532944e+02 7.404033542976939088e+02
6.294666385135135442e+02 7.399172297297296836e+02
6.300279542566709097e+02 7.394366793731469443e+02
6.304067005937234853e+02 7.393863443596268326e+02
6.310911025968497370e+02 7.390770540655597642e+02
6.317022639897479621e+02 7.389935924818453259e+02
6.324672581326573209e+02 7.388322771440641645e+02
6.343805346700083874e+02 7.382873851294904171e+02
