6.153807458803122472e+02 7.398148308759757583e+02
6.155153879497182743e+02 7.399098396185522688e+02
6.158152173913043725e+02 7.398639130434783056e+02
6.158105308588692424e+02 7.400064738886491114e+02
6.156136752136752648e+02 7.403576923076923322e+02
6.150169419737399039e+02 7.412384582803896365e+02
6.147673922321810096e+02 7.414080239009816751e+02
6.141070190641247564e+02 7.411165511265164696e+02
6.132250327082424519e+02 7.407924116877453571e+02
6.128629352137505748e+02 7.405500220361392394e+02
6.125933304460805857e+02 7.410866175833693887e+02
6.120509279240396836e+02 7.411747949935261204e+02
6.113192923336141575e+02 7.418171861836563039e+02
6.108054474708171711e+02 7.416683960224816019e+02
6.102516018795386117e+02 7.421969243912857337e+02
6.094054054054054177e+02 7.419335049335048780e+02
6.087627408993575955e+02 7.414436830835118144e+02
6.084136170212766501e+02 7.416582978723404267e+02
6.078112639724849942e+02 7.416831470335339418e+02
6.067811418685121225e+02 7.422577854671279738e+02
6.060232658336923350e+02 7.426876346402412992e+02
6.060508764429242774e+02 7.427558785805899788e+02
6.056125108601216880e+02 7.426455256298870609e+02
6.046342311033884016e+02 7.425925282363162978e+02
6.045951346655082261e+02 7.427280625543006636e+02
6.042907832107313197e+02 7.426572912159238058e+02
6.034463276836157775e+02 7.429109083007388108e+02
6.024026816608997024e+02 7.430263840830449453e+02
6.015631737818024476e+02 7.434389823199654757e+02
6.009183848797250675e+02 7.434733676975945400e+02
6.002832197614991401e+02 7.435979557069846351e+02
5.992526720820864057e+02 7.434856776400171157e+02
5.989562959757680574e+02 7.431977498918216725e+02
5.977883461868037784e+02 7.432810625535561257e+02
5.971949872557348726e+02 7.439209855564995451e+02
5.972214650766609338e+02 7.439505962521294578e+02
5.972355707567336367e+02 7.438696023941855628e+02
5.972126658108686570e+02 7.435459991442019145e+02
5.973457785320322273e+02 7.435502757742893891e+02
5.974867972742760003e+02 7.434131175468484116e+02
5.974680034129693240e+02 7.432734641638224957e+02
5.979824185248713775e+02 7.433018867924528195e+02
5.983489361702127098e+02 7.432327659574467589e+02
5.984163108454312123e+02 7.432258753202390835e+02
5.986333333333333258e+02 7.429756410256410391e+02
5.994747560458209819e+02 7.430458209588459795e+02
6.005772669220945090e+02 7.428058748403575464e+02
6.005840371621621898e+02 7.426668074324323925e+02
6.010975609756097811e+02 7.425211810012837077e+02
6.026710807347287755e+02 7.426202477573687020e+02
6.035602409638554491e+02 7.420253872633390984e+02
6.040784648187633366e+02 7.417863539445628476e+02
6.053934700711595269e+02 7.420912515696944638e+02
6.065511482254697739e+02 7.419453027139875303e+02
6.078237056054771301e+02 7.414582798459563264e+02
6.090787334189130888e+02 7.414124946512622500e+02
6.105180620484487690e+02 7.413225669358265577e+02
6.115753424657534651e+02 7.412059075342465349e+02
6.132102542007755801e+02 7.410448082722964500e+02
6.144678185745140127e+02 7.407019438444924617e+02
6.161858445505862392e+02 7.406387320885801273e+02
6.175770379854886869e+02 7.410849338454971758e+02
6.182766420182688307e+02 7.408229665071770569e+02
6.196037245560848987e+02 7.406288436552620169e+02
6.209584760273972961e+02 7.407444349315068166e+02
6.216116883116883400e+02 7.405103896103896659e+02
6.220622299049265393e+02 7.403318928262748386e+02
6.235363869863014088e+02 7.398912671232876619e+02
6.243991379310344882e+02 7.401771551724137908e+02
