6.172296201451131310e+02 7.393551002987622951e+02
6.174068669527897555e+02 7.392789699570815856e+02
6.185295640914976047e+02 7.392645662494604721e+02
6.188882633174534931e+02 7.392953659592897111e+02
6.184363480497213459e+02 7.396283754822117089e+02
6.183254817987152592e+02 7.393331905781584510e+02
6.187568508046977058e+02 7.389569377990430894e+02
6.192584615384615745e+02 7.392694505494505393e+02
6.196023830538393895e+02 7.393490732568402564e+02
6.196973044631021139e+02 7.394829871851524103e+02
6.195061295971978552e+02 7.395105078809107226e+02
6.200367012089809577e+02 7.395177029360967254e+02
6.206255903821382844e+02 7.397466723915844113e+02
6.207569084628670453e+02 7.395764248704663260e+02
6.205146931719965551e+02 7.400937770095073347e+02
6.207653239929946949e+02 7.402508756567425507e+02
6.207546436285097116e+02 7.401632829373650111e+02
6.208503253796095578e+02 7.402334056399132578e+02
6.209037875489768794e+02 7.404762734000870523e+02
6.202562417871222351e+02 7.403381515549715459e+02
6.197608409986859215e+02 7.404450284713096835e+02
6.195265911072362996e+02 7.405383609415868023e+02
6.193999999999999773e+02 7.404593886462881756e+02
6.184895470383274869e+02 7.407639372822300174e+02
6.172941437444543453e+02 7.403172138420585497e+02
6.163466724662896468e+02 7.404789038712483489e+02
6.166290531776912758e+02 7.405123216601815557e+02
6.166518358531317290e+02 7.407434125269978722e+02
6.159425837320574146e+02 7.406541974771639616e+02
6.153449612403101128e+02 7.409754521963824345e+02
6.156736978045630622e+02 7.410904003443822603e+02
6.160021710811984121e+02 7.409248805905340305e+02
6.160107758620689538e+02 7.410099137931034647e+02
6.159580268282129509e+02 7.407511899610558430e+02
6.161939130434782328e+02 7.406773913043477933e+02
6.164640381282495127e+02 7.407807625649912779e+02
6.163196544276457871e+02 7.409386609071274279e+02
6.162296587926508664e+02 7.408197725284339867e+02
6.163181225554106959e+02 7.408431116905693443e+02
6.172372881355931895e+02 7.404463276836157775e+02
6.174167027260925806e+02 7.402587624405019824e+02
6.175079225352112644e+02 7.403890845070422984e+02
6.173154421469423596e+02 7.404632644082710158e+02
6.172657793044224945e+02 7.411339630742808140e+02
6.181596020761245427e+02 7.408745674740484901e+02
6.189335321687260603e+02 7.409109501491265064e+02
6.193041973171787049e+02 7.404158372998701907e+02
6.195720486111110858e+02 7.401861979166666288e+02
6.204671340929010057e+02 7.397489044697633744e+02
6.215831881533100614e+02 7.402317073170731874e+02
6.229139218269652929e+02 7.403601229688185867e+02
6.235192135835567342e+02 7.398882931188561543e+02
6.235783132530120838e+02 7.396662204373047871e+02
6.235988551298987659e+02 7.392214883311316953e+02
6.248370177719982621e+02 7.395860424794104802e+02
6.246739130434782510e+02 7.397715260017050696e+02
6.244490500863557827e+02 7.398963730569947757e+02
6.242820734341253228e+02 7.396656587473001991e+02
6.251602591792656085e+02 7.397827213822894237e+02
6.252659436008676721e+02 7.397509761388286051e+02
6.246765975820379708e+02 7.396239205526770775e+02
6.242071835304424212e+02 7.392111257117827563e+02
6.240660336642209813e+02 7.394566249460509653e+02
6.240276338514680674e+02 7.396109671848013249e+02
6.241001734605376896e+02 7.394661751951431370e+02
6.238714473108876746e+02 7.387590730214254791e+02
6.232979930191971789e+02 7.390017452006981102e+02
6.230543006081668409e+02 7.388179843614248057e+02
