6.097020391177694592e+02 7.400399500624220082e+02
6.088315964985411028e+02 7.402155064610254840e+02
6.072467640918580400e+02 7.400020876826722542e+02
6.065833333333333712e+02 7.399401172529313726e+02
6.058983688833124006e+02 7.400418235048097131e+02
6.056188284518827913e+02 7.400079497907950099e+02
6.057240506329113714e+02 7.399054852320674627e+02
6.061243718592965024e+02 7.400247068676717390e+02
6.081543340380549125e+02 7.397255813953488541e+02
6.106698664440734774e+02 7.398401502504173095e+02
6.114660033167496067e+02 7.402433665008292110e+02
6.117610433319309777e+02 7.396247370635254583e+02
6.120409527789386175e+02 7.398006686167990438e+02
6.124406146179402413e+02 7.399418604651162923e+02
6.130740124740124202e+02 7.399160083160082877e+02
6.137780569514237641e+02 7.396159966499162692e+02
6.152790598290598609e+02 7.393935897435897004e+02
6.180770896491987969e+02 7.394304893893460076e+02
6.208672110012892063e+02 7.393455092393639916e+02
6.227866323907454671e+02 7.393993144815766527e+02
6.238627876682587612e+02 7.393313069908814441e+02
6.237356371490280935e+02 7.392902807775377596e+02
6.237481673134972198e+02 7.393850797757654618e+02
6.248006714225765563e+02 7.401061686949224168e+02
6.262369868810833395e+02 7.397803639441387986e+02
6.275280135823429646e+02 7.397253820033955662e+02
6.286650943396226694e+02 7.398349056603773306e+02
6.294816731349719703e+02 7.397188443294523950e+02
6.301533532678342908e+02 7.398389577103802139e+02
6.303379609544468849e+02 7.396702819956616395e+02
6.284050632911391858e+02 7.400687763713079903e+02
6.265381663113006425e+02 7.396737739872068005e+02
6.249094371561574235e+02 7.400715192551840573e+02
6.237148225469728686e+02 7.404964509394571905e+02
6.235388513513513544e+02 7.403281250000000000e+02
6.236700636942674691e+02 7.399910828025477940e+02
6.226293103448275588e+02 7.397866379310345337e+02
6.210124303471924350e+02 7.398126875267895457e+02
6.197408695652173947e+02 7.397143478260869642e+02
6.181214953271028207e+02 7.398479184367034804e+02
6.166206462442299880e+02 7.401745698699119203e+02
6.140247275775356002e+02 7.396357921207040818e+02
6.125129382303839520e+02 7.398580968280467687e+02
6.121716829164899991e+02 7.398545994065282230e+02
6.124614740368509729e+02 7.397349246231156030e+02
6.127650296359017830e+02 7.397362404741744513e+02
6.127676682183664525e+02 7.401434617012272383e+02
6.115627615062761606e+02 7.400882845188284591e+02
6.101535549011358626e+02 7.400147244425746749e+02
6.095904681568957812e+02 7.400265710670603312e+02
6.088642286675074047e+02 7.402152164775116034e+02
6.082564962279966494e+02 7.399094719195305743e+02
6.083114273754708847e+02 7.400477187107576356e+02
6.115050420168066694e+02 7.399928571428571331e+02
