6.163399915002124771e+02 7.398576285592860131e+02
6.159250418760468619e+02 7.403056951423785677e+02
6.171614406779660840e+02 7.397677966101695120e+02
6.184028073160357053e+02 7.398932369204593442e+02
6.185468022024565471e+02 7.398729351969504933e+02
6.189795134443021425e+02 7.397255655142979549e+02
6.195528317836010501e+02 7.397197802197802048e+02
6.205890940317732429e+02 7.394126234435379956e+02
6.212018819503849727e+02 7.391971770744225978e+02
6.208909630886720379e+02 7.393249893932966188e+02
6.205618556701031139e+02 7.392779209621993459e+02
6.203356193741963125e+02 7.393381911701671925e+02
6.201525791070654350e+02 7.390138708279150705e+02
6.191559162750961605e+02 7.399935924818453259e+02
6.179569074778199820e+02 7.400684410646388187e+02
6.170025231286795133e+02 7.399781328847770965e+02
6.177522123893804746e+02 7.393392330383480839e+02
6.195663006756756204e+02 7.395126689189189619e+02
6.177003338898163065e+02 7.398693656093489608e+02
6.162843343133137068e+02 7.397513649727005713e+02
6.160449957947855637e+02 7.398763666947014599e+02
6.163185803757828580e+02 7.400338204592901548e+02
6.165752508361204036e+02 7.401596989966554929e+02
6.161506049228202073e+02 7.400054234459740883e+02
6.154574512245744700e+02 7.398762972187629430e+02
6.156675031367628890e+02 7.398908406524466272e+02
6.175760959470636635e+02 7.398457402812241526e+02
6.193407407407407845e+02 7.395991769547324566e+02
6.192925030725112947e+02 7.396931585415812833e+02
6.179845123482629106e+02 7.394198409376308518e+02
6.169608510638297503e+02 7.395029787234042260e+02
6.173818715904321834e+02 7.398279479647503649e+02
6.195944467816575525e+02 7.397206562894405124e+02
6.204960564549605806e+02 7.400734744707347090e+02
6.206527426160337200e+02 7.395974683544303616e+02
6.214403903266864972e+02 7.397475604582095912e+02
