6.091704834605598080e+02 7.396624257845631973e+02
6.094792372881355504e+02 7.399084745762711464e+02
6.104590570719602738e+02 7.400157154673283912e+02
6.115314029363784130e+02 7.403992659053833449e+02
6.107199678585777747e+02 7.407428686219365090e+02
6.090922072623419581e+02 7.401032231742145768e+02
6.064288676897552932e+02 7.398432185815014464e+02
6.049965502371711636e+02 7.390715825786977575e+02
6.053030567685589176e+02 7.389384279475982567e+02
6.071895652173913049e+02 7.389326086956522204e+02
6.089776465626317759e+02 7.397283846478279656e+02
6.109561366512019731e+02 7.395040067482075301e+02
6.140389184760343824e+02 7.398832445718967392e+02
6.155588838736150592e+02 7.401066885514977685e+02
6.156400826446281371e+02 7.399239669421488088e+02
6.139366286438529414e+02 7.389577524292353701e+02
6.125963574756459593e+02 7.395167301990682063e+02
6.138038277511961951e+02 7.387046541974771117e+02
6.171346992153444262e+02 7.385727986050566187e+02
6.202361351819757829e+02 7.386312824956672785e+02
6.230785229202036817e+02 7.393709677419354875e+02
6.243953586497890456e+02 7.397295358649788568e+02
6.256862170087975983e+02 7.395500628403854080e+02
6.266806260575295937e+02 7.399708121827411560e+02
6.258186066270178571e+02 7.399439252336449044e+02
6.242730375426621094e+02 7.398617747440273433e+02
6.232306678383127974e+02 7.395716168717046912e+02
6.239537624660017627e+02 7.389365367180416797e+02
6.262323851203501590e+02 7.398555798687090146e+02
6.284395318595578601e+02 7.403519722583441762e+02
6.284396984924622984e+02 7.408337520938023317e+02
6.269983388704318941e+02 7.405847176079734027e+02
6.253686405337781480e+02 7.405863219349457722e+02
6.231487774554497037e+02 7.409378367177787368e+02
6.216476510067113850e+02 7.403708053691275381e+02
6.195812258894127353e+02 7.395820831547364378e+02
6.170699955416852163e+02 7.394529647793134473e+02
6.165451295799821310e+02 7.391769436997318508e+02
6.173205907906168477e+02 7.392354474370113167e+02
6.185662854722575048e+02 7.401397712833545484e+02
6.180830550918196877e+02 7.403205342237062041e+02
6.157169192953707579e+02 7.400303154444899292e+02
6.114107365792758628e+02 7.397927590511860672e+02
6.089071246819338512e+02 7.399037319762510378e+02
6.075270788912580429e+02 7.394972281449893217e+02
6.061101694915254257e+02 7.385535236396075334e+02
6.058913230240549410e+02 7.394166666666666288e+02
6.061686643835616906e+02 7.395449486301370143e+02
6.074507042253520694e+02 7.400985915492957474e+02
6.086718878812860112e+02 7.404249793899423366e+02
6.084517973856209210e+02 7.404415849673202956e+02
6.063155299917830234e+02 7.402132292522596799e+02
6.043507743825869056e+02 7.398673084972791685e+02
6.045331887201734844e+02 7.391258134490238945e+02
