6.243150565709312332e+02 7.403472584856397134e+02
6.243103734439833943e+02 7.410273858921161718e+02
6.225351351351350786e+02 7.412228690228690766e+02
6.187349896480330926e+02 7.410339544513457213e+02
6.151813643926789155e+02 7.407970049916805237e+02
6.115263157894736423e+02 7.404374736842105449e+02
6.084757690686893739e+02 7.405419300463548780e+02
6.083963310580204507e+02 7.402726109215017232e+02
6.095711820534943399e+02 7.402221742881794171e+02
6.117489451476793647e+02 7.403915611814345539e+02
6.137542833263685225e+02 7.407826995403260071e+02
6.149085365853658232e+02 7.410719512195122434e+02
6.162308943089431068e+02 7.410585365853658004e+02
6.164286298568507618e+02 7.409263803680981937e+02
6.155592868988391047e+02 7.406351575456053524e+02
6.149652719665272116e+02 7.404698744769874565e+02
6.159467125053716927e+02 7.404443489471422026e+02
6.189242490204615024e+02 7.404880278624292487e+02
6.232644376899695544e+02 7.403430308293529833e+02
6.265972869860109995e+02 7.407986434930055566e+02
6.286908557046980377e+02 7.406442953020134610e+02
6.265528286189684195e+02 7.408273710482528713e+02
6.228841488916771141e+02 7.408373065662902945e+02
6.187535864978902964e+02 7.409004219409282541e+02
6.172592592592592382e+02 7.405163398692810688e+02
6.180183968462549728e+02 7.404634253175646563e+02
6.210008857395926043e+02 7.402059344552701532e+02
6.251798040051129419e+02 7.409343843204089808e+02
6.264169835234473567e+02 7.412243346007604714e+02
6.257892752408881734e+02 7.412488479262673309e+02
6.222068543451651976e+02 7.413321093431252393e+02
6.182154222766217799e+02 7.411321909424724481e+02
6.102335176520629147e+02 7.401501488728200684e+02
