6.256348092941692585e+02 7.392770714598859740e+02
6.250516045099740268e+02 7.390758889852558013e+02
6.241351700387430128e+02 7.392152389151958687e+02
6.231740644038294477e+02 7.389834638816362258e+02
6.215483870967741495e+02 7.388469921534438072e+02
6.198678185745139899e+02 7.387248380129589123e+02
6.188080241587575756e+02 7.389370146678170386e+02
6.180601374570446751e+02 7.386258591065292194e+02
6.181719634305616182e+02 7.387361776229864745e+02
6.187044079515989097e+02 7.388997407087294960e+02
6.195048586572438580e+02 7.388657243816254550e+02
6.206663781912592412e+02 7.391977498918216725e+02
6.214336055006446031e+02 7.394482165878813476e+02
6.219768339768339729e+02 7.393028743028743293e+02
6.215558861028474666e+02 7.394632384190394987e+02
6.206735483870967300e+02 7.392808602150537354e+02
6.190626331487004563e+02 7.392876011930123923e+02
6.182582037996545523e+02 7.389684801381692978e+02
6.166530699871188972e+02 7.389458995276943369e+02
6.151324675324675582e+02 7.390740259740259717e+02
6.143179465056082336e+02 7.391108714408973128e+02
6.146431642304385150e+02 7.394608770421324380e+02
6.151333621061718304e+02 7.393901596892533234e+02
6.156689566337483939e+02 7.391756118505796849e+02
6.157133134836240060e+02 7.395716716290939985e+02
6.156843657817108806e+02 7.398887484197218782e+02
6.157319238900633991e+02 7.399627906976744498e+02
6.150073434125270069e+02 7.397576673866091141e+02
6.139666810904370777e+02 7.397377758546083442e+02
6.133172502134926845e+02 7.398996584116140411e+02
6.133812131423757137e+02 7.399873631002527645e+02
6.140190274841437486e+02 7.397564482029598594e+02
6.144786649767638664e+02 7.391242078580481802e+02
6.151801029159519203e+02 7.387770154373928335e+02
6.163587002992732096e+02 7.391872595126121723e+02
6.173726415094339472e+02 7.392041166380788582e+02
6.182312925170067501e+02 7.397687074829932499e+02
6.190337662337661868e+02 7.392060606060606460e+02
6.189042735042735330e+02 7.401918803418803918e+02
6.194913419913419830e+02 7.403662337662337904e+02
6.195437768240343530e+02 7.406622317596566063e+02
6.189625691195235504e+02 7.406414291790727020e+02
6.175352536543422275e+02 7.404221840068787515e+02
6.169943892965040959e+02 7.406486836426413447e+02
6.165821287779237991e+02 7.401616294349539658e+02
6.166913419913420285e+02 7.399757575757575978e+02
6.170145860145860297e+02 7.396868296868296966e+02
6.172599323753170211e+02 7.399763313609468014e+02
6.181849957374254245e+02 7.398891730605286057e+02
6.199366980325064560e+02 7.396980325064157569e+02
6.216519337016574127e+02 7.396787080322991415e+02
6.231784338896020472e+02 7.397351305091998483e+02
6.238905917411664177e+02 7.399174116645381218e+02
6.235521317011397286e+02 7.398134233853946853e+02
6.228317717206132329e+02 7.397725724020442613e+02
6.214671916010498762e+02 7.393035870516185923e+02
6.201237295625276147e+02 7.392333186036235020e+02
6.193534368070953633e+02 7.390168514412416698e+02
6.194134321849105618e+02 7.392315743567379513e+02
6.191701030927835063e+02 7.391851374570446751e+02
6.194314568113451287e+02 7.390378169316717276e+02
6.200218508997429581e+02 7.395771208226220779e+02
6.211106804478897629e+02 7.395099052540913362e+02
6.220746527777778283e+02 7.395638020833333712e+02
6.222566333188342469e+02 7.397716398434101848e+02
6.222364574376612154e+02 7.399402407566637976e+02
6.212611520138588048e+02 7.395326981377219226e+02
6.201848812095032599e+02 7.392915766738660750e+02
6.190056374674761628e+02 7.390841283607978767e+02
6.172684707903780463e+02 7.393754295532645529e+02
6.159410508329773393e+02 7.392345151644595944e+02
6.152322580645161452e+02 7.391380645161290204e+02
6.147946505608282450e+02 7.391501294219154943e+02
6.148256477821695398e+02 7.387061923583662519e+02
6.156427343078246395e+02 7.389866723989681532e+02
6.168856897292650956e+02 7.393192952299096987e+02
6.175105726872246805e+02 7.392365638766519851e+02
6.178163698049194181e+02 7.399457167090754410e+02
