6.141559829059829099e+02 7.405004273504273442e+02
6.138379179009733662e+02 7.407063055438002266e+02
6.139539052496799059e+02 7.406649594536918357e+02
6.143347732181425727e+02 7.404695464362850998e+02
6.150073086844367936e+02 7.403998280309543816e+02
6.156459330143541138e+02 7.401600695954763296e+02
6.160052151238592160e+02 7.401112559756627434e+02
6.164963219385547291e+02 7.399718736477715311e+02
6.167117621714778579e+02 7.399302024989228812e+02
6.171702401372212989e+02 7.400171526586620985e+02
6.172954838709677006e+02 7.400073118279569826e+02
6.173733100741386579e+02 7.397339729611861685e+02
6.178699080157687149e+02 7.394586070959263679e+02
6.187900308778121143e+02 7.395615350683723364e+02
6.192971078001752403e+02 7.393645924627519435e+02
6.203491228070175794e+02 7.398030701754386200e+02
6.208870056497174801e+02 7.396497175141242906e+02
6.211264216972878103e+02 7.395043744531933498e+02
6.211413748378729451e+02 7.396939040207522567e+02
6.211801645734084332e+02 7.397674317886530844e+02
6.214830875975715117e+02 7.397359063313095930e+02
6.218616652211621840e+02 7.397016478751083923e+02
6.220143042912874307e+02 7.398812310359774074e+02
6.218163707232567958e+02 7.396405370290168548e+02
6.216368763557484272e+02 7.396590021691973789e+02
6.212962003454231308e+02 7.396308290155440091e+02
6.212327586206896513e+02 7.397051724137930933e+02
6.213538328280641281e+02 7.397059333044608138e+02
6.215073212747631715e+02 7.393208440999138702e+02
6.210209401709402073e+02 7.395594017094017545e+02
6.210641247833622174e+02 7.394961005199306783e+02
6.211106290672450996e+02 7.394164859002169123e+02
6.210827197921178140e+02 7.395270679948029056e+02
6.210897994768962462e+02 7.394359197907584758e+02
6.207861771058314844e+02 7.394198704103671389e+02
6.198916382252559742e+02 7.400742320819113047e+02
6.198027503223033818e+02 7.397705199828104696e+02
6.196794871794871824e+02 7.398782051282050816e+02
6.190669224211424080e+02 7.398874680306905702e+02
6.179626898047722534e+02 7.394828633405639948e+02
6.172890727035263581e+02 7.394405746626033533e+02
6.172595652173913550e+02 7.396321739130435162e+02
6.169386689865158360e+02 7.395502392344498048e+02
6.164401030485187221e+02 7.396552168312580307e+02
6.157626240828657274e+02 7.399413034095813373e+02
6.151453839516824473e+02 7.404706643658325902e+02
6.146061269146608765e+02 7.394757111597374433e+02
6.142856525496974882e+02 7.397238547968885314e+02
6.136802096985583148e+02 7.394709480122323839e+02
6.133733100741386579e+02 7.397597034452682010e+02
6.129498254799301549e+02 7.396910994764398311e+02
6.128265039232780964e+02 7.398731473408893180e+02
6.128643478260869415e+02 7.397578260869564701e+02
6.130286085825747477e+02 7.398582574772432281e+02
6.131400258509263494e+02 7.399569151227918837e+02
6.132786458333333712e+02 7.396801215277778283e+02
6.133177855274630019e+02 7.395889276373147823e+02
6.130836550836551169e+02 7.398515658515658515e+02
6.129944158075601308e+02 7.396924398625429831e+02
6.130493350493350135e+02 7.397550407550407954e+02
6.128849291541433786e+02 7.398170888793473523e+02
6.130349288486416981e+02 7.399275549805951186e+02
6.132157962883038635e+02 7.398347000431592733e+02
6.135141388174806707e+02 7.397656383890316647e+02
6.140060163300387330e+02 7.396961753330468810e+02
6.147473324797268788e+02 7.395800256081946600e+02
6.156475583864119017e+02 7.396237791932059054e+02
6.162123781263246656e+02 7.397931326833404455e+02
6.172093124456048372e+02 7.395826805918189848e+02
6.174956822107080825e+02 7.395574265975820936e+02
6.179773519163762785e+02 7.391533101045296235e+02
