6.158054830287205732e+02 7.392358572671888624e+02
6.146802250108178214e+02 7.392570315880570888e+02
6.147364542696142280e+02 7.391014304291287544e+02
6.158535087719297962e+02 7.389644736842104749e+02
6.173071613459878790e+02 7.396251078515962263e+02
6.202217864923746902e+02 7.407751633986928255e+02
6.235883340327318365e+02 7.417033151489719103e+02
6.262486281131278929e+02 7.415934993668214474e+02
6.278117400419287151e+02 7.422457023060796928e+02
6.287571004662993346e+02 7.421237812632471105e+02
6.286931330472102673e+02 7.421815450643777012e+02
6.280844238075137582e+02 7.425382017728999244e+02
6.265434689507494568e+02 7.424599571734474921e+02
6.242461605967529295e+02 7.412667836770513077e+02
6.211868421052631675e+02 7.406736842105262895e+02
6.190962472406181405e+02 7.400119205298012730e+02
6.170258064516128798e+02 7.401380645161290204e+02
6.164291938997821489e+02 7.393189542483660261e+02
6.149689521345407002e+02 7.391854247520483341e+02
6.144417229729730252e+02 7.392673141891891646e+02
6.146628691983122508e+02 7.388713080168776060e+02
6.161307821698906082e+02 7.391736753574432441e+02
6.176279949558637554e+02 7.394283312316099455e+02
6.192319212665811392e+02 7.396264441591783907e+02
6.200827886710239909e+02 7.398949891067537692e+02
6.202841105354058300e+02 7.406943005181346962e+02
6.216316246741963596e+02 7.409483058210252011e+02
6.224304235090752400e+02 7.411434745030251179e+02
6.227247585601404580e+02 7.413165057067602675e+02
6.218670189343901029e+02 7.415587846763539801e+02
6.207010535557506046e+02 7.413410886742756247e+02
6.191426101987899528e+02 7.412675021607606141e+02
6.181116399826914858e+02 7.409502379922112141e+02
6.168770212765957695e+02 7.406902127659574262e+02
6.158671180702497168e+02 7.403089293271265205e+02
6.144062500000000000e+02 7.401828547297296836e+02
6.128783382789317784e+02 7.399826197541331112e+02
6.115257429886981981e+02 7.400807869401422749e+02
6.098869962609056756e+02 7.404711258828417613e+02
6.087473772555601954e+02 7.399232060428031446e+02
6.086997433704020750e+02 7.397493584260051875e+02
6.103294372294371897e+02 7.395796536796536884e+02
6.130395308427454211e+02 7.403974804517810071e+02
6.153766796705677962e+02 7.404048547897702974e+02
6.172716315109771585e+02 7.407025398191992736e+02
6.186473937801139300e+02 7.406075339465614888e+02
6.202443400256300947e+02 7.408654421187526395e+02
6.216928541579607099e+02 7.415319682407020991e+02
6.224538169548713995e+02 7.413445803458456567e+02
6.214968632371392232e+02 7.411342534504391324e+02
6.186572261557683987e+02 7.410737192836318172e+02
6.153718321562110987e+02 7.408462816784378902e+02
6.130205450733752741e+02 7.403593291404612273e+02
6.109576923076923549e+02 7.399521367521367665e+02
6.097994987468671297e+02 7.405618212197159664e+02
6.091642614601018977e+02 7.406362478777589331e+02
6.093922077922078415e+02 7.401878787878788444e+02
6.107284164859001976e+02 7.401475054229935040e+02
6.130572052401746532e+02 7.404406113537118017e+02
6.166934497816594103e+02 7.404930131004366558e+02
6.205661959399823218e+02 7.404324801412179795e+02
6.229897872340425238e+02 7.412336170212765865e+02
6.243084429359355454e+02 7.412320746711922084e+02
6.253153846153845734e+02 7.409303418803418708e+02
6.247462494642091997e+02 7.409129875696528416e+02
6.228392780403953566e+02 7.406742587021916506e+02
6.202891670263271635e+02 7.398040569702201310e+02
6.182007805724198306e+02 7.395121422376408873e+02
6.165297644539614339e+02 7.392051391862954688e+02
6.152564655172413950e+02 7.389659482758620470e+02
6.149852941176470722e+02 7.388853806228373742e+02
6.147686599738105997e+02 7.389188127455259973e+02
6.155792014041246603e+02 7.386810004387889421e+02
6.177787800687285653e+02 7.396512027491409071e+02
6.205955103769589414e+02 7.408860652265989302e+02
6.237199668599834013e+02 7.419415907207953751e+02
6.256985111662530699e+02 7.420148883374689603e+02
6.267243891984569473e+02 7.417175310758680098e+02
6.273454467721248875e+02 7.424621633176570867e+02
6.270599409033347911e+02 7.428809624314056919e+02
6.261350762527233655e+02 7.423712418300654008e+02
6.211508355321020645e+02 7.405285839929639451e+02
