5.734175420168066921e+02 6.814558823529412166e+02
5.660871559633027346e+02 6.863374108053006921e+02
5.603023591718824719e+02 6.917313432835820777e+02
5.545191231343283107e+02 6.988698694029850458e+02
5.498586703858670717e+02 7.071306369130636540e+02
5.458780713954566863e+02 7.151084840055632412e+02
5.431459954233409917e+02 7.257144164759724845e+02
5.403497468936953965e+02 7.361872986654394708e+02
5.385700505282499080e+02 7.448870004593477461e+02
5.384052905054321627e+02 7.554676428908833259e+02
5.403323586744639897e+02 7.654912280701754526e+02
5.448171033119130016e+02 7.735412753336628384e+02
5.516380684481949856e+02 7.833286451007969617e+02
5.621045783132530005e+02 7.917913253012047790e+02
5.720658914728682021e+02 7.971550387596898872e+02
5.862530949105914715e+02 8.029935809261806980e+02
6.014015444015443563e+02 8.057837837837837469e+02
6.147850340136054683e+02 8.074526077097506231e+02
6.282932877297990899e+02 8.080042753313381354e+02
6.405789473684210407e+02 8.061378860374076112e+02
6.504228620541470036e+02 8.035191233347658226e+02
6.599101314116151116e+02 7.981988130563797768e+02
6.671844064826982503e+02 7.910757774857643199e+02
6.719860383944153455e+02 7.843830715532286604e+02
6.763070136744596539e+02 7.759153065725628267e+02
6.803271910112359819e+02 7.665141573033707800e+02
6.839766376546037918e+02 7.582368300503893579e+02
6.875711636532220155e+02 7.485146036161335132e+02
6.891806569343066258e+02 7.386674270072992385e+02
6.886164631388511452e+02 7.294776119402985159e+02
6.872907390917185921e+02 7.191126447016919201e+02
6.837944785276073389e+02 7.101104294478527663e+02
6.784716137684398518e+02 7.018489047831917560e+02
6.690031124944420071e+02 6.937834593152512070e+02
6.577617753623188719e+02 6.871399456521738784e+02
6.461154745208041277e+02 6.826526414212248710e+02
6.307961995249405618e+02 6.788532066508313392e+02
6.164681841696843776e+02 6.759689601655458091e+02
6.035562841530054357e+02 6.749781420765027633e+02
5.898330596606458585e+02 6.759649698960043906e+02
5.786151260504201446e+02 6.776717086834734118e+02
5.710207006369427063e+02 6.807802547770700130e+02
5.639818639798488675e+02 6.862826196473552045e+02
5.576262529832935115e+02 6.919551312649164174e+02
5.529840972871843405e+02 6.992025257249765673e+02
5.475235482395976305e+02 7.083310470964792103e+02
5.436897630755476030e+02 7.182136790344211477e+02
5.375475638051044598e+02 7.374176334106728063e+02
