5.428145780051150950e+02 7.152391304347826235e+02
5.391251086012163114e+02 7.180195482189400309e+02
5.405310612597066893e+02 7.215069025021570042e+02
5.486228187919463153e+02 7.256411633109619288e+02
5.602641509433962028e+02 7.296066763425253612e+02
5.741668283220174089e+02 7.345931134820563102e+02
5.951007194244604079e+02 7.407208633093524668e+02
6.144939332659251932e+02 7.452987866531850614e+02
6.331988922457200033e+02 7.503600201409868760e+02
6.555347673836918148e+02 7.547108554277139092e+02
6.691015055852355999e+02 7.584031083050024336e+02
6.804361598440546004e+02 7.598961988304093893e+02
6.887649790989316898e+02 7.615234556432884574e+02
6.897571035747021142e+02 7.619390467461045091e+02
6.780820348304307572e+02 7.556122823098074832e+02
6.663197183098591267e+02 7.518769953051643142e+02
6.508814041745730492e+02 7.466148007590132920e+02
6.309503676470587834e+02 7.408874080882352473e+02
6.126899810964083599e+02 7.355222117202268919e+02
5.941501377410468194e+02 7.294770431588613064e+02
5.746809589672660650e+02 7.224375288151221639e+02
5.613141025641025408e+02 7.166007326007326128e+02
5.527203569910752776e+02 7.146081597960051113e+02
5.445579361609094349e+02 7.145247048535198928e+02
5.408350877192982580e+02 7.178364035087719230e+02
5.418076755342345905e+02 7.214583515045791273e+02
5.489672645739910877e+02 7.252932735426009003e+02
5.717130133597229360e+02 7.340153389411182161e+02
