6.147387041773231431e+02 7.394164535379369454e+02
6.145102389078498391e+02 7.393673208191125923e+02
6.145711842667806195e+02 7.393445917058571695e+02
6.147336704593341210e+02 7.399418457648546337e+02
6.155776081424936592e+02 7.401891433418151109e+02
6.158876642645188895e+02 7.404082238236541116e+02
6.160659528907923459e+02 7.406167023554603475e+02
6.167928045080191168e+02 7.407962722149978845e+02
6.183470894874022861e+02 7.409834926151172567e+02
6.200807155322862627e+02 7.408547120418847953e+02
6.223406640793444922e+02 7.411970677015955289e+02
6.241875000000000000e+02 7.416288527397259713e+02
6.254885690093141193e+02 7.417129551227773163e+02
6.264135146621334798e+02 7.416132596685082490e+02
6.264084687767322066e+02 7.415611633875106463e+02
6.250841081994927890e+02 7.414281487743025991e+02
6.242641752577319494e+02 7.413024054982818143e+02
6.229462915601022814e+02 7.411244671781755642e+02
6.216879585671126733e+02 7.406283987915408034e+02
6.203719827586206748e+02 7.405866379310344882e+02
6.184894714224323025e+02 7.406759776536313211e+02
6.165699016673792130e+02 7.404471996579734423e+02
6.149700854700854507e+02 7.400794871794871597e+02
6.141083262531860782e+02 7.401066270178420154e+02
6.128184575389948350e+02 7.396941074523397219e+02
6.125209322399654184e+02 7.394264134656883698e+02
6.127975726051148513e+02 7.396410923276982885e+02
6.136068785372224283e+02 7.398297779712668216e+02
6.137590928540864752e+02 7.399670517757808739e+02
6.137944325481798842e+02 7.398676659528907749e+02
6.142126188418322954e+02 7.394515989628349644e+02
6.153508547008547112e+02 7.396799145299145266e+02
6.165810526315789275e+02 7.399477894736842245e+02
6.175370370370370665e+02 7.404305555555555429e+02
6.175989911727616573e+02 7.407889869693148057e+02
6.179018456375838468e+02 7.409345637583892312e+02
6.175365239294710591e+02 7.412699412258606344e+02
6.161554710604140155e+02 7.410257710181664379e+02
6.147606292517007205e+02 7.410204081632653015e+02
6.131553938356164508e+02 7.405672089041096342e+02
6.124189247311827557e+02 7.408653763440860303e+02
6.108334054521851613e+02 7.402323669407182933e+02
6.100472305710605951e+02 7.397621296693860131e+02
6.091351466213344565e+02 7.397836804079897774e+02
6.088256212510710839e+02 7.393903170522708024e+02
6.084871902561948218e+02 7.396564468710625988e+02
6.084660944206008253e+02 7.389609442060085485e+02
6.087116120799660166e+02 7.390599744789451506e+02
6.094413996627318966e+02 7.391315345699831596e+02
6.104048901782014127e+02 7.392519685039370643e+02
6.110947672023073665e+02 7.388846312319736853e+02
6.116466863655550696e+02 7.388248205994090085e+02
6.117210970464135471e+02 7.389936708860759609e+02
6.119134162023145791e+02 7.388894127732532979e+02
6.124107066381155846e+02 7.391567451820128554e+02
6.127901610796691330e+02 7.390905528950805774e+02
6.132507631923244844e+02 7.395429568251199726e+02
6.140173837461973108e+02 7.403059539330726011e+02
6.149145446698316846e+02 7.409313767803193969e+02
6.153121535181236368e+02 7.410656716417910275e+02
6.154789630259243722e+02 7.410229494262642902e+02
6.154955414012738402e+02 7.408972399150743513e+02
6.156105892399658615e+02 7.409231426131511853e+02
6.158978813559322134e+02 7.406427966101695120e+02
6.163035863219349721e+02 7.403582151793160619e+02
6.162685146876292492e+02 7.400930906081920284e+02
6.162623419012647901e+02 7.399759281925744290e+02
6.161221437474033564e+02 7.392035729123390411e+02
6.154610903037869321e+02 7.388926342072409170e+02
6.151291825497670516e+02 7.384053367217280766e+02
6.144478371501272704e+02 7.380335029686174266e+02
6.142005962521294578e+02 7.382244463373083363e+02
6.143095541401273749e+02 7.382518046709129749e+02
6.148027562446167167e+02 7.382726098191214987e+02
6.152542299349240693e+02 7.386867678958785746e+02
6.157059579939991636e+02 7.391988855550793005e+02
6.166311510483525353e+02 7.395652545999143967e+02
6.181750108837613880e+02 7.395476708750544503e+02
6.199869960988296498e+02 7.394625054182921531e+02
6.218981723237598089e+02 7.400691906005222336e+02
6.237243289305496319e+02 7.404060502769492587e+02
6.248075439348477857e+02 7.402550364337762403e+02
6.257033291192583420e+02 7.406380109565950534e+02
