6.393476132190942280e+02 7.228298653610771680e+02
6.366748120300751452e+02 7.246954887218045087e+02
6.264981799271970431e+02 7.301409256370254752e+02
6.157836285303973227e+02 7.347616084250837503e+02
6.047565729827742871e+02 7.415766092475067808e+02
5.976865734858110955e+02 7.465828038966540134e+02
5.939037005887299756e+02 7.509507989907485808e+02
5.903508012126461608e+02 7.540402771762667271e+02
5.883509416628387498e+02 7.544317868626550307e+02
5.880546259842519703e+02 7.521914370078740149e+02
5.903102826217678967e+02 7.466452194828623306e+02
5.973952180028129533e+02 7.407158931082981326e+02
6.050876158382476433e+02 7.367388374052233075e+02
6.135393184796854484e+02 7.387581913499344637e+02
6.203985148514851744e+02 7.389740099009901542e+02
6.217599288678127323e+02 7.390687611144043103e+02
6.239701249321020669e+02 7.417669744703965762e+02
6.288272195640616928e+02 7.421759702286018410e+02
6.354113336590131667e+02 7.404728871519296263e+02
6.409478298991670044e+02 7.394344585708022350e+02
6.429021929824560857e+02 7.347565789473684390e+02
6.424253604749787883e+02 7.327005937234945350e+02
6.410293159609120721e+02 7.304983713355048849e+02
6.394468344155843624e+02 7.268956980519481021e+02
6.390334004024144861e+02 7.234885311871227032e+02
6.389124635264693097e+02 7.224230929553980332e+02
6.326570852244074104e+02 7.276923852748360559e+02
6.232924767540151834e+02 7.306027049873204078e+02
6.029596954769368722e+02 7.460147783251231886e+02
