6.124188841201716968e+02 7.408420600858369198e+02
6.127309340188517126e+02 7.407814910025706467e+02
6.133427823811600774e+02 7.405891844744875243e+02
6.136220404649160400e+02 7.404360740421868741e+02
6.136806282722512833e+02 7.403451134380453595e+02
6.149943527367506704e+02 7.404066029539530973e+02
6.168845649322256577e+02 7.404560559685177168e+02
6.189846760070053051e+02 7.405201401050787808e+02
6.199085392284351883e+02 7.406523623753793117e+02
6.202557840616966587e+02 7.406808054841474132e+02
6.202267343485617630e+02 7.408142978003384087e+02
6.211794217687074706e+02 7.404638605442177095e+02
6.214597116200169467e+02 7.406187446988973306e+02
6.212613878246062313e+02 7.404035759897828939e+02
6.209494047619048160e+02 7.402393707482992795e+02
6.208229255774166404e+02 7.400739948674080324e+02
6.207906877402818964e+02 7.397889790687739833e+02
6.207481983891478876e+02 7.397439593047901099e+02
6.204339863713798877e+02 7.400660136286201123e+02
6.200329200513040178e+02 7.399461308251389937e+02
6.199821656050955880e+02 7.397664543524416558e+02
6.204099699183498160e+02 7.395075204125483879e+02
6.191070362473348041e+02 7.396200426439232842e+02
6.179733333333333576e+02 7.392941935483870566e+02
6.165076335877862448e+02 7.394041560644614037e+02
6.155695931477515614e+02 7.391113490364025438e+02
6.137430915371329547e+02 7.391519861830743139e+02
6.121044194107452086e+02 7.389397746967071043e+02
6.116401218450827173e+02 7.388011314186248910e+02
6.117171587505348498e+02 7.392353444587078002e+02
6.118153384747215568e+02 7.393166238217652335e+02
6.115383626232319330e+02 7.393771967423917886e+02
6.114512558535546987e+02 7.394661558109834232e+02
6.118139041966935565e+02 7.396553624417125548e+02
6.118724576271185924e+02 7.397148305084746198e+02
6.118045241143832982e+02 7.396794707639778608e+02
6.117654213727194019e+02 7.396463944396177794e+02
6.119194805194805440e+02 7.397363636363636488e+02
6.121981747066492971e+02 7.395554106910038854e+02
6.132714835399743833e+02 7.398807182556647604e+02
6.137366609294319915e+02 7.397629087779690735e+02
6.140970116933737017e+02 7.395469900389779241e+02
6.162508591065292194e+02 7.400463917525772786e+02
6.179505637467476618e+02 7.399774501300953489e+02
6.209641025641025180e+02 7.398739316239316395e+02
