6.342166666666666970e+02 7.430829059829060270e+02
6.314240069084628431e+02 7.420854922279793300e+02
6.282395209580838582e+02 7.413815226689478095e+02
6.248261421319797364e+02 7.407508460236886094e+02
6.215884861407249673e+02 7.393211087420042986e+02
6.189927690344534312e+02 7.382186303700552799e+02
6.166562500000000000e+02 7.371960616438356055e+02
6.149364261168384473e+02 7.359110824742267596e+02
6.124480240549828522e+02 7.356447594501718186e+02
6.095985587113183328e+02 7.359639677829588891e+02
6.087040860215054181e+02 7.355694623655914484e+02
6.087906678082191547e+02 7.360663527397259713e+02
6.098093220338982974e+02 7.368614406779661294e+02
6.114567692956558176e+02 7.380738085196119300e+02
6.135287648054145393e+02 7.391865482233502007e+02
6.153871520342612484e+02 7.401708779443255253e+02
6.159001274968126154e+02 7.413187420314492329e+02
6.171902522445489012e+02 7.421209918768704483e+02
6.187382779198635490e+02 7.429855072463767556e+02
6.208660369257191860e+02 7.430300558179476411e+02
6.232361111111110858e+02 7.432912457912458422e+02
6.242982382550335387e+02 7.431690436241610769e+02
6.238399318859088680e+02 7.428229033631332641e+02
6.221693920335429766e+02 7.417350104821803143e+02
6.195673640167364056e+02 7.408577405857740814e+02
6.170597269624573755e+02 7.398660409556314335e+02
6.152019599488709218e+02 7.391861951427354143e+02
6.132865048957003182e+02 7.385393784589186907e+02
6.108492063492063835e+02 7.382593984962405784e+02
6.078634826711750065e+02 7.377468300929839415e+02
6.044108723135271930e+02 7.374218289085545166e+02
6.020772151898734137e+02 7.375375527426160716e+02
6.004455653635981207e+02 7.380487599831861871e+02
6.010956158663883571e+02 7.382931106471816065e+02
6.030516666666666197e+02 7.384049999999999727e+02
6.053171861836563039e+02 7.383689974726200944e+02
6.073000430477829923e+02 7.385363753766680475e+02
6.102336572438163103e+02 7.381386925795053457e+02
6.142376194613379994e+02 7.386346655082536472e+02
6.192487135506003142e+02 7.393756432246998429e+02
6.237074105621805984e+02 7.393888415672913652e+02
6.278668690372940091e+02 7.398915871639202351e+02
6.313333333333333712e+02 7.407084967320261057e+02
6.335871839581517406e+02 7.409359197907584758e+02
6.350108459869848048e+02 7.411561822125813705e+02
6.357564543889844799e+02 7.426269363166953781e+02
6.359639175257732404e+02 7.426275773195876582e+02
6.356952991452991455e+02 7.425478632478632335e+02
6.338804578211106673e+02 7.427643069097075568e+02
6.309867408041060344e+02 7.418408896492728672e+02
6.282797291578501699e+02 7.412289462547608991e+02
6.245102553369611087e+02 7.406195060694851691e+02
6.213265565438373415e+02 7.391397712833545484e+02
6.186133560187154217e+02 7.380080816673755635e+02
6.159918454935622094e+02 7.368081545064377451e+02
6.134692926725963389e+02 7.358746293943244154e+02
6.085612068965517665e+02 7.348987068965517437e+02
