6.227106420404572873e+02 7.389859278803869529e+02
6.220223914017017250e+02 7.388920734437975852e+02
6.220539811066126958e+02 7.388744939271255134e+02
6.218845296477931015e+02 7.387735176103433332e+02
6.222937189335743824e+02 7.383881608676005044e+02
6.230820446735394853e+02 7.398423539518900043e+02
6.244077791718946173e+02 7.402442492680886517e+02
6.249501466275660277e+02 7.402379555927942647e+02
6.246220637583892312e+02 7.402344798657718457e+02
6.237074401008827635e+02 7.403278688524590052e+02
6.230135306553911505e+02 7.401310782241014294e+02
6.216104452054794365e+02 7.400809075342465349e+02
6.199078661451542303e+02 7.396797044763146687e+02
6.196016471608148777e+02 7.400221066319895726e+02
6.195295652173913368e+02 7.398673913043478478e+02
6.190550218340611082e+02 7.396017467248908588e+02
6.174436681222707648e+02 7.393624454148471159e+02
6.157427956989247377e+02 7.398008602150537172e+02
6.142478956228956122e+02 7.405037878787878753e+02
6.143294363256784436e+02 7.406663883089770479e+02
6.152874276261372870e+02 7.408490488006616488e+02
6.160501274426508189e+02 7.403394222599830528e+02
6.149494780793319251e+02 7.403002087682672254e+02
6.131930193439865207e+02 7.400084104289318248e+02
6.121305827307528489e+02 7.400051042109740820e+02
6.119720430107527136e+02 7.398537634408602344e+02
6.121717214865442429e+02 7.397817172148654663e+02
6.122584745762711691e+02 7.397533898305084676e+02
6.124786469344609259e+02 7.398008456659619014e+02
6.125201173512153900e+02 7.397854149203687939e+02
6.125719745222929760e+02 7.394161358811040827e+02
6.121163481953291239e+02 7.394683651804671172e+02
6.113438685208597008e+02 7.399751369574378259e+02
6.092803579037068857e+02 7.394000852151682466e+02
6.087858058999572677e+02 7.395455322787515797e+02
6.091945759793370598e+02 7.392143779595351134e+02
6.102925284930350927e+02 7.396238919375264231e+02
6.114714702207413666e+02 7.402174094127447006e+02
6.129708211754897320e+02 7.402651104626927463e+02
6.140306672192291444e+02 7.403742229589722683e+02
6.146963613550815353e+02 7.404629861982433567e+02
6.155286195286195152e+02 7.402209595959595845e+02
6.166879554222031175e+02 7.389734247749678389e+02
6.180425716768028224e+02 7.389404865334491888e+02
6.182790901137358333e+02 7.388363954505687161e+02
6.176808417360806516e+02 7.391179307321350507e+02
6.160780901383310493e+02 7.389473449352967691e+02
6.162098654708520371e+02 7.392708520179372726e+02
6.179030042918454910e+02 7.399188841201716968e+02
6.209810924369747909e+02 7.401529411764705628e+02
6.228873835732430280e+02 7.406401354784081832e+02
6.234461152882205397e+02 7.412832080200500968e+02
6.228247508305647671e+02 7.412832225913621187e+02
6.217066381156316766e+02 7.406625267665953061e+02
6.203157894736841627e+02 7.402588438308887362e+02
6.195117204776647668e+02 7.397191508182220332e+02
6.190934620447565067e+02 7.397327775340061180e+02
6.194444941808415024e+02 7.396584601611459675e+02
6.195721238938052693e+02 7.398898230088495893e+02
6.200069991251093597e+02 7.398088363954506121e+02
6.211326749677973567e+02 7.405306998711893129e+02
6.222732707087958488e+02 7.406558497011101281e+02
6.231952991452991455e+02 7.405846153846154039e+02
6.228833546189868002e+02 7.405351213282248182e+02
6.224972328650489999e+02 7.405781183482332608e+02
6.202849040139616363e+02 7.405344677137870804e+02
