6.071821335646141051e+02 7.381816999132697674e+02
6.101862871927554579e+02 7.388283742992668977e+02
6.152289619820589905e+02 7.393425886373345293e+02
6.187235494880545730e+02 7.396284129692833176e+02
6.212687016337059731e+02 7.401070507308684228e+02
6.233964421855146156e+02 7.414307496823380461e+02
6.252679794520547603e+02 7.414079623287670984e+02
6.260371778622728698e+02 7.417667934093789199e+02
6.260690385429902562e+02 7.415853451927149536e+02
6.240051546391752026e+02 7.408135738831615527e+02
6.215099618482407777e+02 7.405493853327681109e+02
6.177880597014925570e+02 7.399390191897654177e+02
6.134919695688926140e+02 7.393114961961115341e+02
6.104216354344122237e+02 7.388905451448040367e+02
6.077730915225643002e+02 7.388886545761282605e+02
6.074644067796609761e+02 7.389957627118643586e+02
6.081774328859060006e+02 7.390801174496643853e+02
6.093742098609354798e+02 7.391264222503160681e+02
6.113974468085106082e+02 7.392565957446807943e+02
6.136136170212765819e+02 7.396353191489362189e+02
6.209287266405910941e+02 7.408183398522381822e+02
6.245879265091863317e+02 7.410734908136482773e+02
6.270468414267296566e+02 7.422195960464116524e+02
6.272732358003441959e+02 7.425735800344234576e+02
6.263845161290322494e+02 7.426240860215053772e+02
6.239654436860067790e+02 7.421757679180886953e+02
6.210563440860214541e+02 7.412193548387097053e+02
6.185592783505154557e+02 7.405386597938144178e+02
6.152280777537796439e+02 7.396591792656587359e+02
6.127754147171416435e+02 7.393458102934921499e+02
6.103960052105949217e+02 7.385835866261397769e+02
6.079898175647008429e+02 7.385833686890114222e+02
6.065673789795027915e+02 7.379995638901002621e+02
6.075956331877729326e+02 7.384344978165938755e+02
6.103106290672451451e+02 7.389414316702819860e+02
6.145881112984823176e+02 7.396260539629005279e+02
6.181844122657580556e+02 7.399092844974446734e+02
6.210418958950486967e+02 7.406555226407109558e+02
6.236337606837606700e+02 7.412341880341880369e+02
6.256832618025750890e+02 7.412656652360515181e+02
6.273289417764556219e+02 7.413072673183170309e+02
