6.120616438356164508e+02 7.397525684931506476e+02
6.118021231422504798e+02 7.397609341825902902e+02
6.117954062101233603e+02 7.396337728626116359e+02
6.116503584985238149e+02 7.397077182623365843e+02
6.119074309978768724e+02 7.396743099787686333e+02
6.121896478574459479e+02 7.396372507424692913e+02
6.126138947368420986e+02 7.396488421052631566e+02
6.127474182444061626e+02 7.393132530120482215e+02
6.140381483069010073e+02 7.392108872696099979e+02
6.161175972927242128e+02 7.396835871404399541e+02
6.178468430034129142e+02 7.395755119453924635e+02
6.198005136986300840e+02 7.395295376712329016e+02
6.213408799658266162e+02 7.396633917129431666e+02
6.215193899782135531e+02 7.389067538126361114e+02
6.226431305827308051e+02 7.396707783921735881e+02
6.226639658848614545e+02 7.399901918976545403e+02
6.225036185610898656e+02 7.401008939974457235e+02
6.229381663113006198e+02 7.398379530916844260e+02
6.229338737201364893e+02 7.400008532423207726e+02
6.231544991511035505e+02 7.399405772495755400e+02
6.228793840889649118e+02 7.398173652694611064e+02
6.227266125587356100e+02 7.401059376334899298e+02
6.226742980561555214e+02 7.401252699784017750e+02
6.225810463121783869e+02 7.398550600343053247e+02
6.219348757497857605e+02 7.398791773778920060e+02
6.216616161616161662e+02 7.398291245791245956e+02
6.208864020270269748e+02 7.396689189189189619e+02
6.198459265512874481e+02 7.396403545799915946e+02
6.178578098471986095e+02 7.395912563667233144e+02
6.161534188034188446e+02 7.391269230769230489e+02
6.145726387124100256e+02 7.389584921643371445e+02
6.131507024265645214e+02 7.390378884631758183e+02
6.129752030782385646e+02 7.390632749038049951e+02
6.127058823529412166e+02 7.392570332480818251e+02
6.119528862478778137e+02 7.390577249575551377e+02
6.114067510548522932e+02 7.389206751054852020e+02
6.118339735381988476e+02 7.386026461801109235e+02
6.113962822137726789e+02 7.387363751584283591e+02
6.112719110731081855e+02 7.379897392047884068e+02
6.113857388316150718e+02 7.383496563573883122e+02
6.115619047619047706e+02 7.383186147186147537e+02
6.127732986562635915e+02 7.382306025140875363e+02
6.128085477540340662e+02 7.383323157435673920e+02
6.128339903635567225e+02 7.381305300043801481e+02
6.140167696381288351e+02 7.379735216240070486e+02
