6.247644230769230944e+02 7.406861888111887993e+02
6.254041336851363440e+02 7.404138082673703138e+02
6.253543752720939892e+02 7.407474967348715609e+02
6.245464285714285779e+02 7.390290178571428896e+02
6.239436371642448194e+02 7.396023778071333936e+02
6.240227173438182717e+02 7.399379641764962798e+02
6.247997382198952891e+02 7.402844677137870804e+02
6.249917427205563172e+02 7.405966970882225269e+02
6.241019080659150404e+02 7.401790980052038549e+02
6.234896013864818087e+02 7.397339688041594172e+02
6.233546690048224264e+02 7.397124068391057108e+02
6.232011343804537091e+02 7.398150087260034979e+02
6.230928725701943449e+02 7.399559395248379587e+02
6.229544863459037742e+02 7.399024707412223734e+02
6.228278404163053210e+02 7.398803122289679095e+02
6.223492063492063835e+02 7.398129558129558063e+02
6.209123263888889142e+02 7.394492187500000000e+02
6.196513840830449453e+02 7.391340830449827308e+02
6.188374945247481946e+02 7.391826544021024574e+02
6.184466145833333712e+02 7.394982638888889142e+02
6.171359307359307422e+02 7.398108225108225042e+02
6.149173297966401606e+02 7.392975243147657238e+02
6.133159947984395330e+02 7.394143909839618800e+02
6.129588459906660773e+02 7.397238014425116717e+02
6.130963341858482636e+02 7.397446717817562103e+02
6.128368734069669017e+02 7.395794392523364422e+02
6.120703091910207831e+02 7.396340533672172342e+02
6.116949296974861454e+02 7.395786109927566940e+02
6.115716723549487597e+02 7.394739761092150729e+02
6.114087436332766856e+02 7.396124787775891036e+02
6.111957081545064057e+02 7.393703862660944424e+02
6.109526066350711062e+02 7.392210254200775807e+02
6.110525409130060552e+02 7.389711455641688644e+02
6.104693094629155894e+02 7.393384484228473639e+02
6.101753330468413878e+02 7.392152986678125899e+02
6.103023952095808227e+02 7.393986313088109910e+02
6.107464362850971611e+02 7.390133909287256984e+02
6.107549697493517442e+02 7.389714779602420549e+02
6.108362218370883738e+02 7.386559792027729827e+02
6.109460509279240341e+02 7.388273629693569546e+02
6.109052496798975653e+02 7.388113529662825840e+02
6.107326478149100240e+02 7.391465295629819821e+02
6.114863340563991869e+02 7.390603036876356100e+02
6.123247311827957446e+02 7.388756989247311822e+02
6.127549234135667575e+02 7.384144420131291326e+02
6.129429073342116681e+02 7.382261747913921681e+02
6.143861734918538104e+02 7.376961690885073040e+02
6.168228571428571740e+02 7.387973626373626530e+02
6.173432769367765331e+02 7.383682101513802536e+02
6.166979895104894922e+02 7.385821678321677837e+02
6.159161938018332876e+02 7.387084242688782751e+02
6.167110232762406667e+02 7.382222222222221717e+02
6.179532421702690499e+02 7.378006175562417184e+02
6.184544253632760729e+02 7.380092470277411394e+02
6.180351339481774176e+02 7.386166007905138713e+02
6.179692442882248997e+02 7.386775043936730754e+02
6.182690084481992017e+02 7.382974655402400685e+02
6.187021085688650146e+02 7.381973979362943510e+02
6.180097173144876024e+02 7.381245583038869427e+02
6.175260850504164409e+02 7.384800526085050478e+02
6.180564872021183191e+02 7.382925860547219372e+02
6.189280418665504158e+02 7.383606628870475106e+02
6.193268398268397732e+02 7.385506493506493371e+02
6.187949389179755144e+02 7.387390924956370100e+02
6.183765618267988202e+02 7.389021973287376568e+02
6.187260869565217263e+02 7.384026086956521340e+02
6.193346422338569255e+02 7.387600349040139918e+02
