6.222262582056893052e+02 7.404498905908096731e+02
6.204766233766233654e+02 7.405597402597402379e+02
6.179810752688172215e+02 7.406860215053762886e+02
6.145951965065502236e+02 7.400327510917030622e+02
6.127194530216144130e+02 7.394913983237759112e+02
6.114470691163604670e+02 7.396154855643044357e+02
6.124346504559269988e+02 7.398067737733391596e+02
6.147478448275861638e+02 7.400224137931033965e+02
6.180512820512821008e+02 7.400405982905982682e+02
6.213996576807872998e+02 7.406551133932391622e+02
6.223267581475129191e+02 7.408790737564322626e+02
6.214371816638370092e+02 7.409172325976230695e+02
6.185644748078565271e+02 7.405093936806148349e+02
6.149226215644820286e+02 7.408926004228329703e+02
6.114906643508467141e+02 7.403634389926182848e+02
6.088052276559865277e+02 7.403583473861719995e+02
6.081061717738455172e+02 7.401618472162278977e+02
6.088808911739503174e+02 7.403907455012853234e+02
6.116039947894050783e+02 7.403855840208424297e+02
6.149119718309858627e+02 7.403230633802817238e+02
6.182619047619048160e+02 7.405701298701299038e+02
6.208143841515934582e+02 7.402037037037036953e+02
6.202869490060501221e+02 7.398189282627484999e+02
6.179410774410774820e+02 7.403468013468013851e+02
6.146078431372549176e+02 7.396329923273657414e+02
6.121186729051466955e+02 7.392756273925989490e+02
6.102863303147908027e+02 7.398525226390685248e+02
6.096848198970840258e+02 7.407084048027444396e+02
6.122357019064124870e+02 7.408396880415943997e+02
6.158039049235993616e+02 7.414558573853989856e+02
6.205352356247298076e+02 7.417980977086035637e+02
6.237417840375586593e+02 7.415638070849338419e+02
6.241260683760683605e+02 7.417914529914529567e+02
6.227687687687687230e+02 7.414783354783354525e+02
6.206497005988023830e+02 7.413579982891360487e+02
6.178962386511024079e+02 7.407898832684825265e+02
6.139899738448125390e+02 7.401098517872711682e+02
6.124024604569419807e+02 7.392078207381371158e+02
6.152431372549019670e+02 7.396161220043572939e+02
