6.111913372582001784e+02 7.399878048780487916e+02
6.108286902286902205e+02 7.401609147609148067e+02
6.107149434910004402e+02 7.399460025115110966e+02
6.107588800668617068e+02 7.398428750522357404e+02
6.113974630021141365e+02 7.397822410147991832e+02
6.121425540941875170e+02 7.395180313958421721e+02
6.115740818910933285e+02 7.395707049387926872e+02
6.106008510638297366e+02 7.391663829787233908e+02
6.099838504037398934e+02 7.391398215044623612e+02
6.107108382726503351e+02 7.394339542760372979e+02
6.117733615221986838e+02 7.394224101479915134e+02
6.126566164154104399e+02 7.396549413735343705e+02
6.116205583756345732e+02 7.391522842639593591e+02
6.104846445098863796e+02 7.395275557425326269e+02
6.106183656276326701e+02 7.394376579612468277e+02
6.131483354403708290e+02 7.394319426885798521e+02
6.155228233305156209e+02 7.393140321217243809e+02
6.164503722084367610e+02 7.395971877584780714e+02
6.155114535610161965e+02 7.394269054560600125e+02
6.142655462184874295e+02 7.393735294117647072e+02
6.145561290322580135e+02 7.389376344086022073e+02
6.159857881136950937e+02 7.392984496124031466e+02
6.170195911413969725e+02 7.393603066439522991e+02
6.178674957118353177e+02 7.393430531732418558e+02
6.184357326478149162e+02 7.395364181662382634e+02
6.193014291901256456e+02 7.393876136855781169e+02
6.200979643765903120e+02 7.396649703138252789e+02
6.201183986371379433e+02 7.393854344122657949e+02
6.203006029285098748e+02 7.391791559000861298e+02
6.210307892454466128e+02 7.393425845620121208e+02
6.215399743480119241e+02 7.393061137238136098e+02
6.223574450084602177e+02 7.397893401015228392e+02
6.221720613287905053e+02 7.394552810902896454e+02
6.212479830148620294e+02 7.396309978768578048e+02
6.201287683031869165e+02 7.395904392764857676e+02
6.207354337505395279e+02 7.395166163141993820e+02
6.221381074168798477e+02 7.397608695652173765e+02
6.219893344709897747e+02 7.395951365187713691e+02
6.216068556919170760e+02 7.397261955141768794e+02
6.212138284250960396e+02 7.397644046094750365e+02
6.210114942528736037e+02 7.399744572158365372e+02
6.209369407754580834e+02 7.399978696207924713e+02
6.207107368421052342e+02 7.399486315789473565e+02
6.205616786774056663e+02 7.400373039423484443e+02
6.199927381460913693e+02 7.397300299017514362e+02
6.195859679514941263e+02 7.397007362494586005e+02
6.182168411867364739e+02 7.396631762652705220e+02
6.169003897791251347e+02 7.395807708964920266e+02
6.167420872540633354e+02 7.397946963216423910e+02
6.172390098164745496e+02 7.399300042680324623e+02
6.176940928270041695e+02 7.398198312236287393e+02
6.171650403054730987e+02 7.400661858294441799e+02
6.153328964613368726e+02 7.395670598514635685e+02
6.143734314149718330e+02 7.398883600173085142e+02
6.141817791147400385e+02 7.399570262140094883e+02
6.140231774125579705e+02 7.402785503581964122e+02
6.135074309978768952e+02 7.404161358811040827e+02
6.126261762189906221e+02 7.405346449957228288e+02
6.119153846153845961e+02 7.404636752136751738e+02
6.115677858053549016e+02 7.406935826604334352e+02
6.108996105581999245e+02 7.400566854175681328e+02
6.106629018245004090e+02 7.401450912250217016e+02
6.103167675021608147e+02 7.401923076923077360e+02
6.103140283140282918e+02 7.404354354354354655e+02
6.109504447268107015e+02 7.401397712833545484e+02
6.113264270613108238e+02 7.403877378435518040e+02
6.106060348491287186e+02 7.403051423714407520e+02
6.097236394557822905e+02 7.404651360544218051e+02
6.096611323967646285e+02 7.402877820349084459e+02
6.105207979626485439e+02 7.406477079796264889e+02
6.123136922424756676e+02 7.407757524374735567e+02
6.133610169491524857e+02 7.410016949152542338e+02
6.116388770735857179e+02 7.408566567418120030e+02
