6.090246507806079990e+02 7.401018898931799868e+02
6.104971026490065924e+02 7.402413079470198909e+02
6.124715649647156397e+02 7.403038605230385656e+02
6.148753659556671209e+02 7.405750731911334697e+02
6.164929225645295219e+02 7.411128226477934504e+02
6.167579250720460777e+02 7.407270481679703380e+02
6.155921375921376466e+02 7.405614250614250977e+02
6.134939708939708680e+02 7.399155925155924933e+02
6.112206315789474047e+02 7.393637894736841645e+02
6.088741112505227875e+02 7.396767043078209554e+02
6.075792785234899611e+02 7.396388422818791923e+02
6.075568181818181301e+02 7.394343434343434183e+02
6.083358333333333121e+02 7.396220833333333076e+02
6.100182876142976056e+02 7.399085619285120856e+02
6.121652823920265973e+02 7.400697674418604493e+02
6.141339137645107940e+02 7.405708955223880139e+02
6.150838222967308866e+02 7.405771165129924611e+02
6.157318481848184319e+02 7.407273102310231252e+02
6.151841774801172278e+02 7.406278777731267837e+02
6.140016400164001880e+02 7.410225502255023002e+02
6.122504166666666379e+02 7.406366666666666561e+02
6.098569651741293001e+02 7.402752902155887114e+02
6.074468879668049794e+02 7.403493775933609413e+02
6.048546727048168350e+02 7.401375051461507155e+02
6.027990094923648030e+02 7.400028889806025063e+02
6.024103950103950638e+02 7.399762993762993801e+02
6.031837659662134001e+02 7.404083230325504701e+02
6.051295833333333576e+02 7.402904166666667152e+02
6.070588967233512676e+02 7.404616341766901542e+02
6.087604865771811546e+02 7.403435402684564224e+02
6.106448404475756888e+02 7.406290924160795157e+02
6.115659271661783123e+02 7.408857262452909254e+02
6.116766169154228692e+02 7.408540630182420728e+02
6.113228442991418206e+02 7.414589293011850941e+02
6.104354971240755958e+02 7.411314708299096310e+02
6.098267651888342016e+02 7.409745484400656323e+02
6.092742787484762630e+02 7.407606663957740238e+02
6.089607600165220447e+02 7.403746385790994964e+02
6.089647685374845878e+02 7.405104465383039951e+02
6.097423993426458537e+02 7.405246507806079990e+02
6.111590046393926059e+02 7.400185575706452710e+02
6.128794679966749754e+02 7.400789692435578218e+02
6.153407134071341034e+02 7.405010250102501459e+02
6.170142857142857338e+02 7.400138655462185397e+02
6.177854757929883363e+02 7.403447412353923482e+02
6.178149853495186790e+02 7.402532440351611740e+02
6.171068322981366236e+02 7.402716356107659976e+02
6.153660751134956399e+02 7.400899711101940284e+02
6.135574927355748969e+02 7.399103362391033443e+02
6.122356130108423713e+02 7.401567973311092601e+02
6.113743781094527776e+02 7.402379767827528667e+02
6.112973195876288628e+02 7.402952577319587135e+02
6.123888658080597907e+02 7.401217282924802703e+02
6.139452736318407915e+02 7.402056384742951423e+02
6.154113003739093983e+02 7.401188201080183262e+02
6.165333059210526017e+02 7.406151315789473983e+02
6.173345943673812144e+02 7.402307692307692832e+02
6.173698513800425189e+02 7.400301486199575720e+02
6.174134860050891120e+02 7.401764206955047030e+02
6.171694701429772749e+02 7.402157275021025953e+02
6.160128152128978627e+02 7.402480363786688713e+02
6.143636741479634793e+02 7.399617622610140870e+02
6.119802061855669990e+02 7.400973195876288173e+02
6.100430641821945983e+02 7.398095238095238528e+02
6.092111750205423277e+02 7.397764995891536728e+02
6.094653670676068487e+02 7.398386561592700446e+02
6.110172413793103487e+02 7.400348932676519098e+02
6.131625207296849567e+02 7.401782752902155380e+02
6.155613522537562403e+02 7.399252921535893393e+02
6.175817882159044530e+02 7.402768850432632917e+02
6.190108198085725917e+02 7.403924261339991517e+02
6.191308103661044697e+02 7.405174825174825628e+02
6.181805896805897191e+02 7.405204750204750326e+02
6.167377533783783292e+02 7.395240709459459367e+02
6.149707602339180994e+02 7.396587301587301226e+02
6.132346723044397550e+02 7.390866807610993874e+02
6.121181894383905728e+02 7.390163453478625115e+02
6.116977319587629154e+02 7.390523711340206319e+02
6.117999183340139098e+02 7.390910575745201641e+02
6.126725554642563338e+02 7.391713229252259225e+02
6.146552436003303228e+02 7.392601156069364379e+02
6.172377850162866935e+02 7.399792345276872538e+02
6.194845615479621301e+02 7.398814326883491503e+02
6.215375153751537027e+02 7.399852398523985357e+02
6.230965885737772396e+02 7.401833127825730116e+02
6.230276402640264450e+02 7.401959570957095593e+02
6.221760534000834468e+02 7.399048811013767590e+02
6.203257731958763088e+02 7.395261855670103159e+02
6.186141147338011024e+02 7.394911267024350536e+02
6.174590703414232848e+02 7.388004936240230336e+02
6.157382796575622024e+02 7.384985731757031999e+02
6.155153272576636709e+02 7.382125103562551658e+02
6.165010412328196026e+02 7.380753852561432495e+02
6.177323420074349087e+02 7.383977695167286583e+02
6.192566555740432932e+02 7.386306156405989896e+02
6.206237995824634481e+02 7.389052192066806128e+02
6.218887959866220854e+02 7.393566053511705150e+02
6.230660377358490223e+02 7.395902378999179518e+02
6.236393510815307764e+02 7.395702995008319931e+02
6.235592730276745215e+02 7.396959933911606413e+02
6.226180239768499405e+02 7.396118230673831704e+02
6.210650542118431758e+02 7.398115095913260575e+02
6.192643062988884139e+02 7.393614656237134568e+02
6.182005850396991491e+02 7.392632678646051545e+02
6.180212765957446663e+02 7.389106382978723104e+02
6.183524416135880983e+02 7.388178343949044802e+02
6.196223717409587834e+02 7.387367535744323277e+02
6.214944512946979103e+02 7.395310316481709378e+02
6.235888934935765064e+02 7.392805636137587726e+02
6.249306260575295937e+02 7.390609137055837436e+02
6.251900167785234999e+02 7.394555369127516542e+02
6.248129979035639963e+02 7.395597484276729574e+02
6.238041193778898332e+02 7.392349726775955787e+02
6.228433835845895601e+02 7.393676716917923386e+02
6.214782072368420813e+02 7.394009046052631220e+02
6.207981085526315610e+02 7.393474506578946830e+02
6.206549003322259068e+02 7.385419435215947033e+02
6.203647009619405708e+02 7.382973651191970248e+02
6.202850660066006867e+02 7.386287128712871208e+02
6.205852553542009673e+02 7.388150741350906401e+02
6.224482470784640782e+02 7.390237896494156757e+02
6.243042756330427210e+02 7.393300124533001281e+02
6.257426778242677301e+02 7.392133891213388779e+02
6.270819808572617831e+02 7.396566791510612120e+02
6.270572376607217393e+02 7.396847781003732507e+02
6.264968553459119676e+02 7.396763102725367389e+02
6.250439746300211254e+02 7.391581395348837304e+02
6.232347753044939509e+02 7.394451910961780641e+02
6.207864238410595590e+02 7.393149834437085701e+02
6.191108322877456658e+02 7.393475533249686578e+02
6.184153846153845961e+02 7.393002079002078517e+02
6.183521126760563220e+02 7.395364540182270048e+02
6.196973355537052157e+02 7.396727726894255284e+02
6.209613259668508363e+02 7.393735656608585032e+02
6.227982158028886488e+02 7.396125743415462921e+02
6.245521885521885679e+02 7.399903198653198615e+02
6.261172069825436211e+02 7.405922693266833221e+02
6.275102040816326507e+02 7.406842982090795431e+02
6.273885429638854703e+02 7.404645080946451117e+02
6.263598659405110993e+02 7.401667364893171452e+02
6.243308580858085861e+02 7.403729372937293647e+02
6.215225486139843269e+02 7.396698386429458196e+02
6.198650761003701746e+02 7.399856026326614256e+02
6.187318573185731339e+02 7.401484214842148504e+02
6.188110882956879095e+02 7.399872689938398480e+02
6.199779258642232662e+02 7.398842149104540340e+02
6.225388109000825807e+02 7.402241948802642355e+02
6.257049586776859087e+02 7.407078512396693668e+02
6.282492753623188264e+02 7.410438923395445272e+02
6.299655751469352936e+02 7.410869017632242048e+02
6.306605274173293765e+02 7.415663457513603589e+02
6.302912579957355774e+02 7.411791044776119861e+02
6.290364321608039972e+02 7.407512562814069952e+02
6.276929788117988664e+02 7.405762359783963120e+02
6.265108740254411259e+02 7.406848584324990270e+02
6.250841584158415571e+02 7.401980198019801946e+02
6.238063847429518773e+02 7.402164179104477171e+02
6.233821413457469589e+02 7.401972069403300338e+02
6.233993260320135050e+02 7.401933445661330779e+02
6.243059265442403785e+02 7.404094323873122221e+02
6.253990767939571924e+02 7.402005874947544726e+02
6.268562500000000455e+02 7.406649999999999636e+02
6.271341919401744462e+02 7.404852513502285092e+02
6.269330004161464558e+02 7.405855181023720206e+02
6.259126092384519779e+02 7.404665002080732847e+02
6.244139209225700142e+02 7.405156507413508962e+02
6.225834738617201083e+02 7.397268128161888399e+02
6.210415782774713307e+02 7.393725074246924578e+02
6.200202020202019639e+02 7.393952020202019639e+02
6.197213114754098342e+02 7.393648591845312694e+02
6.200619730185497929e+02 7.393996627318717856e+02
6.205483471074379622e+02 7.399442148760330156e+02
6.216514900662251648e+02 7.400600165562914299e+02
6.227131557035803553e+02 7.403746877601997767e+02
6.236525960320810782e+02 7.401443647108484356e+02
6.242349772067965432e+02 7.408421052631579187e+02
6.245233918128654977e+02 7.409072681704260503e+02
6.244274395329441631e+02 7.406505421184319857e+02
6.227378681045209987e+02 7.404238905018664809e+02
6.210540765391015157e+02 7.399613144758735643e+02
6.193510373443983781e+02 7.397186721991701006e+02
6.184397972116603341e+02 7.392779890156316469e+02
6.180112640801000907e+02 7.392874426366290663e+02
6.185399002493766147e+02 7.393960931005818793e+02
6.197323295692178817e+02 7.389657047260560603e+02
6.217753322259136439e+02 7.393542358803986190e+02
6.235159684778100200e+02 7.396084612194110832e+02
6.247232180075030783e+02 7.398478532721967440e+02
6.256020790020789946e+02 7.401970893970893712e+02
6.254172268907562966e+02 7.397714285714286007e+02
6.250929259104227640e+02 7.398308915864378150e+02
6.238433333333333621e+02 7.397525000000000546e+02
6.226387150604922454e+02 7.393738005840633605e+02
6.212273497036410390e+02 7.390275190516510975e+02
6.192352941176470722e+02 7.386710084033613839e+02
6.172971044901385085e+02 7.384242551405791346e+02
6.162807239057239030e+02 7.382925084175084294e+02
6.169819819819820168e+02 7.387730587730587786e+02
6.186311336717427594e+02 7.393333333333333712e+02
6.211698744769875020e+02 7.395970711297071603e+02
6.236359017781541070e+02 7.394517358171041224e+02
6.251614368290669290e+02 7.401387283236994108e+02
6.255792531120331432e+02 7.399232365145228414e+02
6.248205553253211519e+02 7.398097803564028254e+02
6.232070833333333439e+02 7.393704166666666424e+02
6.207069473684210834e+02 7.389654736842105649e+02
6.175428571428570876e+02 7.386151260504201446e+02
6.154960267670430767e+02 7.384571309075701038e+02
6.143115640599002063e+02 7.381688851913477265e+02
6.138288508557457135e+02 7.385688671556641793e+02
6.142004920049200791e+02 7.384022140221402424e+02
6.151136833402232469e+02 7.385378255477470475e+02
6.163356993736952063e+02 7.391006263048017217e+02
6.177843463780183129e+02 7.393422148209824627e+02
6.190848938826467247e+02 7.399134415314190392e+02
6.206357973421927454e+02 7.398151993355481864e+02
6.215026870607689489e+02 7.400297643654403146e+02
6.211990131578946830e+02 7.401118421052631220e+02
6.192819455894476732e+02 7.396813685078318485e+02
6.171021867115223358e+02 7.391291000841042660e+02
6.147363142498954858e+02 7.390000000000000000e+02
6.125777310924369203e+02 7.389785714285713993e+02
6.118000841750841801e+02 7.393375420875420332e+02
6.113824398480371656e+02 7.390282819755170749e+02
6.118751571009635200e+02 7.393142019271051595e+02
6.131971595655805913e+02 7.394916457811194732e+02
6.146358649789029869e+02 7.394210970464134789e+02
6.156467165419784351e+02 7.398665835411471789e+02
6.158206954335986438e+02 7.397352325094260550e+02
6.161039665970772603e+02 7.399327766179541186e+02
6.157784679089027122e+02 7.399432712215320862e+02
6.149543742151528249e+02 7.394688154039347410e+02
6.132449149024491817e+02 7.395898713158986766e+02
6.112400000000000091e+02 7.396914285714285597e+02
6.097969522240526885e+02 7.396247940691927170e+02
6.088945199835187623e+02 7.397099299546765678e+02
6.085717832023169649e+02 7.395709557302441226e+02
6.094143327841844666e+02 7.401598023064250356e+02
6.106790983606557575e+02 7.402483606557376561e+02
6.124377593360995888e+02 7.403771784232365007e+02
6.137551610239471529e+02 7.406032204789430580e+02
6.140669387755101525e+02 7.409285714285714448e+02
6.142124075595727390e+02 7.410332785538208782e+02
6.135313545150501113e+02 7.405087792642140130e+02
6.119649269311064472e+02 7.403519832985385847e+02
6.103770627062706353e+02 7.400573432343234117e+02
6.089810777457836366e+02 7.400057589469354298e+02
6.078515754560530695e+02 7.396459369817579272e+02
6.075052323147760944e+02 7.396592716617831229e+02
6.076860949208992224e+02 7.398534554537884560e+02
6.084694304857621319e+02 7.397675879396985010e+02
6.095016515276630571e+02 7.402167630057803080e+02
6.104674185463659342e+02 7.401253132832080155e+02
6.124818523153942351e+02 7.402995410930329854e+02
6.146205300799326778e+02 7.404185948674800102e+02
6.158778242677824437e+02 7.405774058577405867e+02
6.160159596808064180e+02 7.404615707685845791e+02
6.147402489626556417e+02 7.405485477178423253e+02
6.130113255033556925e+02 7.399605704697986539e+02
6.105740206185566876e+02 7.399760824742268142e+02
6.081922760887428012e+02 7.399527526705012406e+02
6.064307053941909089e+02 7.398655601659751255e+02
6.061221122112211788e+02 7.400049504950494565e+02
6.073615702479338552e+02 7.402896694214875879e+02
6.093298755186722246e+02 7.402066390041493378e+02
6.116683312526008649e+02 7.402829796088223020e+02
6.138448204704910722e+02 7.410057779612051263e+02
6.149107069036791700e+02 7.412761471682513275e+02
6.156841889117042683e+02 7.415646817248459683e+02
6.154670239076668850e+02 7.416306677658697026e+02
6.142486531288851666e+02 7.415942809780356129e+02
6.124441687344913134e+02 7.410802315963605906e+02
6.097719587628865838e+02 7.409727835051546663e+02
6.072703703703704150e+02 7.408534979423868663e+02
6.045953852492789338e+02 7.406341161928306747e+02
6.025888934935765064e+02 7.405942809780356129e+02
6.021103391908459344e+02 7.405991009399264158e+02
6.029004893964111034e+02 7.404098694942903194e+02
6.048815789473684390e+02 7.403828125000000000e+02
6.067959098497495916e+02 7.403447412353923482e+02
6.088750524109015032e+02 7.403412997903564019e+02
6.105208159866778033e+02 7.407885095753538280e+02
6.114061589679566850e+02 7.408119017894298395e+02
6.115351821192052739e+02 7.407996688741721982e+02
6.112613168724279831e+02 7.409897119341563894e+02
6.103513625103220193e+02 7.406577208918249653e+02
6.094187891440501517e+02 7.406075156576200698e+02
6.087698412698413222e+02 7.404624060150375726e+02
6.085151770657672614e+02 7.402483136593591553e+02
6.085117647058823422e+02 7.404109243697479315e+02
6.092004184100418342e+02 7.406196652719664826e+02
6.105054211843203120e+02 7.402464553794828817e+02
6.125799086757990608e+02 7.403897882938979365e+02
6.153797101449275715e+02 7.404351966873706488e+02
6.168384261197153364e+02 7.404219338635411987e+02
6.176101068200492819e+02 7.405316351684469964e+02
6.176173044925125168e+02 7.403947587354409734e+02
6.165615352523988122e+02 7.402920317062995537e+02
6.150560631229235469e+02 7.403571428571428896e+02
6.129077181208053844e+02 7.400515939597315764e+02
6.115522821576763590e+02 7.402024896265560301e+02
6.112742474916387891e+02 7.400158862876254489e+02
