6.104060430463575813e+02 7.418100165562914299e+02
6.102409891031014695e+02 7.415762782900251295e+02
6.093929471032745369e+02 7.412699412258606344e+02
6.081810126582278144e+02 7.409223628691983095e+02
6.073025031820110371e+02 7.407725922783198484e+02
6.060147492625368386e+02 7.409140328697850464e+02
6.061483654652137147e+02 7.411554903604359197e+02
6.065493800769559130e+02 7.411791363830697037e+02
6.065611633875106463e+02 7.410248075278014994e+02
6.067413424540401365e+02 7.409427105600683490e+02
6.065880609652836029e+02 7.408615580016934246e+02
6.062036028487641488e+02 7.409639715123586257e+02
6.055854483925550085e+02 7.410054991539763023e+02
6.051211087420042531e+02 7.412226012793177006e+02
6.046136556403731674e+02 7.412620865139948592e+02
6.042156945027276151e+02 7.416605119597146540e+02
6.042036881810561226e+02 7.417464375523888975e+02
6.048346121057118125e+02 7.415153452685422053e+02
6.061087047063723503e+02 7.418604748021657542e+02
6.074261268781301624e+02 7.416765442404006308e+02
6.086444811905746519e+02 7.419706490285242353e+02
6.090506589785832148e+02 7.419934102141680796e+02
6.091184482047049187e+02 7.418724721419727075e+02
6.085016708437760826e+02 7.414544695071010665e+02
6.077588532883642074e+02 7.407639123102866279e+02
6.069432443879711627e+02 7.405404489623041400e+02
6.067349192863212011e+02 7.406839422259982939e+02
6.067275832621691052e+02 7.408326216908625383e+02
6.069107219137121092e+02 7.406851772746689448e+02
6.077194761301225299e+02 7.407532741867343020e+02
6.092679684254258063e+02 7.406938097216451524e+02
6.101309274024339402e+02 7.403944607637431545e+02
6.117256302521008138e+02 7.401466386554621977e+02
6.126763848396501544e+02 7.404685547688462748e+02
6.129950041631973363e+02 7.409258950874271932e+02
6.132136043135628825e+02 7.410244711737867647e+02
6.130029009531702968e+02 7.409378367177787368e+02
6.128309037900875182e+02 7.406247396917950709e+02
6.127126000842814619e+02 7.403472397808681080e+02
6.127122999157539880e+02 7.401436394271272547e+02
6.127717069038543514e+02 7.401363828886064766e+02
6.127951096121416867e+02 7.404814502529510492e+02
6.129952951240376251e+02 7.407382378100941196e+02
6.135693090292496663e+02 7.408749470114455562e+02
6.142591178965225254e+02 7.405941475826972464e+02
6.142702020202019639e+02 7.406632996632996537e+02
6.143121827411167715e+02 7.403879018612520895e+02
6.141979478409576814e+02 7.405151774262504887e+02
6.144188615123194950e+02 7.407994902293967243e+02
6.148845010615710862e+02 7.406840764331210494e+02
6.157547811304717698e+02 7.406217594560135922e+02
6.166517745302713820e+02 7.410133611691022679e+02
6.172173546756529277e+02 7.411381634372366989e+02
6.179095060190950335e+02 7.409319219593191974e+02
6.184701492537313925e+02 7.410236318407960425e+02
6.185406758448060600e+02 7.412202753441802088e+02
6.182276354472910498e+02 7.413889122217556178e+02
6.175487288135593644e+02 7.410398305084745516e+02
6.169668508287293207e+02 7.409613259668508363e+02
6.160486111111110858e+02 7.402296006944444571e+02
6.156203346203345745e+02 7.401823251823251439e+02
6.151678832116788271e+02 7.397745813653929190e+02
6.158983793254490138e+02 7.392395970214629415e+02
6.168324117396851989e+02 7.397758400680561408e+02
6.175966991112992446e+02 7.398205670757511143e+02
6.178662741799831792e+02 7.401051303616484347e+02
6.182129196770081307e+02 7.400237994050148700e+02
6.184219143576825672e+02 7.403186397984886753e+02
6.184467026130236036e+02 7.404894234757362028e+02
6.184897788902794673e+02 7.404501460158531927e+02
6.181817427385892643e+02 7.404307053941909089e+02
6.180648379052369137e+02 7.402963424771404561e+02
6.187400000000000091e+02 7.397017021276595869e+02
6.194987416107383069e+02 7.397843959731543464e+02
6.207524210526315755e+02 7.394555789473683944e+02
6.225427740863786994e+02 7.395149501661129534e+02
6.236989157631359149e+02 7.395187656380317094e+02
6.238274574865200748e+02 7.396366652841144287e+02
6.236857142857143117e+02 7.397349896480330926e+02
6.228373185311698990e+02 7.388894107600341385e+02
6.218416738567731272e+02 7.384404659188955975e+02
6.213774165202108861e+02 7.384951669595782278e+02
6.210878642888212653e+02 7.383392779469334073e+02
6.209917606244579247e+02 7.383603642671292846e+02
6.215004273504273442e+02 7.385025641025640653e+02
6.221404923599320682e+02 7.389736842105263577e+02
6.229233668341709063e+02 7.385452261306533046e+02
6.234745833333333849e+02 7.386266666666666652e+02
6.237502061005770884e+02 7.388759274525968976e+02
6.234607762180016834e+02 7.386556564822460587e+02
6.226968670618119859e+02 7.387087214225232401e+02
6.220562843842573102e+02 7.389187473550571212e+02
6.210262711864406810e+02 7.390944915254236776e+02
6.198410852713178656e+02 7.386042204995693510e+02
6.190017182130584388e+02 7.386400343642611688e+02
6.184239551917277140e+02 7.387048685911245229e+02
6.180714587737843431e+02 7.386896405919661674e+02
6.182408510638298367e+02 7.385446808510638448e+02
6.184396073410157442e+02 7.383640631668801007e+02
6.184583333333333712e+02 7.384566151202749325e+02
6.184784648187633138e+02 7.386852878464818559e+02
6.182231160033869628e+02 7.387629127857748017e+02
6.180250957039557989e+02 7.388404934070608761e+02
6.177732310315431050e+02 7.388435635123614702e+02
6.180401537804357304e+02 7.388368218709953226e+02
6.185972754363558579e+02 7.390289484887185836e+02
6.187610619469026005e+02 7.392018541930046922e+02
6.188538429231415421e+02 7.394468710625787935e+02
6.190153399668324710e+02 7.397462686567164383e+02
6.190315876974231060e+02 7.397556109725685474e+02
6.190864456567352363e+02 7.392845153168275374e+02
6.191611134542387163e+02 7.391366512020244954e+02
6.188539748953975277e+02 7.392903765690376758e+02
6.181425522833973218e+02 7.389056764831412920e+02
6.172066115702479010e+02 7.386707264027837709e+02
6.161970421922575269e+02 7.386320139190952432e+02
6.162648083623693083e+02 7.385126306620209107e+02
6.168679163034001931e+02 7.386329555361813846e+02
6.178203592814371632e+02 7.391839178785286322e+02
6.188761137038608240e+02 7.396300381841323315e+02
6.204107068172312438e+02 7.399849435382684533e+02
6.210520399666944513e+02 7.405024979184013318e+02
6.211168341708543039e+02 7.405988274706867287e+02
6.213218007503126046e+02 7.407265527303043200e+02
6.214081546868432042e+02 7.408242959226565745e+02
6.219659663865546690e+02 7.411453781512605019e+02
6.223534923339011584e+02 7.409816865417376448e+02
6.226546914623837665e+02 7.413918005071851667e+02
6.235356842989084498e+02 7.416129303106632733e+02
6.250393964794635622e+02 7.419107292539815717e+02
6.269656342808655154e+02 7.414204497242257048e+02
6.282042875157628714e+02 7.418015973097940332e+02
6.284553872053871828e+02 7.416094276094275983e+02
6.275392736486486456e+02 7.417195945945945823e+02
6.262015775635408090e+02 7.414395267309378141e+02
6.250208968219416192e+02 7.413561166739225428e+02
6.233279263480928876e+02 7.415155633494081258e+02
6.223781072830353196e+02 7.416969036197122023e+02
6.221345054945054471e+02 7.415837362637362276e+02
6.227216716932356348e+02 7.422748815165876977e+02
6.236900432900432634e+02 7.422134199134198980e+02
6.244953936348408661e+02 7.426582914572863956e+02
6.256016771488469885e+02 7.429840670859538250e+02
6.257774968394437565e+02 7.430539401601348573e+02
6.258689075630252319e+02 7.433088235294117112e+02
6.255207468879667658e+02 7.433896265560166512e+02
6.247668609492089900e+02 7.433850957535387352e+02
6.236979434447300719e+02 7.427639245929734670e+02
6.231126164267569720e+02 7.429974597798475315e+02
6.227012537829658640e+02 7.423895373973194864e+02
6.221214099216709883e+02 7.423685813751087608e+02
6.218257839721254641e+02 7.420078397212542995e+02
6.223282740676496587e+02 7.423751084128360844e+02
6.230430520034100255e+02 7.423184143222506464e+02
6.235231958762886961e+02 7.420476804123711645e+02
6.238821548821548504e+02 7.422554713804713629e+02
6.240021150592216372e+02 7.422106598984771608e+02
6.238223244147156947e+02 7.423214882943143493e+02
6.236092770580860360e+02 7.420873380693690251e+02
6.234755944931164322e+02 7.421251564455569678e+02
6.234032459425717434e+02 7.421231793591343830e+02
6.234772162386080936e+02 7.421557580778789998e+02
6.236200331125827461e+02 7.420620860927152762e+02
6.234510869565217490e+02 7.419067725752507840e+02
6.235012479201330962e+02 7.417820299500831425e+02
6.229551738583996894e+02 7.416514453288647246e+02
6.227833193629505786e+02 7.414086336965632427e+02
6.222179322179322298e+02 7.410261690261689864e+02
6.218591006423982890e+02 7.409336188436831208e+02
6.210493079584774705e+02 7.406025086505189847e+02
6.203151887620720117e+02 7.401668129938542506e+02
6.197791811846690280e+02 7.402164634146341768e+02
6.203092422251423841e+02 7.397192290845379148e+02
6.209185088859991311e+02 7.400715214564369262e+02
6.214421593830334132e+02 7.401940874035989282e+02
6.223180650684931834e+02 7.407859589041096342e+02
6.226955424726661477e+02 7.412409587888981832e+02
6.228660267111853273e+02 7.413919031719532313e+02
6.226899708697461620e+02 7.415101955888472958e+02
6.221347607052896365e+02 7.407548278757346907e+02
6.211012028204064563e+02 7.407527996681874356e+02
6.200008467400508607e+02 7.403721422523285582e+02
6.196481324278438478e+02 7.401387945670628596e+02
6.197243426632740011e+02 7.400097540288379605e+02
6.195611510791367209e+02 7.397947524333474121e+02
6.193793103448275588e+02 7.395622371740959125e+02
6.191243175136497712e+02 7.392393952120958147e+02
6.183922066920796397e+02 7.387526471833969026e+02
6.172612958226768569e+02 7.389330775788575920e+02
6.153877463581833354e+02 7.386199657240788383e+02
6.138124191461837427e+02 7.384066407934454901e+02
6.131150481189851007e+02 7.380419947506561584e+02
6.125032341526519986e+02 7.378516601983614009e+02
6.117254733218588854e+02 7.376764199655765424e+02
6.114377880184331389e+02 7.383946376204440867e+02
6.117806014400678123e+02 7.385794155019059417e+02
6.131807885906040383e+02 7.391677852348993838e+02
6.139637742207245310e+02 7.390459140690817321e+02
6.140795935647755641e+02 7.389199830651989487e+02
6.137309136420525419e+02 7.392828535669586927e+02
6.127072864321607994e+02 7.391767169179229313e+02
6.118084483479715345e+02 7.391572563780845257e+02
6.104949367088607914e+02 7.389118143459916155e+02
6.096954293037163097e+02 7.390435711234515566e+02
6.091125856164383094e+02 7.389619006849314928e+02
6.090440735986306890e+02 7.389970047068891290e+02
6.091393056150878920e+02 7.388392627518217068e+02
6.096782156777826458e+02 7.386227804244261961e+02
6.103878762187367784e+02 7.388359474353540008e+02
6.111135407905803731e+02 7.391118587047939172e+02
6.116887306242144859e+02 7.394411395056556557e+02
6.123187317480183083e+02 7.395736337088026175e+02
6.122608695652173765e+02 7.395815217391303804e+02
6.117338608912953077e+02 7.396422324031653943e+02
6.116619246861924921e+02 7.396108786610878951e+02
6.115006273525721099e+02 7.395892931827687562e+02
6.113326359832635717e+02 7.396953974895398005e+02
6.105734498543487234e+02 7.398942987931751532e+02
6.106063025210083879e+02 7.399369747899160075e+02
6.106237458193979819e+02 7.400576923076922640e+02
6.105988274706867287e+02 7.399045226130652964e+02
6.107289758534554949e+02 7.401240632805994437e+02
6.102861344537815285e+02 7.396970588235294599e+02
6.095801687763713517e+02 7.394620253164556516e+02
6.091260285838025084e+02 7.393815504547422961e+02
6.087740568037304456e+02 7.401237812632471105e+02
6.087607388316150718e+02 7.402749140893471349e+02
6.089272882805817062e+02 7.404011976047904682e+02
6.094462986735130698e+02 7.402451861360718794e+02
6.101176713459950633e+02 7.409149463253509111e+02
6.106008281573499517e+02 7.413395445134575539e+02
6.107190219643597402e+02 7.413796104434313747e+02
6.110597510373444265e+02 7.414510373443982871e+02
6.110350660066006867e+02 7.414748349834983401e+02
6.105848122162608433e+02 7.411460998761865540e+02
6.096854771784231843e+02 7.406651452282158061e+02
6.084556536359815482e+02 7.400786044556535899e+02
6.070675446049277753e+02 7.400322854715377616e+02
6.065301614273577115e+02 7.402697536108751137e+02
6.066015358361775043e+02 7.405392491467576974e+02
6.063871240999576457e+02 7.408644642100804276e+02
6.065954773869347036e+02 7.405054438860971686e+02
6.065268006700167689e+02 7.401842546063651298e+02
6.065431070387338650e+02 7.404593919200333403e+02
6.062236180904523053e+02 7.405029313232830646e+02
6.056503963287442502e+02 7.408043387567793161e+02
6.050346576500422771e+02 7.411952662721893148e+02
6.045376799322607440e+02 7.415258255715494897e+02
6.043341815097539893e+02 7.413969465648855248e+02
6.043103448275861638e+02 7.416564339781328954e+02
6.052271386430678604e+02 7.416447534766118679e+02
6.064013377926421526e+02 7.420137959866220854e+02
6.076540362438220200e+02 7.424456342668863726e+02
6.086779801324503296e+02 7.424238410596026370e+02
6.091843506759524871e+02 7.424416222859483696e+02
6.089306808859721514e+02 7.422329778506972389e+02
6.083390974272458607e+02 7.416469843947701293e+02
6.077542976939203072e+02 7.416364779874213582e+02
6.076154827732879085e+02 7.412675457252232718e+02
6.073918747355056666e+02 7.417223867964452211e+02
6.075366581415174778e+02 7.415426257459505450e+02
6.078993955094991861e+02 7.414870466321243612e+02
6.086367088607595406e+02 7.417987341772152377e+02
6.096336424957841018e+02 7.417255480607082063e+02
6.106160977665402925e+02 7.415381373788453629e+02
6.115621643948780957e+02 7.420351094589012746e+02
6.124779717373234007e+02 7.420997506234414232e+02
6.128645962732919088e+02 7.424351966873706488e+02
6.129884297520661676e+02 7.424789256198347402e+02
6.127063953488371908e+02 7.423147840531561314e+02
6.124775115594787849e+02 7.418087431693988947e+02
6.122513638271086620e+02 7.415430130088124088e+02
6.122014358108108354e+02 7.414670608108108354e+02
6.122097989949749035e+02 7.415854271356784011e+02
6.123113998323553915e+02 7.418721709974853411e+02
6.128742540494458808e+02 7.413972719522591888e+02
6.133041435284067120e+02 7.413780435711234986e+02
6.135138121546960974e+02 7.412728431789205388e+02
6.138291032148899831e+02 7.414864636209813398e+02
