6.246121266161391077e+02 7.391814534106107430e+02
6.225033200531208877e+02 7.387653829127932568e+02
6.201680784663396935e+02 7.383513152028533568e+02
6.182288623284639471e+02 7.385763612217795071e+02
6.164002568493150420e+02 7.391331335616438309e+02
6.153107416879795437e+02 7.394245524296675285e+02
6.151515671962215492e+02 7.395126663804207965e+02
6.157426823940585336e+02 7.393792048929664134e+02
6.163473413379073236e+02 7.406367924528301501e+02
6.165178956446744678e+02 7.407628288055195753e+02
6.166699193890539163e+02 7.412061943148069076e+02
6.165127210004312701e+02 7.409995687796464381e+02
6.150744406196213276e+02 7.411312392426850693e+02
6.141938554738208040e+02 7.409558632626568624e+02
6.136249462365591398e+02 7.408799999999999955e+02
6.129991401547721352e+02 7.403413585554600331e+02
6.128083369144821972e+02 7.403528147829823638e+02
6.133735408560311271e+02 7.403787289234760465e+02
6.147104810996563629e+02 7.399621993127148016e+02
6.169150943396226694e+02 7.399421097770153892e+02
6.190012804097310664e+02 7.401510883482714007e+02
6.212540913006029086e+02 7.398341946597760170e+02
6.237164436771687406e+02 7.396107034958998838e+02
6.248739819974282454e+02 7.395272181740248243e+02
6.261027097902098149e+02 7.391643356643356810e+02
6.253937915742793621e+02 7.387556541019955603e+02
6.235121520106054049e+02 7.384772425983207995e+02
6.212319819819820168e+02 7.381180180180180059e+02
6.191516503122212498e+02 7.381061552185548180e+02
6.174865831842575972e+02 7.379508050089445987e+02
6.156734429065744507e+02 7.388767301038062669e+02
