6.238349557522124087e+02 7.386216814159291744e+02
6.223124183006535759e+02 7.389045751633987038e+02
6.210965608465608057e+02 7.386574074074073906e+02
6.186583518930957553e+02 7.385946547884186657e+02
6.171984056687333577e+02 7.387139061116031371e+02
6.163601229688185867e+02 7.391330698287220002e+02
6.157812773403325082e+02 7.390804899387576370e+02
6.153190290420459405e+02 7.399757260511486265e+02
6.151815437688659358e+02 7.404070720137990520e+02
6.147506415739948125e+02 7.407643284858853576e+02
6.144832618025751572e+02 7.408605150214592641e+02
6.137068445975032773e+02 7.408755919070167693e+02
6.127535545023696386e+02 7.405277897457991685e+02
6.120762931034482790e+02 7.401853448275861638e+02
6.119982394366197695e+02 7.396540492957745982e+02
6.120596026490065924e+02 7.393262693156732439e+02
6.126442516268980398e+02 7.392290672451192677e+02
6.136271040138109356e+02 7.391027190332325745e+02
6.152337891486546368e+02 7.390599911777679836e+02
6.169457831325300958e+02 7.392431153184164714e+02
6.187307359307359320e+02 7.388311688311688386e+02
6.209615720524017206e+02 7.391545851528384219e+02
6.227496768634209729e+02 7.393998276604911553e+02
6.236681203663323458e+02 7.388443087658089325e+02
6.235179352580927343e+02 7.389558180227471667e+02
6.228586083853701894e+02 7.386123996431757632e+02
6.217584650112867166e+02 7.382126410835214756e+02
6.201039783001808701e+02 7.379697106690778128e+02
6.182283429586850616e+02 7.385486450466459019e+02
6.170554066130473529e+02 7.383020554066130217e+02
6.155113835376532734e+02 7.392022767075307002e+02
