6.165397507520413001e+02 7.386226901590030138e+02
6.155849056603773306e+02 7.390081475128645252e+02
6.147378022910479558e+02 7.394153585065761263e+02
6.144782608695652470e+02 7.398959030100334076e+02
6.138736930154747142e+02 7.400455876202425998e+02
6.127414158541754432e+02 7.399788045782111112e+02
6.116406962287609304e+02 7.412092830501450180e+02
6.104675810473816000e+02 7.413437240232751719e+02
6.096551580698835551e+02 7.417420965058236106e+02
6.097505249895002635e+02 7.418231835363292248e+02
6.108528678304239747e+02 7.420378221113882091e+02
6.126474519632414513e+02 7.418174603174603590e+02
6.147073474470735164e+02 7.419070153590701011e+02
6.164488517745302261e+02 7.415507306889352321e+02
6.175847315436241161e+02 7.412642617449664613e+02
6.175254590984975493e+02 7.412291318864774894e+02
6.179892979452055215e+02 7.407872431506849580e+02
6.195786736020805847e+02 7.404070221066319846e+02
6.205307725883893681e+02 7.396185072020952020e+02
6.218294442087399148e+02 7.398396266440390718e+02
6.239961306964746655e+02 7.393546861564918800e+02
6.253379132674967877e+02 7.391322455989694618e+02
6.265321761219305472e+02 7.394068585944114602e+02
6.271615015277171779e+02 7.388171104321256735e+02
6.271283961437335392e+02 7.390166520595968223e+02
6.262085537918870841e+02 7.392372134038801050e+02
6.237765866209261958e+02 7.396976843910806565e+02
6.227859574468085384e+02 7.400212765957446663e+02
6.212382391022874799e+02 7.400923608113940872e+02
6.199060489060489090e+02 7.403346203346203538e+02
6.187574449719464837e+02 7.407673716012084242e+02
6.184554030874785440e+02 7.409961406518010563e+02
6.198752678954136854e+02 7.415962280325760503e+02
6.204348376212568610e+02 7.419810206663854615e+02
6.207404741744284138e+02 7.423776460626587550e+02
6.204846022241231367e+02 7.423622754491018441e+02
6.191620926243567737e+02 7.421119210977701641e+02
6.183343360550064745e+02 7.418422862054146663e+02
6.179782237403928775e+02 7.416588385994875807e+02
6.185166382252559742e+02 7.413131399317405794e+02
6.197196261682242948e+02 7.411983857264231119e+02
6.210515202702703164e+02 7.410063344594594810e+02
6.223559035124841330e+02 7.405281421921285983e+02
6.233388072601555905e+02 7.398098530682800629e+02
6.237515364354696885e+02 7.385144863915716087e+02
6.239267654751525924e+02 7.383591979075849849e+02
6.232431252728066511e+02 7.382234831951112710e+02
6.217449375269280836e+02 7.381275312365360151e+02
6.199675745784695664e+02 7.379070471249459615e+02
6.183508695652174083e+02 7.383143478260869870e+02
6.170715524718126517e+02 7.384817866435386122e+02
6.165055603079555340e+02 7.387660393498716758e+02
6.155153583617747017e+02 7.391053754266212081e+02
6.147243452125375143e+02 7.389089738085015142e+02
6.129798657718121149e+02 7.396984060402684236e+02
6.102241231822069949e+02 7.397968349016252887e+02
6.086117999144934174e+02 7.406494228302693728e+02
6.076287878787878753e+02 7.407638888888889142e+02
6.076042271031910786e+02 7.411632822213013014e+02
6.078865248226950371e+02 7.407551105548602663e+02
6.080937500000000000e+02 7.406758333333333439e+02
6.085397680198840362e+02 7.402290803645402093e+02
6.084050314465408746e+02 7.398616352201257769e+02
6.082843343133137068e+02 7.396703065938680766e+02
6.095664665523156600e+02 7.390964837049742755e+02
6.108284982935153948e+02 7.390115187713311116e+02
6.122416701813581312e+02 7.393753690425980949e+02
6.129710515112814164e+02 7.383750532141336862e+02
6.128818529536761162e+02 7.378703782405440279e+02
6.129795831561037858e+02 7.376074011059123450e+02
6.130204953031596915e+02 7.373753202391118293e+02
6.131588865096359768e+02 7.372256959314775031e+02
6.138210116731517019e+02 7.373380890618244621e+02
6.143973913043478206e+02 7.375178260869565747e+02
6.132737839001291604e+02 7.381213947481704736e+02
6.122686502802932864e+02 7.386964208710651292e+02
6.111668828361434862e+02 7.385585819282317743e+02
6.103411915987998100e+02 7.386930990141448774e+02
6.102413502109704950e+02 7.392940928270041923e+02
6.091883633319380351e+02 7.395211385516952305e+02
6.075817636986300840e+02 7.391686643835616906e+02
6.065173288250210817e+02 7.398820794590025116e+02
6.058496842105263340e+02 7.408816842105262594e+02
6.068652452025586399e+02 7.408993603411513504e+02
6.081651991614255621e+02 7.411203354297693977e+02
6.107662721893491380e+02 7.408922231614538987e+02
6.126071126164267753e+02 7.408679085520744820e+02
6.140092050209204899e+02 7.405702928870292681e+02
6.155890295358649382e+02 7.398358649789029187e+02
