6.249359795134442948e+02 7.400601792573623925e+02
6.243915480810694589e+02 7.394726175075463743e+02
6.236039518900344092e+02 7.395021477663229916e+02
6.214419312744671515e+02 7.392727272727272521e+02
6.192624297449200412e+02 7.395667963683528114e+02
6.164597156398103834e+02 7.394136148211977115e+02
6.152016478751083923e+02 7.394965307892454121e+02
6.143360585197934824e+02 7.394750430292599503e+02
6.139821194941125668e+02 7.388778892280854507e+02
6.148587328767123381e+02 7.392251712328767326e+02
6.162830756013745486e+02 7.394153780068728565e+02
6.183985507246376301e+02 7.394923273657288973e+02
6.201815023881893012e+02 7.389105514546243967e+02
6.205464409722221717e+02 7.394058159722221717e+02
6.201063094209162045e+02 7.392515125324114251e+02
6.190430292598966844e+02 7.392241824440619666e+02
6.176152210884354190e+02 7.390425170068027683e+02
6.163242769500437817e+02 7.381244522348816872e+02
6.145197865718097319e+02 7.377412183192529938e+02
6.123954505686789389e+02 7.381412948381451997e+02
6.114512461740271192e+02 7.383139484040227671e+02
6.117224367224366688e+02 7.387147147147146597e+02
6.120542635658914605e+02 7.387067183462531830e+02
6.124840628984275099e+02 7.390225244368890571e+02
6.126056521739130858e+02 7.385795652173912913e+02
6.128331885317115848e+02 7.384700260642919147e+02
6.135489938757655182e+02 7.386557305336832542e+02
6.130305944055944565e+02 7.387172202797203227e+02
6.125856890459364195e+02 7.383780918727915150e+02
6.113961605584642029e+02 7.385606457242582792e+02
6.112835051546392151e+02 7.385631443298968861e+02
6.115545647558386690e+02 7.379821656050955880e+02
6.115526428878383740e+02 7.375195530726257402e+02
6.115942954448701130e+02 7.376585781183482595e+02
6.126125368111064518e+02 7.380113588557004505e+02
6.138520386717108295e+02 7.380840689365279559e+02
6.153286203941730719e+02 7.377489288774635270e+02
6.159220324134910243e+02 7.378007008322382489e+02
6.162797202797203227e+02 7.384108391608391457e+02
6.180705627705627876e+02 7.388796536796536429e+02
6.187095541401273522e+02 7.394152866242038726e+02
6.183778996204133591e+02 7.390915225643188933e+02
6.172370212765957831e+02 7.388591489361701861e+02
6.167074122236671201e+02 7.387061118335500396e+02
6.161807592752372784e+02 7.385931837791199541e+02
6.158355690177412498e+02 7.384301168325400795e+02
6.154428265524625203e+02 7.383259100642397925e+02
6.155141874462597116e+02 7.384518486672399149e+02
6.165536554082941620e+02 7.389230440359127670e+02
6.189150495903406863e+02 7.390021561017680369e+02
6.210571428571428214e+02 7.390943722943723060e+02
6.228856405846947837e+02 7.391629406706792906e+02
6.249625161568289968e+02 7.390900473933648982e+02
6.257576939748590803e+02 7.389631556133506365e+02
6.252679261485616280e+02 7.394950622584800612e+02
6.240227670753064331e+02 7.390411558669002261e+02
6.220676265270506065e+02 7.388878708551483214e+02
6.210717079530638784e+02 7.389222077357670742e+02
6.201644736842105203e+02 7.386771929824561767e+02
6.194643647631695558e+02 7.382669322709162998e+02
6.192249240121579987e+02 7.386443768996959989e+02
6.201294014084506898e+02 7.386012323943662068e+02
6.223220779220779377e+02 7.390307359307358865e+02
6.244419507984462143e+02 7.393293051359516994e+02
6.256899957063117199e+02 7.397041648776298643e+02
6.258801031370863939e+02 7.398165019338204047e+02
6.257720524017466914e+02 7.394873362445414386e+02
6.247149592798971298e+02 7.400334333476210986e+02
6.226445111492281512e+02 7.399939965694683224e+02
6.202114711033275398e+02 7.394330122591943564e+02
6.179415384615384710e+02 7.398813186813187031e+02
6.171034635879218513e+02 7.398823268206039074e+02
6.159826162538026892e+02 7.399821816601477167e+02
6.160652650021901309e+02 7.397963206307490509e+02
6.173358340688437238e+02 7.394404236540158308e+02
6.179598965071151042e+02 7.395873221216041884e+02
6.203724731182795722e+02 7.400808602150538036e+02
6.211796280642435022e+02 7.403596787827557364e+02
