6.092141309059384184e+02 7.392531426094494691e+02
6.095855817875210505e+02 7.397078414839797915e+02
6.106309672063097196e+02 7.399219593192195816e+02
6.117910324969147950e+02 7.399584533113944644e+02
6.119477366255143806e+02 7.401448559670782288e+02
6.103174145738987590e+02 7.404026348291478143e+02
6.075049833887043178e+02 7.400759966777408181e+02
6.052564422277639551e+02 7.400137157107232042e+02
6.042457410562180939e+02 7.394433560477001492e+02
6.057571857571857663e+02 7.393998283998283796e+02
6.079333902647309742e+02 7.397749786507258705e+02
6.100973451327433850e+02 7.400686894226716959e+02
6.122588916459884558e+02 7.405554177005790280e+02
6.139554455445544363e+02 7.407066831683168857e+02
6.143293388429751758e+02 7.406326446280992286e+02
6.136079002079002294e+02 7.406819126819126495e+02
6.116301724137930478e+02 7.397961206896551403e+02
6.104803794739111709e+02 7.400224234583872658e+02
6.124492187500000000e+02 7.398025173611110858e+02
6.159930705933304580e+02 7.396236466002598036e+02
6.192561492790500779e+02 7.401776929601356869e+02
6.217391489361701815e+02 7.401268085106382841e+02
6.227986771393137815e+02 7.409210417527904156e+02
6.240624219725343664e+02 7.403150228880565464e+02
6.241572379367720487e+02 7.404908485856905145e+02
6.229756302521008138e+02 7.407138655462184715e+02
6.217173252279635562e+02 7.395458098132870646e+02
6.218652734548688841e+02 7.394401956425077742e+02
6.236040653999116330e+02 7.397737516570923617e+02
6.265506055363322275e+02 7.404580449826989934e+02
6.295222363405337092e+02 7.411372299872934946e+02
6.294690526315789612e+02 7.411368421052632129e+02
6.276655587868716566e+02 7.410004154549230861e+02
6.251724425887265397e+02 7.407323590814196450e+02
6.229156678082191547e+02 7.409657534246575779e+02
6.209276453366792339e+02 7.407896277708072148e+02
6.193447826086955956e+02 7.399495652173912958e+02
6.179249783174327604e+02 7.406092801387684403e+02
6.183969498910674929e+02 7.401424836601306652e+02
6.199406706792777868e+02 7.398959587274290470e+02
6.201518778373916803e+02 7.409896822121337436e+02
6.190041373603640977e+02 7.407116259826231044e+02
6.157169576059850442e+02 7.405232751454697109e+02
6.121496030087755571e+02 7.402908483075636923e+02
6.099482541018089705e+02 7.405018931426167228e+02
6.092560923471569367e+02 7.403321932449764518e+02
6.092463644140291308e+02 7.402904191616765956e+02
6.092682302771854665e+02 7.406447761194029908e+02
6.104071729957805701e+02 7.406253164556961792e+02
6.115077503142018713e+02 7.403464599916212592e+02
6.115278239202657460e+02 7.406872923588040294e+02
6.099457459926017009e+02 7.407316070694615746e+02
6.078298319327731178e+02 7.400798319327731178e+02
6.050472065829363828e+02 7.394257254222607116e+02
6.058204456094364332e+02 7.396395806028833704e+02
