6.209873583260680334e+02 7.402903225806451246e+02
6.174919948074426657e+02 7.399740372133276196e+02
6.125417369308599973e+02 7.402677065767285285e+02
6.091748518204910852e+02 7.403971210838273009e+02
6.072970253718285676e+02 7.395459317585301733e+02
6.074989030276436779e+02 7.397871873628783987e+02
6.091157427937915827e+02 7.400820399113082431e+02
6.123304272013949685e+02 7.395501307759371912e+02
6.153199651264167187e+02 7.395492589363557272e+02
6.163233480176211287e+02 7.397691629955946837e+02
6.166044776119402968e+02 7.400403863037752217e+02
6.163204179364388438e+02 7.405176316935132945e+02
6.171091295116773381e+02 7.406199575371549599e+02
6.197117497886728188e+02 7.407172442941673580e+02
6.237624309392265332e+02 7.412524436889077606e+02
6.272202197802197361e+02 7.406663736263735700e+02
6.286225663716813870e+02 7.407393805309734489e+02
6.261631929046562846e+02 7.402842572062083946e+02
6.224713403880070928e+02 7.407539682539683099e+02
6.184274371415967835e+02 7.404883105425673193e+02
6.160031236055332329e+02 7.404828201695671623e+02
6.156557666813963579e+02 7.404622182942996460e+02
6.184579606440071302e+02 7.401614490161001640e+02
6.218470744680851112e+02 7.398891843971631488e+02
6.237269925143108367e+02 7.399819462791721207e+02
6.241838235294117112e+02 7.400899653979238337e+02
6.235074690567648759e+02 7.405672215108834280e+02
6.204939355918025967e+02 7.406093684650774094e+02
6.150323372902169012e+02 7.406831764224314156e+02
6.101943048576214323e+02 7.402696817420435309e+02
6.064997843898231622e+02 7.399542906425183446e+02
6.079166293142088762e+02 7.399206633796503638e+02
