6.233406496927128728e+02 7.398279192273924991e+02
6.245752058951018171e+02 7.407191157347203898e+02
6.246474442988204601e+02 7.405054608999563470e+02
6.230035087719297735e+02 7.404754385964912444e+02
6.206646447140381042e+02 7.405545927209705042e+02
6.179139645482057404e+02 7.403821876351058791e+02
6.169785223367697427e+02 7.404707903780068818e+02
6.168965367965367932e+02 7.402056277056277622e+02
6.169271237602414431e+02 7.401768003449763000e+02
6.166066838046272096e+02 7.405514138817480898e+02
6.154800847457627242e+02 7.407665254237288082e+02
6.138555507929704618e+02 7.406408058294041439e+02
6.120153846153846189e+02 7.404696581196581064e+02
6.108314893617020971e+02 7.411102127659574990e+02
6.108536585365853853e+02 7.409897304236200171e+02
6.116608238387379970e+02 7.403317265556529492e+02
6.131993851559068389e+02 7.402200263504611257e+02
6.150832971800433597e+02 7.404624728850325255e+02
6.155172267120374272e+02 7.408183751595065587e+02
6.148763146823727084e+02 7.409617164493058681e+02
6.136215753424658033e+02 7.405423801369862531e+02
6.121456982274103211e+02 7.403065283182014582e+02
6.111036402569593520e+02 7.403314775160599766e+02
6.110492987675307859e+02 7.404173395665108046e+02
6.116893039049235767e+02 7.404800509337860603e+02
6.123828158230539884e+02 7.404980859208847050e+02
6.132898047722342199e+02 7.397579175704988756e+02
6.136678245766391910e+02 7.399244463742943481e+02
6.136864817261118787e+02 7.401078819903126487e+02
6.137174103237094869e+02 7.396902887139107179e+02
6.134265915980944328e+02 7.396431355565180183e+02
6.134249242752055125e+02 7.393907399394202002e+02
6.143161512027490971e+02 7.395635738831615527e+02
6.157242114236998987e+02 7.397971014492753739e+02
6.187926777352064391e+02 7.398688803746274516e+02
6.222178387650085369e+02 7.394399656946826553e+02
6.248550600343053247e+02 7.396891080617496073e+02
6.262683982683983004e+02 7.394021645021645099e+02
6.253912663755457970e+02 7.387681222707423103e+02
6.228720251459362771e+02 7.381041760215537124e+02
6.192940397350993180e+02 7.386529801324503524e+02
6.160597080937637884e+02 7.385311808934100100e+02
6.154908616187989310e+02 7.389473455178416543e+02
6.169738105630729024e+02 7.389275425578349541e+02
6.206724361748160845e+02 7.390601471224578063e+02
6.245459294732258968e+02 7.392011319111885541e+02
6.271462686567164155e+02 7.395995735607675670e+02
6.283720930232558430e+02 7.393772609819121726e+02
6.273887478849408126e+02 7.395173434856176300e+02
6.250184409052808405e+02 7.398051131601006318e+02
6.214360489658083679e+02 7.395225833685099133e+02
6.187329910141206710e+02 7.391715875053487252e+02
6.178611591695502057e+02 7.389238754325259606e+02
6.193480370533744690e+02 7.387485663872960231e+02
6.218230837789661791e+02 7.384055258467022895e+02
6.241922569291684795e+02 7.388891333040035079e+02
6.253480710879930484e+02 7.391616818378846574e+02
6.247307195174494154e+02 7.392111158983196901e+02
6.227416846652267850e+02 7.391632829373650111e+02
6.197155361050328111e+02 7.388017505470459128e+02
6.178956597983340089e+02 7.386054362121876693e+02
6.173961605584642029e+02 7.388041012216405079e+02
6.170763557483730892e+02 7.387349240780911259e+02
6.171426086956521431e+02 7.388700000000000045e+02
6.148903281519861821e+02 7.393514680483592656e+02
