6.200796761823604584e+02 7.402343417128248575e+02
6.201376656690893014e+02 7.398135955536554320e+02
6.199835304054054177e+02 7.402005912162162531e+02
6.195978991596638252e+02 7.402176470588235588e+02
6.189483627204029972e+02 7.402930310663308546e+02
6.178427299703264453e+02 7.404523103009750002e+02
6.171935344827586505e+02 7.404112068965516755e+02
6.170814846416382125e+02 7.407205631399317554e+02
6.169342723004695017e+02 7.405113102859581886e+02
6.162900634249471068e+02 7.405167019027484230e+02
6.157250105440742800e+02 7.405676929565584032e+02
6.150409974640743940e+02 7.400147928994082349e+02
6.148200854700854734e+02 7.396517094017093541e+02
6.145231092436974905e+02 7.398991596638655892e+02
6.146487969607429704e+02 7.398661882650907273e+02
6.145232899706252283e+02 7.401292488459924925e+02
6.146921461570768770e+02 7.403481730365392650e+02
6.153937605396290564e+02 7.403166104553120022e+02
6.159902085994040135e+02 7.401251596424010586e+02
6.165761282159426173e+02 7.401261071277941710e+02
6.165870563674321829e+02 7.399240083507306736e+02
6.171289242360820708e+02 7.397421515278358584e+02
6.177079124579124709e+02 7.398354377104377591e+02
6.181046061127851772e+02 7.391446405510116620e+02
6.183785867237687626e+02 7.395284796573876065e+02
6.188339686573485778e+02 7.400635324015247534e+02
6.195038071065989698e+02 7.399708121827411560e+02
6.199036755386565574e+02 7.401056189269116885e+02
6.196753029669870330e+02 7.404910154617634817e+02
6.195335018963337461e+02 7.395469869363674889e+02
6.193834394904458804e+02 7.394802547770700585e+02
6.194381399317405794e+02 7.393575085324232532e+02
6.190261914984971554e+02 7.393769858308286302e+02
6.179026169026169555e+02 7.393526383526383370e+02
6.165977891156462647e+02 7.398460884353740994e+02
