6.145663374838986783e+02 7.387565478746242889e+02
6.147834917891098030e+02 7.385479688850475668e+02
6.152960671674768491e+02 7.379787892178524089e+02
6.166586852416195370e+02 7.383186765346104039e+02
6.184341652323580547e+02 7.388399311531841249e+02
6.202480686695279246e+02 7.395665236051502234e+02
6.221652820288587691e+02 7.400371665937909711e+02
6.249161372299872710e+02 7.411414654807284705e+02
6.265888560574081794e+02 7.415208948923595926e+02
6.273075268817203778e+02 7.417647311827956855e+02
6.271629310344827672e+02 7.418754310344827445e+02
6.261274382314694549e+02 7.413519722583441762e+02
6.252723311546841387e+02 7.410806100217864696e+02
6.229767135325131449e+02 7.403602811950790965e+02
6.209689440993788594e+02 7.398380656610470396e+02
6.194995663486556623e+02 7.393460537727667088e+02
6.184730308219178596e+02 7.392281678082191547e+02
6.172152658662092790e+02 7.391385077186963599e+02
6.163136069114470956e+02 7.389460043196544348e+02
6.153106220905627879e+02 7.393584426576386477e+02
6.156280884265279383e+02 7.389982661465106730e+02
6.165031793132683333e+02 7.394696905468418890e+02
6.179093264248704145e+02 7.391334196891191368e+02
6.189247541684480893e+02 7.395074818298418222e+02
6.193557529610828851e+02 7.401374788494077848e+02
6.196864587782998797e+02 7.407710380179410095e+02
6.193855109961190237e+02 7.410478654592496923e+02
6.193422319474835831e+02 7.411273522975930064e+02
6.195255793616090614e+02 7.415041539134236928e+02
6.196811846689895447e+02 7.415553135888501401e+02
6.195021720243266827e+02 7.417562988705473117e+02
6.177054030874785440e+02 7.415407375643225123e+02
6.164722341799397327e+02 7.411248385708136084e+02
6.153532908704883084e+02 7.410195329087048322e+02
6.143333333333333712e+02 7.407928270042193617e+02
6.136252640473172733e+02 7.402129277566540395e+02
6.129772151898733910e+02 7.398776371308016451e+02
6.124743049705139128e+02 7.400977253580455226e+02
6.116531719532554234e+02 7.400880634390650812e+02
6.098377693282636756e+02 7.400540768905788127e+02
6.086868296868296966e+02 7.396289146289146856e+02
6.096408058294041439e+02 7.397869695670809733e+02
6.113913978494623507e+02 7.399238709677418910e+02
6.127031786941580549e+02 7.400687285223367553e+02
6.136310885218127851e+02 7.400584498094027595e+02
6.140487387772552665e+02 7.400795211628901598e+02
6.140431034482758150e+02 7.404836206896551403e+02
6.146466069142124979e+02 7.407780623132736082e+02
6.146752208666385968e+02 7.410340765671013514e+02
6.147491610738254622e+02 7.408817114093959617e+02
6.148036758563074500e+02 7.407042606516290562e+02
6.137517849643006684e+02 7.403838723225535432e+02
6.117751806204844343e+02 7.398963025924351768e+02
6.104373927958833974e+02 7.398940823327616272e+02
6.098294442087399148e+02 7.401272804412388950e+02
6.104416027280477692e+02 7.404833759590792397e+02
6.116545687446626971e+02 7.407702818104183962e+02
6.128806228373701970e+02 7.407586505190311073e+02
6.147447826086956866e+02 7.407699999999999818e+02
6.158510368176047223e+02 7.414498518831993579e+02
6.169650915283099266e+02 7.412520221370796207e+02
6.178743676222596832e+02 7.415489038785834737e+02
6.192643923240938193e+02 7.410733475479744357e+02
6.202288027268854194e+02 7.404921175969323031e+02
6.202558635394456132e+02 7.399142857142857110e+02
6.189874892148403660e+02 7.392868852459016580e+02
6.166902807775378506e+02 7.389896328293737042e+02
6.145835892935498350e+02 7.384844229925405443e+02
6.134229925405879840e+02 7.386494076349275701e+02
6.126282676118742074e+02 7.384311032343819079e+02
6.128862144420131699e+02 7.386341356673960945e+02
6.134978204010461695e+02 7.386573670444638537e+02
6.149733218588639829e+02 7.391097246127366134e+02
6.171255893699100170e+02 7.393651950278610911e+02
6.186575993091537384e+02 7.395345423143351127e+02
6.205348635773061687e+02 7.406977046340407469e+02
6.230644742535698697e+02 7.409792297706620730e+02
6.246128205128204627e+02 7.414029914529915004e+02
6.251554404145077797e+02 7.416018998272884346e+02
6.249206554549374459e+02 7.417805088400172053e+02
6.242166739036040326e+02 7.413156752062527630e+02
6.206158267020335870e+02 7.402590627763041766e+02
