6.132473483241408303e+02 7.391264319049639653e+02
6.120941125913193446e+02 7.391052857756768617e+02
6.119844492440604427e+02 7.392077753779697105e+02
6.126474414570685667e+02 7.387797051170858822e+02
6.130918895599654661e+02 7.388321829163071470e+02
6.130191245218869653e+02 7.390233744156396369e+02
6.132295152295151865e+02 7.387443157443157133e+02
6.139197930142303221e+02 7.387986200948685109e+02
6.143681528662419851e+02 7.390577494692144001e+02
6.146435853865760919e+02 7.390917587085810965e+02
6.153561470215462350e+02 7.394000844951415274e+02
6.166022775200337946e+02 7.393078869675242686e+02
6.167005076142131657e+02 7.392335025380710931e+02
6.166306842328941684e+02 7.392749681257968177e+02
6.173583765112261972e+02 7.388752158894645845e+02
6.184712199312714347e+02 7.386752577319587090e+02
6.195995717344753757e+02 7.389546038543896884e+02
6.200382795698924383e+02 7.387415053763440937e+02
6.198171355498720914e+02 7.389070758738278073e+02
6.200805687203791194e+02 7.390301594140456700e+02
6.207297297297296836e+02 7.388256320836966324e+02
6.214308283518359985e+02 7.392570452604611546e+02
6.212560509554140253e+02 7.392760084925689625e+02
6.209948431456811022e+02 7.391779114740008936e+02
6.210477419354838275e+02 7.390550537634408101e+02
6.215777491408935020e+02 7.388616838487972700e+02
6.217924203273040575e+02 7.389319552110249560e+02
6.215622576475657297e+02 7.389435588108574393e+02
6.215162254483348079e+02 7.391127241673783601e+02
6.217593628928110547e+02 7.388136030994403427e+02
6.217246998284733763e+02 7.389541166380788582e+02
6.213254514187445920e+02 7.391534823731727784e+02
6.211360485268630782e+02 7.390823223570190521e+02
6.220034423407917075e+02 7.390744406196213276e+02
6.227373350361856410e+02 7.390744997871435089e+02
6.222045552213149904e+02 7.392440911044262748e+02
6.214740061162079883e+02 7.391201397990388386e+02
6.213935708079930009e+02 7.391437880104257374e+02
6.216125108601216880e+02 7.391581233709817980e+02
6.211175453759723268e+02 7.390535868625755711e+02
6.198903625110522171e+02 7.385278514588859480e+02
6.189667104686815264e+02 7.388063950941743769e+02
6.186896551724138362e+02 7.393639846743294584e+02
6.180160381447767577e+02 7.391027308192457212e+02
6.170659630606860446e+02 7.386433597185575763e+02
6.164427380430013272e+02 7.387007459412022854e+02
6.165852713178294380e+02 7.393380706287682642e+02
6.162930667800935680e+02 7.393432581880050520e+02
6.151615682895303507e+02 7.390051701852650012e+02
6.142242211496270556e+02 7.385590171127687427e+02
6.137832817337460938e+02 7.383940734188412307e+02
6.137790747946389729e+02 7.390778210116731088e+02
6.136901041666666288e+02 7.389900173611110858e+02
6.135276447540269373e+02 7.389925990422290170e+02
6.134748798602009856e+02 7.388409785932722116e+02
6.139913269731135870e+02 7.389301821335645855e+02
6.139578627280625369e+02 7.388310165073849021e+02
6.129640225400953568e+02 7.388630255743389625e+02
6.131438504997827295e+02 7.389947848761407840e+02
6.141823228010247249e+02 7.393962425277541115e+02
6.144080582940420072e+02 7.391710244320616994e+02
6.131633099824869078e+02 7.389789842381786684e+02
6.128067154541540731e+02 7.391321566939302556e+02
6.131375868055555429e+02 7.390607638888889142e+02
6.142784482758620470e+02 7.391413793103448597e+02
6.144662921348314057e+02 7.390345721694036456e+02
6.145906155832974491e+02 7.391140766250538263e+02
6.151000000000000227e+02 7.390521739130434753e+02
6.150745203034359747e+02 7.386559571619812914e+02
6.155376344086021163e+02 7.393058064516128525e+02
6.161234191016136492e+02 7.387086785870038739e+02
6.169687364307425241e+02 7.389470256187581754e+02
