6.165284653465346310e+02 7.406130363036303379e+02
6.143740771123872264e+02 7.405853158326497123e+02
6.127429184549356478e+02 7.396257510729614069e+02
6.130341252699784036e+02 7.394773218142548785e+02
6.155247357293868617e+02 7.399331923890063081e+02
6.182505193186539145e+02 7.404171167428334002e+02
6.197282244556114392e+02 7.403643216080401999e+02
6.196563545150501113e+02 7.402387123745819508e+02
6.180008364700961465e+02 7.400882475951484594e+02
6.167498940228909987e+02 7.397418397626112210e+02
6.157457627118643586e+02 7.394676227727075002e+02
6.163852208132925625e+02 7.393939658941844755e+02
6.177734711455641445e+02 7.395516795865632957e+02
6.191168886978942965e+02 7.394821658788139302e+02
6.204805249788314541e+02 7.396388653683319490e+02
6.207793307920372854e+02 7.396543837357052098e+02
6.209439014024649168e+02 7.398550786230343874e+02
6.205023022185014270e+02 7.403984930933445412e+02
6.205231958762886961e+02 7.400704467353951941e+02
6.201291433491174985e+02 7.394360740421868741e+02
6.202094827586206520e+02 7.396551724137931387e+02
6.204332622601278899e+02 7.399347547974413146e+02
6.205018883759966002e+02 7.399265631556861536e+02
6.201042535446205193e+02 7.401396997497914754e+02
6.188033402922756068e+02 7.402789144050104824e+02
6.170844951415293735e+02 7.398652302492606623e+02
6.159593495934959719e+02 7.398091570389387925e+02
6.161441979522184056e+02 7.398899317406143155e+02
6.168874367622260024e+02 7.400143338954468391e+02
6.181894254787677028e+02 7.399775187343880134e+02
6.187687160184023014e+02 7.397670430782100084e+02
6.175864197530863748e+02 7.400349794238683216e+02
6.158387232255355457e+02 7.394817303653926501e+02
6.141425531914893554e+02 7.393565957446808170e+02
6.137209601371624785e+02 7.390771538791256035e+02
6.160379207498934875e+02 7.395023434171282588e+02
6.199674556213017240e+02 7.400312764158918526e+02
