6.162415291051260056e+02 7.393718505647262873e+02
6.175118780815777200e+02 7.388135365307036864e+02
6.175542806707854879e+02 7.389192409532215606e+02
6.169650380995069554e+02 7.384961900493052553e+02
6.167153024911032162e+02 7.388069395017793113e+02
6.177566045907319676e+02 7.390537029016890074e+02
6.187615449202351101e+02 7.396624685138539235e+02
6.189084065244667272e+02 7.396097867001254826e+02
6.191033319274567930e+02 7.397671868409953504e+02
6.196104281475201105e+02 7.396244171259007771e+02
6.187718923536949660e+02 7.404147800085434028e+02
6.176982350408953835e+02 7.405820060266896689e+02
6.153892617449664613e+02 7.397355704697986312e+02
6.145831818181818562e+02 7.397945454545454140e+02
6.135079581628012875e+02 7.399586175534333279e+02
6.133376449598572435e+02 7.400285459411239799e+02
6.135269230769230262e+02 7.406004273504273669e+02
6.132571912013536348e+02 7.408126057529610762e+02
6.140162432319866639e+02 7.402798833819241509e+02
6.150597262546660886e+02 7.399697221070094884e+02
6.160484271523179132e+02 7.399205298013245056e+02
6.165088013411567545e+02 7.396550712489522539e+02
6.163962585034013273e+02 7.395799319727891543e+02
6.160235807860261730e+02 7.389781659388646631e+02
6.163755575379125276e+02 7.386030330062444591e+02
6.156104185218165412e+02 7.385369545859305163e+02
6.152679425837320650e+02 7.388982166159199778e+02
6.149380341880341803e+02 7.392790598290598609e+02
6.147508474576271738e+02 7.396466101694915096e+02
6.151968438538206101e+02 7.402632890365448475e+02
6.154725320115654768e+02 7.407451466336224257e+02
6.146791666666666742e+02 7.411308333333333849e+02
6.137394636015325204e+02 7.411230310770540655e+02
6.144063573883161098e+02 7.412117697594501351e+02
6.147916299559470872e+02 7.407484581497797080e+02
6.149332748024582997e+02 7.406602282704126310e+02
6.140065992080950537e+02 7.402595688517377539e+02
6.141668885929871067e+02 7.398277851753217647e+02
6.164322420223787731e+02 7.407600497306257239e+02
