6.199794959419051565e+02 7.338970525416489181e+02
6.133489343919766270e+02 7.317304638529043359e+02
6.078249043773905669e+02 7.292418189545261384e+02
6.035671641791044522e+02 7.282571428571428669e+02
5.996079105760962875e+02 7.277459157351676140e+02
5.977883461868037784e+02 7.281658097686375868e+02
5.965955153083225468e+02 7.291323846485554441e+02
5.964385281385281132e+02 7.309324675324675127e+02
5.977864332603938919e+02 7.332713347921225022e+02
6.009183581416328934e+02 7.350563824988723809e+02
6.061602478972996551e+02 7.384652501106684213e+02
6.122195448460508942e+02 7.413159303882194990e+02
6.182166666666666970e+02 7.439070175438596380e+02
6.241491190373872087e+02 7.468689299527288767e+02
6.294376358105171221e+02 7.479430682312038243e+02
6.336391267123287889e+02 7.491660958904109293e+02
6.368653366583540674e+02 7.508915211970074779e+02
6.375444210526316056e+02 7.505423157894737187e+02
6.360291262135922352e+02 7.502756437315323410e+02
6.326005855290673026e+02 7.493249686323713377e+02
6.285372208436724577e+02 7.482167080231596401e+02
6.237765552264071403e+02 7.460004231908591237e+02
6.187635983263597836e+02 7.432916317991631558e+02
6.137725571725571854e+02 7.406245322245322313e+02
6.091453416149067834e+02 7.381805383022774549e+02
6.029276859504132062e+02 7.355136363636363512e+02
5.985689509306261016e+02 7.329001692047377219e+02
5.947268760907504657e+02 7.310615183246072775e+02
5.923813011632917096e+02 7.305290822921155041e+02
5.921282163105101972e+02 7.298839947666812122e+02
5.936883289124668863e+02 7.296989389920424856e+02
5.977401574803149060e+02 7.310796150481189670e+02
6.036985261277355903e+02 7.325238945958017212e+02
6.103683504693785835e+02 7.347250782297720662e+02
6.194831612034126920e+02 7.373282442748092080e+02
6.277052304964538507e+02 7.399330673758864805e+02
6.358741228070175566e+02 7.423828947368421041e+02
6.443694158075601308e+02 7.452542955326460969e+02
6.513612315698178463e+02 7.468660017346053337e+02
6.560613549211759619e+02 7.478470387729015556e+02
6.596101916376306917e+02 7.488362369337978635e+02
6.607949367088607460e+02 7.497590717299577818e+02
6.607462876537972534e+02 7.487662282562579321e+02
6.514392563769995377e+02 7.455897103329009497e+02
6.443316173316172808e+02 7.436542256542256837e+02
6.341336188436830525e+02 7.410167023554604384e+02
6.235534782608696105e+02 7.388456521739130949e+02
6.138654592496766327e+02 7.367692971108236861e+02
6.027258753202390835e+02 7.343864218616566859e+02
5.932844387755102389e+02 7.335539965986394009e+02
5.854221258134490427e+02 7.323162689804772754e+02
5.784516411378556313e+02 7.314153172866521118e+02
5.739547803617571162e+02 7.324173126614987268e+02
5.720165794066317630e+02 7.333560209424083496e+02
5.718649115235217550e+02 7.345084160552438561e+02
5.746943830163644407e+02 7.361928350287483909e+02
5.790745931283905747e+02 7.381645569620253582e+02
5.873524988942945129e+02 7.398191065900043668e+02
5.965545335085413399e+02 7.422711344721857358e+02
6.050103492884863954e+02 7.444122466580422497e+02
6.141216041397153731e+02 7.459344545062526777e+02
6.231577123050260525e+02 7.471013864818024786e+02
6.303091849935317441e+02 7.479051315222078529e+02
6.379564288765484434e+02 7.484668944895344112e+02
6.430356376127093654e+02 7.483228853585229672e+02
6.462061328790459811e+02 7.478692504258943927e+02
6.474249999999999545e+02 7.467097457627119184e+02
6.460253057781526422e+02 7.448059890341628488e+02
6.429903239377366617e+02 7.432019352124526677e+02
6.380807193642826860e+02 7.407063989962358619e+02
6.320320239111870251e+02 7.372736976942784395e+02
6.262242755144897046e+02 7.350256194876102427e+02
6.188038477624425013e+02 7.324395650355500038e+02
6.121814363712725253e+02 7.299571608567828207e+02
6.066243633276740184e+02 7.282780135823429646e+02
6.018744680851064004e+02 7.272574468085106218e+02
5.989196770080748138e+02 7.271844453888652424e+02
5.974355748373102415e+02 7.277917570498915438e+02
5.970213787085515378e+02 7.290113438045375460e+02
5.974091703056768665e+02 7.314528384279476541e+02
5.993529411764706083e+02 7.337752414398595420e+02
6.038438478747203817e+02 7.362612975391498367e+02
6.095256701499318979e+02 7.386606088141753617e+02
6.152733303847854813e+02 7.417881468376824614e+02
6.213519163763065762e+02 7.447495644599302977e+02
6.309557717823971643e+02 7.482012383900928398e+02
