6.115579740477187443e+02 7.405872750104646229e+02
6.117363100252738377e+02 7.403550968828980103e+02
6.121820092475829824e+02 7.402875157629256364e+02
6.123682885906040383e+02 7.400121644295302303e+02
6.124485510289794092e+02 7.397564048719025322e+02
6.121204364246748355e+02 7.400830885438523410e+02
6.120396457191058062e+02 7.399274567692956452e+02
6.120202275600505573e+02 7.400821744627054386e+02
6.117893857083158764e+02 7.403556205599666100e+02
6.114044086477321116e+02 7.398245019075880009e+02
6.107261253681110702e+02 7.399259570887674045e+02
6.103658329800763340e+02 7.398164476473082232e+02
6.101960034013605991e+02 7.398142006802721653e+02
6.097341772151899022e+02 7.401358649789029869e+02
6.092667520273154196e+02 7.399765258215962831e+02
6.093202531645570161e+02 7.403978902953585930e+02
6.099166312207571536e+02 7.404695874096129273e+02
6.100872313527180495e+02 7.404770332911925834e+02
6.100773411371237671e+02 7.405192307692307168e+02
6.100834386852086482e+02 7.404521702486304093e+02
6.106885871871022573e+02 7.402944420873992613e+02
6.107691337258199837e+02 7.402089991589571127e+02
6.110479422995333607e+02 7.401790411540093828e+02
6.112771186440677411e+02 7.399936440677965948e+02
6.119006369426751917e+02 7.398394904458598376e+02
6.123894736842105431e+02 7.399587368421052815e+02
6.130505307855626143e+02 7.400301486199575720e+02
6.131775700934579163e+02 7.402102803738317789e+02
6.131850294365012815e+02 7.403376787216147932e+02
6.133340344972654066e+02 7.403348758939839627e+02
6.137785836177474721e+02 7.400204778156996781e+02
6.138974358974359120e+02 7.398047008547008545e+02
6.140508982035928511e+02 7.399037639007699454e+02
6.143664543524415649e+02 7.400191082802547271e+02
6.143572649572649880e+02 7.398666666666666742e+02
6.144880749574106176e+02 7.400315161839863549e+02
6.145587113183552219e+02 7.400724883425179996e+02
6.146576842105263268e+02 7.403987368421052224e+02
6.147767894959762316e+02 7.403320626853028443e+02
6.150025412960609401e+02 7.404980940279542665e+02
6.150930431071276416e+02 7.403674775928296867e+02
6.149708121827411560e+02 7.403604060913705780e+02
6.149437632135307013e+02 7.402837209302325618e+02
6.151925201869953526e+02 7.404105397365066210e+02
6.153099014144877401e+02 7.404633519074153583e+02
6.153098891730605828e+02 7.404497016197783523e+02
6.152058573853989856e+02 7.406027164685908701e+02
6.156566722972972912e+02 7.406634290540540633e+02
6.158382978723403767e+02 7.407089361702127235e+02
6.162258599254040519e+02 7.409399088271860592e+02
6.164622759483117989e+02 7.408190912880367023e+02
6.164847471792728584e+02 7.403794400334307966e+02
6.163778801843318433e+02 7.400427314620862944e+02
6.162684055532183720e+02 7.403504417332771936e+02
6.156359060402684236e+02 7.404677013422818845e+02
6.155169811320754434e+02 7.405287211740042039e+02
6.153863255033556925e+02 7.403481543624161532e+02
6.152701798410706715e+02 7.404010874111251042e+02
6.156254237288135300e+02 7.402033898305085131e+02
6.158738891239948998e+02 7.403423614049936532e+02
6.158853503184712963e+02 7.401668789808917381e+02
6.158432773109243499e+02 7.403651260504201446e+02
6.158647403685091604e+02 7.402784757118928383e+02
6.159735405291894494e+02 7.402805543889122646e+02
6.162401177460050121e+02 7.401724137931034875e+02
6.157646812080537302e+02 7.402969798657718457e+02
6.154349457881568242e+02 7.402885738115095364e+02
6.153379339188624044e+02 7.401212881639481793e+02
6.154422594142259868e+02 7.402640167364016861e+02
6.157003776751993200e+02 7.403579521611413838e+02
6.160092709650232337e+02 7.400412979351032163e+02
6.166961762261014428e+02 7.400860349127182189e+02
6.178488030239394675e+02 7.398206635867283012e+02
6.183805200165085125e+02 7.401011143210895398e+02
6.184509316770186160e+02 7.401540372670807528e+02
6.181123128119800185e+02 7.400083194675540881e+02
6.183880534670008728e+02 7.399983291562239174e+02
6.196608333333333576e+02 7.397933333333332939e+02
6.207858663260961976e+02 7.393533418475947201e+02
6.214180602006689469e+02 7.396596989966554929e+02
6.221241997439180977e+02 7.392970550576184223e+02
6.225187053383774582e+02 7.395422446406053041e+02
6.227831578947368598e+02 7.397385263157894997e+02
6.230417545339519165e+02 7.396866301138760491e+02
6.230575630252101291e+02 7.399403361344537871e+02
6.231663122075711954e+02 7.396282433007230566e+02
6.231234096692112416e+02 7.395424088210347691e+02
6.230880851063830050e+02 7.395748936170213028e+02
6.232336290663287173e+02 7.397494719053654535e+02
6.230475785896346679e+02 7.395675446049277753e+02
6.231290459965928221e+02 7.394740204429301684e+02
6.235797468354430748e+02 7.395012658227848306e+02
6.236378514477548833e+02 7.398367603860680219e+02
6.239683811129848436e+02 7.398279932546374766e+02
6.242913319238900840e+02 7.397522198731501248e+02
6.244041385135135442e+02 7.398859797297296836e+02
6.241408094435075782e+02 7.399072512647554731e+02
6.238043844856661053e+02 7.399995784148397888e+02
6.238876689189189619e+02 7.399624155405405190e+02
6.237475687103593600e+02 7.400207188160676424e+02
6.238678844519965878e+02 7.398700084961767516e+02
6.241847594721158430e+02 7.398280119199658884e+02
6.243233915636983511e+02 7.397596932253941304e+02
6.245449177562210252e+02 7.398515394348376049e+02
6.247626050420168440e+02 7.400100840336134524e+02
6.248653440270155670e+02 7.399054453355846590e+02
6.248672006745362069e+02 7.400299325463743116e+02
6.248963906581741412e+02 7.398963906581741412e+02
6.245999153259949708e+02 7.399885690093141193e+02
6.242961246840775402e+02 7.400973041280539064e+02
6.243226215644820059e+02 7.401247357293868845e+02
6.243665824915824487e+02 7.399583333333333712e+02
6.244655244463017425e+02 7.401136648558294837e+02
6.246949223667645583e+02 7.399018044481745164e+02
6.249888841385206888e+02 7.396297563061136771e+02
6.251453170936581500e+02 7.400802183956320732e+02
6.254306722689075286e+02 7.400163865546218176e+02
6.257591178965225254e+02 7.401806615776081344e+02
6.258616033755274657e+02 7.403059071729958305e+02
6.260505475989890556e+02 7.406023588879528461e+02
6.260746766791822893e+02 7.409182311222360795e+02
6.258749475451112403e+02 7.409953839697859621e+02
6.260296233601354743e+02 7.407655522640710615e+02
6.259915469146238820e+02 7.409306846999154459e+02
6.261561969439728728e+02 7.408285229202036817e+02
6.262437684833122375e+02 7.408825517532742424e+02
6.267835095137420467e+02 7.410029598308667573e+02
6.273198653198653574e+02 7.411300505050504626e+02
6.279898434193821686e+02 7.410753279729158294e+02
6.283204697986577685e+02 7.412856543624161532e+02
6.287877397831525741e+02 7.413261050875729552e+02
6.292710084033612929e+02 7.412369747899159620e+02
6.301528070915998114e+02 7.408885605740819074e+02
6.313159235668789506e+02 7.405171974522293112e+02
6.316093880972338184e+02 7.405637049455154965e+02
6.310435525192143587e+02 7.401276686592656233e+02
6.295815423514538907e+02 7.405191740412979016e+02
6.282399492170968642e+02 7.403440541684299205e+02
6.275316886431305647e+02 7.402407486176094835e+02
6.270458598726114587e+02 7.404632696390658566e+02
6.263784589186888070e+02 7.404819071945508995e+02
6.261672325976230695e+02 7.404465195246179974e+02
6.259504657070278881e+02 7.403725656223539318e+02
6.257690355329949625e+02 7.403714043993231826e+02
6.256136267456622591e+02 7.403254337706305250e+02
6.253064312736444208e+02 7.405367801597309381e+02
6.252226430976430720e+02 7.406856060606060055e+02
6.251297709923663888e+02 7.405856658184902699e+02
6.250591237771161559e+02 7.404942577626542288e+02
6.248518992744344587e+02 7.404118651301749878e+02
6.244177645558861514e+02 7.404088397790055751e+02
6.239667508417508088e+02 7.405159932659933020e+02
6.235562632696390892e+02 7.400989384288747033e+02
6.230454931972789154e+02 7.400569727891156617e+02
6.229621759456014161e+02 7.400038249043774385e+02
6.226492693110646997e+02 7.401240083507307190e+02
6.225671392827356385e+02 7.400179316096747471e+02
6.222745507730882082e+02 7.400426243209360564e+02
6.222289308176100349e+02 7.399140461215932874e+02
6.222448637316562099e+02 7.399953878406709009e+02
6.221809484193012167e+02 7.401601497504159397e+02
6.221748222501045120e+02 7.399665411961522068e+02
6.221680672268907983e+02 7.398214285714285552e+02
6.219438344594594810e+02 7.396875000000000000e+02
6.214109991603694425e+02 7.395663308144416987e+02
6.215405520169850888e+02 7.392318471337579240e+02
6.213426124197002309e+02 7.390788008565310747e+02
6.209619982920580696e+02 7.389508966695132131e+02
6.210742808072134267e+02 7.390399313009875186e+02
6.210868644067796822e+02 7.394144067796610216e+02
6.210777027027027088e+02 7.396009290540540633e+02
6.214124149659863861e+02 7.394732142857143344e+02
6.214657706845863459e+02 7.396375472490550464e+02
6.217156040268456536e+02 7.398359899328859228e+02
6.217725571725571854e+02 7.399721413721413228e+02
6.217789429530200778e+02 7.398997483221476159e+02
6.217189597315435776e+02 7.399916107382550763e+02
6.211956155143338947e+02 7.399173693086003141e+02
6.205185341196292939e+02 7.398500421229991844e+02
6.202803223070399099e+02 7.397128922815945771e+02
6.204156118143459935e+02 7.395168776371308468e+02
6.205545685279188319e+02 7.395494923857868343e+02
6.204252297410191659e+02 7.396499582289055752e+02
6.207034395973154233e+02 7.399949664429530003e+02
6.209813480288257779e+02 7.395523526918185553e+02
6.212863751051303325e+02 7.397342304457527007e+02
6.210628691983122280e+02 7.396358649789029869e+02
6.206416702172987243e+02 7.394333191308053301e+02
6.199176621160409013e+02 7.393046075085323992e+02
6.191348556656613482e+02 7.390124946143903344e+02
6.184576788830715941e+02 7.389572425828970381e+02
6.169139130434782601e+02 7.391078260869564929e+02
6.154047317279256504e+02 7.397275031685678641e+02
6.150617075232460138e+02 7.396369399830938391e+02
6.153842573000423499e+02 7.397528565382988290e+02
6.154578059071729967e+02 7.397742616033755212e+02
6.155071248952220913e+02 7.397778709136630368e+02
6.152928270042193617e+02 7.399894514767931923e+02
6.151957983193277641e+02 7.402542016806722813e+02
6.149415966386554828e+02 7.407361344537814603e+02
6.143588011819333587e+02 7.409409033347403692e+02
6.139814267623469277e+02 7.402718446601941196e+02
6.137419083648592277e+02 7.405292139554434243e+02
6.137645324347093947e+02 7.404780960404381176e+02
6.137526293647455304e+02 7.405477492637778596e+02
6.137112232030265204e+02 7.405649432534678454e+02
6.130604026845637691e+02 7.406367449664429614e+02
6.127905604719763915e+02 7.403539823008849226e+02
6.126846282372598580e+02 7.405781119465329994e+02
6.125200836820083623e+02 7.403092050209205581e+02
6.124917756221003629e+02 7.402273302404048536e+02
6.124362105263157900e+02 7.403200000000000500e+02
6.126673755848574956e+02 7.404317311782219804e+02
6.128844199830651860e+02 7.403869602032176545e+02
6.130491452991452661e+02 7.403619658119657743e+02
6.132374254049445881e+02 7.402306052855924463e+02
6.136213468869123062e+02 7.401808555696738949e+02
6.136952098346756657e+02 7.404662992793556668e+02
6.136051969823972740e+02 7.406416596814752893e+02
6.133564563309653295e+02 7.410910990388633763e+02
6.129936034115138455e+02 7.410059701492536988e+02
6.127191344929996148e+02 7.411026728892660458e+02
6.127777777777778283e+02 7.411513994910941392e+02
6.128172995780590782e+02 7.411738396624472216e+02
6.129065817409766623e+02 7.409842887473461133e+02
6.129135802469136252e+02 7.409003831417624042e+02
6.132623299319727721e+02 7.409404761904761472e+02
6.137091750841750581e+02 7.408859427609427257e+02
6.137196969696969973e+02 7.408636363636363740e+02
6.135495608531995231e+02 7.406424090338770156e+02
6.135681341719077864e+02 7.404855345911950053e+02
6.133123415046492255e+02 7.407130177514792422e+02
6.128476512907320739e+02 7.406606009310198715e+02
6.124126315789474120e+02 7.406488421052631566e+02
6.122101086048454590e+02 7.405689223057644313e+02
6.120679733110926009e+02 7.404849874895746780e+02
6.121434528773978627e+02 7.404336947456213238e+02
6.123508403361344108e+02 7.400697478991596654e+02
6.124383618888424508e+02 7.399853740075219548e+02
6.123400083437630883e+02 7.401973299958281132e+02
6.124838174273859295e+02 7.403315352697095477e+02
6.124348365742656597e+02 7.404269755895738854e+02
6.124432006633498986e+02 7.404311774461027653e+02
6.120637049455154965e+02 7.404107292539815717e+02
6.117967648278722663e+02 7.404425549564496123e+02
6.111013767209011576e+02 7.402974551522736419e+02
6.105372141372141641e+02 7.404328482328481869e+02
6.098290741516548223e+02 7.403967322999581029e+02
6.095190456257848837e+02 7.405378819589786872e+02
6.094968814968815423e+02 7.407492723492723599e+02
6.098533221897199610e+02 7.408257417467614232e+02
6.101559633027522977e+02 7.410963302752293203e+02
6.102006661115736961e+02 7.411690258118235306e+02
6.103269630245118833e+02 7.412110511009555012e+02
6.111126350789692196e+02 7.411650041562759270e+02
6.113531394858828207e+02 7.408647281921618060e+02
6.113582151793160619e+02 7.406167639699749543e+02
6.115569514237855628e+02 7.404861809045225982e+02
6.116731646619659841e+02 7.404085441725425198e+02
6.120569409808811088e+02 7.402738985868661530e+02
6.123991701244813157e+02 7.404186721991701461e+02
6.123705857914416129e+02 7.405687577897798519e+02
6.123972488536890069e+02 7.404956231763234200e+02
6.124520433694746089e+02 7.405371142618848808e+02
6.128883312421580740e+02 7.405052279381012568e+02
6.134926808866582633e+02 7.403977415307402907e+02
6.136263004577610900e+02 7.407336662505201730e+02
6.140078642384105478e+02 7.407516556291391225e+02
6.141794446746788481e+02 7.405963530874430489e+02
6.146868475991649348e+02 7.407532359081419600e+02
6.149709664039817198e+02 7.411820821236001393e+02
6.153016991297140521e+02 7.412793203481144246e+02
6.154220297029703488e+02 7.413840759075907272e+02
6.155010300782859076e+02 7.413329213020189172e+02
6.156421487603305422e+02 7.411958677685950079e+02
6.155617744610282216e+02 7.412881426202321791e+02
6.154279223461379615e+02 7.413139198678231878e+02
6.152751430907604799e+02 7.414652493867538396e+02
6.154093157460840757e+02 7.412848309975267966e+02
6.154342810053564108e+02 7.410646889163576816e+02
6.153364715513712326e+02 7.412173557101923507e+02
