6.188350296861747211e+02 7.391106870229007200e+02
6.210201026518391245e+02 7.391796407185628368e+02
6.228073666384419766e+02 7.398196443691787181e+02
6.238482932996207637e+02 7.405191740412979016e+02
6.242433234421364432e+02 7.408859686307757784e+02
6.242832271762208620e+02 7.411176220806794390e+02
6.242004255319149024e+02 7.411102127659574990e+02
6.235141120277897926e+02 7.406630481980025706e+02
6.227401709401709695e+02 7.411581196581196309e+02
6.215369156837047058e+02 7.405412844036696924e+02
6.196466552315608851e+02 7.405510291595197714e+02
6.175806451612903629e+02 7.399465195246179974e+02
6.151732652192422393e+02 7.396760323541932394e+02
6.131051959114139436e+02 7.392155025553662426e+02
6.118922155688622979e+02 7.388096663815226748e+02
6.107941555651052568e+02 7.381289213579716488e+02
6.104997876857748906e+02 7.379006369426751917e+02
6.105215719777872891e+02 7.377693293464330964e+02
6.107261904761904816e+02 7.377878401360544558e+02
6.116760563380281610e+02 7.377780623132736082e+02
6.127080825451419059e+02 7.381006018916594940e+02
6.137124781849912551e+02 7.379733856893542452e+02
6.152758181045473975e+02 7.390004249893752331e+02
6.168972366148532274e+02 7.389658894645941700e+02
6.192907488986784301e+02 7.387264317180616899e+02
6.207556696619598142e+02 7.401009841677364420e+02
6.221316802052159574e+02 7.409337323642582760e+02
6.230910638297872310e+02 7.411493617021276350e+02
