6.209484848484848953e+02 7.392740259740260171e+02
6.211938117748173909e+02 7.395573700042973542e+02
6.213317432784041330e+02 7.392805724197745576e+02
6.218795811518324399e+02 7.392923211169284059e+02
6.227637931034482790e+02 7.395262931034483245e+02
6.237687103594080327e+02 7.401547568710359428e+02
6.245204038704249569e+02 7.397223390828776246e+02
6.247001249479383205e+02 7.402932111620158366e+02
6.247521043771043878e+02 7.401018518518518476e+02
6.244491525423728717e+02 7.398576271186440181e+02
6.236206008583691300e+02 7.392690987124464073e+02
6.229982854693527088e+02 7.393497642520360387e+02
6.218755383290266536e+02 7.393307493540052064e+02
6.210169712793733652e+02 7.389103568320279010e+02
6.206021598272137680e+02 7.390794816414686466e+02
6.195284482758620470e+02 7.390530172413792798e+02
6.175924190800681117e+02 7.392704429301533082e+02
6.165356101624323628e+02 7.398663057059558241e+02
6.156954526491447268e+02 7.402511472674176503e+02
6.156114357262104022e+02 7.401627712854757419e+02
6.162850603412400687e+02 7.400087390761548249e+02
6.162239430724151816e+02 7.397773126831310719e+02
6.150088198236035169e+02 7.394598908021839634e+02
6.140614334470989206e+02 7.389714163822525279e+02
6.140619469026548813e+02 7.392267172355667526e+02
6.142195224130707629e+02 7.396816087138668081e+02
6.141331086773378729e+02 7.398108677337826293e+02
6.138538135593220204e+02 7.396254237288135300e+02
6.141789915966386388e+02 7.397983193277310647e+02
6.148266779949022975e+02 7.392548853016143084e+02
6.144872224549643533e+02 7.395978215333053640e+02
6.137963512940177679e+02 7.397967755621552897e+02
6.131615352172079838e+02 7.400046393926613746e+02
6.127624633431084931e+02 7.399815668202764982e+02
6.127023708721422963e+02 7.396845893310753581e+02
6.128510638297872219e+02 7.396225531914893736e+02
6.131840986394557831e+02 7.393516156462585514e+02
6.142779430514236765e+02 7.397025074373140114e+02
6.153840000000000146e+02 7.400547368421052852e+02
6.170251572327043732e+02 7.402503144654087919e+02
6.178114478114478061e+02 7.403186026936026565e+02
6.180287499999999454e+02 7.402833333333333030e+02
6.186687763713080130e+02 7.395890295358649382e+02
6.193252908229211471e+02 7.389082292115467681e+02
6.200479274611399205e+02 7.393506044905008139e+02
6.205300570425624755e+02 7.395555068012286029e+02
6.202269911504424726e+02 7.391977876106194572e+02
6.202434239857334433e+02 7.393071778867588364e+02
6.213054229934923569e+02 7.396281995661605606e+02
6.231220034246575779e+02 7.397405821917808453e+02
6.246477033291192811e+02 7.402633796881584658e+02
6.249111952861952659e+02 7.407348484848484986e+02
6.244064327485380090e+02 7.405129490392648677e+02
6.229799059427106158e+02 7.402407011543394901e+02
6.216979345955249983e+02 7.403597246127366134e+02
6.208267818574513512e+02 7.400168466522678727e+02
6.208064236111110858e+02 7.397790798611110858e+02
6.207790798611110858e+02 7.398984375000000000e+02
6.210597144093466113e+02 7.396174816096927316e+02
6.215883611467693299e+02 7.397509627727856696e+02
6.219791044776119406e+02 7.401675906183369307e+02
6.227050359712229692e+02 7.404536606009310162e+02
6.227888094236432153e+02 7.404206983592763436e+02
6.229704391891891646e+02 7.404898648648648987e+02
6.229728237791931633e+02 7.401889596602972006e+02
6.218681550126368620e+02 7.406600673967986950e+02
6.190021505376344066e+02 7.405655913978495164e+02
