6.067009900990099140e+02 7.382792079207920324e+02
6.090158966716343230e+02 7.381639344262295026e+02
6.132339126350399283e+02 7.392559887271019079e+02
6.185968749999999545e+02 7.397334821428571558e+02
6.219563591022443916e+02 7.412327514546965403e+02
6.244111695669769233e+02 7.415321732092270395e+02
6.249217533797624355e+02 7.417480540761982866e+02
6.222675474814203653e+02 7.414120561519405328e+02
6.179207369323050898e+02 7.405865467009425629e+02
6.127363594681338554e+02 7.395946813388353576e+02
6.095514741420976179e+02 7.387762203963267211e+02
6.079630010277492147e+02 7.375554984583761780e+02
6.088977329974810573e+02 7.383622166246851748e+02
6.121652215799614396e+02 7.388184007707128558e+02
6.168502673796791669e+02 7.400775401069519148e+02
6.211628883291351713e+02 7.407036104114189357e+02
6.236004901960784537e+02 7.408762254901961342e+02
6.232737950587281830e+02 7.404840016200890886e+02
6.200461665292663156e+02 7.398470733718054362e+02
6.154920302013422315e+02 7.394244966442953455e+02
6.112889187976670655e+02 7.386137281292059242e+02
6.067497560975609758e+02 7.378746341463414637e+02
6.052148634984832825e+02 7.380232558139534831e+02
6.059200819672131502e+02 7.378668032786885078e+02
6.104194156456173914e+02 7.388374175306314555e+02
6.170818536162840928e+02 7.397618016457340673e+02
6.211015270326041673e+02 7.403272802311184932e+02
6.226880290205562005e+02 7.404752116082224802e+02
6.224785226816539989e+02 7.409008430349257424e+02
6.204390044879640982e+02 7.407731538147694437e+02
6.164025210084033688e+02 7.401386554621848290e+02
6.117580500894454190e+02 7.391015205724507950e+02
6.077236966824644924e+02 7.386227488151658918e+02
6.052741687979539620e+02 7.376838874680306617e+02
6.077553776888444190e+02 7.374857428714357184e+02
6.116256410256410163e+02 7.383939393939393767e+02
6.175221394125383085e+02 7.394173608066637371e+02
6.220480690221857003e+02 7.404884963023829414e+02
6.262227198697067934e+02 7.408672638436481748e+02
