6.167966466036112934e+02 7.390967325881341594e+02
6.175164179104477853e+02 7.388081023454158185e+02
6.187228707306528577e+02 7.387682663207955329e+02
6.195644251626897585e+02 7.388477223427331637e+02
6.201696158826067631e+02 7.395123003884333457e+02
6.201066552901023670e+02 7.398796928327644764e+02
6.195302705023615317e+02 7.397333619579218293e+02
6.183303030303030710e+02 7.387783549783549688e+02
6.179370932754881096e+02 7.384026030368763713e+02
6.169016464471403651e+02 7.383734835355286350e+02
6.161384083044982845e+02 7.387443771626298030e+02
6.167206776715898968e+02 7.389596003475238604e+02
6.174850325379609330e+02 7.391930585683296613e+02
6.176974025974026290e+02 7.388125541125541531e+02
6.178216310510248377e+02 7.388373310074139226e+02
6.174001728608469648e+02 7.389010371650821298e+02
6.171127004768096640e+02 7.391001300390116739e+02
6.173123634775010942e+02 7.391284403669724270e+02
6.174121709106603930e+02 7.391199827362969472e+02
6.171263066202091068e+02 7.390918989547038791e+02
6.173643546971027263e+02 7.389130816505706889e+02
6.188633377135348610e+02 7.388720981165133708e+02
6.199872448979591582e+02 7.394953231292516875e+02
6.213571729070256424e+02 7.395696255784602045e+02
6.231905579399141288e+02 7.407944206008584160e+02
