6.149642421779764163e+02 7.400971149939049383e+02
6.127249190938510992e+02 7.400149676375405079e+02
6.092383795309168590e+02 7.391211087420042531e+02
6.066628771316134134e+02 7.389099256668124553e+02
6.072246111619396061e+02 7.382351326623970635e+02
6.096560283687942956e+02 7.393794326241135195e+02
6.132350877192982352e+02 7.401280701754385518e+02
6.160355902777778283e+02 7.398111979166666288e+02
6.173837209302325846e+02 7.393725236864771659e+02
6.192237701349586132e+02 7.391928602525032375e+02
6.208611353711789889e+02 7.390576419213973622e+02
6.231178247734138722e+02 7.390785498489425436e+02
6.260460750853242189e+02 7.392517064846416588e+02
6.277337552742616253e+02 7.398704641350210522e+02
6.283948911222780680e+02 7.400950586264656295e+02
6.257194761301225299e+02 7.397748204478242542e+02
6.177279574656623709e+02 7.403978732831192247e+02
6.163882030178326659e+02 7.398056698673982510e+02
6.159995491433724055e+02 7.397687105500450571e+02
6.176205059920106351e+02 7.400137594318686070e+02
6.204443016281062455e+02 7.408616109682948263e+02
6.219048031155343779e+02 7.403738641280830279e+02
6.215243219974171325e+02 7.400977184674989076e+02
6.205739391341620603e+02 7.396909558508358487e+02
6.187276264591439485e+02 7.391067877215737099e+02
6.154991496598639742e+02 7.399226190476190368e+02
6.132789230122002664e+02 7.398241480858224577e+02
6.117258399004562079e+02 7.399684778100373705e+02
6.091946902654867699e+02 7.395478297513695907e+02
6.071507092198581859e+02 7.390425531914893327e+02
6.074519400352734237e+02 7.397257495590829421e+02
6.138094823836451042e+02 7.408542844715093452e+02
