6.127704059362723683e+02 7.403614142295940610e+02
6.150145610278372033e+02 7.408432548179871446e+02
6.165456852791878646e+02 7.406683587140439613e+02
6.172597513930561490e+02 7.392850407201028702e+02
6.181792863359443118e+02 7.388041775456919140e+02
6.186324347454001327e+02 7.388035943517329542e+02
6.186323654995729839e+02 7.381682322801025293e+02
6.176119148936170404e+02 7.379748936170212801e+02
6.167247311827957219e+02 7.376507526881720196e+02
6.157191634656422821e+02 7.381190781049936049e+02
6.148499566348655208e+02 7.380151777970511375e+02
6.143637909052273471e+02 7.392209944751381272e+02
6.154518072289156407e+02 7.392035283993114945e+02
6.158642495784148423e+02 7.402289207419898958e+02
6.154588486140725081e+02 7.410008528784647979e+02
6.144259417808219723e+02 7.409991438356164508e+02
6.155499146757679227e+02 7.410554607508532854e+02
6.162980728051392134e+02 7.407935760171305901e+02
6.160917748917748895e+02 7.398073593073593202e+02
6.156364829396325149e+02 7.392379702537182311e+02
6.162804186655037029e+02 7.385752289576973908e+02
6.176171602787457005e+02 7.382966027874564361e+02
6.182483857081360838e+02 7.379164873009040093e+02
6.196766104626026390e+02 7.380432338953739873e+02
6.214352736750651047e+02 7.383436142484796392e+02
6.226569091691777658e+02 7.386711149375806826e+02
6.236014234875444799e+02 7.385925266903914235e+02
6.235813648293963070e+02 7.390975503062117014e+02
6.225430809399477994e+02 7.396253263707571932e+02
6.199423743500866522e+02 7.407352686308491911e+02
6.170332313073895421e+02 7.409536510712723612e+02
6.150104803493450163e+02 7.410170305676855378e+02
6.148745674740484901e+02 7.410224913494810153e+02
6.164034408602150279e+02 7.411015053763441074e+02
6.173238218763510758e+02 7.403878080415045133e+02
6.187161872048088753e+02 7.396122799484757024e+02
6.196050983899821176e+02 7.382195885509838718e+02
6.208022404136148680e+02 7.387277035760448598e+02
