6.096463570515551282e+02 7.392113336173838434e+02
6.119813529921942745e+02 7.388668690372940091e+02
6.168199052132700899e+02 7.393459715639810383e+02
6.201484238178634314e+02 7.397727670753064331e+02
6.229583514099782633e+02 7.404828633405639948e+02
6.247075921908893861e+02 7.409878524945770550e+02
6.261804056970220245e+02 7.411333621061718304e+02
6.270725141120277613e+02 7.409748154580980781e+02
6.275436766623207632e+02 7.408374619730551558e+02
6.268536263736264118e+02 7.402347252747252924e+02
6.242773000859845069e+02 7.404531384350816552e+02
6.210132196162046512e+02 7.397739872068229943e+02
6.169660441426145780e+02 7.395186757215619764e+02
6.136253218884120315e+02 7.386901287553647535e+02
6.110112456747405076e+02 7.381254325259515099e+02
6.099832985386220798e+02 7.389340292275574029e+02
6.101605657237936384e+02 7.390382695507487369e+02
6.106400339991499777e+02 7.384874628134297154e+02
6.119794256322331876e+02 7.385576510930133054e+02
6.139282317336792403e+02 7.388430609597925240e+02
6.181200000000000045e+02 7.391282608695652243e+02
6.210739265161575986e+02 7.394457724656928121e+02
6.238622834295867960e+02 7.400733007552198615e+02
6.271988485385296599e+02 7.402776793622674631e+02
6.278431542461005392e+02 7.409077123050260525e+02
6.272174284493805771e+02 7.412511747116616334e+02
6.240466926070039335e+02 7.407920449632512145e+02
6.214464285714285552e+02 7.403010204081632537e+02
6.188857749469214014e+02 7.396246284501061155e+02
6.160335456475584124e+02 7.389991507430997899e+02
6.139597053726170088e+02 7.383310225303292782e+02
6.124942528735632550e+02 7.379135802469136252e+02
6.105912933220625973e+02 7.379209636517329045e+02
6.086498516320474437e+02 7.376642645188638880e+02
6.087733160621761499e+02 7.375401554404145372e+02
6.112679405520169666e+02 7.384144373673036625e+02
6.150864144453997824e+02 7.386444539982802553e+02
6.191243611584327482e+02 7.390919931856899439e+02
6.224751169715015067e+02 7.396116546150574322e+02
6.244152397260273801e+02 7.402910958904109293e+02
6.270440985732814170e+02 7.408244703847816481e+02
