6.236475903614457366e+02 7.391441480206540291e+02
6.234812446717817238e+02 7.393209718670076427e+02
6.239187687045746316e+02 7.394690038477981489e+02
6.241729193617939018e+02 7.390810694264769154e+02
6.240199393151278855e+02 7.389211096662331784e+02
6.237354474370113167e+02 7.387658557775847612e+02
6.235533016832110889e+02 7.388446266724212137e+02
6.233313096270597953e+02 7.390294882914137133e+02
6.230729927007299693e+02 7.391588664662945121e+02
6.229031569965870858e+02 7.394812286689419807e+02
6.226218197498922109e+02 7.388551099611901236e+02
6.224353653264158766e+02 7.387968006917423054e+02
6.224086393088552995e+02 7.388224622030237470e+02
6.220901567944250701e+02 7.387582752613240018e+02
6.215622525296964795e+02 7.382916849978003029e+02
6.211126028583802281e+02 7.390454742312689405e+02
6.212780911062906171e+02 7.388750542299349036e+02
6.213412836079792214e+02 7.387515177797050683e+02
6.211473136915077475e+02 7.387725303292894523e+02
6.200175284837861227e+02 7.386327782646801552e+02
6.190508474576271283e+02 7.387166449369839256e+02
6.185533190578158838e+02 7.389751605995717227e+02
6.179956653662765120e+02 7.386254876462938910e+02
6.167070312500000000e+02 7.383771701388889142e+02
6.157142237640936173e+02 7.386647875108412791e+02
6.142885273972602818e+02 7.386271404109588730e+02
6.134571183533447538e+02 7.385651801029159742e+02
6.128099701746911023e+02 7.389339582445675205e+02
6.120180412371133798e+02 7.390652920962198777e+02
6.107034334763948209e+02 7.388836909871245098e+02
6.106942538593482368e+02 7.388559176672383728e+02
6.108943965517241850e+02 7.387306034482758150e+02
6.105459965928449719e+02 7.389701873935264302e+02
6.102241748821260217e+02 7.390458636948135336e+02
6.098356223175965170e+02 7.388798283261802453e+02
6.098188034188034408e+02 7.392487179487179674e+02
6.097816780821917746e+02 7.391035958904109293e+02
6.096668085106382478e+02 7.392536170212765683e+02
6.096602646180110696e+02 7.390524967989756533e+02
6.098137634408602707e+02 7.390524731182795222e+02
6.097464668094218041e+02 7.389910064239828671e+02
6.096137430644472488e+02 7.390763977806230969e+02
6.092213772708068973e+02 7.398039712716519034e+02
6.094093220338983201e+02 7.398271186440678093e+02
6.096268085106382841e+02 7.398629787234042396e+02
6.105016849199663511e+02 7.398319292333613930e+02
6.109363327674024049e+02 7.394804753820034193e+02
6.112704429301533082e+02 7.393266609880749911e+02
6.120102607952115932e+02 7.395831551945275351e+02
6.127974358974358893e+02 7.397478632478632790e+02
6.134763967085318654e+02 7.397704634040710516e+02
6.146977046340407469e+02 7.402031182330013053e+02
6.161319930069929569e+02 7.399195804195803703e+02
6.169627029398859577e+02 7.395634050021939174e+02
6.173878443375600682e+02 7.397096633143856934e+02
6.180312500000000000e+02 7.402452256944444571e+02
6.179709075119409363e+02 7.402414242292661584e+02
6.181053093462044217e+02 7.405037297060114270e+02
6.188976241900647892e+02 7.407995680345571827e+02
6.197321428571428896e+02 7.408162020905923555e+02
6.197516339869281410e+02 7.407581699346404775e+02
6.197088055797732977e+02 7.406207497820400931e+02
6.202097197898424383e+02 7.407294220665498869e+02
6.203727193744570059e+02 7.411103388357950053e+02
6.209118790496760312e+02 7.409464362850972066e+02
6.208538932633421155e+02 7.406946631671040677e+02
6.213388501742160770e+02 7.411071428571428896e+02
6.220780234070221013e+02 7.410702210663198457e+02
