6.180280656303972364e+02 7.403579447322970282e+02
6.137382065448364301e+02 7.398890777730556465e+02
6.092345991561181791e+02 7.397105485232067394e+02
6.067325433770630525e+02 7.392983495556495654e+02
6.061976695796920467e+02 7.400436953807740110e+02
6.085736466638691127e+02 7.403399076793957647e+02
6.108915510718788937e+02 7.405220680958385628e+02
6.135690394511149179e+02 7.396663807890223552e+02
6.147139803334758881e+02 7.393907652843095093e+02
6.148805650684931834e+02 7.393236301369862531e+02
6.143082802547770598e+02 7.395957537154989723e+02
6.143378550233150008e+02 7.397002967359049990e+02
6.168896238114923563e+02 7.398648201736255032e+02
6.211102394715111359e+02 7.400247729149463112e+02
6.256798666110879594e+02 7.398574406002501291e+02
6.274453746337379698e+02 7.404227710339054056e+02
6.246694143167028415e+02 7.401757049891540419e+02
6.219180543382997257e+02 7.396844872918492229e+02
6.184653679653679319e+02 7.395683982683982549e+02
6.165245901639344765e+02 7.398817946505607779e+02
6.164781864841745573e+02 7.402365269461078015e+02
6.181164354770911586e+02 7.404585960487600005e+02
6.213923890063424551e+02 7.399670190274841843e+02
6.238141935483871521e+02 7.393526881720430310e+02
6.251815812337098350e+02 7.395221546481320729e+02
6.244549682875264125e+02 7.403513742071882007e+02
6.220470193115029360e+02 7.405545759865659647e+02
6.169556881124840402e+02 7.399139326800170693e+02
6.119890848026867616e+02 7.399949622166246854e+02
6.086124893071000770e+02 7.399011976047904682e+02
6.062585301837270890e+02 7.399103237095363284e+02
6.087729447585907110e+02 7.402214006089603799e+02
