6.083024777933613905e+02 7.386124357176250896e+02
6.099789128397376317e+02 7.380234301780693613e+02
6.139165574486675041e+02 7.395827872433377479e+02
6.188307628178407640e+02 7.406406836181741937e+02
6.228884397736459277e+02 7.413714632174616099e+02
6.256607354685646669e+02 7.418260181890075273e+02
6.258834062873060020e+02 7.417461201750895725e+02
6.236241638795986546e+02 7.400543478260869961e+02
6.194931856899488594e+02 7.398432708688245611e+02
6.150820724438331126e+02 7.384667583677212406e+02
6.120125000000000455e+02 7.367495000000000118e+02
6.110458395615346490e+02 7.373248629795715487e+02
6.130143584993052173e+02 7.385354330708661337e+02
6.163965591397849266e+02 7.404021505376343839e+02
6.212317224287484123e+02 7.411416769929780912e+02
6.252436772380569892e+02 7.420513849859494258e+02
6.273196492626544796e+02 7.423447588680749050e+02
6.272875894988067103e+02 7.423595863166268600e+02
6.245405183052241682e+02 7.411822295351706771e+02
6.205988049509176108e+02 7.402172428510456257e+02
6.147906550618414485e+02 7.386257443884562690e+02
6.106551068883610469e+02 7.376774346793349650e+02
6.087155824508320165e+02 7.371971759959657220e+02
6.105560836501900894e+02 7.382671102661596478e+02
6.138455785305762902e+02 7.397078750549934512e+02
6.182943380516236402e+02 7.411844296419650391e+02
6.235083231831100647e+02 7.419748274462037898e+02
6.266557851239668935e+02 7.437433884297520308e+02
6.273855472013366352e+02 7.430058479532164029e+02
6.251326860841423922e+02 7.422212783171521551e+02
6.205185029436501054e+02 7.407363330529857421e+02
6.155836347197106306e+02 7.392603978300180643e+02
6.106054519368723277e+02 7.387943567670970424e+02
6.076719630958482412e+02 7.375925166581240546e+02
6.091781800857551161e+02 7.389842782277274864e+02
6.123097065462753790e+02 7.396266365688487667e+02
6.166062893081760876e+02 7.412259958071279016e+02
6.211678321678322163e+02 7.416104483751543057e+02
6.245759244689221532e+02 7.420767112509835215e+02
6.244571078431372371e+02 7.410759803921569073e+02
