6.150755711775043437e+02 7.385988576449911989e+02
6.159320771253286466e+02 7.385241016652059898e+02
6.170742489270386386e+02 7.391068669527896873e+02
6.186805374945816993e+02 7.389167750325098041e+02
6.211587646802958034e+02 7.390461070030447672e+02
6.220891998250983761e+02 7.393620463489287431e+02
6.223550065019505837e+02 7.394469007368877556e+02
6.224196891191710392e+02 7.395012953367876207e+02
6.234511727078890999e+02 7.398034115138592597e+02
6.246407438715131093e+02 7.400887573964497506e+02
6.246554514480409352e+02 7.399020442930153649e+02
6.245111396743787964e+02 7.399781491002570419e+02
6.240162462590850510e+02 7.400825138948268886e+02
6.245227074235807549e+02 7.397786026200873266e+02
6.243786239723064000e+02 7.398784076157508025e+02
6.238168953687821841e+02 7.402555746140651536e+02
6.235404710920770412e+02 7.401970021413276299e+02
6.235520034100596831e+02 7.401798806479113182e+02
6.235419847328244032e+02 7.401229855810008758e+02
6.227533898305084676e+02 7.399750000000000227e+02
6.222665534804754088e+02 7.401375212224108964e+02
6.209436801375752566e+02 7.397742906276870372e+02
6.192281532501076526e+02 7.395032285837279460e+02
6.188823779193205610e+02 7.402382165605094997e+02
6.175528244933160522e+02 7.395558430357913267e+02
6.156740144128867769e+02 7.395663416701992219e+02
6.146167867740567772e+02 7.396409495548961104e+02
6.144852501068833135e+02 7.395763146643864729e+02
6.145349935594675799e+02 7.391537140403606827e+02
6.141665247018739819e+02 7.396511925042589155e+02
6.136521551724138135e+02 7.395862068965517437e+02
6.138297506448839158e+02 7.396938950988821944e+02
6.136029850746268721e+02 7.395829424307036106e+02
6.134618353344768593e+02 7.397911663807890363e+02
6.131118615449556728e+02 7.400557197129591032e+02
6.133353474320241503e+02 7.394264134656883698e+02
6.141828521434820232e+02 7.394273840769903927e+02
6.144975824175824073e+02 7.399050549450549852e+02
6.149441292012221538e+02 7.394404190309908245e+02
6.156600086843247936e+02 7.396087711680416987e+02
6.170806310254163236e+02 7.397686240140227483e+02
6.187746846454980414e+02 7.397124836885602690e+02
6.204715341156019122e+02 7.400830073880921418e+02
6.213548249359521378e+02 7.407472245943638427e+02
6.212326180257510941e+02 7.409716738197424775e+02
