6.213683544303797817e+02 7.400945147679325373e+02
6.216516376010208660e+02 7.396609953211399215e+02
6.217298558100085302e+02 7.397184054283291061e+02
6.214776804338756619e+02 7.401042970379641019e+02
6.206488322717622168e+02 7.400628450106156606e+02
6.195846672283066709e+02 7.401516427969671668e+02
6.190423801369862531e+02 7.402889554794520564e+02
6.183796928327644764e+02 7.401655290102388562e+02
6.182639068564036506e+02 7.399081500646830136e+02
6.183795309168443737e+02 7.398017057569296639e+02
6.180445777968280936e+02 7.394620660094299183e+02
6.168775160599572018e+02 7.393798715203425900e+02
6.162617336152219423e+02 7.396389006342494667e+02
6.157140447068746880e+02 7.397351328553353369e+02
6.157234042553191102e+02 7.398668085106382932e+02
6.155275789473683972e+02 7.400736842105262667e+02
6.155446880269814756e+02 7.400906408094434710e+02
6.162397660818713803e+02 7.404068504594820297e+02
6.169299416180150502e+02 7.402597998331942790e+02
6.178923076923076678e+02 7.402187110187110193e+02
6.183334712453454358e+02 7.401501861812164407e+02
6.182755741127348301e+02 7.401039665970772603e+02
6.181014851485148256e+02 7.405309405940594161e+02
6.187343880099916760e+02 7.404171523730225317e+02
6.189552620366424662e+02 7.400852151683000102e+02
6.198517094017093996e+02 7.401247863247863279e+02
6.204281512605042508e+02 7.406714285714285779e+02
6.206727272727272293e+02 7.408115702479339006e+02
6.206563545150501113e+02 7.407194816053511204e+02
6.205225752508360983e+02 7.402976588628762329e+02
6.206805260924904815e+02 7.398154433602036306e+02
6.203677392394483832e+02 7.401750940242374099e+02
6.199430139299282700e+02 7.400059096665260086e+02
6.189381573411864110e+02 7.401708035338662057e+02
6.178303797468354333e+02 7.405029535864979380e+02
