6.200589529256488959e+02 7.405195776506818675e+02
6.207847222222221717e+02 7.405802951388889142e+02
6.219303030303029800e+02 7.402787878787878526e+02
6.237111853088480302e+02 7.404511686143572433e+02
6.246404023470242919e+02 7.400984911986588486e+02
6.244548872180450871e+02 7.398003341687551710e+02
6.241666666666666288e+02 7.395894206549118053e+02
6.224399159663865930e+02 7.397294117647059011e+02
6.210528334043459608e+02 7.397273114614400811e+02
6.204463500439753716e+02 7.391174142480210776e+02
6.193790393013100584e+02 7.394449781659388918e+02
6.181838427947598120e+02 7.394960698689956189e+02
6.180232039268183826e+02 7.390093708165996986e+02
6.180466138962181049e+02 7.390070360598065236e+02
6.186762312633833290e+02 7.395576017130621267e+02
6.196066493955095211e+02 7.389667530224525080e+02
6.202609819121447572e+02 7.386903531438415484e+02
6.200819881053525933e+02 7.389966015293117607e+02
6.199579081632653015e+02 7.383720238095238528e+02
6.195218120805369608e+02 7.385000000000000000e+02
6.183001672240802691e+02 7.384347826086956275e+02
6.167497872340425147e+02 7.384659574468084884e+02
6.148879828326180359e+02 7.386313304721030590e+02
6.129298845660538291e+02 7.392749038050449144e+02
6.117813871817384097e+02 7.390737489025460718e+02
6.113175704989154156e+02 7.397605206073752697e+02
6.119347732181425954e+02 7.403317494600431701e+02
6.127641468682505774e+02 7.401235421166306878e+02
6.137680591818973426e+02 7.399634464751958376e+02
6.151029159519725908e+02 7.399858490566037972e+02
6.164737510584250231e+02 7.397861981371719367e+02
6.170871386677838473e+02 7.395911185588604440e+02
6.161070833333333212e+02 7.395595833333333076e+02
6.151104675217211479e+02 7.393235415804716695e+02
6.127767596834652295e+02 7.390174927113702097e+02
6.098896103896104250e+02 7.379861471861471500e+02
6.078135593220339388e+02 7.376245110821381559e+02
6.069145486415425239e+02 7.376266432953549383e+02
6.068534749889331579e+02 7.377445772465692926e+02
6.066662251655628779e+02 7.376604856512141168e+02
6.077843736359668583e+02 7.380746398952422851e+02
6.097971576227390642e+02 7.389866494401378532e+02
6.120750838926174993e+02 7.392118288590603470e+02
6.145355168013611546e+02 7.389081242024669791e+02
6.170455706984668041e+02 7.391946337308347665e+02
6.182687993352720923e+02 7.395367677606980124e+02
6.183413223140495347e+02 7.396425619834710687e+02
6.170560200668896869e+02 7.397295150501672651e+02
6.157540846250523145e+02 7.399405111018014622e+02
6.138730899830220551e+02 7.399970288624788282e+02
6.122038461538461434e+02 7.401128205128204627e+02
6.108683399383531878e+02 7.397807133421400749e+02
6.099755778456170674e+02 7.398765808983863508e+02
6.097766695576756319e+02 7.396313963573287538e+02
6.105557000433462917e+02 7.393342002600779779e+02
6.123158578856152872e+02 7.391841421143847128e+02
6.147699228791773294e+02 7.390818337617823772e+02
6.169753344481605382e+02 7.392253344481605382e+02
6.183568726355611034e+02 7.387002942412779021e+02
6.195012531328320620e+02 7.384707602339180994e+02
6.202320604280319003e+02 7.381787662610155394e+02
6.198957106812447364e+02 7.381547518923465532e+02
6.188297604035309405e+02 7.383858764186633152e+02
6.177070008643042911e+02 7.386274848746759289e+02
6.169207530647986459e+02 7.386746935201400674e+02
6.166766256590509556e+02 7.388673110720562818e+02
6.167699468085106673e+02 7.391298758865248146e+02
6.170357300397000699e+02 7.397388619320688576e+02
6.175434591747147124e+02 7.396966637401228581e+02
6.180814558058925741e+02 7.401061525129982783e+02
6.197752759381897931e+02 7.396088300220750398e+02
6.214130248500428024e+02 7.396105398457583533e+02
6.219681159420289305e+02 7.400161490683229886e+02
6.218925175692435232e+02 7.397176519222819024e+02
6.211482558139534831e+02 7.397080564784052967e+02
6.201705685618728694e+02 7.397880434782608745e+02
6.191094674556212567e+02 7.397333051563821300e+02
6.181597582037996972e+02 7.396243523316062465e+02
6.171305483028720573e+02 7.396758050478676978e+02
6.158761408083441893e+02 7.398835289004780407e+02
6.165123859191655811e+02 7.395806171229900201e+02
