6.186501751313485329e+02 7.411138353765323927e+02
6.193702422145328228e+02 7.411444636678201050e+02
6.180258658483121508e+02 7.405729943007453357e+02
6.167170146601509941e+02 7.398982674366948231e+02
6.152942719720157356e+02 7.396278968080454206e+02
6.127378048780487916e+02 7.389250871080139405e+02
6.105378224748578759e+02 7.387586357673808379e+02
6.106226912928759702e+02 7.385567282321899256e+02
6.132107564494971257e+02 7.391801486663752030e+02
6.155919085312225434e+02 7.395061565523307081e+02
6.179935622317597108e+02 7.406124463519313394e+02
6.193470181503889762e+02 7.407579948141745945e+02
6.191075731497418246e+02 7.409074870912220376e+02
6.174245161290322130e+02 7.409935483870967801e+02
6.149290017211703798e+02 7.410753012048193114e+02
6.124791485664638913e+02 7.407341442224152388e+02
6.102496760259178927e+02 7.406950323974082266e+02
6.091331592689294894e+02 7.401283724978242162e+02
6.099246935201400674e+02 7.397351138353765236e+02
6.137598956067855624e+02 7.396633318834275315e+02
6.158147007042254018e+02 7.396232394366197695e+02
6.169016963897346386e+02 7.394884732492388366e+02
6.179507705479452397e+02 7.396464041095890707e+02
6.162878851836218246e+02 7.397842971718024501e+02
6.144575052854122532e+02 7.398684989429175403e+02
6.122417121275702812e+02 7.401162400335711027e+02
6.102906486941869844e+02 7.404355518112889740e+02
6.091471484545058956e+02 7.407335655202438147e+02
6.096844597503228442e+02 7.411476538958244191e+02
6.123438735177865055e+02 7.408770311813790386e+02
6.149787045252883217e+02 7.406095829636202552e+02
6.187812500000000000e+02 7.411593309859155170e+02
6.206884247171453808e+02 7.410709312445604837e+02
6.205503674881106235e+02 7.408296584522265675e+02
6.177344658024139790e+02 7.401595887349128589e+02
6.158201906412477911e+02 7.402972270363951566e+02
6.161094570928196390e+02 7.392241681260945825e+02
6.147580573951435099e+02 7.388256070640176176e+02
6.143989659629470452e+02 7.399370960792762162e+02
