6.176356893542757689e+02 7.392739965095986463e+02
6.165045513654096112e+02 7.396428261811877292e+02
6.164610700304480133e+02 7.399012614180078344e+02
6.178072758770030077e+02 7.400744911216977471e+02
6.182216494845361012e+02 7.401340206185567467e+02
6.177469162058698657e+02 7.400131858783496455e+02
6.175430775825118417e+02 7.397856836690955333e+02
6.172639484978541304e+02 7.396000000000000227e+02
6.171649703138252789e+02 7.399957591178965686e+02
6.177384091875798049e+02 7.401003828158230817e+02
6.176536502546689462e+02 7.400993208828523393e+02
6.171563857515203608e+02 7.401998262380539018e+02
6.165312910284463896e+02 7.405579868708971389e+02
6.161424216027874081e+02 7.403144599303135465e+02
6.161647776809066954e+02 7.400017436791630416e+02
6.162432900432900169e+02 7.393177489177488724e+02
6.170329432162982357e+02 7.392826181187689372e+02
6.181983613626563283e+02 7.394441569642086733e+02
6.183381014304291057e+02 7.394945817078456685e+02
6.169375273044997812e+02 7.393770205329838063e+02
6.153331862312444400e+02 7.392621359223301170e+02
6.147457255589653187e+02 7.393752740026304764e+02
6.148301393728222592e+02 7.397016550522647549e+02
6.171812311665948982e+02 7.400258286698234542e+02
