6.356030927835051898e+02 7.386907216494845443e+02
6.344008547008546657e+02 7.389709401709401391e+02
6.343209503239741025e+02 7.384444924406047903e+02
6.347055702917772351e+02 7.382820512820512704e+02
6.346568839015968706e+02 7.385541648683642961e+02
6.343106837606837871e+02 7.388230769230768828e+02
6.340218884120171197e+02 7.389321888412017643e+02
6.343351812366737477e+02 7.391795309168443282e+02
6.345078224101480373e+02 7.393615221987314499e+02
6.344890387858347367e+02 7.393722596964587410e+02
6.336167790893761094e+02 7.394536256323777934e+02
6.321312790206837917e+02 7.394571549176868075e+02
6.302327841149134429e+02 7.395623151668778519e+02
6.285581887431231962e+02 7.396381718154888176e+02
6.284824227022447758e+02 7.399063955950867921e+02
6.295843086259211532e+02 7.395344603381014394e+02
6.301213653603034572e+02 7.401908975979772549e+02
6.302557154953428835e+02 7.401731583403894774e+02
6.297677806341044970e+02 7.400664095972579162e+02
6.285886075949366614e+02 7.401063291139240619e+02
6.275802262253874915e+02 7.402358609132802485e+02
6.268300626304801426e+02 7.404409185803757509e+02
6.247317173377157360e+02 7.405751848808545219e+02
6.221989903239377782e+02 7.402961716449306095e+02
6.200217755443885608e+02 7.405288944723617988e+02
6.180517529215359218e+02 7.406268781302170510e+02
6.160841042893187023e+02 7.407527333894028061e+02
6.148002502085071228e+02 7.413653044203502986e+02
6.134513311148086814e+02 7.413415141430948552e+02
6.119526998744244111e+02 7.412591042277103952e+02
6.095181325552313183e+02 7.414877032096707126e+02
6.067866943866944212e+02 7.415409563409563134e+02
6.043333333333333712e+02 7.415873015873015675e+02
6.023737038573206064e+02 7.418585649108254074e+02
6.005333879557558703e+02 7.423408439164277297e+02
5.992444444444444116e+02 7.417526205450733414e+02
5.987878532264867317e+02 7.420611556305356089e+02
5.984643304130162278e+02 7.420354609929078151e+02
5.978200248241621466e+02 7.421787339677285900e+02
5.973352649006621959e+02 7.421920529801324165e+02
5.966721991701244860e+02 7.421751037344398583e+02
5.961838886545760943e+02 7.418814846056516217e+02
5.956329809725158384e+02 7.419911205073996143e+02
5.949532040472175822e+02 7.418048060708263165e+02
5.947701342281878851e+02 7.419756711409396530e+02
5.948614027719445403e+02 7.420008399832003079e+02
5.955867837724800893e+02 7.420849017147636459e+02
5.958894957983193308e+02 7.420134453781512320e+02
5.959305555555555429e+02 7.419856902356901855e+02
5.962092138630599720e+02 7.420545224006762055e+02
5.969220281210054964e+02 7.420558159352365237e+02
5.972731128074639173e+02 7.423452078032230474e+02
5.974778012684989790e+02 7.424046511627907421e+02
5.974911690496214760e+02 7.424032800672833901e+02
5.975815033783783292e+02 7.423999155405405190e+02
5.975397894736842090e+02 7.423166315789474083e+02
5.976369346733667953e+02 7.427030988274707397e+02
5.978531844499586896e+02 7.431708023159635559e+02
5.988297783354245212e+02 7.430338770388958665e+02
5.999081675835801661e+02 7.428569614896317717e+02
6.006952897040433754e+02 7.431638182576073177e+02
6.009925527513446468e+02 7.432937525858502568e+02
6.014234949832775783e+02 7.431977424749163674e+02
6.019262225969646352e+02 7.427904721753794774e+02
6.020158135663754138e+02 7.428119017894298395e+02
6.017455152273674912e+02 7.426287025448476697e+02
6.013916459884202368e+02 7.428672456575682190e+02
6.011279166666666924e+02 7.426212500000000318e+02
6.014262023217247588e+02 7.421641791044776255e+02
6.020460580912863406e+02 7.421203319502075146e+02
6.029250624479600447e+02 7.420903413821814638e+02
6.037545111204364048e+02 7.418862778010910688e+02
6.049136630343671186e+02 7.418344509639564421e+02
6.057013801756587554e+02 7.418929318276871072e+02
6.054620803978450567e+02 7.418329879817654273e+02
6.052767010309278248e+02 7.418816494845360694e+02
6.048376569037657191e+02 7.413765690376568500e+02
6.045634095634095502e+02 7.416079002079002294e+02
6.048001686340641072e+02 7.416205733558178963e+02
6.050500211954217775e+02 7.414044086477321116e+02
6.058487536966624702e+02 7.412285593578369571e+02
6.072002545608825130e+02 7.410958845990666077e+02
6.085710670603120889e+02 7.410970054829185756e+02
6.100666955391944839e+02 7.401697704634041202e+02
6.113485784919654407e+02 7.408718582612278851e+02
6.126193086003372628e+02 7.406694772344013700e+02
6.131727815699658777e+02 7.404475255972696459e+02
6.129648388447049001e+02 7.402628714943491559e+02
6.134198988195615811e+02 7.402896290050590551e+02
6.148163522012578142e+02 7.401647798742138775e+02
6.174972562262557858e+02 7.398108906711693180e+02
6.202149532710280937e+02 7.394694137638063012e+02
6.222363866610384093e+02 7.394710848459264980e+02
6.238374425407438366e+02 7.396506477225240133e+02
6.259448361675653132e+02 7.395694732476150648e+02
6.282939941201176453e+02 7.395598488030238968e+02
6.299517094017094223e+02 7.390239316239316167e+02
6.323416701992370008e+02 7.389364137346333337e+02
6.341642826181188184e+02 7.386484612050281839e+02
6.350969540969540503e+02 7.386881166881166791e+02
6.363143343258187770e+02 7.389187579753296404e+02
6.376865988125530293e+02 7.387455470737913856e+02
6.388624946785865859e+02 7.382545764154959897e+02
6.403105376344085471e+02 7.380215053763440665e+02
6.404786649767638664e+02 7.383929024081115813e+02
6.405522450692404846e+02 7.383990767939571924e+02
6.401421881651766626e+02 7.380715197956577640e+02
6.400524073285045006e+02 7.379744354495099969e+02
6.400357294768183465e+02 7.380757124627817802e+02
6.398541666666666288e+02 7.383609693877550626e+02
6.399081675835801661e+02 7.384358865848497544e+02
6.397346333192029988e+02 7.384061042814752227e+02
6.397769814502529471e+02 7.381728499156829457e+02
6.398130323679727098e+02 7.376665247018739819e+02
6.398527896995708488e+02 7.377240343347639282e+02
6.403802631578947739e+02 7.378675438596491176e+02
6.399338172502134512e+02 7.380512382578992856e+02
6.391439588688946287e+02 7.376439588688946287e+02
6.381095481670929530e+02 7.374565217391303804e+02
6.373527896995708488e+02 7.370115879828325660e+02
6.372040990606319610e+02 7.372463706233987750e+02
6.370356687898089376e+02 7.374390658174097553e+02
6.366458244111348677e+02 7.371524625267666124e+02
6.362138579982890860e+02 7.374174508126603769e+02
6.358553806890685109e+02 7.375346660995321599e+02
6.358330501274426751e+02 7.375624468988954732e+02
6.360128424657534651e+02 7.375398116438356055e+02
6.363214439192092868e+02 7.374795874516545382e+02
6.363577586206896513e+02 7.372969827586207430e+02
6.361730442176871065e+02 7.377393707482992795e+02
6.348402865571007396e+02 7.379806152549515446e+02
6.332279661016949603e+02 7.378635593220338933e+02
6.328378033205619886e+02 7.377326521924222789e+02
6.333543647363871969e+02 7.377372515125324526e+02
6.334305435720448259e+02 7.376492666091457977e+02
6.332325182325182595e+02 7.379579579579580013e+02
6.332241379310345337e+02 7.380469827586207430e+02
6.334501497646555208e+02 7.386029097133076675e+02
6.338835910652920802e+02 7.386675257731958482e+02
6.341877147766323333e+02 7.383659793814432533e+02
6.338716417910447944e+02 7.387646055437099903e+02
6.325641573994867031e+02 7.387733105218135279e+02
6.303910614525140090e+02 7.385380318006016296e+02
6.284771380186282386e+02 7.391401354784081832e+02
6.280726402783818685e+02 7.389143105698129830e+02
6.282412451361867625e+02 7.391003026372676459e+02
6.288084112149532530e+02 7.397166525063721565e+02
6.288247772592278579e+02 7.398069579974544467e+02
6.286916205869842997e+02 7.398570820927265004e+02
6.281683848797250675e+02 7.394742268041237594e+02
6.273587558585428496e+02 7.396420962931401846e+02
6.266723476778867052e+02 7.396923732424371565e+02
6.250436241610738080e+02 7.401396812080537302e+02
6.233724747474747119e+02 7.402622053872054266e+02
6.211566110397945977e+02 7.400372272143773671e+02
6.175644955300127776e+02 7.400923797360578646e+02
