6.044843087362171445e+02 7.398426632739609659e+02
6.048989681857265168e+02 7.396397248495270560e+02
6.058559688581315186e+02 7.393313148788927265e+02
6.057577692635163658e+02 7.394252873563218600e+02
6.048846480067853690e+02 7.397773536895674624e+02
6.037240067624683206e+02 7.399387151310228319e+02
6.045903919089760166e+02 7.396523388116308979e+02
6.069587368421052815e+02 7.396833684210525917e+02
6.100595998297147844e+02 7.394184759472116184e+02
6.127039390088945083e+02 7.395154595510376794e+02
6.139852258336851492e+02 7.397450401013085184e+02
6.144133277098270582e+02 7.397241670181358586e+02
6.138520710059171961e+02 7.396365173288249935e+02
6.134427860696517882e+02 7.400895522388059362e+02
6.141031578947367962e+02 7.395667368421052288e+02
6.146785866326096084e+02 7.398680289484886998e+02
6.159012987012987423e+02 7.395567099567099376e+02
6.184859525899912569e+02 7.397581211589113082e+02
6.214831460674157597e+02 7.394480898876404353e+02
6.246148115687992686e+02 7.398207712532865798e+02
6.260839929639402044e+02 7.399648197009674959e+02
6.256244091104426843e+02 7.400773528147830120e+02
6.245351812366737931e+02 7.405535181236673452e+02
6.241890295358649610e+02 7.407814345991561140e+02
6.249538264215476602e+02 7.407174005985464191e+02
6.267140410958903658e+02 7.405333904109588730e+02
6.287116200169634794e+02 7.413121289228159867e+02
6.294107919930373782e+02 7.404181897302001971e+02
6.290390455531453426e+02 7.405574837310194880e+02
6.279755671902269114e+02 7.401662303664921865e+02
6.257902670111972157e+02 7.406533161068044819e+02
6.229740259740259489e+02 7.401216450216450085e+02
6.202633136094674455e+02 7.405955198647505995e+02
6.187672229353872808e+02 7.407573812580230879e+02
6.185732484076432911e+02 7.408335456475583669e+02
6.193700516351118495e+02 7.401600688468158751e+02
6.201015557476231379e+02 7.402739844425237834e+02
6.191980112408127752e+02 7.405291828793774584e+02
6.161349137931034647e+02 7.398512931034482563e+02
6.123316304810557540e+02 7.399421030225628328e+02
6.098968855218855651e+02 7.407369528619528865e+02
6.081088944305902260e+02 7.409891936824604954e+02
6.067289484708840064e+02 7.409170506912441851e+02
6.073542808941374460e+02 7.409380008435259697e+02
6.092104597216364255e+02 7.411383382539013382e+02
6.106367120954002985e+02 7.408249574105622060e+02
6.116598639455781949e+02 7.404987244897959044e+02
6.110763620763621020e+02 7.408468468468468018e+02
6.090662139219015216e+02 7.406451612903225623e+02
6.073801513877207299e+02 7.404583683767872344e+02
6.066448979591837087e+02 7.407848979591836951e+02
6.073990147783250677e+02 7.406449096880131719e+02
6.091105527638191006e+02 7.399556113902847301e+02
6.138697334479793426e+02 7.396986242476353937e+02
