6.186204925241864885e+02 7.388218997361477705e+02
6.184774535809018516e+02 7.395282935455348934e+02
6.182636727434414752e+02 7.401716318363717164e+02
6.179214223002634299e+02 7.403467954345917406e+02
6.177157118055555429e+02 7.405503472222221717e+02
6.165589899869395367e+02 7.403961689159773414e+02
6.145766738660906867e+02 7.401844492440604881e+02
6.133437635810516895e+02 7.402538026944806688e+02
6.131872578562204126e+02 7.403956091261300116e+02
6.133586296617519338e+02 7.403564614050303589e+02
6.149103237095363284e+02 7.392344706911635512e+02
6.167798204360838099e+02 7.393659683625480739e+02
6.184715093518921094e+02 7.386702914310569668e+02
6.195067144136078241e+02 7.382403760071620127e+02
6.197432141318397498e+02 7.387582938388625280e+02
6.201535450195736985e+02 7.386272292301000562e+02
6.202459376372420365e+02 7.384593763724197970e+02
6.197710320901994692e+02 7.386704249783174419e+02
6.187328441950797924e+02 7.387324126025032456e+02
6.184650664380625358e+02 7.386943849121303174e+02
6.184045571797076946e+02 7.388276010318143108e+02
6.186837349397590060e+02 7.393485370051635073e+02
6.191903310104529510e+02 7.393188153310104553e+02
6.189704455227172275e+02 7.400185266872518923e+02
6.186933920704846059e+02 7.404383259911894584e+02
6.166108732876712111e+02 7.405192636986300840e+02
