6.231166522116218403e+02 7.405836947094536526e+02
6.231895509499136097e+02 7.409935233160621237e+02
6.230008547008546884e+02 7.410824786324786828e+02
6.225812765957447255e+02 7.414897872340425238e+02
6.221331348362399467e+02 7.414751169715015067e+02
6.213161702127659964e+02 7.411489361702127781e+02
6.210804062632247451e+02 7.410782903089293541e+02
6.197488332626219290e+02 7.407344081459482368e+02
6.185034042553191966e+02 7.400378723404255652e+02
6.165681147195276708e+02 7.395984816533108415e+02
6.152539344959591290e+02 7.390897490429604204e+02
6.136230737192836386e+02 7.390670553935859743e+02
6.135393401015228392e+02 7.387203891708967376e+02
6.135559796437659088e+02 7.379991518235792682e+02
6.137129471890971217e+02 7.379063032367972710e+02
6.138457669740150777e+02 7.381391450125732945e+02
6.147742893508697080e+02 7.385939753924479874e+02
6.157614795918367463e+02 7.386598639455781949e+02
6.172984946236558699e+02 7.389393548387097326e+02
6.190987494609745454e+02 7.389085812850366892e+02
6.207791199309749572e+02 7.390672993960311032e+02
6.227787270397266184e+02 7.395228534814182240e+02
6.229636824324323925e+02 7.402896959459459367e+02
6.230102214650767110e+02 7.405528109028961126e+02
6.229292372881355959e+02 7.409004237288135073e+02
6.226946107784431206e+02 7.409388366124893537e+02
6.211189075630252319e+02 7.405285714285714675e+02
