6.136121161127471169e+02 7.403668489692889807e+02
6.131789340101522612e+02 7.400803722504230109e+02
6.122425887265135316e+02 7.401711899791231417e+02
6.101134575569358276e+02 7.400194616977225905e+02
6.082447117378681014e+02 7.397698050601410387e+02
6.071184596065298820e+02 7.395629970699037585e+02
6.081003811944091240e+02 7.393502753070732751e+02
6.106509433962264666e+02 7.389931389365351606e+02
6.136577266922093941e+02 7.391954022988505812e+02
6.166442838929026493e+02 7.391474713132171246e+02
6.171509754028837733e+02 7.390542832909245590e+02
6.157449066213921469e+02 7.385967741935484128e+02
6.132221750212404459e+02 7.385531011045029572e+02
6.115161427357688808e+02 7.390446049277825296e+02
6.127080508474575709e+02 7.391864406779660612e+02
6.165739167374681529e+02 7.391843670348342812e+02
6.205431578947368507e+02 7.392079999999999700e+02
6.244415584415584135e+02 7.392082251082250650e+02
6.263750545137374957e+02 7.389594417793283583e+02
6.269051467460654976e+02 7.397928541046363762e+02
6.267062074829932499e+02 7.396432823129251801e+02
6.260846250523669596e+02 7.398952660242982802e+02
6.255498742665548662e+02 7.400746018440905800e+02
6.249103157894736569e+02 7.403781052631578632e+02
6.253478998727196085e+02 7.400967331353415375e+02
6.271958133449629713e+02 7.392442215438290987e+02
6.296414677276745806e+02 7.395141467727675035e+02
6.311678321678322163e+02 7.395812937062936498e+02
6.305866900175130922e+02 7.390376532399299094e+02
6.289264832330180752e+02 7.391960447119517994e+02
6.253202755058114235e+02 7.387989668532070482e+02
6.225601519628535243e+02 7.392017728999577457e+02
6.204102997045166603e+02 7.391359223300970598e+02
6.196332194705380516e+02 7.389555935098206874e+02
6.203722149410223210e+02 7.386138051550896080e+02
6.212464912280702265e+02 7.382271929824561312e+02
6.215614186851211116e+02 7.388213667820069759e+02
6.202827316224445440e+02 7.388125271857329608e+02
6.165505181347150483e+02 7.393380829015544577e+02
6.106219886114761266e+02 7.385098554533508377e+02
6.068652360515021655e+02 7.391579399141630802e+02
6.049413778348309734e+02 7.393821138211382049e+02
6.056506994489189992e+02 7.395362441712589998e+02
6.073528428093645744e+02 7.400811036789298214e+02
6.096859538784067354e+02 7.399291404612159795e+02
6.106284518828451837e+02 7.400468619246861408e+02
6.098886572143452440e+02 7.402898248540450368e+02
6.078134607395097646e+02 7.400083090984628598e+02
6.044173327724022329e+02 7.398384518300379113e+02
6.019719899665551566e+02 7.397700668896320622e+02
6.006893528183716171e+02 7.397227557411273438e+02
6.024364025695931559e+02 7.387845824411134572e+02
6.056309420916162480e+02 7.389148660328435199e+02
6.128764478764478554e+02 7.388468468468468018e+02
