6.346003372681282144e+02 7.381020236087689455e+02
6.338847771236332846e+02 7.380584524810765288e+02
6.326302305721605990e+02 7.378736122971819213e+02
6.311680960548884514e+02 7.377358490566037972e+02
6.300431654676259541e+02 7.381883199322894598e+02
6.295061939342161850e+02 7.381200341734302128e+02
6.290924731182795995e+02 7.384227956989246877e+02
6.291595012897678316e+02 7.386100601891660062e+02
6.300064075181546741e+02 7.387343015805211053e+02
6.310867150790260212e+02 7.389944468175992824e+02
6.316272264631043072e+02 7.390670059372349670e+02
6.318755310110450409e+02 7.389936278674596224e+02
6.317011543394612545e+02 7.389050876442923936e+02
6.305292576419213901e+02 7.382768558951964906e+02
6.291192423590184717e+02 7.384946190271200521e+02
6.274385510996119137e+02 7.382682190599396108e+02
6.266911130284728415e+02 7.379201898188092628e+02
6.258777683134583185e+02 7.383632879045997015e+02
6.255777301927195140e+02 7.383695931477516297e+02
6.258662121857690863e+02 7.383958244567533029e+02
6.268835410399656212e+02 7.385595186935969423e+02
6.280916880891173832e+02 7.386396743787489640e+02
6.288900255754475666e+02 7.388627450980392268e+02
6.291286201022146543e+02 7.388909710391823182e+02
6.279133419133419238e+02 7.389540969540969400e+02
6.258780381944444571e+02 7.387009548611110858e+02
6.237007772020725724e+02 7.388972366148532274e+02
6.213023965141612734e+02 7.388387799564270608e+02
6.187757210503658598e+02 7.391911321566939250e+02
6.163091374893253942e+02 7.394675491033304979e+02
6.138085470085469524e+02 7.392205128205127949e+02
6.125724668661821397e+02 7.394664386489953358e+02
6.113972719522591888e+02 7.392442455242967299e+02
6.102230639730639723e+02 7.394410774410774820e+02
6.094226633581472470e+02 7.398593879239040234e+02
6.083038928421933633e+02 7.394713269150272481e+02
6.066246819338422256e+02 7.391670907548769947e+02
6.050042069835927805e+02 7.396878418174169383e+02
6.035385266723116047e+02 7.396875529212532001e+02
6.020881841876629323e+02 7.389769765421373222e+02
6.007883552911176821e+02 7.398219294517637081e+02
6.002943905525095261e+02 7.395917334458034702e+02
5.995971283783783292e+02 7.394463682432432279e+02
5.994791578947368862e+02 7.394627368421053006e+02
5.991423728813559819e+02 7.394449152542373440e+02
5.988151260504201900e+02 7.395827731092437034e+02
5.984721065778518323e+02 7.397169025811823531e+02
5.983302790503956885e+02 7.402361516034985698e+02
5.984035234899329225e+02 7.403645134228188454e+02
5.990336983993259992e+02 7.407455770850884846e+02
5.995038038884192702e+02 7.406039729501268312e+02
5.996623539232053872e+02 7.410020868113522283e+02
5.998569620253164203e+02 7.412628691983122735e+02
5.998978902953585930e+02 7.411206751054852475e+02
5.997930016863406308e+02 7.408591905564924218e+02
5.997387083157450434e+02 7.410021105951877871e+02
5.994355312893742393e+02 7.406035279294413840e+02
5.991850311850312210e+02 7.406615384615384983e+02
5.990797673452429990e+02 7.405592023265476200e+02
5.991230191826522287e+02 7.406559633027522977e+02
5.993878163878164287e+02 7.400742170742170174e+02
5.997000846023688609e+02 7.402652284263959928e+02
6.005211991434689480e+02 7.401434689507494795e+02
6.018035714285714448e+02 7.405070598006644786e+02
6.028505650899958255e+02 7.400179991628295966e+02
6.037333056822894832e+02 7.401617586063873659e+02
6.036167364016736201e+02 7.398276150627615380e+02
6.027012448132779809e+02 7.402331950207468481e+02
6.020259522812892783e+02 7.399899539556299715e+02
6.012471956792687706e+02 7.404989613626921710e+02
6.004859302813944169e+02 7.400436791264174872e+02
6.001323404255318792e+02 7.400719148936170768e+02
6.004305614183199395e+02 7.403689320388349415e+02
6.014718816067653506e+02 7.403099365750528023e+02
6.027312236286919642e+02 7.401915611814346221e+02
6.043173677634318892e+02 7.399929196168262706e+02
6.050604805302402838e+02 7.402593206296603512e+02
6.056981605351170401e+02 7.401534280936455161e+02
6.058624426844518212e+02 7.400041684035014669e+02
6.058536789297659197e+02 7.400443143812708513e+02
6.048419721871049433e+02 7.400463548251159409e+02
6.034877740303541032e+02 7.398655143338954758e+02
6.028834951456310591e+02 7.395120303925707503e+02
6.034471133586177984e+02 7.395410872313526625e+02
6.040645983850404264e+02 7.390348491287717252e+02
6.045809725158562742e+02 7.390955602536997731e+02
6.059498102066638694e+02 7.392037115141290542e+02
6.077364636209813398e+02 7.392639593908629649e+02
6.087164798671648214e+02 7.396803652968036431e+02
6.099530145530145546e+02 7.396083160083160237e+02
6.110037894736842645e+02 7.395381052631579450e+02
6.112760814249363648e+02 7.395491942324003958e+02
6.118611933982225537e+02 7.395433770630554591e+02
6.124949238578680024e+02 7.395528764805414994e+02
6.134300254452925856e+02 7.394173027989821776e+02
6.141063648013669081e+02 7.390499786416061170e+02
6.157620431893687964e+02 7.395020764119601608e+02
6.171125577488450062e+02 7.392242755144897046e+02
6.198775337837837469e+02 7.389282094594594810e+02
6.232656514382402975e+02 7.393853637901861475e+02
6.256122448979591582e+02 7.390676020408163822e+02
6.276437229437229917e+02 7.385731601731602041e+02
6.295861774744026889e+02 7.392598122866894528e+02
6.310564168819983024e+02 7.388970714900947314e+02
6.325589632829373841e+02 7.387196544276457644e+02
6.337338501291989132e+02 7.384000861326442191e+02
6.340329482242191261e+02 7.382353444587078002e+02
6.341043441226576078e+02 7.381384156729130837e+02
6.336845466155810982e+02 7.381051511281395960e+02
6.333712725745484704e+02 7.381175976480470808e+02
6.339392123287670984e+02 7.379533390410958873e+02
6.343567522086664212e+02 7.381615481699620887e+02
6.345152801358234456e+02 7.379601018675721207e+02
6.345748198389147774e+02 7.380877490462059995e+02
6.346181661644425276e+02 7.376556177356866328e+02
6.343265737220109486e+02 7.380354879594423210e+02
6.344331757627846855e+02 7.377279759346798755e+02
6.341596461668070788e+02 7.381533277169334042e+02
6.339779754341381022e+02 7.381118170266836387e+02
6.338376873661670743e+02 7.377850107066381042e+02
6.333999999999999773e+02 7.382991561181435145e+02
6.328000826104915859e+02 7.383527467988434410e+02
6.323031693077564341e+02 7.381993327773144529e+02
6.310977253580455226e+02 7.380370682392585877e+02
6.303927211172239140e+02 7.377604739737621458e+02
6.303630977570884397e+02 7.377473550571307896e+02
6.305311559948431750e+02 7.372492479587451726e+02
6.312706140350877604e+02 7.370666666666667197e+02
6.319453836150845518e+02 7.374425661031642676e+02
6.329611111111111086e+02 7.380995726495726785e+02
6.336011879507849471e+02 7.381455239711497143e+02
6.340139889783806666e+02 7.381466723187791104e+02
6.341985574883326535e+02 7.380937632583793402e+02
6.334323292320747214e+02 7.379253288078065225e+02
6.323752647183397357e+02 7.380745446844557591e+02
6.313889127632144209e+02 7.380133218736571052e+02
6.302920203735144469e+02 7.381392190152801049e+02
6.301061065396274898e+02 7.384521437851883547e+02
6.294153713298791217e+02 7.386217616580311187e+02
6.293258523953387567e+02 7.381445835131635249e+02
6.302413052812365777e+02 7.387230571060540569e+02
6.313524659863945772e+02 7.388388605442177095e+02
6.320351715154147314e+02 7.387251411202779536e+02
6.322562199912701999e+02 7.385211697948493565e+02
6.321436008676789697e+02 7.384928416485900016e+02
6.311320998278829393e+02 7.384629948364888605e+02
6.297136190072125146e+02 7.385027577428935501e+02
6.283864035087718776e+02 7.374456140350877149e+02
6.272172986791648555e+02 7.381619088197699057e+02
6.269075194468452992e+02 7.382549697493517442e+02
6.265081755593803337e+02 7.383425129087779624e+02
6.261930735930735636e+02 7.380995670995671389e+02
6.264829642248722621e+02 7.387419080068143558e+02
6.278768704574604271e+02 7.384809747755450644e+02
6.289511149228130762e+02 7.385321612349914631e+02
6.294822876653862522e+02 7.390435339308578477e+02
6.284697034808766603e+02 7.388633433605500613e+02
6.244570212765956967e+02 7.394897872340425238e+02
