6.187649849072876123e+02 7.410806382061233535e+02
6.193076592082616116e+02 7.411475903614457366e+02
6.198800865800865267e+02 7.411476190476190595e+02
6.207897897897897792e+02 7.414225654225654125e+02
6.210845253576072764e+02 7.413246640658863953e+02
6.213809728798967171e+02 7.414261730520878473e+02
6.216041666666666288e+02 7.414846938775509670e+02
6.219867180805483713e+02 7.417112253641817006e+02
6.222943216298223206e+02 7.417620286085825683e+02
6.228889370932754446e+02 7.413067245119306108e+02
6.229827956989247468e+02 7.416331182795698851e+02
6.231974661424202395e+02 7.413446920052424503e+02
6.235575414123801465e+02 7.414568439407148617e+02
6.239801980198019464e+02 7.416009470512268535e+02
6.243590850237376344e+02 7.418036253776434705e+02
6.241870967741934919e+02 7.419290322580644670e+02
6.247158211521925750e+02 7.416887360275150058e+02
6.249179136383069135e+02 7.417892261650277987e+02
6.249407725321888165e+02 7.417120171673819868e+02
6.254899563318776927e+02 7.411349344978166300e+02
6.248849137931034647e+02 7.417603448275862092e+02
6.244810072556551859e+02 7.417545881348697776e+02
6.244731686541737190e+02 7.417265758091992893e+02
6.242684592402902126e+02 7.417242851045667749e+02
6.231829215431296234e+02 7.413948851322063547e+02
6.227936643835616906e+02 7.414143835616438309e+02
6.220392324093816114e+02 7.416503198294243475e+02
6.207630008525148924e+02 7.414991474850810391e+02
6.203599830795262733e+02 7.415655668358714365e+02
6.200668924640135629e+02 7.414720575783234153e+02
6.196796240922682273e+02 7.412182827851345337e+02
6.194822184589330618e+02 7.413226079593564464e+02
6.191754237288135982e+02 7.413766949152542338e+02
6.188784766795035921e+02 7.410111253744116766e+02
6.188060399829859080e+02 7.405350914504466573e+02
6.187343816404589916e+02 7.406553336166596182e+02
6.187023809523809632e+02 7.405705782312925294e+02
6.184835680751173186e+02 7.403128467776355137e+02
6.184699872286079199e+02 7.401128139633887031e+02
6.183709198813056673e+02 7.400194997880457777e+02
6.180821626223925023e+02 7.398769689229459345e+02
6.180985494880545730e+02 7.395200511945392918e+02
6.181626297577854530e+02 7.389057093425604990e+02
6.178479020979020788e+02 7.384366258741258662e+02
6.178038961038961361e+02 7.388705627705627421e+02
6.179630584192440210e+02 7.389759450171820845e+02
6.179206212251941679e+02 7.389779982743744995e+02
6.181723090277778283e+02 7.388680555555555429e+02
6.187510822510822663e+02 7.388012987012987196e+02
6.189682811830261926e+02 7.388439777111016156e+02
6.196079014443500910e+02 7.382701784197111010e+02
6.200788436268068153e+02 7.378839246605343760e+02
6.205816192560174613e+02 7.377680525164113305e+02
6.213848873177198584e+02 7.376014140521431273e+02
6.220458315146224777e+02 7.374242688782190953e+02
6.220802631578947057e+02 7.374236842105262895e+02
6.226303030303030255e+02 7.374203463203463116e+02
6.229653078924544616e+02 7.374969644405897498e+02
6.229688049209138399e+02 7.371546572934973938e+02
6.231440823327616272e+02 7.377071183533447538e+02
6.232127659574467771e+02 7.374845853234910464e+02
6.228213667820069759e+02 7.373667820069204026e+02
6.227042497831743049e+02 7.374223764093668478e+02
6.225809935205184047e+02 7.375408207343411959e+02
6.222006920415225295e+02 7.376297577854671772e+02
6.220928509154315407e+02 7.375719267654751548e+02
6.218611470461405588e+02 7.376300129366105693e+02
6.210165433173705196e+02 7.373112755768393072e+02
