6.177906688687035057e+02 7.420924855491329026e+02
6.161762560777957560e+02 7.418820907617504190e+02
6.139665442676458724e+02 7.408359853121174865e+02
6.110563025210084334e+02 7.393273109243697263e+02
6.092001678556441675e+02 7.386613512379353779e+02
6.075234610417563772e+02 7.371114937580714468e+02
6.064917127071822733e+02 7.367093072673183087e+02
6.057592356687897563e+02 7.362505307855626597e+02
6.050746011211729183e+02 7.357141009055627592e+02
6.058063258232235739e+02 7.360844887348353041e+02
6.074284428442844046e+02 7.350562556255625850e+02
6.093907637655416920e+02 7.360950266429840667e+02
6.132188746123172223e+02 7.369450598139122803e+02
6.174001759014951176e+02 7.379463500439753716e+02
6.225346283783783292e+02 7.396114864864864558e+02
6.268209212225569900e+02 7.407137322427895469e+02
6.295918976545842725e+02 7.418925373134328538e+02
6.328533786655333415e+02 7.428219294517637081e+02
6.367166595654026651e+02 7.429748615253514572e+02
6.398209205020920081e+02 7.438870292887029336e+02
6.412786536003408173e+02 7.440097997443544955e+02
6.392757322175732497e+02 7.442435146443514213e+02
6.365318240068346540e+02 7.432093122597181036e+02
6.322744928787225263e+02 7.429343979283556791e+02
6.284464594127806549e+02 7.421994818652849517e+02
6.254142295940637268e+02 7.417127891750327535e+02
6.211002626970227993e+02 7.405985113835376978e+02
6.154470227670752820e+02 7.397478108581435663e+02
6.116454183266931750e+02 7.384803010181495893e+02
6.087268722466960753e+02 7.384488986784141389e+02
6.066240764884832970e+02 7.385323772272924998e+02
6.054832535885167317e+02 7.383327533710308899e+02
6.050051546391752026e+02 7.384046391752577847e+02
6.053085738539898557e+02 7.387720713073005072e+02
6.059279624893435994e+02 7.389271099744245248e+02
6.079777123633305109e+02 7.397897392767031306e+02
6.104149115417017128e+02 7.409140690817185941e+02
6.131167576648466593e+02 7.415669886602267979e+02
6.164748858447488828e+02 7.423574097135740431e+02
6.202706925675676075e+02 7.423585304054054177e+02
6.221765453005926929e+02 7.428666384419983615e+02
6.234215053763440437e+02 7.429367741935483309e+02
6.259713908450704594e+02 7.426161971830986204e+02
6.263392070484582064e+02 7.427784140969163218e+02
6.259161836825679757e+02 7.423941150245207155e+02
6.248539783001808701e+02 7.415641952983725105e+02
6.228633928571429124e+02 7.410191964285713766e+02
6.212525120139798673e+02 7.406129314110964970e+02
6.210229396771452457e+02 7.406040781648258644e+02
6.197645815722738689e+02 7.394222316145393279e+02
6.166765453005926929e+02 7.387578323454699785e+02
6.140008403361345017e+02 7.381281512605041826e+02
6.115299003322259068e+02 7.378841362126246395e+02
6.096303005351996944e+02 7.374676821737340333e+02
6.078467841048750415e+02 7.371523965587873590e+02
6.057183860232945563e+02 7.365278702163061553e+02
6.035583157894736814e+02 7.368101052631578796e+02
6.021950384944397001e+02 7.368665526090675257e+02
6.021120652640618118e+02 7.370000000000000000e+02
6.045117873981997718e+02 7.377136733819116898e+02
6.071972258344169404e+02 7.380489813610749934e+02
6.088181818181818699e+02 7.379701361440492065e+02
6.089628302731750864e+02 7.386502463054187047e+02
6.096595744680851112e+02 7.395115436849253001e+02
6.115871964679911343e+02 7.408150110375275972e+02
6.147432432432432279e+02 7.415457715780296439e+02
6.174746700723711683e+02 7.424823329076202754e+02
6.187605516088591457e+02 7.427898035938153498e+02
6.189435918705930817e+02 7.428481957693902586e+02
6.184557907845579621e+02 7.428385222083852568e+02
6.178318912237330096e+02 7.424083230325504701e+02
6.171268412438624864e+02 7.417999181669393920e+02
6.156747433264887377e+02 7.412078028747433791e+02
6.131408794788274008e+02 7.406925895765472205e+02
6.112300995024875192e+02 7.388785240464344497e+02
6.093637130801687363e+02 7.378054852320675536e+02
6.077809157038939247e+02 7.368754813863928348e+02
6.059411764705882888e+02 7.363920137398024508e+02
6.050230334637113856e+02 7.357296827466318518e+02
6.051186956521738693e+02 7.359513043478260670e+02
6.067371453900709639e+02 7.353475177304964063e+02
6.088747173224785456e+02 7.352419719583898541e+02
6.117838926174496237e+02 7.360671140939597308e+02
6.162033231307389087e+02 7.367682553563620331e+02
6.254072320275505490e+02 7.395596211795092358e+02
