6.083869209809264476e+02 7.385340599455040547e+02
6.117283737024221182e+02 7.393265570934255493e+02
6.159919593736775596e+02 7.395865425306812995e+02
6.200806055646480672e+02 7.405253682487724518e+02
6.224172456068655492e+02 7.406514098896608402e+02
6.245608357230643151e+02 7.408832445718967392e+02
6.254459404324765046e+02 7.407254181966544593e+02
6.244420833333333576e+02 7.401920833333333576e+02
6.229342906875543804e+02 7.392367275892080443e+02
6.214580152671755968e+02 7.393125280646610236e+02
6.218278877128393560e+02 7.390414173953059844e+02
6.238873239436619542e+02 7.390513402998636820e+02
6.264234354194406933e+02 7.400625832223702218e+02
6.292000871839582032e+02 7.405239755884916804e+02
6.314267515923567089e+02 7.406513800424628471e+02
6.337777777777778283e+02 7.412722015695993605e+02
6.346444897959183891e+02 7.417024489795918498e+02
6.335503080082135057e+02 7.412603696098562978e+02
6.310343200343199896e+02 7.403299013299013041e+02
6.276160830090791478e+02 7.399386078685689654e+02
6.243690739920248234e+02 7.393336287106778855e+02
6.213321234119782730e+02 7.389310344827586050e+02
6.198663873370577448e+02 7.388100558659217540e+02
6.197633828160144276e+02 7.393360323886639662e+02
6.207978049810046741e+02 7.403600675390459855e+02
6.220033195020746462e+02 7.404863070539419141e+02
6.226606409202958048e+02 7.404704190632703558e+02
6.214709231394875815e+02 7.407555917039446740e+02
6.188740222313709864e+02 7.404755043227665965e+02
6.153174404015056780e+02 7.402450857381849119e+02
6.097830820770519722e+02 7.401804857621440306e+02
6.058629839060461109e+02 7.393510221835580296e+02
6.025216819973718430e+02 7.389864213753833155e+02
6.014073909171861487e+02 7.389559216384683396e+02
6.026905481225722951e+02 7.394186447993095044e+02
6.047626973965002435e+02 7.398886043533931343e+02
6.078182194616977085e+02 7.405432712215321089e+02
6.099248650892486694e+02 7.408032378580323893e+02
6.111530904625460607e+02 7.406295538272615886e+02
6.104579288025889809e+02 7.408681229773462746e+02
6.084058212058212121e+02 7.400353430353430895e+02
6.063365832980076675e+02 7.397376006782534432e+02
6.045102040816326507e+02 7.393378202344767942e+02
6.042720425343376291e+02 7.388183429330970284e+02
6.046384976525821457e+02 7.377417840375586593e+02
6.087287756925826443e+02 7.385938337801608213e+02
6.128923670668954173e+02 7.397229845626071665e+02
6.166628978224455295e+02 7.399589614740368688e+02
6.197527015793848477e+02 7.404214463840398821e+02
6.224516393442622757e+02 7.407872950819671587e+02
6.238623928133931713e+02 7.406374030216414894e+02
6.234467467882303708e+02 7.403468711147949080e+02
6.205660459073192214e+02 7.394148982243395949e+02
