6.190769230769230944e+02 7.389982905982906232e+02
6.191864186851211116e+02 7.390198961937716149e+02
6.182796868203566873e+02 7.389586776859504198e+02
6.184233958969882679e+02 7.391623745089480053e+02
6.185392872477458468e+02 7.396908544439673960e+02
6.181855670103092280e+02 7.394016323024054600e+02
6.189876015391192823e+02 7.391321077383497595e+02
6.198558100084817397e+02 7.394160305343511936e+02
6.193069987118934705e+02 7.391567196221553786e+02
6.190624461670972778e+02 7.392795004306632336e+02
6.187139775668680386e+02 7.393097497842968551e+02
6.192686375321336527e+02 7.395462724935732695e+02
6.194624728850325255e+02 7.392568329718004634e+02
6.192251399052948955e+02 7.392195436934997588e+02
6.194291287386215572e+02 7.390754226267880540e+02
6.200761945759793434e+02 7.395733964700817751e+02
6.196177721088434964e+02 7.396441326530612059e+02
6.196284013605442169e+02 7.398039965986394009e+02
6.199196086771586351e+02 7.393866439812845783e+02
6.209226190476190368e+02 7.392678571428571104e+02
6.212600170502984156e+02 7.392284739982949304e+02
6.206876328091797177e+02 7.393183170420739998e+02
6.186738084827284183e+02 7.388696982947092238e+02
6.184573275862069295e+02 7.391176724137931160e+02
6.186051391862955597e+02 7.389678800856530643e+02
