6.243939655172413268e+02 7.400767241379310235e+02
6.218818219121870925e+02 7.409593762823143379e+02
6.174384805945500148e+02 7.408158546655656664e+02
6.119524802000834143e+02 7.403705710712797554e+02
6.087398024903392297e+02 7.394838986689566127e+02
6.069095279720279450e+02 7.391468531468531182e+02
6.089075372480280066e+02 7.391332164767748054e+02
6.111542179261863339e+02 7.394028998242530406e+02
6.130267075306479683e+02 7.394964973730297970e+02
6.129404088734232801e+02 7.394919530230534974e+02
6.121716867469879162e+02 7.393326161790017750e+02
6.111771094402673725e+02 7.398508771929824661e+02
6.122177722152690649e+02 7.400041718815185732e+02
6.141777498954412522e+02 7.396704307820995155e+02
6.173331914893617522e+02 7.392995744680850976e+02
6.209408718170047905e+02 7.391704790677600840e+02
6.253425760286224886e+02 7.390746869409659894e+02
6.238160211267605746e+02 7.390215669014085051e+02
6.217304385210661621e+02 7.392682717110919839e+02
6.179887688984881606e+02 7.391045356371490698e+02
6.149114406779660840e+02 7.397317796610169580e+02
6.148196162046908739e+02 7.398157782515991130e+02
6.168547008547008090e+02 7.391397435897436026e+02
6.211692640692640452e+02 7.393277056277056545e+02
6.236854130052723804e+02 7.392086994727592355e+02
6.246551724137931387e+02 7.397665782493368170e+02
6.243724048442907133e+02 7.396332179930795974e+02
6.220968287526427503e+02 7.400668076109936919e+02
6.180084139671855610e+02 7.398994530921329442e+02
6.119688538205980421e+02 7.399775747508305130e+02
6.079794168096054818e+02 7.393709262435677374e+02
6.066354970494779764e+02 7.381334543803903898e+02
