6.121112963734889263e+02 7.386644435181325434e+02
6.151344040574809924e+02 7.386580726965341910e+02
6.169914929817099392e+02 7.385891110165887312e+02
6.175047089041096342e+02 7.383835616438356055e+02
6.162490437739056688e+02 7.385873353166171000e+02
6.138869936034114971e+02 7.383449893390192074e+02
6.112553548929021190e+02 7.389361612767744418e+02
6.078403361344537643e+02 7.392613445378151482e+02
6.058862300587741174e+02 7.393979848866498514e+02
6.049349286314021583e+02 7.395982367758186911e+02
6.055320115654687925e+02 7.399091284593143882e+02
6.078309278350515115e+02 7.400577319587629290e+02
6.109812811980033302e+02 7.401335274542428806e+02
6.136416040100250484e+02 7.402088554720133970e+02
6.146508264462810303e+02 7.402578512396694350e+02
6.142546125461254860e+02 7.400524805248052189e+02
6.133474646716541656e+02 7.400282626766417025e+02
6.124011555922410253e+02 7.403293437886917445e+02
6.118666941807676949e+02 7.401857201815930694e+02
6.116931770615319692e+02 7.401247383842611498e+02
6.132760787599497689e+02 7.408613322161709220e+02
6.167442941673710948e+02 7.408951817413355911e+02
6.211545955103769074e+02 7.413231681490893834e+02
6.245573841489822371e+02 7.407293200519706033e+02
6.275220017256255005e+02 7.411026747195858206e+02
6.293408896492728672e+02 7.413421727972626059e+02
6.294330910645575159e+02 7.413988884138520916e+02
6.280920770877944506e+02 7.410038543897215959e+02
6.251227544910179859e+02 7.409298545765611834e+02
6.233709198813056673e+02 7.413980500211954450e+02
6.218040308747855534e+02 7.411946826758147608e+02
6.211065989847716082e+02 7.416818950930626215e+02
6.224942084942084648e+02 7.418292578292578128e+02
6.243255912162162531e+02 7.422913851351351013e+02
6.259388627618640157e+02 7.427058572039333058e+02
6.263962105263158264e+02 7.432568421052631038e+02
6.261321398124466668e+02 7.429556692242114195e+02
6.240835783284334184e+02 7.431423771524569020e+02
6.221287751677851929e+02 7.427298657718121149e+02
6.201294812315478566e+02 7.421767186840995691e+02
6.182184980907933323e+02 7.416690708527789866e+02
6.177031382527566166e+02 7.416785411365564187e+02
6.181744880546075365e+02 7.415307167235495172e+02
6.203615746683782390e+02 7.414813863928112596e+02
6.230719729043183861e+02 7.425232853513971349e+02
6.282151088348271060e+02 7.420776781903542769e+02
6.280084388185654234e+02 7.422911392405063680e+02
6.268423707440100543e+02 7.417910886927280671e+02
6.236722830665543142e+02 7.414187026116259176e+02
6.207408498106857451e+02 7.412435843500210240e+02
6.178630600169061609e+02 7.408964497041420145e+02
6.171629692832764249e+02 7.399863481228668434e+02
6.176152871621621898e+02 7.400320945945945823e+02
6.185886130136985912e+02 7.395697773972602818e+02
6.191427960666951549e+02 7.398144506199230364e+02
6.189192520186995807e+02 7.401121971950701663e+02
6.176557093425604990e+02 7.396833910034602013e+02
6.149282700421940717e+02 7.395223628691983322e+02
6.117487288135592962e+02 7.392525423728814076e+02
6.078549810844892818e+02 7.393648591845312694e+02
6.035857083849648461e+02 7.393647253201156673e+02
6.004819175777964801e+02 7.387253994953742904e+02
5.995938030560271272e+02 7.385233446519524705e+02
5.995631109222269970e+02 7.381572460688482806e+02
6.007586497890295050e+02 7.378223628691982867e+02
6.035084175084175513e+02 7.377723063973063518e+02
6.055604486913169922e+02 7.380560864146240192e+02
6.065751552795030648e+02 7.379730848861283903e+02
6.059533635988443621e+02 7.380280643829962628e+02
6.038697981046559562e+02 7.383564070869385887e+02
6.023597359735973669e+02 7.382524752475247851e+02
6.011329743164872070e+02 7.381039768019884377e+02
6.013965661641541374e+02 7.378454773869347036e+02
6.023456998313658914e+02 7.376108768971332665e+02
6.049338358458961693e+02 7.376968174204355364e+02
6.076959767731232205e+02 7.381854002488594233e+02
6.102590890096113299e+02 7.379009611366485615e+02
6.114358865848497544e+02 7.376618705035971288e+02
6.107476871320437795e+02 7.378006728343145824e+02
6.088561788274989794e+02 7.377646562631800862e+02
6.067584437793929055e+02 7.377597263787943120e+02
6.033045664013405940e+02 7.381617092584834836e+02
6.007166178317287404e+02 7.381799916282963068e+02
5.992981418918918735e+02 7.379755067567567721e+02
5.996223628691983549e+02 7.381358649789029869e+02
6.014592094196804055e+02 7.386593776282589943e+02
6.037677824267782398e+02 7.390815899581590429e+02
6.066997497914928772e+02 7.394424520433694852e+02
6.087117647058823877e+02 7.393886554621848290e+02
6.092561881188119060e+02 7.399385313531353177e+02
