6.141326059588753878e+02 7.402731850608477089e+02
6.140162907268170329e+02 7.404670008354219135e+02
6.138227368421053143e+02 7.403633684210526553e+02
6.132479096989966365e+02 7.407767558528428253e+02
6.129182012847966234e+02 7.403164882226981263e+02
6.129653994019649872e+02 7.407210593763348925e+02
6.132404465435809016e+02 7.408600257621296805e+02
6.138795698924731141e+02 7.408541935483871157e+02
6.151399480069323999e+02 7.410017331022530698e+02
6.161341045415595090e+02 7.413076263924592695e+02
6.165039239983477728e+02 7.414027261462205161e+02
6.173055209630551872e+02 7.411050228310501780e+02
6.171618015012510341e+02 7.411438698915762870e+02
6.169540084388186187e+02 7.411932489451477295e+02
6.160619354838709114e+02 7.408283870967742359e+02
6.154790419161677164e+02 7.412001710863986546e+02
6.152531049250535489e+02 7.411764453961455956e+02
6.156423611111110858e+02 7.410282118055555429e+02
6.171020851433536336e+02 7.409430929626412308e+02
6.187705907718844855e+02 7.410073307460112346e+02
6.201105420401195261e+02 7.408877507469056809e+02
6.227230246389125341e+02 7.407145284621919927e+02
6.245607202680066621e+02 7.411591289782244303e+02
6.256432160804019986e+02 7.408986599664991672e+02
6.258206429780034341e+02 7.403989001692046941e+02
6.257654639175257216e+02 7.401095360824742784e+02
6.250259740259740511e+02 7.398489177489177564e+02
6.243803363518758260e+02 7.401819749892194977e+02
6.241352051835852990e+02 7.404764578833693349e+02
6.240467409948541899e+02 7.408674957118353177e+02
6.240199913081269187e+02 7.408044328552803108e+02
6.243698275862069522e+02 7.407551724137930478e+02
6.249351892127011752e+02 7.407085689430186903e+02
6.252491408934707806e+02 7.409261168384879284e+02
6.254038543897215732e+02 7.410291220556745202e+02
6.255078958600084889e+02 7.410729833546735108e+02
6.256582764505119485e+02 7.409624573378839614e+02
6.257318531169939888e+02 7.411895815542271748e+02
6.256943027210884338e+02 7.412304421768707243e+02
6.255662293694456366e+02 7.410960643250106159e+02
6.255325443786982760e+02 7.412371090448014002e+02
6.258230801866779984e+02 7.410598218073822636e+02
6.261644596326356123e+02 7.410111063648013214e+02
6.265136842105263213e+02 7.412614736842105003e+02
6.268198810535259327e+02 7.413105352591334167e+02
6.268863540346429772e+02 7.413088297422898449e+02
6.269180118946474067e+02 7.412094307561596906e+02
6.269545454545454959e+02 7.412570093457943585e+02
6.273173987941429459e+02 7.410822566752799503e+02
6.278011919965942980e+02 7.413431247339293577e+02
6.290017566974088368e+02 7.405344751866490469e+02
6.292343005630142443e+02 7.407522737115634754e+02
6.288107188430454926e+02 7.408098681412164979e+02
6.284315613227291806e+02 7.410242779405608644e+02
6.275964256026600196e+02 7.408412302576890625e+02
6.270004282655246470e+02 7.403443254817987054e+02
6.260387430047352382e+02 7.406995264743865164e+02
6.248692109777015276e+02 7.407431389365351606e+02
6.239568965517241850e+02 7.406922413793103033e+02
6.234518201284796532e+02 7.406505353319057576e+02
6.228431204457779131e+02 7.403711958851264399e+02
6.225972696245734141e+02 7.403822525597269077e+02
6.229157446808510485e+02 7.406604255319149388e+02
6.234698385726422885e+02 7.402480883602379436e+02
6.238913684210526753e+02 7.403178947368420495e+02
6.243256010122311181e+02 7.403563897089835564e+02
6.243337453646477115e+02 7.410090646889163963e+02
6.245117252931323719e+02 7.403199329983249299e+02
6.236343408900083887e+02 7.399164567590260049e+02
6.227990713381173009e+02 7.398674546222034678e+02
6.220386100386100452e+02 7.394843414843414848e+02
6.214455403087478089e+02 7.393078902229846108e+02
6.218662867163525334e+02 7.390258658483121508e+02
6.226523642732048529e+02 7.393318739054291200e+02
6.237414383561643945e+02 7.395244006849314928e+02
6.254276065850569921e+02 7.396175601519628344e+02
6.271143216080401999e+02 7.397123115577888939e+02
6.285092860090796876e+02 7.399401568303755994e+02
6.288680033416875403e+02 7.398312447786131543e+02
6.282871410736579492e+02 7.398847274240532670e+02
6.263569919729615094e+02 7.399345162653147554e+02
6.242392324093816569e+02 7.398950959488272474e+02
6.222927450148494017e+02 7.399376325837929471e+02
6.215093275488069366e+02 7.396073752711496354e+02
6.208664662945469672e+02 7.397835981107771204e+02
6.212250000000000227e+02 7.397599137931034647e+02
6.217563884156728591e+02 7.400153321976149527e+02
6.226426746166951034e+02 7.400438671209540189e+02
6.228920406435224777e+02 7.399280270956816139e+02
6.231353191489362189e+02 7.398553191489361325e+02
6.230581247348324041e+02 7.397522274077216480e+02
6.227542976939203072e+02 7.400716981132075034e+02
6.222819755170958160e+02 7.400341916420430834e+02
6.218270453582026676e+02 7.401572700296735547e+02
6.214730360934182727e+02 7.403171974522292658e+02
6.213817712811693355e+02 7.402381771281169449e+02
6.211826012058570541e+02 7.402566752799310734e+02
6.212552733534223535e+02 7.403129573826947762e+02
6.210839369407754020e+02 7.407613975287600852e+02
6.210619393421615086e+02 7.409248184536522785e+02
6.210212675457252089e+02 7.410068056146320714e+02
6.208425297113751640e+02 7.410492359932088675e+02
6.206028728348120467e+02 7.407384875369666588e+02
6.202699020859940902e+02 7.405070242656449864e+02
6.199237973605789875e+02 7.401004682843763476e+02
6.193791489361701679e+02 7.399927659574468635e+02
6.191722386796444653e+02 7.400914092255607102e+02
6.185864093959731917e+02 7.402361577181208077e+02
6.179188284518828596e+02 7.403443514644351353e+02
6.171749049429657816e+02 7.402948880439374761e+02
6.157262758329818553e+02 7.403951919021509411e+02
6.143126064735945420e+02 7.405698466780238505e+02
6.131236582224130416e+02 7.407088879347359125e+02
6.128268490808037541e+02 7.409910218041898133e+02
6.123697228144989140e+02 7.412029850746268949e+02
6.122110638297872356e+02 7.408885106382978165e+02
6.123360203648705919e+02 7.405434874840899511e+02
6.125913843580092362e+02 7.406344625679631690e+02
6.129896049896050272e+02 7.406253638253638201e+02
6.135911371237458525e+02 7.407098662207357620e+02
6.139248338870431780e+02 7.409426910299002884e+02
6.134352396972245742e+02 7.411366694701430333e+02
6.122309966216216708e+02 7.411849662162162531e+02
6.113763213530655776e+02 7.409898520084566371e+02
6.102865242040994644e+02 7.405577845617095818e+02
6.098231412230531987e+02 7.404412670479542840e+02
6.097313563017880824e+02 7.407618839947666629e+02
6.096373483535528521e+02 7.408353552859618958e+02
6.101436631944444571e+02 7.410538194444444571e+02
6.109503184713375958e+02 7.410713375796178752e+02
6.114719899665551566e+02 7.412947324414715240e+02
6.115268231349539292e+02 7.412070410729254490e+02
6.113407283382168771e+02 7.412737547090832777e+02
6.104124011652100990e+02 7.412188930503536994e+02
6.084897274633124198e+02 7.411878406708594866e+02
6.067585768742058008e+02 7.410728504870817233e+02
6.050242739488513735e+02 7.404642392717814801e+02
6.044978241949521589e+02 7.403385552654482353e+02
6.050828970331588152e+02 7.404031413612565302e+02
6.061590013140604469e+02 7.404034165571616768e+02
6.081092544987146766e+02 7.413136246786632455e+02
6.092480851063829732e+02 7.413374468085106628e+02
6.105039966344131699e+02 7.412864955826672713e+02
6.113496176720475432e+02 7.411176720475785942e+02
6.114676445211389364e+02 7.407588438308887362e+02
6.114072665821714736e+02 7.411313899450781264e+02
6.106880811496196202e+02 7.409289940828402905e+02
6.102633148700468837e+02 7.407780144865786269e+02
6.103784482758620697e+02 7.407844827586206975e+02
6.102400346620451046e+02 7.406663778162911740e+02
6.108441391155001838e+02 7.406354658651781619e+02
6.111495927989712982e+02 7.407153879125589810e+02
6.115714285714285552e+02 7.408002566295979250e+02
6.119267569856053797e+02 7.406985605419135936e+02
6.120418074324323925e+02 7.408319256756756204e+02
6.120855683269476231e+02 7.407935291613453046e+02
6.119732256693582713e+02 7.407777305567360600e+02
6.118944467994913339e+02 7.408465451462484452e+02
6.113620253164557425e+02 7.405097046413502540e+02
6.113279797125951518e+02 7.406322907861369913e+02
6.111521739130434980e+02 7.403806479113384285e+02
6.108005104210974423e+02 7.409102509570395796e+02
6.105607993197278347e+02 7.409774659863945772e+02
6.101769425675676075e+02 7.411520270270269748e+02
6.097734074390765500e+02 7.411577597263787993e+02
6.091173748422380640e+02 7.413971392511568865e+02
6.083362609786699977e+02 7.414173985780008707e+02
6.078910093299406299e+02 7.411416454622561787e+02
6.081808510638297776e+02 7.410714893617021062e+02
6.091944444444444571e+02 7.412495726495726558e+02
6.099770258980785229e+02 7.413316624895571749e+02
6.107984173261140768e+02 7.414602249062889996e+02
6.118153910849453041e+02 7.411009251471824655e+02
6.129193616127677160e+02 7.411167576648466593e+02
6.135434966216216708e+02 7.409771959459459367e+02
6.137351190476190368e+02 7.406594387755102389e+02
6.140469283276451051e+02 7.404876279863481159e+02
6.138054841473864371e+02 7.405856898029134072e+02
6.134055437100213339e+02 7.406528784648187411e+02
6.127686757215619764e+02 7.407555178268250984e+02
6.126338329764454329e+02 7.404226980728051331e+02
6.128931330472103127e+02 7.404751072961373666e+02
6.132545141874462615e+02 7.402214101461736391e+02
6.139817564700890671e+02 7.406058549002970040e+02
6.151420168067227223e+02 7.406386554621848290e+02
6.162750944981100929e+02 7.404947501049979337e+02
6.171508495648570261e+02 7.404973062577704468e+02
6.173521594684385718e+02 7.404883720930232585e+02
6.168271452145214653e+02 7.404723597359735550e+02
6.161244315832989287e+02 7.406213311285655436e+02
6.153347493627867379e+02 7.407247238742565969e+02
6.148047619047619037e+02 7.403311688311688386e+02
6.148981115502854209e+02 7.401501976284584998e+02
6.156028770706190016e+02 7.406569311246730649e+02
6.172615317667537056e+02 7.400731070496083248e+02
6.187916314454776057e+02 7.404260355029585980e+02
6.207488430795119712e+02 7.402423222549432467e+02
6.231149377593360441e+02 7.402958506224066468e+02
6.241207609594706582e+02 7.403453267162944940e+02
6.246860269360269058e+02 7.397142255892256344e+02
6.246550712489522539e+02 7.396630343671416767e+02
6.242126217704362716e+02 7.394659042778483808e+02
6.237568389057751119e+02 7.390165002171081596e+02
6.232114065180103353e+02 7.397238421955403282e+02
6.228996960486322223e+02 7.395814155449413647e+02
6.232478260869564792e+02 7.402521739130435208e+02
6.236577239290350008e+02 7.403747295543055316e+02
6.238911187019641602e+02 7.407941929974381310e+02
6.246276595744681117e+02 7.406208510638298321e+02
6.247743174061433820e+02 7.404816552901023670e+02
6.247704081632653015e+02 7.401347789115645810e+02
