6.088627118644068332e+02 7.396499999999999773e+02
6.097302188552188227e+02 7.400345117845117784e+02
6.110180444817457328e+02 7.401649181703734257e+02
6.121387234042553018e+02 7.401102127659574990e+02
6.132904862579281371e+02 7.404997885835094849e+02
6.135254164886800936e+02 7.402255446390431644e+02
6.134847198641765544e+02 7.403123938879456318e+02
6.124940323955669328e+02 7.403635976129581877e+02
6.120234741784037169e+02 7.404370465215536115e+02
6.117630131189166605e+02 7.403694456199746128e+02
6.122048864123446492e+02 7.400831547363909522e+02
6.126005904681569518e+02 7.399392661324335450e+02
6.129097457627118501e+02 7.398059322033898297e+02
6.129731343283582419e+02 7.396149253731343833e+02
6.130650406504065586e+02 7.396893453145057720e+02
6.131168664383561691e+02 7.398047945205479436e+02
6.125012919896640824e+02 7.400977605512489390e+02
6.122786259541984464e+02 7.404957591178965686e+02
6.124002541296060826e+02 7.404680220245658120e+02
6.126666666666666288e+02 7.403550446998723373e+02
6.134605543710021038e+02 7.401782515991470746e+02
6.141478298238074558e+02 7.400657498925655773e+02
6.155080851063829641e+02 7.402089361702127235e+02
6.168710651142733923e+02 7.402755498059508454e+02
6.181074727120067109e+02 7.406074727120067109e+02
6.185839263290079089e+02 7.409573043114273787e+02
6.184901960784313815e+02 7.409637046307884702e+02
6.176337258200168208e+02 7.405773759461732197e+02
6.176784959864808116e+02 7.404926066751162352e+02
6.175379076662430862e+02 7.403875476493011547e+02
6.171834394904458350e+02 7.403639065817409346e+02
6.175421074904782017e+02 7.402894625476089914e+02
6.182985641891891646e+02 7.399548141891891646e+02
6.201750856164383094e+02 7.401943493150685072e+02
6.216725000000000136e+02 7.403937499999999545e+02
6.230339338081273581e+02 7.402991202346040609e+02
6.236979695431472237e+02 7.401759729272420145e+02
6.234910677191525110e+02 7.404657249688408456e+02
6.228554266777133535e+02 7.405923777961888845e+02
6.211738947368421577e+02 7.402197894736841590e+02
6.200384117393181214e+02 7.394881312041433148e+02
6.191556886227544965e+02 7.399285714285714448e+02
6.194007782101167550e+02 7.396913099870298538e+02
6.206238337574214938e+02 7.402014418999151530e+02
6.218794474675596575e+02 7.407149434910004402e+02
6.227722855935783173e+02 7.407093367131390096e+02
6.228725200506543160e+02 7.405685943436049001e+02
6.226584344914190297e+02 7.405537881958978232e+02
6.224354974704890537e+02 7.402744519392917937e+02
6.216655333616660073e+02 7.400773480662983275e+02
6.210503842869342179e+02 7.401648163962424860e+02
6.206414291790727020e+02 7.401063377286261584e+02
6.212150991142978000e+02 7.406803036693378317e+02
6.218440792246102546e+02 7.405600505689001238e+02
6.223078869675242686e+02 7.405799240826655705e+02
6.226943620178041101e+02 7.404993641373463333e+02
6.231870020964360037e+02 7.408863731656184655e+02
6.242839506172839492e+02 7.406343124733929244e+02
6.246215870307166824e+02 7.402819965870306760e+02
6.244938271604938791e+02 7.403801617709664242e+02
6.240050933786078531e+02 7.401646859083191430e+02
6.228275566966195811e+02 7.396521181001284049e+02
6.216011930123562479e+02 7.397690668939071656e+02
6.205401273885349838e+02 7.398552016985138380e+02
6.202328767123287889e+02 7.397872431506849580e+02
6.200579463144439387e+02 7.397899446101406511e+02
6.206192307692307395e+02 7.402799145299145493e+02
6.205847063793831921e+02 7.406024503591042958e+02
6.207463644140291308e+02 7.404794696321642959e+02
6.208724123362906084e+02 7.406354034643007935e+02
6.210798980025499532e+02 7.403523161920951452e+02
6.210336599914784301e+02 7.402876011930123923e+02
6.211243567753001571e+02 7.400673241852487081e+02
6.209518377693282218e+02 7.402095479509928282e+02
6.212334597555836808e+02 7.404121365360302889e+02
6.214803182579564691e+02 7.403940536013400333e+02
6.218643776824034148e+02 7.401592274678112062e+02
6.218722860791826861e+02 7.404359301830565983e+02
6.218465136054421691e+02 7.405858843537414486e+02
6.218443877551020478e+02 7.406445578231292757e+02
6.220236660929432446e+02 7.406196213425129145e+02
6.218628375482211368e+02 7.404843549078440219e+02
6.213048885077187151e+02 7.400218696397942040e+02
6.213106255355612575e+02 7.400449871465295928e+02
6.219561101549053319e+02 7.393317555938037913e+02
6.228690831556502872e+02 7.395607675906182976e+02
6.231252158894645845e+02 7.395237478411053189e+02
6.230034349506225908e+02 7.397136109918419606e+02
6.232907127429805314e+02 7.400747300215982705e+02
6.233250107619458049e+02 7.405570383125268563e+02
6.234387537345284045e+02 7.406641058472043824e+02
6.226361344537815512e+02 7.409142857142857110e+02
6.218910200523104095e+02 7.402850915431561134e+02
6.204215265866208711e+02 7.406346483704974162e+02
6.193441502988898719e+02 7.408996584116140411e+02
6.184903474903475171e+02 7.404483054483054048e+02
6.185245831551944775e+02 7.404048738777255494e+02
6.189876174210077124e+02 7.402822374039283204e+02
6.197165957446808306e+02 7.404489361702127326e+02
6.210836837678721167e+02 7.411278385197645093e+02
6.219066555043951894e+02 7.413181247383843129e+02
6.216152237557507760e+02 7.413404433291509577e+02
6.206799830004249543e+02 7.410407989800254427e+02
6.195281962978906449e+02 7.409173482565647646e+02
6.188205128205128176e+02 7.413243589743590292e+02
6.182581196581196536e+02 7.408978632478632562e+02
6.182597014925372605e+02 7.411360341151386137e+02
6.187613781369630033e+02 7.409663972777541403e+02
6.194060913705583289e+02 7.408798646362098452e+02
6.201170167166737883e+02 7.405525075010715454e+02
6.197007299270072735e+02 7.399381708887934792e+02
6.189190353143841321e+02 7.404000861326442191e+02
6.182024935511608419e+02 7.402128116938951052e+02
6.170043122035359602e+02 7.398978007761966182e+02
6.160160450997398129e+02 7.402085862966175682e+02
6.148716329966330250e+02 7.403888888888889142e+02
6.144983150800336489e+02 7.406356360572872291e+02
6.142641828958509223e+02 7.406600338696019890e+02
6.143354457118715573e+02 7.406180819602873271e+02
6.147707893626002260e+02 7.406205149852257819e+02
6.148572035699107801e+02 7.408759031024223987e+02
6.144425604069521114e+02 7.406371343789741104e+02
6.136920119607005972e+02 7.409273814609141482e+02
6.123855319148935905e+02 7.408565957446808170e+02
6.115048625792811663e+02 7.411712473572938507e+02
6.106418803418803236e+02 7.408944444444443889e+02
6.101152713504417306e+02 7.413735801430374295e+02
6.098930659983291207e+02 7.412923976608186649e+02
6.092647058823529278e+02 7.413676470588235361e+02
6.088728493495593739e+02 7.415698699118757986e+02
6.088742111905763750e+02 7.409650820361800925e+02
6.089910562180579063e+02 7.405089437819420937e+02
6.088377693282636756e+02 7.404892268694550239e+02
6.083061139028475282e+02 7.406524288107202665e+02
6.080160608622146583e+02 7.405481825866440886e+02
6.078108906711693180e+02 7.407146475306036564e+02
6.079066328686100178e+02 7.407498943810730907e+02
6.077633459436738121e+02 7.408495166036149158e+02
6.077849958088851281e+02 7.408860016764459715e+02
6.079446556822982757e+02 7.407608787494718854e+02
6.083573825503356147e+02 7.411287751677851929e+02
6.081934673366833977e+02 7.410900335008375350e+02
6.077958754208754044e+02 7.409486531986532327e+02
6.073810752688171988e+02 7.409600000000000364e+02
6.070539845758354431e+02 7.408393316195372336e+02
6.066865417376490086e+02 7.404706132879045981e+02
6.059747580984434308e+02 7.404850652082457145e+02
6.054685374149660220e+02 7.403193027210884338e+02
6.052451943613840513e+02 7.408953438701410050e+02
6.055554618304512360e+02 7.410936313791648899e+02
6.066539763113366917e+02 7.411087140439932455e+02
6.080599662162162531e+02 7.412875844594594810e+02
6.087988165680473003e+02 7.412578191039729063e+02
6.096252649427723327e+02 7.412598558711318901e+02
6.096780590717299901e+02 7.413949367088607687e+02
6.094237144071398689e+02 7.411270718232044601e+02
6.083161235717308273e+02 7.405768091409225917e+02
6.073481764206954949e+02 7.405581000848176245e+02
6.067855924978687199e+02 7.403358908780903676e+02
6.065980557903634462e+02 7.403389687235841166e+02
6.071052631578946830e+02 7.401451612903225623e+02
6.081638781638781666e+02 7.401492921492921369e+02
6.087784355179703653e+02 7.406236786469344224e+02
6.094736618521665150e+02 7.405135938827527298e+02
6.096275337837837469e+02 7.408424831081081265e+02
6.090963906581740730e+02 7.410518046709129294e+02
6.084535379369139036e+02 7.408337595907928517e+02
6.076650882479552820e+02 7.404920361601377863e+02
6.073780435711234986e+02 7.406189662537377671e+02
6.073577235772357881e+02 7.404428754813864089e+02
6.073745190252244583e+02 7.406284737067122705e+02
6.076559691912708558e+02 7.406700898587932897e+02
6.083219120135363482e+02 7.407461928934010302e+02
6.087205387205386842e+02 7.409583333333333712e+02
6.087436112274822335e+02 7.413493925429409046e+02
6.083777495769882080e+02 7.411535532994923869e+02
6.068791255893698917e+02 7.410998714102014446e+02
6.058598807495741312e+02 7.411686541737649350e+02
6.055954198473282304e+02 7.415313825275657109e+02
6.057395877156078541e+02 7.415738325620529849e+02
6.056825866441250810e+02 7.409991546914624223e+02
6.058846808510638766e+02 7.407382978723404676e+02
6.066202266051195693e+02 7.405518254301300658e+02
6.077895181741336046e+02 7.408292476754015752e+02
6.086477611940298402e+02 7.404452025586354011e+02
6.090059296908090118e+02 7.408792884371029004e+02
6.093792662116040901e+02 7.406902730375426245e+02
6.094754378470738629e+02 7.408611704399828568e+02
6.092772572402044489e+02 7.409667802385008599e+02
6.088946037099493651e+02 7.413212478920742114e+02
6.091087510620220655e+02 7.412213254035683576e+02
6.098070025619128955e+02 7.411451750640478622e+02
6.102073693230505569e+02 7.408260497000857185e+02
6.106065292096219537e+02 7.407938144329897341e+02
6.107334754797441292e+02 7.408895522388060044e+02
6.111275684931506476e+02 7.406053082191780277e+02
6.110076628352489934e+02 7.409591315453384368e+02
6.109270477815699678e+02 7.410209044368600644e+02
6.105014824227022245e+02 7.412626005929690791e+02
6.104735505713076691e+02 7.413313584426576881e+02
6.107232597623089987e+02 7.414359083191850459e+02
6.110908322771440453e+02 7.411064638783269629e+02
6.119791044776119406e+02 7.410469083155650196e+02
6.126133844842285043e+02 7.411355498721227377e+02
6.137373994070309209e+02 7.411490893689115182e+02
6.150756410256410618e+02 7.408465811965811554e+02
6.161918332624414916e+02 7.408660144619310586e+02
6.166275684931506476e+02 7.406155821917808453e+02
6.165979513444302711e+02 7.407016645326503976e+02
6.161090209491235328e+02 7.407533133817870521e+02
6.168744625967325419e+02 7.407944969905416883e+02
6.168712574850299006e+02 7.407074422583405067e+02
6.170548179871519778e+02 7.407820128479656887e+02
6.177837953091684540e+02 7.408729211087420481e+02
6.189499136442141207e+02 7.407456822107080825e+02
6.209707022834984400e+02 7.408151658767772005e+02
6.230114795918367463e+02 7.411977040816326507e+02
6.242783635596794056e+02 7.413542808941374460e+02
6.250339931153183670e+02 7.411635111876075825e+02
