6.114899817850637191e+02 7.379458105646630202e+02
6.105499999999999545e+02 7.377921296296295850e+02
6.112372567191844155e+02 7.375203892493049125e+02
6.140546181172290972e+02 7.385208703374778452e+02
6.179225171232876619e+02 7.392919520547944785e+02
6.206090569173244376e+02 7.398653926049023539e+02
6.232107421074210833e+02 7.400574005740057828e+02
6.252144296654574873e+02 7.404615074566706880e+02
6.257371847030105982e+02 7.402750203417411967e+02
6.248919465803318190e+02 7.404832051800890440e+02
6.232427864798021346e+02 7.402155812036273801e+02
6.214409808811304856e+02 7.400415627597672028e+02
6.197576939748590803e+02 7.393775465973125165e+02
6.169472307021369488e+02 7.393563017880505868e+02
6.160791208791208646e+02 7.391859340659340205e+02
6.162676303109942637e+02 7.391191414805081195e+02
6.173535217586361341e+02 7.382521310004486850e+02
6.179095674967234118e+02 7.385622542595019695e+02
6.183721739130435253e+02 7.387704347826087314e+02
6.189437609841827452e+02 7.388009666080843090e+02
6.188883558656781361e+02 7.389071085913650450e+02
6.191257068290560710e+02 7.390234884732492446e+02
6.202406277244987223e+02 7.395462074978204328e+02
6.213723450368444219e+02 7.395687039445166420e+02
6.228542372881355504e+02 7.402728813559322134e+02
6.245927620632279513e+02 7.405112312811979791e+02
6.261648804616653479e+02 7.405412201154163085e+02
6.270058019063407073e+02 7.404533775383340526e+02
6.270972335231896295e+02 7.407168429617574930e+02
6.257329268292683082e+02 7.410833333333333712e+02
6.237953410981697289e+02 7.408752079866889062e+02
6.208956819153484048e+02 7.400346301838392264e+02
6.181269013472402776e+02 7.398583224684919060e+02
6.157385650224215397e+02 7.390659192825112314e+02
6.135316804407713107e+02 7.385376492194674256e+02
6.123779816513761034e+02 7.384637614678898672e+02
6.128308687615526651e+02 7.385508317929759414e+02
6.142141912736888116e+02 7.391621859850154124e+02
6.162241604884430899e+02 7.393820322721326193e+02
6.182593709607928076e+02 7.398664368806548737e+02
6.202242299794661449e+02 7.410184804928131825e+02
6.216241193535018965e+02 7.413568172399502600e+02
6.220651372388365417e+02 7.414162228594838098e+02
6.226316008316008492e+02 7.413118503118503213e+02
6.230684410646388187e+02 7.412615124630333412e+02
6.220880503144653630e+02 7.412272536687630691e+02
6.205763213530655094e+02 7.408752642706131155e+02
6.194816996213714901e+02 7.412688262515775932e+02
6.188192923336141575e+02 7.410202190395956450e+02
6.176389358108108354e+02 7.408543074324323925e+02
6.166906957250628238e+02 7.410829840737636687e+02
6.159046025104602222e+02 7.410393305439330334e+02
6.145339270568277925e+02 7.405907548770144331e+02
6.131095831542759242e+02 7.400996991834980463e+02
6.115755173932188882e+02 7.390136503742844525e+02
6.110400911161731301e+02 7.378182232346241562e+02
6.118260869565217490e+02 7.385097604259094624e+02
6.134769635805178041e+02 7.384344010530934383e+02
6.162026338147833258e+02 7.392888700084961329e+02
6.188843906510851411e+02 7.399770450751252611e+02
6.212156862745098351e+02 7.405580065359476976e+02
6.225042185616713368e+02 7.413013258336681020e+02
6.227016485725773691e+02 7.414354644149577780e+02
6.223966480446927108e+02 7.417146847565842336e+02
6.203210272873194526e+02 7.409731139646869451e+02
6.177441285537701106e+02 7.402323856613102180e+02
6.149476987447699230e+02 7.397460251046024950e+02
6.120769561478933838e+02 7.388349097162511043e+02
6.106436781609195350e+02 7.385561450044208414e+02
6.098740642888595858e+02 7.384685160722149249e+02
6.099449096518289934e+02 7.384050242397531747e+02
6.109745278875714121e+02 7.382722880983750429e+02
6.125183447098976330e+02 7.387478668941979549e+02
6.143611231101511976e+02 7.380799136069114184e+02
6.151883810337462819e+02 7.383413071337035944e+02
6.163660075725704246e+02 7.392187631468236759e+02
6.178346825734980712e+02 7.388781423093311105e+02
6.188040885860306162e+02 7.390289608177172340e+02
6.197000842459983687e+02 7.391545914069081391e+02
6.207005838198498395e+02 7.395779816513761489e+02
6.216436015006252092e+02 7.395631513130471149e+02
6.228025609252374579e+02 7.398393225939694275e+02
6.232951983298538607e+02 7.396755741127349211e+02
6.228828903654484748e+02 7.395996677740863561e+02
6.216427678199249840e+02 7.395231346394331240e+02
6.196584849767244805e+02 7.392754972492593879e+02
6.174611443210931157e+02 7.386088812980358398e+02
6.152857142857143344e+02 7.374429019256605216e+02
6.122428174235402594e+02 7.369615384615384528e+02
6.106455223880597032e+02 7.374771455223880139e+02
6.101221761180266867e+02 7.377196864914707248e+02
6.117800546448087289e+02 7.379271402550091352e+02
6.150424507658643734e+02 7.384971553610503179e+02
6.181941074523397219e+02 7.387655979202772869e+02
6.216619067618647705e+02 7.391856362872742920e+02
6.236167913549459172e+02 7.394941812136326007e+02
6.249655032467532010e+02 7.398027597402597166e+02
6.251345218800648809e+02 7.400052674230146295e+02
6.243567110036275380e+02 7.400729544538492064e+02
6.228963666391412062e+02 7.397902559867877699e+02
6.212147707979626148e+02 7.394121392190153301e+02
6.191132075471698499e+02 7.397144654088050402e+02
6.174194100042752780e+02 7.395818725951261285e+02
6.164512730465320374e+02 7.387568042142230524e+02
6.171697530864197461e+02 7.382191358024691681e+02
6.190686886708296015e+02 7.378715432649420336e+02
