6.179665991902834321e+02 7.408466599190282977e+02
5.958728266269249616e+02 7.292369597615498833e+02
5.770040485829960062e+02 7.192758097165991558e+02
5.582553579571363116e+02 7.100852713178294380e+02
5.379909051537462119e+02 7.011758336942399410e+02
5.203167420814479556e+02 6.930561085972850606e+02
5.050980223559758997e+02 6.883938091143594420e+02
4.914711737868104251e+02 6.831829116549149603e+02
4.834776304888152367e+02 6.787729908864954496e+02
4.789791496320523265e+02 6.765265739983647109e+02
4.775000000000000000e+02 6.757306763285024545e+02
4.800235439900867505e+02 6.757905824039653453e+02
4.847483249581239306e+02 6.772546063651591339e+02
4.934684256055363107e+02 6.800155709342560613e+02
5.036753189617245994e+02 6.848561372635283533e+02
5.147598956067855624e+02 6.904254023488473422e+02
5.297687937062936498e+02 6.985817307692307168e+02
5.448264580369843770e+02 7.055576102418207256e+02
5.608107741059302498e+02 7.138519692168401889e+02
5.802718780727630019e+02 7.237163225172074590e+02
6.003483972674723645e+02 7.320756699947451125e+02
6.202855685874553728e+02 7.413952065272819709e+02
6.440057773109243726e+02 7.529973739495798100e+02
6.642262943571844289e+02 7.620418848167539636e+02
7.059032258064515872e+02 7.828473118279570144e+02
7.228984329657573653e+02 7.905327916424840851e+02
7.369034267912772975e+02 7.986427829698857295e+02
7.478870888561609718e+02 8.057260677466863399e+02
7.538670064874884247e+02 8.088234476367006209e+02
7.555719608756404568e+02 8.099413134606427320e+02
7.540957592339261737e+02 8.081139990880072901e+02
7.495819366852886105e+02 8.059152700186219818e+02
7.414191106906338291e+02 8.018372753074739876e+02
7.288793342579750743e+02 7.964429033749422615e+02
7.166599292572005879e+02 7.895866599292571664e+02
7.015887135341941985e+02 7.837087517934003245e+02
6.824745508982035744e+02 7.739066866267464775e+02
6.648829961727719819e+02 7.651913613996719050e+02
6.446174603174603135e+02 7.565100529100528775e+02
6.226264571718195384e+02 7.446877850988342971e+02
6.035310932798395243e+02 7.351218655967903715e+02
5.829774730656218935e+02 7.249794319294809384e+02
5.620417431192660160e+02 7.146362385321100419e+02
5.438133086876155176e+02 7.064108133086875796e+02
5.245850157021085352e+02 6.989030955585463971e+02
5.050948051948051898e+02 6.918666666666666742e+02
4.922595320623916564e+02 6.867829289428076436e+02
4.775727418065547454e+02 6.799468425259792639e+02
