6.320634517766497993e+02 7.430664128595600459e+02
6.286150537634408693e+02 7.417746236559139561e+02
6.252775649212430835e+02 7.412647935291613521e+02
6.219198440207971998e+02 7.399055459272096869e+02
6.194534482758621152e+02 7.386767241379310462e+02
6.174278350515463671e+02 7.371851374570446751e+02
6.153290322580645579e+02 7.359152688172042645e+02
6.134959728698601111e+02 7.356837643069096657e+02
6.118766722408026908e+02 7.354644648829431617e+02
6.108945578231292757e+02 7.350114795918367463e+02
6.108867204072973891e+02 7.353487484089945383e+02
6.122076433121019363e+02 7.353936305732484016e+02
6.143103009749894454e+02 7.361136074607884439e+02
6.159298319327731406e+02 7.376743697478991635e+02
6.180914115646259006e+02 7.392406462585033751e+02
6.193343059608170051e+02 7.409007919966652480e+02
6.201838111298482090e+02 7.416800168634064221e+02
6.213988170680186158e+02 7.426442754541614022e+02
6.228203719357564978e+02 7.434522400676246434e+02
6.243191857947163044e+02 7.431953226504980421e+02
6.247073382544507467e+02 7.435540599218410307e+02
6.240337662337661868e+02 7.432398268398268328e+02
6.220167310167310006e+02 7.431801801801801730e+02
6.194582422387406950e+02 7.423113248797551478e+02
6.164790343074968177e+02 7.416768318509106166e+02
6.141137827393731641e+02 7.406595105195362976e+02
6.117423787033061444e+02 7.396934306569343107e+02
6.088397717295873690e+02 7.383582089552238585e+02
6.045179948586118144e+02 7.371748071979434371e+02
6.023776824034334822e+02 7.367154506437768759e+02
6.013074664429530003e+02 7.366044463087248459e+02
6.014717299578059055e+02 7.364991561181434463e+02
6.031928721174003840e+02 7.368448637316562326e+02
6.046321790540540633e+02 7.364864864864864558e+02
6.071417689377909710e+02 7.370609394837071022e+02
6.099317706153202607e+02 7.377136877354541866e+02
6.124955602536997503e+02 7.379192389006342410e+02
6.163390264730999206e+02 7.388672075149445391e+02
6.210177890724269218e+02 7.395756035578144747e+02
6.250660699062233334e+02 7.401896845694799367e+02
6.288091409225560255e+02 7.411493863732542877e+02
6.321356957649092010e+02 7.415254969749352085e+02
6.338564655172414177e+02 7.424650862068965580e+02
6.349567451820128099e+02 7.432137044967879547e+02
6.359314359637775169e+02 7.431125485122897771e+02
6.360797918473547270e+02 7.432072853425845551e+02
6.354664371772805680e+02 7.434518072289156407e+02
6.331451403887689366e+02 7.431049676025918416e+02
6.297982378854625267e+02 7.418286343612335259e+02
6.260975292587776266e+02 7.413224967490247082e+02
6.228482758620689310e+02 7.404689655172413723e+02
6.198096663815226748e+02 7.391214713430282472e+02
6.177108639863131430e+02 7.379379811804961946e+02
6.154922680412371392e+02 7.367822164948453292e+02
6.136712387483926250e+02 7.354367766823831971e+02
6.118686006825938648e+02 7.349227815699658777e+02
6.100962199312714347e+02 7.349037800687285653e+02
