6.194666379681445960e+02 7.393202755058114235e+02
6.190542602797795553e+02 7.395790589232725551e+02
6.184955789473684717e+02 7.398858947368421468e+02
6.180593684210526817e+02 7.398799999999999955e+02
6.174555129842485712e+02 7.398880374627501624e+02
6.173152128107880117e+02 7.402718078381794840e+02
6.173011387600168973e+02 7.400172922817376957e+02
6.174496644295302303e+02 7.398519295302013461e+02
6.175944584382871199e+02 7.397233417296389462e+02
6.175967268149391884e+02 7.397394041124632622e+02
6.175283806343906008e+02 7.400914023372287147e+02
6.181073853989813642e+02 7.399231748726655269e+02
6.185193765796124126e+02 7.403959561920809165e+02
6.189799316823227855e+02 7.400866780529462403e+02
6.194822784810127132e+02 7.400890295358649382e+02
6.202793132328308729e+02 7.399133165829146037e+02
6.206957983193277641e+02 7.395281512605041598e+02
6.207628909551985998e+02 7.395655114116652840e+02
6.209462861938732203e+02 7.400008392782207238e+02
6.217092924126171738e+02 7.398887468030690115e+02
6.217576777450567533e+02 7.401935212452671067e+02
6.213465304384844785e+02 7.399395487441464638e+02
6.215561181434599121e+02 7.399793248945147752e+02
6.215496828752642386e+02 7.399839323467230088e+02
6.211972789115645810e+02 7.398486394557822905e+02
6.203902953586498370e+02 7.399358649789029414e+02
6.199018010291595147e+02 7.395591766723841829e+02
6.193046841426729543e+02 7.394795874516545382e+02
6.184058344058344119e+02 7.396297726297726740e+02
6.176370558375634801e+02 7.394936548223349746e+02
6.173028229255774022e+02 7.394123182207014224e+02
6.168011073253833274e+02 7.397747018739352143e+02
6.160255427841634628e+02 7.397432950191571308e+02
6.155770717045942320e+02 7.396311721769000087e+02
6.149700295483326045e+02 7.398028704094555223e+02
