6.160308159722221717e+02 7.405985243055555429e+02
6.174843342036554077e+02 7.405913838120104629e+02
6.184459102902375207e+02 7.403509234828495664e+02
6.201838931955211365e+02 7.405947459086994513e+02
6.213759299781181653e+02 7.403229759299781563e+02
6.219384946236559699e+02 7.400378494623655570e+02
6.245911602209944249e+02 7.399273268168295772e+02
6.269052901023891309e+02 7.397299488054607082e+02
6.285080713678844404e+02 7.398419711129992038e+02
6.300824034334764292e+02 7.395725321888412509e+02
6.307292651482595147e+02 7.396725397507520938e+02
6.297778255264288418e+02 7.390060163300387330e+02
6.290060344827586505e+02 7.393551724137930705e+02
6.281307133703545560e+02 7.396112772319521582e+02
6.278306174957118628e+02 7.391783876500857104e+02
6.271117342536670094e+02 7.394564279551337904e+02
6.254857389801210275e+02 7.391901469317199371e+02
6.243437100213219537e+02 7.394268656716417354e+02
6.232455166524338210e+02 7.393710503842869457e+02
6.217381974248927463e+02 7.395218884120171197e+02
6.211254768969902216e+02 7.402797795676134456e+02
6.197555084745762315e+02 7.404707627118643813e+02
6.176759298845660169e+02 7.405369816160751952e+02
6.158972043010752486e+02 7.401109677419354966e+02
6.128439930855661260e+02 7.398954191875540118e+02
6.103947594501718186e+02 7.397487113402062278e+02
6.077256071580741263e+02 7.400570941627610182e+02
6.071899535669058423e+02 7.398792739552553712e+02
6.065522012578616113e+02 7.399245283018867667e+02
6.060412979351032163e+02 7.397475769068689715e+02
6.061604367912641464e+02 7.396031079378412869e+02
6.064902707275804232e+02 7.393925549915397823e+02
6.065070724389198631e+02 7.390561508786969398e+02
6.062913684210526526e+02 7.395393684210525862e+02
6.053002132196162393e+02 7.392912579957355774e+02
6.039512195121951663e+02 7.393107653490327493e+02
6.039064102564102541e+02 7.390987179487179901e+02
6.049675745784695664e+02 7.388858625162126827e+02
6.068628930817610581e+02 7.397178197064989718e+02
6.093427013422818845e+02 7.399437919463086928e+02
6.107762882279010910e+02 7.398039379974864005e+02
6.125431070387338650e+02 7.400545605997500616e+02
6.139075526207180928e+02 7.403293437886917445e+02
6.154762103505843243e+02 7.401606844741235136e+02
6.172217353198948331e+02 7.395775635407537720e+02
6.186039603960396107e+02 7.402996125699526146e+02
6.201768027801911103e+02 7.398618592528235922e+02
6.210627450980392723e+02 7.394052287581699829e+02
6.221205491205490716e+02 7.396610896610897044e+02
6.246004237288135528e+02 7.394610169491525085e+02
6.269310641964669912e+02 7.391137440758293451e+02
6.298762228838792225e+02 7.394555508294342872e+02
