6.124519025224454936e+02 7.393202223172295362e+02
6.120466210436270558e+02 7.392219846022240972e+02
6.117886728655959132e+02 7.396707523245984248e+02
6.117472620050547221e+02 7.399010109519797425e+02
6.116344799005387358e+02 7.403481143804392559e+02
6.112286191072173551e+02 7.402352941176470722e+02
6.101369574378423977e+02 7.401672987779182904e+02
6.090447761194029681e+02 7.397569296375266958e+02
6.077317697228145335e+02 7.397441364605543868e+02
6.062493562231759370e+02 7.397278969957081927e+02
6.061860169491525312e+02 7.399313559322033598e+02
6.068463486703250283e+02 7.400139299282398042e+02
6.081176968670617953e+02 7.399686706181201998e+02
6.093573523250942117e+02 7.405500628403854080e+02
6.100042354934349760e+02 7.400957221516306390e+02
6.106872635561160223e+02 7.401773854560740347e+02
6.105918025930573094e+02 7.399038059389376940e+02
6.108544383676903635e+02 7.398569625578460318e+02
6.112382960776043319e+02 7.396824124841839421e+02
6.117239185750636352e+02 7.396709075487701739e+02
6.125470412941676841e+02 7.395406555981268184e+02
6.147430287430287308e+02 7.393959673959674319e+02
6.177742071881606307e+02 7.395839323467230315e+02
6.196389358108108354e+02 7.395168918918918735e+02
6.206932203389829965e+02 7.392949152542372531e+02
6.209932030586236351e+02 7.395764655904843039e+02
6.213084789092458777e+02 7.392944184064763249e+02
6.218380462724935569e+02 7.395124250214224730e+02
6.228352173913043544e+02 7.390965217391304805e+02
6.244507705479452397e+02 7.396720890410958873e+02
6.264985010706637922e+02 7.398788008565310292e+02
6.278571428571428896e+02 7.397134302822925065e+02
6.282408915559365141e+02 7.397355336476639422e+02
6.268378147673922740e+02 7.396205719163465346e+02
6.253018707482992795e+02 7.396352040816326507e+02
6.235099309153713421e+02 7.393886010362693924e+02
6.224032258064515872e+02 7.394795117698344029e+02
6.219978448275861638e+02 7.394293103448276270e+02
6.217826832404629158e+02 7.393866266609516060e+02
6.214826849080803868e+02 7.392873022659256321e+02
6.211517067003792363e+02 7.397054361567635397e+02
6.204395604395604096e+02 7.396162299239222193e+02
6.190313036020583013e+02 7.393949399656946753e+02
6.173320312500000000e+02 7.391571180555555429e+02
6.151255355612681797e+02 7.392506426735218383e+02
6.136645216645216578e+02 7.393290433290433157e+02
6.130952380952380736e+02 7.392891156462585514e+02
6.129672758181045538e+02 7.394615384615384528e+02
6.129255989911727056e+02 7.400319461958806642e+02
6.129487072560467595e+02 7.402527105921601560e+02
6.129509639564123518e+02 7.401869237217099453e+02
6.119716582064297654e+02 7.401340947546531197e+02
6.112447523089840615e+02 7.402770780856423016e+02
6.098076595744680617e+02 7.399225531914893281e+02
6.085310142497904735e+02 7.403323554065381131e+02
