6.290216731686172125e+02 7.362531426094494691e+02
6.234450307827617053e+02 7.372489006156552023e+02
6.189005352363960810e+02 7.386088314005352231e+02
6.131161524500907944e+02 7.393489110707804457e+02
6.083881636205395580e+02 7.408124456048738011e+02
6.051652211621856168e+02 7.422281006071118554e+02
6.019791666666666288e+02 7.435556972789115662e+02
5.994406850459481575e+02 7.454202172096909180e+02
5.972524875621890033e+02 7.460476782752901954e+02
5.947760133723360241e+02 7.474270789803593971e+02
5.932950207468879853e+02 7.478178423236514618e+02
5.920333196215549378e+02 7.481345125462772785e+02
5.902992125984252425e+02 7.487318690426855028e+02
5.875023216547066340e+02 7.487138032925284961e+02
5.848175213675214081e+02 7.483935897435897004e+02
5.835579040070454084e+02 7.468467635402905671e+02
5.852997782705099326e+02 7.467587583148558679e+02
5.884377423524342703e+02 7.464459284791038272e+02
5.923436571913449598e+02 7.455922783198981278e+02
5.956274757690687238e+02 7.445436156763590816e+02
5.985162105263158310e+02 7.434972631578947357e+02
6.025632478632478524e+02 7.422448717948717558e+02
6.082906276870163538e+02 7.410825451418744478e+02
6.140415595544129701e+02 7.405077120822621737e+02
6.208160676532769457e+02 7.391408033826638757e+02
6.251893939393939945e+02 7.376228956228956122e+02
6.274196735395189535e+02 7.365193298969072657e+02
6.304116117850953742e+02 7.350385615251300351e+02
6.332016769638129290e+02 7.336421006178287598e+02
6.359554280670785147e+02 7.329938217122683000e+02
6.388655387355298672e+02 7.321665182546749975e+02
6.405385650224214942e+02 7.311663677130044334e+02
6.419411239964317701e+02 7.310718108831400741e+02
6.430698080279231590e+02 7.312552356020942170e+02
6.440481561822125514e+02 7.313184381778742136e+02
6.452976842105263131e+02 7.316328421052631938e+02
6.465101955888472958e+02 7.324198918019142184e+02
6.461788381742738920e+02 7.328526970954357012e+02
6.444916773367477845e+02 7.326760563380281610e+02
6.415339092872570745e+02 7.334401727861770723e+02
6.369341761115954341e+02 7.347789886660854108e+02
6.321323658751099401e+02 7.356314863676341247e+02
6.261271372205172838e+02 7.368803156510302870e+02
6.207953549517966394e+02 7.386060473269062641e+02
6.160103324348607430e+02 7.393355795148247580e+02
6.102528318985047235e+02 7.399288627095604625e+02
6.061186590207322524e+02 7.419677988531097981e+02
6.030211846087332788e+02 7.442278426286208060e+02
5.973432220848784482e+02 7.470725175113308296e+02
