6.154730999146029262e+02 7.387092228864219123e+02
6.155027861123018056e+02 7.383437633947706900e+02
6.154432548179871674e+02 7.385528907922912367e+02
6.156050384286934332e+02 7.386438941076003175e+02
6.158793473593816543e+02 7.387904680120223020e+02
6.167500000000000000e+02 7.397732656514382370e+02
6.178805272108843383e+02 7.404800170068027683e+02
6.195736235595391008e+02 7.407541613316261646e+02
6.214319450407900831e+02 7.411597252039501882e+02
6.229662629757785908e+02 7.415622837370242451e+02
6.233006369426751689e+02 7.417766454352441770e+02
6.240892468437091338e+02 7.412368306486721394e+02
6.241383537653240410e+02 7.409570928196146724e+02
6.243552405498281814e+02 7.411628006872851984e+02
6.241980886185925783e+02 7.401381407471764078e+02
6.241850086655113046e+02 7.400233968804159304e+02
6.238054491272881705e+02 7.397943805874840564e+02
6.225483184333759255e+02 7.394389101745423432e+02
6.216537147736977431e+02 7.391878736122971532e+02
6.205582380347310618e+02 7.392668360864040551e+02
6.191494736842105340e+02 7.390442105263157373e+02
6.188587140439932455e+02 7.390304568527918718e+02
6.183849040867389704e+02 7.393936613844870180e+02
6.179256233877902105e+02 7.386552020636285079e+02
6.170941125913193446e+02 7.390116029222174348e+02
6.166034482758620925e+02 7.391737068965517210e+02
6.160413793103448370e+02 7.394181034482758150e+02
6.158101811906816465e+02 7.395591026747196111e+02
6.158760831889081828e+02 7.396178509532062435e+02
6.167461773700306367e+02 7.396133682830931093e+02
6.179391602399314252e+02 7.396803770351327785e+02
6.188514090520922082e+02 7.397429547395388454e+02
6.192063291139240846e+02 7.399455696202531954e+02
6.190032867707477635e+02 7.403660640920295464e+02
6.193774448605909129e+02 7.401681231793590996e+02
6.193603154836031308e+02 7.398389373183894122e+02
6.189128440366972654e+02 7.395037531276063874e+02
6.182094960433153119e+02 7.395460224906289568e+02
6.172823529411764412e+02 7.394672268907562511e+02
6.166469594594594810e+02 7.394881756756756204e+02
6.157009867009867321e+02 7.391548691548691750e+02
6.141001306051371103e+02 7.386961253809316759e+02
6.129939420164430430e+02 7.389649502379921842e+02
6.124065645514223206e+02 7.387667396061268619e+02
6.121811023622046832e+02 7.386452318460192146e+02
6.118751095530236626e+02 7.388518843120069732e+02
6.114473798181030588e+02 7.390307492420961353e+02
6.118778396913844517e+02 7.392413201885983653e+02
6.123523930537908200e+02 7.394129606099110106e+02
6.126926369863014088e+02 7.388891267123287889e+02
6.134322742474915913e+02 7.392771739130434980e+02
6.144327855035819539e+02 7.386599241466498142e+02
6.150912915439629387e+02 7.386352545225073527e+02
6.150114649681528363e+02 7.384721868365180626e+02
6.146659510519535843e+02 7.383658222413052954e+02
6.141827454313641965e+02 7.390008499787505798e+02
6.142230835486649312e+02 7.389974160206718352e+02
6.143396392432907760e+02 7.388600967883853627e+02
6.146908695652174401e+02 7.396191304347826190e+02
6.152248803827751544e+02 7.400361026533275890e+02
6.165537403267411491e+02 7.408761822871882714e+02
6.169090909090908781e+02 7.412816482582837807e+02
6.176533277169334042e+02 7.412750631844987765e+02
6.182024462252214789e+02 7.411805145508224086e+02
6.182214225232853551e+02 7.408192209991532309e+02
6.180907928388746768e+02 7.403964194373401142e+02
6.176218842416560619e+02 7.401309674693704892e+02
6.170729300729300348e+02 7.393135993135992976e+02
6.164561555075594015e+02 7.390233261339093360e+02
6.161577825159914710e+02 7.387398720682302837e+02
6.158095238095238528e+02 7.383069727891156617e+02
6.157863247863248262e+02 7.380811965811965365e+02
6.156186621218577102e+02 7.382884533446953128e+02
6.161934510986643545e+02 7.382878069797501439e+02
6.166721798134011578e+02 7.390882103477523515e+02
6.176474112109542602e+02 7.398104407359862762e+02
6.187275053304904304e+02 7.405667377398721101e+02
6.200535714285714448e+02 7.411186224489796359e+02
6.215968158347676535e+02 7.414018932874354277e+02
6.222417021276595506e+02 7.417791489361702588e+02
6.222602739726027039e+02 7.417363013698629857e+02
6.229164863695369831e+02 7.413937689311985650e+02
6.230612334801761563e+02 7.405070484581498249e+02
