6.191583261432268728e+02 7.393356341673857060e+02
6.218457216940363423e+02 7.394693171996542560e+02
6.221925862803578866e+02 7.397000426075841233e+02
6.195932851678708175e+02 7.400726731831704228e+02
6.160419580419580825e+02 7.394160839160839487e+02
6.125433729634522706e+02 7.385460149713782130e+02
6.099920212765957785e+02 7.383847517730496293e+02
6.091139964788732186e+02 7.387257922535211492e+02
6.106236003445305869e+02 7.393802756244616603e+02
6.143874619068350285e+02 7.394026991728341045e+02
6.181676099259904049e+02 7.394727905964301726e+02
6.222471910112359410e+02 7.397618841832324961e+02
6.247846491228069681e+02 7.397627192982456563e+02
6.218989361702127781e+02 7.395412234042553337e+02
6.177951111111110549e+02 7.395422222222222217e+02
6.140013009540330131e+02 7.396634865568083796e+02
6.111345079501504642e+02 7.394262999570262309e+02
6.096890719861231673e+02 7.391803989592367543e+02
6.097735686612139716e+02 7.394438226431338990e+02
6.124364261168384473e+02 7.393144329896907720e+02
6.179355814958927340e+02 7.392693471681798201e+02
6.214283224400871859e+02 7.393002178649237521e+02
6.230860121633362496e+02 7.395543006081668409e+02
6.214158757549611209e+02 7.393710094909404233e+02
6.149586028460543048e+02 7.392268219059939156e+02
