6.173844483058210244e+02 7.397888792354474390e+02
6.180429687500000000e+02 7.396788194444444571e+02
6.188661821291150318e+02 7.399106455750320492e+02
6.194711455641688644e+02 7.395701981050817722e+02
6.201324359531046184e+02 7.398280503690838259e+02
6.208173535791756876e+02 7.396911062906724510e+02
6.210748802786242777e+02 7.396434479756203473e+02
6.218886453309951321e+02 7.395085488820692490e+02
6.218911623857204631e+02 7.395929473225946822e+02
6.221226993865030863e+02 7.395744960560911068e+02
6.224903142488161620e+02 7.397257856220404619e+02
6.225094097519247498e+02 7.399127459366980020e+02
6.225970537261698610e+02 7.396815424610051650e+02
6.225217770034843170e+02 7.397003484320557618e+02
6.225944299390774859e+02 7.397776327241078889e+02
6.227622135754431838e+02 7.398326848249026852e+02
6.226639519931418363e+02 7.397878268324046758e+02
6.227785930082002324e+02 7.397250755287009270e+02
6.226779956427014895e+02 7.393838779956427061e+02
6.226576772509787361e+02 7.392614180078295476e+02
6.224912663755458198e+02 7.394410480349345107e+02
6.219487179487178992e+02 7.397618426770968654e+02
6.219328422876949389e+02 7.396512131715770693e+02
6.218573883161511731e+02 7.396786941580755865e+02
6.217920962199312953e+02 7.394952749140893502e+02
6.216883283454467346e+02 7.394147071398033404e+02
6.210300687285223376e+02 7.395695876288659747e+02
6.207268418785006361e+02 7.396402412753124054e+02
6.199281411359725098e+02 7.395197934595524885e+02
6.193225528244933002e+02 7.393734368262181533e+02
6.185750000000000455e+02 7.395487068965517210e+02
6.181146469049695042e+02 7.395065387968613777e+02
6.174677069787602477e+02 7.395448634590377424e+02
6.163893129770992800e+02 7.399253604749787883e+02
6.155499153976311391e+02 7.399826565143823700e+02
6.149566523605150223e+02 7.399939914163089725e+02
6.143333333333333712e+02 7.398984575835476107e+02
6.141296060991105605e+02 7.401050402371876089e+02
6.136505513146734074e+02 7.400530110262934613e+02
6.133694643610291450e+02 7.401003795866722612e+02
6.133069139966273724e+02 7.397352445193929498e+02
6.132890591741166872e+02 7.395372498935716976e+02
6.129780927835051898e+02 7.396254295532645529e+02
6.130591792656587131e+02 7.396682505399568299e+02
6.129528750540423516e+02 7.395304798962386030e+02
6.129610220874837978e+02 7.395201385881333636e+02
6.128625592417062080e+02 7.395820766910813973e+02
6.126239242685026056e+02 7.397065404475042669e+02
6.127791986359761722e+02 7.398751065643648417e+02
6.130631761142362848e+02 7.396975335352660750e+02
6.125021404109588730e+02 7.398433219178082254e+02
6.124587782998718239e+02 7.399137120888509571e+02
6.126176720475785942e+02 7.400344095157179254e+02
6.130852248394004391e+02 7.397280513918630049e+02
6.134443489471422026e+02 7.398457241082938936e+02
6.139225834046193313e+02 7.398571428571428896e+02
6.142975939214858272e+02 7.402157028281975499e+02
6.149306972789115662e+02 7.398873299319727721e+02
6.154972492594159803e+02 7.401866271688531924e+02
6.159846808510637857e+02 7.399170212765957331e+02
6.164794926004228728e+02 7.401010570824524848e+02
6.173411214953271156e+02 7.399401019541206779e+02
6.176216919739696323e+02 7.394915401301518614e+02
6.186512731981009665e+02 7.395446698316789025e+02
6.191786022433132075e+02 7.397795513373597487e+02
6.195338123415046994e+02 7.401428571428571104e+02
6.198849171752397069e+02 7.392959895379250383e+02
6.199299085764040456e+02 7.393169351327818504e+02
6.202161929371231963e+02 7.394229112833763793e+02
6.201646706586826667e+02 7.397647562018819372e+02
