6.095648822269806715e+02 7.391096359743040694e+02
6.104731092436974222e+02 7.397021008403361293e+02
6.121463414634146147e+02 7.392708600770217799e+02
6.138151986183074769e+02 7.395721070811744084e+02
6.153149504523912583e+02 7.401464885825075726e+02
6.174472185720543393e+02 7.400963644327639486e+02
6.200697975010771188e+02 7.403580353295992609e+02
6.222187365706919309e+02 7.406055006446067637e+02
6.232555604012211461e+02 7.404701264718709126e+02
6.236020362992474020e+02 7.394878264718902301e+02
6.235291845493562732e+02 7.394695278969957144e+02
6.229831968978888881e+02 7.394161999138302690e+02
6.239668930390491823e+02 7.391638370118845387e+02
6.237553282182437897e+02 7.388976982097186692e+02
6.216515934539190766e+02 7.387648578811370044e+02
6.193992197659297290e+02 7.389622886866060298e+02
6.178018213356461956e+02 7.390411968777103766e+02
6.176115266168060316e+02 7.396775186977562271e+02
6.190424892703862270e+02 7.405721030042918755e+02
6.210394173093401378e+02 7.406585261353899341e+02
6.201418774110587719e+02 7.407556793827690171e+02
6.176595289079228905e+02 7.405396145610278609e+02
6.148667827601218505e+02 7.394227252938615038e+02
6.110808473843493402e+02 7.393497622135754455e+02
6.093106712564543841e+02 7.391372633390706142e+02
6.089542953872196449e+02 7.392856538298772193e+02
6.090431993156544195e+02 7.387609067579127213e+02
6.096633748389866696e+02 7.387677114641477374e+02
6.104063424947146359e+02 7.391344608879492171e+02
6.122931623931624472e+02 7.390854700854700923e+02
6.139546436285097570e+02 7.389943844492440803e+02
6.172878390201225329e+02 7.398188976377953168e+02
