6.235306298533217841e+02 7.395176876617773587e+02
6.235456110154905218e+02 7.400662650602409940e+02
6.232771503040834205e+02 7.400947002606428669e+02
6.219802890932983246e+02 7.394441524310118439e+02
6.210374677002583894e+02 7.395374677002583894e+02
6.207907771135780877e+02 7.394128949615712827e+02
6.201651023890784700e+02 7.387952218430034463e+02
6.181147540983606632e+02 7.379624676445210980e+02
6.149077649077648857e+02 7.375890175890175442e+02
6.116883840548649687e+02 7.366759537076725337e+02
6.109788404570460898e+02 7.364176893779094826e+02
6.116364795918367463e+02 7.362419217687074706e+02
6.137821110640102233e+02 7.365205595591352221e+02
6.165504547423126951e+02 7.368150714595062709e+02
6.200314759676733729e+02 7.372343683538919095e+02
6.225977891156462647e+02 7.383337585034013273e+02
6.237927038626609146e+02 7.389716738197424775e+02
6.252199223803363566e+02 7.393393704182836927e+02
6.251157167530224115e+02 7.401532815198618209e+02
6.246510212950890946e+02 7.404046066927422771e+02
6.234265341400173384e+02 7.403923941227311616e+02
6.229722105263157346e+02 7.405141052631579441e+02
6.224013663535439491e+02 7.392378309137488941e+02
6.211839278040395129e+02 7.388495917490330385e+02
6.189142976588628926e+02 7.386726588628762329e+02
6.161083262531860782e+02 7.379384027187765014e+02
6.134155734236140916e+02 7.377253491324587458e+02
6.113578637510513545e+02 7.380227081581160746e+02
6.111950710108604881e+02 7.381441102756891723e+02
6.126795789473684408e+02 7.380399999999999636e+02
6.149623200677392560e+02 7.384576629974598063e+02
6.166590621039290454e+02 7.388593155893536277e+02
6.182201178451178976e+02 7.394562289562289834e+02
6.187227348993288842e+02 7.403338926174496919e+02
6.194429674099485510e+02 7.402928816466552462e+02
6.214439673679690941e+02 7.404954916273078425e+02
6.240340425531915116e+02 7.412429787234042351e+02
6.250068669527896645e+02 7.412068669527897100e+02
6.245695278969957371e+02 7.410484978540772545e+02
6.220162637362636815e+02 7.401279120879121365e+02
6.190739948674080324e+02 7.401116338751069179e+02
6.154884696016771386e+02 7.403039832285115835e+02
6.128145161290323131e+02 7.395662139219015216e+02
6.116244171259007771e+02 7.392543450614667790e+02
6.112419627749576421e+02 7.390626057529610762e+02
6.131331932773109656e+02 7.388063025210084334e+02
6.153147833474936306e+02 7.380433305012744540e+02
6.175451476793249412e+02 7.386987341772152149e+02
6.186312733305682059e+02 7.392671090833679273e+02
6.192737896494156757e+02 7.396878130217028229e+02
6.196603375527425897e+02 7.398016877637130619e+02
6.225613665120202995e+02 7.411940109658371512e+02
6.241517067003792363e+02 7.414627054361567389e+02
6.246884709730171608e+02 7.423638593622240478e+02
6.235866834170853963e+02 7.419556113902847301e+02
6.208291542711432385e+02 7.414381640458988159e+02
6.184019401096584261e+02 7.413500632644453390e+02
6.163297161936560542e+02 7.405258764607679041e+02
6.151355574324323925e+02 7.397964527027027088e+02
6.144305555555555429e+02 7.390290404040404155e+02
6.144846574190836463e+02 7.387171080285834250e+02
6.143982485404503677e+02 7.385834028356964609e+02
6.141665972511453901e+02 7.385930862140775162e+02
6.140008453085375777e+02 7.388465765004226569e+02
6.157723785166240305e+02 7.389744245524296957e+02
6.194925309432351241e+02 7.397827571489543743e+02
6.232047781569965537e+02 7.406207337883959099e+02
6.271315010570824597e+02 7.413285412262156342e+02
6.299400255210548494e+02 7.414019566142067106e+02
6.313021367521367893e+02 7.418162393162392618e+02
6.310449342941924442e+02 7.420038151759220000e+02
6.286601777401608615e+02 7.415886584849766905e+02
6.261981212638770558e+02 7.413159692570452535e+02
6.230611895592639939e+02 7.408322635857937257e+02
6.198293736501079820e+02 7.396375809935204870e+02
6.176073386756643231e+02 7.396296921130324336e+02
6.159696969696969973e+02 7.394558080808080831e+02
6.152333751568381786e+02 7.397423672103722083e+02
6.142338811630846749e+02 7.388828487147071655e+02
6.128682532936676353e+02 7.387654058648533919e+02
6.116679841897233700e+02 7.381010101010100470e+02
6.126818774445893041e+02 7.379743589743590064e+02
6.157134277134276772e+02 7.385165165165165035e+02
6.192905290102388562e+02 7.390349829351536073e+02
6.209694754944109718e+02 7.389763542562338898e+02
6.227804459691252532e+02 7.396329331046312063e+02
6.228122866894198069e+02 7.399603242320819163e+02
6.221583904109588730e+02 7.400059931506849580e+02
6.213616013775290412e+02 7.398402927249246659e+02
6.202370017331022609e+02 7.397712305025996784e+02
6.193890072432892566e+02 7.396412441414571504e+02
6.189654141759179993e+02 7.396413321947053419e+02
6.174554838709677824e+02 7.389883870967742041e+02
6.159307178631052011e+02 7.389741235392320959e+02
6.137976341360372317e+02 7.380050697084917601e+02
6.125389145982330774e+02 7.376798485485907122e+02
6.125369978858351487e+02 7.375230443974629679e+02
6.129830723656368718e+02 7.372141345746931620e+02
6.157952483801295784e+02 7.371835853131749445e+02
6.193261432269197257e+02 7.375759275237273869e+02
6.228553962900506349e+02 7.389380269814502071e+02
6.247936034115139137e+02 7.393027718550106329e+02
6.240298572046732488e+02 7.404755517092168020e+02
