6.191963490650044832e+02 7.385801424755120479e+02
6.182413642326191621e+02 7.389619588981198604e+02
6.169618882633174053e+02 7.387509744478129505e+02
6.155758099352051431e+02 7.388786177105831712e+02
6.155859845227859068e+02 7.390503009458298038e+02
6.167092624356774877e+02 7.390561749571184009e+02
6.188255912162162531e+02 7.396338682432432279e+02
6.209730192719486013e+02 7.396471092077088088e+02
6.230816501933820746e+02 7.393932101418134835e+02
6.240764248704663260e+02 7.392357512953367404e+02
6.240865633074935204e+02 7.392545219638243452e+02
6.230121002592912873e+02 7.391452031114952206e+02
6.191118701964132924e+02 7.392459436379162980e+02
6.176039182282794400e+02 7.391469335604770095e+02
6.163391415214620110e+02 7.393370165745856184e+02
6.165360341151385910e+02 7.389420042643923807e+02
6.177483815278377506e+02 7.387898144151920405e+02
6.198631260794472837e+02 7.390578583765112626e+02
6.213131703131703034e+02 7.391514371514371078e+02
6.212985332182915954e+02 7.389887834339948540e+02
6.207932507475437660e+02 7.392597180692011989e+02
6.196853541938287435e+02 7.388757062146892167e+02
6.184337137840210517e+02 7.389512730465320374e+02
6.164789288849868854e+02 7.385517998244073397e+02
6.154432013769363721e+02 7.390641135972460916e+02
