6.169587715607908649e+02 7.395056794278502821e+02
6.158298582151793426e+02 7.390450375312760798e+02
6.144132825719119637e+02 7.386628595600676590e+02
6.135910652920962320e+02 7.377448453608247974e+02
6.134275979557070286e+02 7.378879897785349158e+02
6.134091100801349512e+02 7.379983129481231572e+02
6.135689509306261016e+02 7.379691201353638235e+02
6.137813973424774758e+02 7.382717531075868465e+02
6.143576580398812439e+02 7.387182859567246851e+02
6.150530110262934613e+02 7.393833757421543851e+02
6.162925598991172365e+02 7.396855821773854132e+02
6.175723962743437596e+02 7.401541066892464187e+02
6.191934651762683188e+02 7.407050730868443225e+02
6.196528608027326754e+02 7.409893253629376204e+02
6.196063829787234454e+02 7.411485106382979211e+02
6.199791755206119888e+02 7.418601784955376388e+02
6.203002964845404676e+02 7.418390512494705717e+02
6.203999999999999773e+02 7.420821052631579278e+02
6.205115110925073623e+02 7.420569275847634572e+02
6.203938109368376672e+02 7.413272573124205564e+02
6.198298141891891646e+02 7.411769425675676075e+02
6.186027397260273801e+02 7.407619863013699160e+02
6.175891505466778426e+02 7.401492851135408273e+02
6.165171828595672423e+02 7.393652948663554980e+02
6.151047210300429242e+02 7.385927038626609828e+02
6.139492969748615678e+02 7.384993608862376959e+02
6.133193851409051831e+02 7.379991460290350460e+02
