6.189272191838451818e+02 7.375271350441732920e+02
6.185221052631578686e+02 7.378724210526315801e+02
6.181873406966865332e+02 7.380887850467289582e+02
6.171661631419939340e+02 7.386728528269313756e+02
6.167980274442538757e+02 7.391277873070325768e+02
6.165560767590618525e+02 7.398072494669509069e+02
6.155832974601808019e+02 7.407503228583727832e+02
6.138956446744285813e+02 7.406532988357050726e+02
6.126496097137901415e+02 7.407372072853426062e+02
6.116055555555556111e+02 7.411115384615384301e+02
6.123763759525825208e+02 7.414259102455546326e+02
6.124456659619449965e+02 7.413970401691332199e+02
6.134255765199161488e+02 7.414171907756813198e+02
6.155062151735962743e+02 7.405396485212173729e+02
6.168210526315789366e+02 7.400530526315789075e+02
6.175216819973718430e+02 7.389969338589575045e+02
6.178834175084175513e+02 7.397672558922558892e+02
6.187608695652173765e+02 7.389654731457800381e+02
6.192767590618336726e+02 7.380063965884861545e+02
6.190997876857749134e+02 7.377690021231422861e+02
6.180889352818371663e+02 7.375457202505218675e+02
6.185602027883396659e+02 7.371685678073511099e+02
6.184914261815140435e+02 7.374470932664157772e+02
6.182187369301547051e+02 7.379385194479297070e+02
6.176471092077088088e+02 7.380753747323340122e+02
6.166011163589523676e+02 7.392172606268784421e+02
