6.235150615188799748e+02 7.410610946117946014e+02
6.236468354430379577e+02 7.411848101265823061e+02
6.216398026315789593e+02 7.416336348684210407e+02
6.193391376451078258e+02 7.416082089552238585e+02
6.163650062787777415e+02 7.412444537463373990e+02
6.133904682274247762e+02 7.408256688963210763e+02
6.116359408033827094e+02 7.405797040169132970e+02
6.103779292714102667e+02 7.403838943331912787e+02
6.106223746249464739e+02 7.401538791255893557e+02
6.109367197589324405e+02 7.401222557038312289e+02
6.129646055437100358e+02 7.407539445628997328e+02
6.148883227176220316e+02 7.403303609341826359e+02
6.156981528127623733e+02 7.401968933669185162e+02
6.149991603694373907e+02 7.401137699412258826e+02
6.130874946649594222e+02 7.397460520699956987e+02
6.118155298155297714e+02 7.397181467181467269e+02
6.122842332613390681e+02 7.399386609071274279e+02
6.158292367399741352e+02 7.402061233290211248e+02
6.203170628183361259e+02 7.403853989813243288e+02
6.254008281573499062e+02 7.409714285714285325e+02
6.275299750208159821e+02 7.404875104079933408e+02
6.258388308977035877e+02 7.404392484342380385e+02
6.208930232558140005e+02 7.399928118393235081e+02
6.165163652024117482e+02 7.403996554694228962e+02
6.142837599293909534e+02 7.404201235657545794e+02
6.148551506972559082e+02 7.400692757534862949e+02
6.185191545574637075e+02 7.399863496257155475e+02
6.221339982653946663e+02 7.401097137901127780e+02
6.232448377581121122e+02 7.406068268015170588e+02
6.223331938049393557e+02 7.407220594390958013e+02
6.197009151414309827e+02 7.413286189683859675e+02
6.167901437371663178e+02 7.413051334702258828e+02
6.121160337552743158e+02 7.400194092827003942e+02
