6.160801559792028002e+02 7.388622183708838520e+02
6.187322427894963539e+02 7.388308222126560167e+02
6.185829363360762727e+02 7.389302728453876625e+02
6.168206023570493244e+02 7.390122217372326077e+02
6.150349650349650119e+02 7.394007867132867204e+02
6.143195966681280424e+02 7.393428320911880292e+02
6.148148788927335318e+02 7.393369377162629235e+02
6.169135585783237730e+02 7.389877139096095107e+02
6.183015463917525949e+02 7.393707044673539031e+02
6.182766420182688307e+02 7.391635493692909904e+02
6.172741865509760828e+02 7.394143167028199741e+02
6.162936819172113019e+02 7.391995642701524503e+02
6.166809789609274048e+02 7.393722627737225821e+02
6.181643776824034830e+02 7.395248927038626334e+02
6.195223367697594767e+02 7.394609106529209157e+02
6.191243589743589837e+02 7.394619658119657970e+02
6.169736618521665150e+02 7.393203058623619199e+02
6.146485909479077918e+02 7.391801878736123399e+02
6.135478977026441498e+02 7.391950585175552533e+02
6.156910499139414696e+02 7.387861445783132694e+02
6.184006893580353790e+02 7.387160706591986354e+02
6.204078260869565611e+02 7.390639130434782373e+02
6.201481156879930268e+02 7.389465381244522177e+02
6.181553062985332190e+02 7.400586712683348196e+02
