6.301610968294772874e+02 7.389845758354755390e+02
6.307837837837837469e+02 7.389111969111969529e+02
6.309316423043852637e+02 7.384294926913155450e+02
6.313759791122715797e+02 7.380591818973019826e+02
6.310399999999999636e+02 7.379543478260869733e+02
6.305040650406504028e+02 7.388476679503637570e+02
6.296754766031195913e+02 7.387551993067590956e+02
6.295438444924405985e+02 7.389511879049675827e+02
6.301096992799660939e+02 7.396116052520118274e+02
6.312522407170293945e+02 7.394468629961587567e+02
6.321211860764933590e+02 7.390855178341212195e+02
6.318563535911602003e+02 7.395197620059498149e+02
6.307481044650379545e+02 7.398420387531592723e+02
6.291128205128204627e+02 7.395260683760683378e+02
6.275717372515125589e+02 7.392255834053586341e+02
6.266669520547944785e+02 7.395201198630137469e+02
6.265824456753301774e+02 7.394213890072433060e+02
6.271145168156662066e+02 7.394742443593017924e+02
6.282253339077983583e+02 7.392593709607928076e+02
6.293955763504891365e+02 7.399800085070182831e+02
6.295912377711612180e+02 7.402105487026797164e+02
6.291375000000000455e+02 7.400965517241379530e+02
6.277625215889464698e+02 7.396519861830743139e+02
6.273095749248604989e+02 7.399287247745813829e+02
6.275044699872286174e+02 7.399787143465304098e+02
6.281586206896552085e+02 7.399038793103447915e+02
6.283606557377049739e+02 7.395936151855047456e+02
6.275034393809114590e+02 7.398112639724849942e+02
6.254489970123772764e+02 7.403397353819889304e+02
6.236683738796415355e+02 7.401634656423389060e+02
6.213736027515046771e+02 7.402145313843508347e+02
6.198159457167090522e+02 7.405254452926208160e+02
6.189122733024040599e+02 7.405453395191901791e+02
6.185544260906395948e+02 7.407340110122829628e+02
6.169782515991471428e+02 7.408302771855010178e+02
6.154900346620451046e+02 7.409532062391681393e+02
6.128872082973206261e+02 7.408846153846153584e+02
6.099499136442141207e+02 7.404723661485319326e+02
6.075634886703719530e+02 7.406720820863616837e+02
6.059058372390285285e+02 7.407302939923306440e+02
6.049576379974325846e+02 7.406414206247325183e+02
6.050131971051511073e+02 7.407181779480630439e+02
6.048906316235693339e+02 7.407473505722763321e+02
6.040025412960609401e+02 7.407196103346039990e+02
6.027872703972660702e+02 7.406646732165741014e+02
6.011106346483704783e+02 7.406826758147512919e+02
6.004691304347826417e+02 7.404500000000000455e+02
5.999909130246646782e+02 7.405084379056685293e+02
6.002769363911726259e+02 7.407568152315014913e+02
6.008299145299145039e+02 7.409632478632478296e+02
6.008625856164383094e+02 7.407585616438356055e+02
6.006782795698924247e+02 7.404369892473117716e+02
5.999622881355932122e+02 7.403750000000000000e+02
5.987175540765390451e+02 7.407841098169717498e+02
5.981802374893977685e+02 7.407171331636980085e+02
5.985677858053549016e+02 7.410212494687632443e+02
5.990060034305316776e+02 7.406680960548884514e+02
5.994575330772513553e+02 7.407558685446009576e+02
5.993915456874466372e+02 7.408450042698548259e+02
5.991631175468484116e+02 7.408407155025553266e+02
5.983140887548470346e+02 7.410000000000000000e+02
5.981184713375796491e+02 7.414917197452228947e+02
5.982908552074512727e+02 7.415237087214225085e+02
5.991839662447257524e+02 7.415105485232068077e+02
6.005143097643098145e+02 7.412361111111110858e+02
6.013233431827775348e+02 7.409396369776277425e+02
6.013269311064717613e+02 7.404981210855950167e+02
6.002526139690505715e+02 7.405135926390631766e+02
5.992539614561027292e+02 7.403109207708779422e+02
5.979255002128564911e+02 7.408007662835249221e+02
5.975706918779544594e+02 7.407189514396218328e+02
5.981701139721401432e+02 7.410240607851413870e+02
5.997609427609427257e+02 7.407037037037036953e+02
6.008760399334443036e+02 7.402171381031613464e+02
6.020400165016501433e+02 7.403007425742574696e+02
6.025589337775926424e+02 7.403123698458975923e+02
6.022436378806842185e+02 7.404806007509387200e+02
6.016418721270372316e+02 7.406594233180109086e+02
6.008685208596713210e+02 7.404167720185419057e+02
6.007518987341771890e+02 7.405400843881856190e+02
6.010843724023275172e+02 7.402240232751454414e+02
6.013270598076119313e+02 7.399606859054788401e+02
6.007458123953098266e+02 7.400862646566164358e+02
5.999591246903385127e+02 7.405470685383979799e+02
5.998984792437320266e+02 7.403925195232224041e+02
6.007256022866475860e+02 7.403617803184973809e+02
6.026474760116813059e+02 7.398377138089277878e+02
6.042251243781093990e+02 7.397611940298507989e+02
6.051018596787827164e+02 7.392836010143702197e+02
6.056869712351946191e+02 7.392855329949238694e+02
6.053365586874210749e+02 7.397416912074043012e+02
6.046373534338358695e+02 7.396842546063651298e+02
6.040968287526427503e+02 7.394372093023255275e+02
6.043807692307692605e+02 7.392034188034187991e+02
6.053797894736842409e+02 7.393355789473683899e+02
6.075593853820597587e+02 7.396964285714285552e+02
6.101763255240443868e+02 7.397200986436498624e+02
6.119574736842105267e+02 7.392972631578946903e+02
6.134165957446808761e+02 7.391782978723404085e+02
6.136411988180666413e+02 7.392967496834106669e+02
6.141698825503356147e+02 7.394521812080537302e+02
6.152940192388122114e+02 7.396227519866164357e+02
6.178405982905983365e+02 7.392910256410256125e+02
6.206902542372881726e+02 7.392550847457627015e+02
6.232358450404427685e+02 7.392460621541081309e+02
6.248087105038429172e+02 7.390409906063193830e+02
6.252162046908315460e+02 7.392345415778252118e+02
6.256774605879846831e+02 7.393106092884532927e+02
6.264071881606765828e+02 7.394249471458773542e+02
6.278042735042735103e+02 7.394017094017093541e+02
6.295793954874415022e+02 7.394261387824606118e+02
6.309910102739726199e+02 7.393642979452055215e+02
6.319297413793103715e+02 7.392762931034483245e+02
6.319125426621160386e+02 7.390618600682594206e+02
6.312161581435324251e+02 7.387030511388053355e+02
6.303749463749463757e+02 7.384277134277134564e+02
6.300094420600858030e+02 7.386180257510729916e+02
6.304242038216560786e+02 7.392178343949044574e+02
6.315122265122265617e+02 7.391552981552981691e+02
6.319165596919126529e+02 7.393658536585365937e+02
6.320610068259385343e+02 7.395469283276451051e+02
6.317605331040413148e+02 7.390107480653482526e+02
6.307900340715502807e+02 7.391098807495741312e+02
6.300140965399401694e+02 7.388705681332763788e+02
6.299071856287424680e+02 7.389974337040205228e+02
6.304410256410255897e+02 7.392401709401709695e+02
6.317503195568810952e+02 7.393971026842777974e+02
6.327971698113207140e+02 7.392864493996569308e+02
6.330875160875160645e+02 7.393985413985413970e+02
6.329108658743633669e+02 7.395331069609508177e+02
6.320432020330368914e+02 7.396480304955526890e+02
6.313504310344827672e+02 7.398431034482758832e+02
6.304611443210931157e+02 7.404581554227156630e+02
6.305706382978723923e+02 7.402259574468084793e+02
6.309071856287424680e+02 7.399589392643284782e+02
6.312954152249135404e+02 7.393628892733563589e+02
6.309923761118170660e+02 7.396709021601016047e+02
6.308535246939636636e+02 7.397728999577881268e+02
6.301003430531732192e+02 7.398451972555745897e+02
6.296072494669509751e+02 7.401317697228145107e+02
6.296052743513398582e+02 7.404742662696725120e+02
6.309297110823630419e+02 7.403393704182836927e+02
6.317211001289213073e+02 7.405745595186936043e+02
6.321859574468085157e+02 7.409051063829787154e+02
6.317648809523809632e+02 7.407988945578231323e+02
6.303165618448637133e+02 7.414306079664570461e+02
6.288640444634459072e+02 7.410628473706711929e+02
6.273133192389005899e+02 7.412731501057082824e+02
6.266082474226803924e+02 7.407405498281787004e+02
6.264955414012738402e+02 7.409239915074309692e+02
6.273921988855551035e+02 7.409939991427346513e+02
6.283543933054393165e+02 7.412020920502092167e+02
6.295684434968017058e+02 7.410823027718549838e+02
6.295310519645120166e+02 7.415559780312631801e+02
6.286534863945578309e+02 7.413248299319727721e+02
6.275427956989246923e+02 7.412511827956989237e+02
6.268337595907928517e+02 7.413388746803069580e+02
6.267774936061381368e+02 7.410383631713555133e+02
6.274548192771084132e+02 7.409018932874354277e+02
6.262583509513741546e+02 7.415044397463002497e+02
