6.185819881053525933e+02 7.396576040781648089e+02
6.185492600422833220e+02 7.397323467230444294e+02
6.188926146010186358e+02 7.392559422750424574e+02
6.198393694077545888e+02 7.384158500213037541e+02
6.204714650766609338e+02 7.377022998296422429e+02
6.209590443686006438e+02 7.379240614334471502e+02
6.218572037510656401e+02 7.383623188405797464e+02
6.227794305142371059e+02 7.392401189970250925e+02
6.228211835334476518e+02 7.394412521440823411e+02
6.222622317596566290e+02 7.403527896995708488e+02
6.218160774410774820e+02 7.411599326599326787e+02
6.217788624787775689e+02 7.409117147707979711e+02
6.218305084745762770e+02 7.409783898305084904e+02
6.218076923076922640e+02 7.407781065088757941e+02
6.218328433431331632e+02 7.405598488030238968e+02
6.209731881022203197e+02 7.402706325932132359e+02
6.203378492802709161e+02 7.401049957662997940e+02
6.195374687760199777e+02 7.398480432972522749e+02
6.192722383119569258e+02 7.400161357054199698e+02
6.187470588235294144e+02 7.398957983193276959e+02
6.185707724425886909e+02 7.399311064718162925e+02
6.179923761118170660e+02 7.400906395595086451e+02
6.181256432246998429e+02 7.400720411663808136e+02
6.181285468615649279e+02 7.400249355116079641e+02
6.177640354579991708e+02 7.396234698184888430e+02
6.171891776736258635e+02 7.394226672347678004e+02
6.159956952216961099e+02 7.388919500645716880e+02
6.148019113814074217e+02 7.386859252823632005e+02
6.142629757785466609e+02 7.388192041522490854e+02
6.127645806726266073e+02 7.392750106428267145e+02
6.107975513773502598e+02 7.386519457804985223e+02
6.089474590869939448e+02 7.392037037037036953e+02
6.069140759930915010e+02 7.393972366148532274e+02
6.063224181360201328e+02 7.399596977329974834e+02
6.064297908664105989e+02 7.397870251813914138e+02
6.067721843003413369e+02 7.396800341296927854e+02
6.072591958939264032e+02 7.396026518391787477e+02
6.076579058923272214e+02 7.398143281051293343e+02
6.087696245733787919e+02 7.403511092150171180e+02
6.101081311196253409e+02 7.407765006385695870e+02
6.115802626005929596e+02 7.413189326556544074e+02
6.134814345991561595e+02 7.413122362869198696e+02
6.154936548223349746e+02 7.413515228426396106e+02
6.164404513163393631e+02 7.414362724613455384e+02
6.175702341137123312e+02 7.405831939799330712e+02
6.180821802935010965e+02 7.402230607966456546e+02
6.178814968814969006e+02 7.398765072765072546e+02
6.176944444444444571e+02 7.399305555555555429e+02
6.176091370558375502e+02 7.407927241962775042e+02
6.180434782608696196e+02 7.406435643564356042e+02
6.181860566448801819e+02 7.405084967320261740e+02
6.189498486813662339e+02 7.396900129701685955e+02
6.197641224665803747e+02 7.389874946097455677e+02
6.211058975462763101e+02 7.385428325441239394e+02
6.223048993875765973e+02 7.379873140857392855e+02
6.229768558951965360e+02 7.384563318777292125e+02
6.238302127659574126e+02 7.393012765957446391e+02
6.246692176870748199e+02 7.399659863945578309e+02
6.246061259706643796e+02 7.409106988783433962e+02
