6.272272538429580209e+02 7.398504362276693200e+02
6.275853149770546224e+02 7.397747183979975034e+02
6.271653378094838445e+02 7.394645404951741057e+02
6.260447446179822464e+02 7.392646686365554842e+02
6.249226190476190368e+02 7.394965986394557831e+02
6.233906705539358200e+02 7.399050395668471083e+02
6.226877904520490574e+02 7.397541191381495764e+02
6.226728368489023069e+02 7.394184244511408224e+02
6.239180960548884514e+02 7.391933962264150750e+02
6.251688199827734707e+02 7.389310938845823102e+02
6.259444208739923852e+02 7.390127280441238327e+02
6.258745762711864700e+02 7.390847457627119184e+02
6.255767284991568431e+02 7.395455311973018979e+02
6.252904599659284486e+02 7.392827938671209722e+02
6.244410517387616437e+02 7.395610687022900720e+02
6.239546979865772300e+02 7.399790268456375770e+02
6.238189042241739344e+02 7.401375993308239458e+02
6.243402366863905399e+02 7.399919695688926140e+02
6.250962272149215551e+02 7.396689275116574436e+02
6.257195988299206419e+02 7.398253238612620635e+02
6.260496183206106480e+02 7.394283290924512357e+02
6.261832324978391853e+02 7.391542783059636577e+02
6.251087420042643998e+02 7.392452025586353557e+02
6.242825625795502447e+02 7.394480271531607514e+02
6.233811544991510800e+02 7.393310696095076082e+02
6.226431587837837469e+02 7.396427364864864558e+02
6.221584953508030367e+02 7.399070160608622473e+02
6.221483979763912657e+02 7.401180438448566292e+02
6.220871578947368334e+02 7.401595789473684590e+02
6.221690080885483667e+02 7.396126011068539583e+02
6.219287220582033342e+02 7.392492619148039239e+02
6.215111297774044488e+02 7.392036959260814228e+02
6.207502113271343660e+02 7.390519864750633587e+02
6.196324392288348690e+02 7.393625314333612550e+02
6.186297079983072535e+02 7.395344900550147713e+02
6.176886632825719516e+02 7.399796954314721233e+02
6.167042372881355732e+02 7.405885593220339160e+02
6.162503187420314816e+02 7.404071398215044155e+02
6.160481012658227655e+02 7.402476793248945341e+02
6.161899488926745789e+02 7.400574957410561865e+02
6.156474036850921721e+02 7.400288944723617988e+02
6.148355014687368794e+02 7.400574905581199801e+02
6.132812892423607991e+02 7.402189200502301674e+02
6.124292372881355959e+02 7.401330508474576391e+02
6.122487179487179674e+02 7.401183760683760511e+02
6.120393330483112777e+02 7.402270200940572522e+02
6.119083191850594403e+02 7.404842954159593091e+02
6.115432672013507727e+02 7.405732376530181682e+02
6.103610875106202229e+02 7.404384027187765014e+02
6.093161856963613445e+02 7.404420744458385570e+02
6.085236673773987377e+02 7.398558635394456360e+02
6.080748823277706379e+02 7.395494223363285755e+02
6.086914309835373160e+02 7.399282397636133055e+02
6.101496227996647121e+02 7.399098910310142401e+02
6.111719269102990211e+02 7.406619601328903855e+02
6.121830261465923968e+02 7.404410630090012546e+02
6.126653796653796462e+02 7.408219648219647979e+02
6.124412510566356787e+02 7.410021132713440011e+02
6.116806899453092683e+02 7.403407656710138554e+02
6.109313767803193969e+02 7.394208027621924657e+02
6.101962818849978021e+02 7.391720709035884056e+02
6.102886993603411838e+02 7.395321961620469438e+02
6.106811224489796359e+02 7.398418367346938567e+02
6.113594276094275983e+02 7.404974747474747119e+02
6.120154109589041127e+02 7.406408390410958873e+02
6.122865120274914261e+02 7.408556701030927343e+02
6.119643010752688497e+02 7.408795698924731141e+02
6.113916349809885560e+02 7.407194761301225299e+02
6.106944680851063367e+02 7.407042553191489560e+02
6.108535653650254744e+02 7.403616298811544993e+02
6.109186095803306671e+02 7.404319626960576670e+02
6.115142737195634481e+02 7.406670864819479903e+02
6.119096774193548072e+02 7.404086021505376038e+02
6.126958564715932880e+02 7.407590773173857315e+02
6.128146236559140334e+02 7.407367741935483991e+02
6.125183760683760283e+02 7.409807692307692832e+02
6.119232391396035382e+02 7.410991142977646859e+02
6.120076530612244596e+02 7.409404761904761472e+02
6.121476829796448555e+02 7.402278042442616197e+02
6.129806118052563306e+02 7.397001292546316336e+02
6.137258407833120373e+02 7.397241379310345337e+02
6.144472573839661891e+02 7.399995780590717231e+02
6.149351032448377055e+02 7.400269700800673718e+02
6.157977195945945823e+02 7.406676520270269748e+02
6.161977595863851320e+02 7.406169754416199567e+02
6.168128755364806466e+02 7.409635193133046869e+02
6.171308855291576947e+02 7.405805615550756329e+02
6.174272260273972961e+02 7.399940068493150420e+02
6.184782608695652470e+02 7.395783030814690164e+02
6.191358234295415741e+02 7.394354838709676869e+02
6.195341588385995237e+02 7.392724167378308948e+02
6.201736111111110858e+02 7.392625868055555429e+02
6.210566854175681328e+02 7.391761142362613555e+02
6.219631199660873335e+02 7.398028825773633343e+02
6.227656974294142174e+02 7.396691951116729342e+02
6.234657419083648620e+02 7.395292139554434243e+02
6.246381974248927236e+02 7.390609442060085712e+02
6.254483204134367043e+02 7.387515073212747438e+02
6.268367697594501351e+02 7.388496563573883122e+02
6.280119098256061534e+02 7.391046363249680553e+02
6.290629251700680697e+02 7.390867346938775881e+02
6.285992333901192524e+02 7.388620102214650842e+02
6.272718776550552775e+02 7.391559048428207461e+02
6.258222778473091239e+02 7.398201919065498942e+02
6.250552509489666591e+02 7.396161956980176910e+02
6.248267849598647672e+02 7.399662019433882278e+02
6.252693119459687523e+02 7.399438581680034304e+02
6.264193004635482112e+02 7.397694900969237324e+02
6.274951374207188337e+02 7.394964059196616972e+02
6.279429290809903250e+02 7.395081829626520857e+02
6.276991150442478329e+02 7.394728192161820743e+02
6.264989438107309070e+02 7.394013519222644391e+02
6.251379605826906527e+02 7.392253641816623713e+02
6.237710144927535794e+02 7.402650103519669074e+02
6.232829143587558747e+02 7.396578610992756921e+02
6.233949044585987167e+02 7.397363057324840838e+02
6.244570824524313366e+02 7.395327695560254142e+02
6.256217244294167585e+02 7.393123415046492255e+02
6.268038543897216641e+02 7.390012847965738274e+02
6.270262489415749769e+02 7.388348856900931878e+02
6.272696390658173868e+02 7.389779193205944239e+02
6.268023057216054212e+02 7.388714773697694227e+02
6.258755274261603745e+02 7.390683544303797134e+02
6.252028321532694690e+02 7.395593502707205289e+02
6.247790844183116405e+02 7.396711465770684981e+02
6.251649746192892962e+02 7.395820642978003434e+02
6.259826418289585490e+02 7.395825571549534061e+02
6.270176544766708275e+02 7.397221521647751388e+02
6.272965286491007646e+02 7.392103722291927852e+02
6.264272340425532093e+02 7.385251063829787199e+02
