6.201291418861512739e+02 7.399770603228547543e+02
6.192721030042918073e+02 7.397210300429184144e+02
6.188003391267486677e+02 7.397575243747351124e+02
6.179811077715758074e+02 7.391820523829969716e+02
6.171071579839051537e+02 7.397628123676407768e+02
6.172043608379649413e+02 7.403386062419837117e+02
6.171552315608919344e+02 7.410034305317324197e+02
6.169278438030560210e+02 7.411107809847198951e+02
6.168756941478001181e+02 7.410034173430158262e+02
6.172857764245324006e+02 7.405715528490648012e+02
6.179120785317968512e+02 7.406577037985488232e+02
6.181766211604095815e+02 7.405486348122866502e+02
6.180843683083511451e+02 7.405306209850107280e+02
6.183075608714224245e+02 7.404792823579666674e+02
6.188103521425540521e+02 7.405273652948663994e+02
6.189676182360460643e+02 7.400711546655304574e+02
6.191087613293051390e+02 7.395524384980578816e+02
6.191358024691357969e+02 7.394776500638569132e+02
6.193140778776208890e+02 7.392015404364569804e+02
6.192062339880444597e+02 7.392476515798463197e+02
6.197329087048832434e+02 7.400501061571125092e+02
6.197987315010570910e+02 7.400930232558139323e+02
6.195266024298282446e+02 7.401998324256388742e+02
6.193846474760116507e+02 7.400479766374635346e+02
6.196101552664708834e+02 7.398984473352916211e+02
6.197805287452790708e+02 7.398657154846831645e+02
6.208492398648648987e+02 7.405215371621621898e+02
6.211244239631336086e+02 7.405270213657310023e+02
6.215534062237173885e+02 7.407232968881412489e+02
6.212760504201680760e+02 7.406382352941176350e+02
6.209737843551797596e+02 7.400841437632135467e+02
6.206106418918918735e+02 7.394273648648648987e+02
6.199781420765027633e+02 7.396649852879361333e+02
6.199401096583719664e+02 7.396571067060311861e+02
6.199614406779661522e+02 7.395872881355932122e+02
6.197778247989843976e+02 7.396639864578925199e+02
6.188648763853367427e+02 7.396517476555840176e+02
6.180166311300639563e+02 7.395010660980809689e+02
6.171532223644899204e+02 7.394485702091335497e+02
6.165203908241290947e+02 7.393865760407816197e+02
6.166246819338422256e+02 7.397349448685326934e+02
6.168465136054421691e+02 7.408333333333333712e+02
