6.199055884843353397e+02 7.395461473327688964e+02
6.199490229396770928e+02 7.395692438402718381e+02
6.198582214765100389e+02 7.398368288590603470e+02
6.201144321093082681e+02 7.395858240819811726e+02
6.202835183603757514e+02 7.395631938514090962e+02
6.203643673296656971e+02 7.395890816758358142e+02
6.198133728311468076e+02 7.399619128226830753e+02
6.193239139603542753e+02 7.398595529312526651e+02
6.189219409282700326e+02 7.396940928270041695e+02
6.182251375370292408e+02 7.398429961912822819e+02
6.177643069097075568e+02 7.395281899109792221e+02
6.174641797371767780e+02 7.396273844849512216e+02
6.171492910758965991e+02 7.396346955796497014e+02
6.170178571428571104e+02 7.393222789115645810e+02
6.161973018549747394e+02 7.392997470489038960e+02
6.150657276995304983e+02 7.392407170294494563e+02
6.144260979729730252e+02 7.395304054054054177e+02
6.147448159119762749e+02 7.394646635632669813e+02
6.147425326041228573e+02 7.395536390408077523e+02
6.147236455270895021e+02 7.396707265854682873e+02
6.149513218631976770e+02 7.398019303399076989e+02
6.157620833333332939e+02 7.398045833333333121e+02
6.166259858862598549e+02 7.396571191365711684e+02
6.170695322376737977e+02 7.395238095238095184e+02
6.176494107744107396e+02 7.396005892255892604e+02
6.171441860465116633e+02 7.394773784355179487e+02
6.171966173361522578e+02 7.397086680761099160e+02
6.181559672554933513e+02 7.394959069366652784e+02
6.190759656652360263e+02 7.392321888412017188e+02
6.200030004286326175e+02 7.391873124732104543e+02
6.205994887089901795e+02 7.394426927993182517e+02
6.208331925675676075e+02 7.395270270270269748e+02
6.209616368286444867e+02 7.394121909633419136e+02
6.210330613997423370e+02 7.392013739802490591e+02
6.210342319212666098e+02 7.392036799315361577e+02
6.200504058094830953e+02 7.395173002990175064e+02
