6.163648164726947698e+02 7.399767233661593764e+02
6.181953528399311608e+02 7.403588640275387434e+02
6.197394305435720980e+02 7.393666954270922815e+02
6.212866779089375768e+02 7.388680438448566292e+02
6.217416631490079908e+02 7.378480371464753489e+02
6.216034840315221572e+02 7.374512650352551191e+02
6.211301652892561833e+02 7.372785123966941683e+02
6.205333607907742817e+02 7.370395387149917497e+02
6.184371630029033895e+02 7.365615927001243790e+02
6.160253057781526422e+02 7.367098270771825810e+02
6.142942686056458115e+02 7.371201881950385086e+02
6.136580645161290022e+02 7.378365591397849812e+02
6.138917861799217235e+02 7.386410256410256352e+02
6.154539795464651206e+02 7.390444642063139327e+02
6.160560185185184991e+02 7.387749999999999773e+02
6.168923212709620429e+02 7.407881729920565022e+02
6.178204099821747377e+02 7.405249554367201199e+02
6.187053333333333285e+02 7.409524444444444953e+02
6.206656387665198054e+02 7.406696035242290463e+02
6.225934256055363676e+02 7.404848615916954486e+02
6.244231921266581367e+02 7.399041506204536063e+02
6.256968802698145282e+02 7.393684654300168404e+02
6.260394518272424875e+02 7.382039036544850887e+02
6.260830550918196877e+02 7.377070116861435736e+02
6.256820640865585119e+02 7.374182272159799822e+02
6.241279461279460747e+02 7.373560606060606233e+02
6.214178082191780277e+02 7.374434931506849580e+02
6.186658152405278770e+02 7.378595146871008410e+02
6.165668566418237333e+02 7.377273125822007387e+02
6.142703412073491336e+02 7.384925634295713053e+02
6.131216577540106982e+02 7.391270053475935811e+02
6.128511399195350577e+02 7.402248547161376564e+02
6.132472308373947953e+02 7.413376163048294529e+02
6.146147359076786643e+02 7.417993786063027528e+02
6.163459315251222961e+02 7.416860827034237218e+02
6.189041036717062525e+02 7.421084233261339023e+02
6.214205326460480592e+02 7.415906357388315655e+02
6.237337883959044120e+02 7.413980375426621094e+02
6.258209018120522842e+02 7.408053097345132301e+02
6.266923398911678760e+02 7.397618250313938688e+02
6.264977596741343859e+02 7.393181262729124228e+02
6.243434302087597416e+02 7.385124846500204967e+02
6.230488494146144376e+02 7.389208720226080231e+02
6.219554009819967177e+02 7.387262684124385714e+02
6.209520433694746089e+02 7.386984987489574905e+02
6.197393162393162811e+02 7.390846153846154039e+02
6.183989769820972242e+02 7.396231884057971229e+02
6.164952256944444571e+02 7.405381944444444571e+02
6.147302886686773036e+02 7.411999138302455776e+02
6.141077738515900819e+02 7.418683745583039126e+02
6.144757670075589431e+02 7.419537572254334918e+02
6.155655021834061245e+02 7.428620087336244069e+02
6.167739696312364686e+02 7.429106290672451678e+02
6.186259147653895525e+02 7.423560051657340182e+02
6.209172325976230695e+02 7.419354838709676869e+02
6.227583612040133403e+02 7.415037625418060543e+02
6.239493464052287663e+02 7.412062908496732234e+02
6.239186991869918302e+02 7.402479674796747986e+02
6.234071370640713212e+02 7.397137064071370105e+02
6.216693777958520286e+02 7.389154127694184808e+02
6.200544019933554409e+02 7.379991694352158902e+02
6.183966457023060457e+02 7.380041928721174145e+02
6.165222363405337092e+02 7.382761541719610250e+02
6.146587335316617100e+02 7.391585210369740935e+02
6.128545611015490522e+02 7.396699655765920625e+02
6.120677015955153593e+02 7.404752048296679732e+02
6.121789428076256172e+02 7.411330155979202345e+02
6.126262451277609671e+02 7.412152446946730606e+02
6.144558566433566966e+02 7.415323426573426104e+02
6.175427158273381565e+02 7.413318345323740459e+02
6.191878216123499215e+02 7.421037735849056389e+02
6.204734589041096342e+02 7.412097602739726199e+02
6.211669491525424291e+02 7.406542372881356187e+02
6.215437500000000455e+02 7.400645833333333030e+02
6.217544366487825300e+02 7.393359471729261259e+02
6.227256673511293457e+02 7.385782340862423325e+02
6.233289742541887790e+02 7.377523498161014004e+02
6.224933062880324997e+02 7.376401622718052522e+02
6.205653594771241615e+02 7.376053921568627629e+02
6.184238134887593787e+02 7.374525395503746950e+02
6.154944301628106587e+02 7.375312767780634431e+02
6.132618118768964450e+02 7.385136540962288336e+02
6.115629340277778283e+02 7.390325520833333712e+02
6.104988991633641717e+02 7.394469396741523042e+02
6.093877017008286430e+02 7.402145660706497665e+02
6.099416187527642705e+02 7.401419725785050332e+02
6.120844579886809242e+02 7.406356116673922543e+02
6.146752622377622401e+02 7.407631118881118937e+02
6.173123096998695019e+02 7.405711178773379970e+02
6.197522236340533937e+02 7.399682337992376233e+02
6.211995807127882472e+02 7.394628930817609671e+02
6.218450762257931501e+02 7.385805521219613183e+02
6.218424968995452673e+02 7.378288548987185322e+02
6.212129859387923716e+02 7.375769230769230944e+02
6.207287716405605806e+02 7.373173948887057350e+02
6.184517598343685449e+02 7.372799171842650594e+02
6.159574736842105267e+02 7.371490526315789111e+02
6.141458773784355571e+02 7.378346723044397777e+02
6.132613000430477541e+02 7.381881188118811679e+02
6.133796095444685079e+02 7.388585683297179685e+02
6.144641294838145313e+02 7.393687664041995049e+02
6.154486607142856656e+02 7.399196428571428896e+02
6.156129464285713766e+02 7.406558035714285779e+02
6.174310876265961952e+02 7.407886393659181294e+02
