6.179777872703972434e+02 7.394083724903887287e+02
6.171358765537934232e+02 7.393351907415344613e+02
6.160305507745266596e+02 7.396682444061962087e+02
6.157954642704321486e+02 7.395827984595634916e+02
6.155802364864864558e+02 7.400046452702703164e+02
6.165339092872570745e+02 7.393097192224621494e+02
6.168973136915077475e+02 7.391421143847486519e+02
6.166686618212911526e+02 7.392150491663103367e+02
6.163650862068965353e+02 7.393418103448275360e+02
6.164024127531235990e+02 7.396884963377854092e+02
6.161860566448801819e+02 7.395764705882353383e+02
6.164510489510489606e+02 7.396127622377622401e+02
6.167468897468897921e+02 7.394380094380094306e+02
6.176229865041358380e+02 7.389107531562908662e+02
6.181806759098786870e+02 7.390558925476602781e+02
6.182491304347826144e+02 7.392886956521739421e+02
6.181417425227567719e+02 7.393242306025140351e+02
6.180271334792122389e+02 7.392463894967177112e+02
6.188582711715664573e+02 7.391693725318122006e+02
6.192233391608391457e+02 7.389444930069929569e+02
6.196602150537634088e+02 7.392258064516129252e+02
6.199322107081173954e+02 7.395682210708117736e+02
6.188958063121486930e+02 7.396787721573713270e+02
6.182333923826395221e+02 7.393728963684676501e+02
6.177484769364665453e+02 7.399460400348128815e+02
