6.343615071283095403e+02 7.295605906313645619e+02
6.304335173105870354e+02 7.283617661816357440e+02
6.249551863041289153e+02 7.275558912386707107e+02
6.177909407665505341e+02 7.284400199104031799e+02
6.112229426433915478e+02 7.297226932668329482e+02
6.062825761357962620e+02 7.314473290064902358e+02
6.023851674641148293e+02 7.344602870813397431e+02
5.993538251366120448e+02 7.373051001821493173e+02
5.979380090497737683e+02 7.397018099547511838e+02
5.967562553925797602e+02 7.424685073339085193e+02
5.961773584905660073e+02 7.447387840670859305e+02
5.982873514431239528e+02 7.457720713073005072e+02
6.025244055068835678e+02 7.474409678765123317e+02
6.079419328079635534e+02 7.487503110742430863e+02
6.127864985766572090e+02 7.491695811305409052e+02
6.182420879572543981e+02 7.488306617344841243e+02
6.231700988467874822e+02 7.478776771004942248e+02
6.272003311258278018e+02 7.467603476821192316e+02
6.317913369429404611e+02 7.455926697209496297e+02
6.348154686843211039e+02 7.442770071458595567e+02
6.362392156862745196e+02 7.423947712418300853e+02
6.367174966945791539e+02 7.404847950639048122e+02
6.367226738934056129e+02 7.374941282746160596e+02
6.361979506287843833e+02 7.342654867256636635e+02
6.355975845410628153e+02 7.319086956521739467e+02
6.328613065326633205e+02 7.292999999999999545e+02
6.292296334012220314e+02 7.280850305498981925e+02
6.221112260734608981e+02 7.273642007242627869e+02
6.087856772184743477e+02 7.294711987545407510e+02
