6.203105352591334167e+02 7.397017841971113512e+02
6.198733475479743902e+02 7.398132196162047194e+02
6.182428817946505433e+02 7.397057808455565464e+02
6.175522450692404846e+02 7.403348720100713081e+02
6.175000000000000000e+02 7.405794509151414786e+02
6.187998324958124385e+02 7.401520100502513060e+02
6.201654290429042931e+02 7.402875412541253581e+02
6.204457380457380395e+02 7.400785862785862719e+02
6.201051292920728883e+02 7.397621873675286679e+02
6.187064026958719296e+02 7.399460825610783559e+02
6.180064963187527383e+02 7.396734517106972362e+02
6.171732249786141438e+02 7.402763045337895846e+02
6.170945945945945823e+02 7.394934612031386223e+02
6.168180257510729234e+02 7.395519313304721436e+02
6.168495229835212967e+02 7.388946227233304853e+02
6.155338216286083934e+02 7.387018526497199673e+02
6.148161953727505988e+02 7.388603256212510360e+02
6.154737295434970292e+02 7.386653746770025464e+02
6.165358045492838528e+02 7.388306655433866581e+02
6.176152876942461489e+02 7.387501049979000527e+02
6.192421052631578959e+02 7.389216842105263368e+02
6.204842238115271584e+02 7.390088346655447822e+02
6.206955602536997958e+02 7.390295983086680280e+02
6.198650489570029549e+02 7.387356321839080238e+02
6.193873179091688144e+02 7.386893744644387425e+02
6.198667798048367104e+02 7.388557488332626235e+02
6.206541859486748081e+02 7.387892301220025502e+02
6.207282423208191631e+02 7.384786689419795493e+02
6.200760963026655190e+02 7.388172828890799337e+02
6.191808785529715351e+02 7.389422911283376152e+02
6.177749782797567377e+02 7.388666377063423170e+02
6.162697594501718186e+02 7.390790378006872743e+02
6.159854014598539607e+02 7.389579218548733479e+02
6.159328097731239495e+02 7.387098603839441466e+02
6.168616268788682646e+02 7.384195402298850013e+02
6.173842813721232687e+02 7.386044290056447608e+02
6.169126881720429765e+02 7.390576344086020981e+02
6.156320400500625283e+02 7.396412181894033893e+02
6.156623376623376771e+02 7.392651864264767028e+02
6.162551867219916630e+02 7.393904564315353127e+02
6.174920033670033490e+02 7.390328282828282909e+02
6.180340909090908781e+02 7.392508417508418006e+02
6.180302393952121065e+02 7.391390172196555568e+02
6.174816687737042002e+02 7.387821323219553733e+02
6.174640302902818121e+02 7.385326041228439635e+02
6.185245554614733692e+02 7.382895850973751521e+02
6.187726883561643945e+02 7.381566780821917746e+02
6.188249783923940868e+02 7.380090751944684371e+02
6.183280977312390405e+02 7.379275741710296188e+02
6.172072961373390854e+02 7.389030042918454910e+02
6.163220266208672911e+02 7.390090167453843151e+02
6.156304439746299977e+02 7.395496828752642386e+02
6.155869103272418670e+02 7.398512537186570626e+02
6.159596774193548754e+02 7.399588285229201574e+02
6.171125856164383094e+02 7.399113869863014088e+02
6.180683618174239200e+02 7.403643184660274983e+02
6.190945833333333894e+02 7.403308333333333167e+02
6.194836956521738784e+02 7.404561036789298214e+02
6.192048040455119917e+02 7.403392330383480839e+02
6.195749261291683752e+02 7.404757281553397661e+02
6.208033826638477422e+02 7.402101479915432947e+02
6.217200996677740932e+02 7.406989202657807709e+02
6.219949130987706667e+02 7.401894870707926657e+02
6.203473684210525789e+02 7.399006315789473547e+02
6.187158798283261376e+02 7.392871244635192625e+02
6.177110051993067827e+02 7.387872616984402612e+02
6.173922942206654625e+02 7.388415061295971782e+02
6.175327903986283218e+02 7.390518645520788823e+02
6.173480519480519888e+02 7.391021645021645554e+02
6.166509598603839777e+02 7.389611692844677009e+02
6.164634771465185850e+02 7.397146518581802184e+02
6.169276903445341986e+02 7.398298596341982147e+02
6.185840927920463628e+02 7.406942833471416634e+02
6.197498991528842680e+02 7.413190802743041559e+02
6.207535037098103885e+02 7.409307502061005835e+02
6.197116412998766464e+02 7.409736733854381328e+02
6.189962009286618922e+02 7.408670325031658876e+02
6.186697556866048444e+02 7.409001684919966237e+02
6.188839590443685665e+02 7.406092150170647983e+02
6.191628804114873219e+02 7.404084869267038584e+02
6.196894623655914529e+02 7.403479569892473364e+02
6.206429184549356250e+02 7.395068669527896645e+02
6.211683125805066084e+02 7.392743666809789147e+02
6.215286267757210226e+02 7.390228153250108107e+02
6.214280205655527425e+02 7.390668380462724372e+02
6.209059829059829099e+02 7.391688034188034635e+02
6.199449462365591899e+02 7.389182795698924338e+02
6.195342991052407342e+02 7.390894759267149539e+02
6.196915887850467470e+02 7.392081563296516151e+02
6.197072226999140412e+02 7.389767841788477654e+02
6.190971986417656581e+02 7.392741935483870748e+02
6.179900041649312925e+02 7.398450645564348633e+02
6.172890916632103426e+02 7.399075072583990504e+02
6.171848006644518136e+02 7.398488372093023600e+02
6.183138320100292731e+02 7.398320100292519328e+02
6.194388912221755845e+02 7.398227635447291277e+02
6.201754312158182074e+02 7.395342869162810757e+02
6.196637018212621797e+02 7.396908089792460714e+02
6.181206242091944887e+02 7.396760860396457247e+02
6.171630295250321296e+02 7.397364142062473320e+02
6.168086312118570049e+02 7.395492589363557272e+02
6.160069838498471881e+02 7.394111741597555465e+02
6.157172113289760773e+02 7.392322440087145878e+02
6.158724048442907133e+02 7.390973183391002976e+02
6.158315473639091806e+02 7.391778825546506368e+02
6.160179948586118144e+02 7.393183376178234312e+02
6.175166163141993820e+02 7.391389728096676208e+02
