6.078874637980968600e+02 7.287103847745138410e+02
6.057668480535788831e+02 7.281105064880703139e+02
6.025767441860465397e+02 7.284879492600422282e+02
6.005730526315790030e+02 7.300004210526316228e+02
5.994093591905565290e+02 7.320016863406408447e+02
5.984866581956797518e+02 7.350355781448538437e+02
5.980203045685278767e+02 7.391290186125211221e+02
5.982630008525148924e+02 7.426768968456948414e+02
5.988985010706637695e+02 7.466077087794432146e+02
5.998121450415028448e+02 7.500366972477064564e+02
6.015227373068432826e+02 7.514768211920529666e+02
6.068300308234257727e+02 7.521941875825627903e+02
6.128960396039603893e+02 7.518406840684068584e+02
6.183875326939843262e+02 7.516591107236268954e+02
6.227297900848593599e+02 7.491572130415363517e+02
6.277495559502664264e+02 7.470932504440497723e+02
6.320358531317494908e+02 7.454885529157667179e+02
6.360917626973964616e+02 7.430046948356807661e+02
6.379277210884354190e+02 7.404681122448979522e+02
6.383824398480371656e+02 7.386994512452511117e+02
6.374898819561551591e+02 7.363503372681282144e+02
6.364012658227848078e+02 7.341071729957806156e+02
6.347319277108433653e+02 7.324337349397590060e+02
6.325579307396322974e+02 7.306477126977340504e+02
6.304638477801267982e+02 7.298820295983086908e+02
6.290386100386100452e+02 7.293114543114543267e+02
6.275106746370623796e+02 7.294201537147737326e+02
6.258738074588030713e+02 7.294826539462272876e+02
6.236132930513595056e+02 7.314082865774709035e+02
6.212215859030836782e+02 7.343682819383259357e+02
6.188942731277533085e+02 7.373982378854625495e+02
6.164078091106290458e+02 7.417700650759219343e+02
6.137139718804920676e+02 7.461599297012302259e+02
6.129307760141093695e+02 7.498977072310406129e+02
6.138848028356225086e+02 7.519774036331413072e+02
6.163799126637554764e+02 7.539196506550218828e+02
6.190685589519650875e+02 7.538912663755457970e+02
6.215410628019324122e+02 7.535160298638559198e+02
6.241684759009987147e+02 7.520073816760747150e+02
6.263778920308483293e+02 7.502733504712939521e+02
6.270601279317696708e+02 7.477778251599147552e+02
6.273895547945205635e+02 7.452285958904109293e+02
6.275620499788225288e+02 7.429182549767048158e+02
6.266225793160280091e+02 7.386716110424392809e+02
6.240326042096573929e+02 7.362851836566239854e+02
6.213964001674340807e+02 7.341933863541230494e+02
6.191905365441486992e+02 7.323776932826363009e+02
6.172310704960835892e+02 7.305352480417755032e+02
6.144350846721667949e+02 7.293851498046027473e+02
6.111482758620689992e+02 7.291642241379310008e+02
6.090756087142246997e+02 7.290922682614267387e+02
6.081453930684699571e+02 7.305422654268808174e+02
6.068701134930643093e+02 7.323308112652374575e+02
6.050991142977646859e+02 7.357212146773513268e+02
6.047638169257339769e+02 7.388557858376510694e+02
6.047651874192158630e+02 7.430581645842308944e+02
6.053539003966504879e+02 7.460114587924196030e+02
6.073861915367483562e+02 7.485273942093541564e+02
6.107246753246753315e+02 7.507852813852813370e+02
6.149804177545692028e+02 7.518585726718886235e+02
6.191020497165285406e+02 7.514378543392934944e+02
6.220977852068533593e+02 7.509949853740075696e+02
6.246863655550865815e+02 7.488750527648796833e+02
6.267596801346801385e+02 7.466464646464646648e+02
6.278492294877135009e+02 7.441049562682215992e+02
6.280381901203819552e+02 7.416039850560398463e+02
6.277343157894737260e+02 7.388837894736842600e+02
6.277329401853412492e+02 7.362910699241786006e+02
6.252217537942664194e+02 7.342904721753794774e+02
6.217494789495623309e+02 7.333438932888703903e+02
6.176307243963364044e+02 7.321157368859284134e+02
6.145303983228511697e+02 7.306159329140460841e+02
6.118323627287853697e+02 7.297995008319467161e+02
6.079708939708939397e+02 7.289646569646569105e+02
6.039245283018867667e+02 7.292125786163521752e+02
6.016602671118530452e+02 7.305200333889816875e+02
5.995004233700253735e+02 7.321477561388653612e+02
5.979452461799660341e+02 7.344783531409168518e+02
5.969555649597969023e+02 7.379530258146423876e+02
5.966325581395349218e+02 7.417069767441860222e+02
5.979148753224419579e+02 7.455133276010318468e+02
5.999096437880103849e+02 7.486364031277150843e+02
6.026131260794472837e+02 7.508739205526770775e+02
6.067066787003610671e+02 7.520374548736461975e+02
6.107518964747880545e+02 7.525600178491745282e+02
6.159053408597482075e+02 7.523082935301780481e+02
6.263456419063976455e+02 7.483361957921854355e+02
