6.189597257926307066e+02 7.395252784918594671e+02
6.202638770281810139e+02 7.401272416737831463e+02
6.201474989311672061e+02 7.398336896109448162e+02
6.200555073720728387e+02 7.393230702515178336e+02
6.200285343709467725e+02 7.391729355814959490e+02
6.206969825754356407e+02 7.393280917977050422e+02
6.212361937128292766e+02 7.394813084112149681e+02
6.215255872483221538e+02 7.403347315436241161e+02
6.215033927056828134e+02 7.400245971162001979e+02
6.214739296311996668e+02 7.398579906740144452e+02
6.204546218487395208e+02 7.400886554621848745e+02
6.189638554216867306e+02 7.393872633390706142e+02
6.177808041504539460e+02 7.391638564634673685e+02
6.174366925064599627e+02 7.394982773471145947e+02
6.171156812339331736e+02 7.402819194515852814e+02
6.163099489795918089e+02 7.403329081632653015e+02
6.150037656903765537e+02 7.402355648535565251e+02
6.146878901373283952e+02 7.396916354556803981e+02
6.139702306079664140e+02 7.396465408805031529e+02
6.135621079046424029e+02 7.399104976997072072e+02
6.132492705293872177e+02 7.404155898290954383e+02
6.133908822287885414e+02 7.409670747150696570e+02
6.136011754827875393e+02 7.409038623005877753e+02
6.142580241767402640e+02 7.402242601083785303e+02
6.151132713440405269e+02 7.394923922231614597e+02
6.159214945424013194e+02 7.396162888329134830e+02
6.163294018534119232e+02 7.395534962089300279e+02
6.184273504273504614e+02 7.401213675213675742e+02
6.197588285960379153e+02 7.406080964685615982e+02
6.199644234890698726e+02 7.404204886412344422e+02
6.198749466495945626e+02 7.403098591549295406e+02
6.196767076792532407e+02 7.399465422146796527e+02
6.209401096583719664e+02 7.400404892450443413e+02
