6.105224576271186834e+02 7.383046610169491260e+02
6.099381313131312936e+02 7.381069023569023102e+02
6.097166026461801493e+02 7.376922748612889791e+02
6.093057106054100132e+02 7.377999141262343983e+02
6.088457538994800871e+02 7.380957538994800871e+02
6.079709401709401391e+02 7.388482905982906459e+02
6.069030434782608836e+02 7.386152173913043271e+02
6.061623150565709466e+02 7.389042645778938549e+02
6.068982683982684421e+02 7.392606060606060510e+02
6.074922680412371392e+02 7.393118556701031139e+02
6.087453199825860111e+02 7.391262516325641627e+02
6.105567544238239179e+02 7.391773845489857422e+02
6.125336496980155516e+02 7.390431406384814181e+02
6.149399233063485326e+02 7.390728589688964121e+02
6.176569343065693829e+02 7.388741949334478250e+02
6.198719169190826506e+02 7.389826914755517464e+02
6.220753484320557618e+02 7.393397212543553678e+02
6.234668687743611599e+02 7.403945430922477726e+02
6.246568799298860313e+02 7.407318141980719020e+02
6.247180827886710404e+02 7.411307189542483229e+02
6.250138888888889142e+02 7.411796875000000000e+02
6.253248945147679478e+02 7.417734177215189675e+02
6.256815666240953533e+02 7.415006385696041207e+02
6.257002561912894407e+02 7.414500426985482591e+02
6.260434971726838285e+02 7.408634188777729150e+02
6.268846815834767767e+02 7.407065404475042669e+02
6.272874946282767041e+02 7.407232488182208954e+02
6.267781555461112930e+02 7.405478113047173565e+02
6.265245901639344765e+02 7.402855910267471700e+02
6.257054065559813125e+02 7.406879523201362190e+02
6.247130620985010410e+02 7.402398286937901730e+02
6.229168103448275815e+02 7.405206896551724185e+02
6.200163863734368306e+02 7.407585166019836151e+02
6.176708101157307738e+02 7.403776253750535261e+02
6.153671373555840773e+02 7.400757381258023315e+02
6.127211660329530787e+02 7.397782002534854655e+02
6.111597807757167402e+02 7.397790893760540030e+02
6.100867325032202189e+02 7.390493774151996149e+02
6.092971477224350565e+02 7.388922945934440349e+02
6.093099567099567366e+02 7.385891774891774730e+02
6.089499784389822707e+02 7.385105648986632332e+02
6.088788139235066410e+02 7.383584013751611792e+02
6.086050129645635707e+02 7.384377700950734607e+02
6.078763996554694131e+02 7.387588285960379153e+02
6.068101157308186657e+02 7.389884269181311538e+02
6.052812633376013309e+02 7.393969270166453498e+02
