6.286298003072196252e+02 7.269349718381976118e+02
6.221416666666666515e+02 7.238565476190476602e+02
6.126161353285621090e+02 7.228985035783995272e+02
6.052757281553398343e+02 7.248595469255662920e+02
5.994054054054054177e+02 7.270553724456163991e+02
5.937485493230174143e+02 7.303172147001934036e+02
5.895581977471839537e+02 7.336526908635794371e+02
5.882806092560047091e+02 7.362677211482132407e+02
5.884452354874041475e+02 7.385465498357065144e+02
5.914015748031496287e+02 7.432616952292728456e+02
5.960912220309810436e+02 7.450404475043029606e+02
6.031160639192598865e+02 7.478364171572750365e+02
6.099904126719466149e+02 7.497490621092122183e+02
6.154710211591536790e+02 7.526973321067157485e+02
6.229932627526467286e+02 7.543849855630413686e+02
6.264718269778030617e+02 7.559743881616391263e+02
6.323949666153056341e+02 7.541340523882896605e+02
6.379713711702662522e+02 7.522601707684580106e+02
6.425336152219873611e+02 7.473095137420718856e+02
6.449957337883959099e+02 7.444005972696245408e+02
6.450000000000000000e+02 7.407306541256947412e+02
6.424200680272108457e+02 7.385646258503401214e+02
6.394822631342613022e+02 7.353408172429277556e+02
6.354397880539498829e+02 7.316011560693641513e+02
6.317853247397124505e+02 7.291948438274665705e+02
6.268351293103448825e+02 7.265662715517241850e+02
6.170863221884497989e+02 7.237343465045593121e+02
6.101260957518543364e+02 7.230660822656776645e+02
5.971228733459357727e+02 7.288273471959672634e+02
