6.178145126663804376e+02 7.410300558179476411e+02
6.178003376952300414e+02 7.409105107640355072e+02
6.182153130287648537e+02 7.405283417935702346e+02
6.191794329242488857e+02 7.401100296233601057e+02
6.209908774978280235e+02 7.391072980017376040e+02
6.228520583190394291e+02 7.392971698113207140e+02
6.237009306260575840e+02 7.393062605752961645e+02
6.235033641715727981e+02 7.394566862910008922e+02
6.218640572390572743e+02 7.388653198653198615e+02
6.191088407005838690e+02 7.384378648874061355e+02
6.170519916142557122e+02 7.377375262054507630e+02
6.163089117395029461e+02 7.368770351328191737e+02
6.156047598810030195e+02 7.366991075223119196e+02
6.160861471861471728e+02 7.361822510822511276e+02
6.165370051635111395e+02 7.365043029259896912e+02
6.176246775580395934e+02 7.364286328460876803e+02
6.178731311405382485e+02 7.366018795386586362e+02
6.169824046920821274e+02 7.369388353581902038e+02
6.153442060085836829e+02 7.366626609442059817e+02
6.139176421404682742e+02 7.374230769230769056e+02
6.139941569282136697e+02 7.375838898163606245e+02
6.156564059900166512e+02 7.380599001663892977e+02
6.181165957446808079e+02 7.380378723404255652e+02
6.188508588186007273e+02 7.391168831168831730e+02
6.183579037068598154e+02 7.390843630166169760e+02
6.170684931506849580e+02 7.396519691780821404e+02
6.157805189281157254e+02 7.402815823054019120e+02
6.146316688006828599e+02 7.405160051216389547e+02
6.141653813196229521e+02 7.408637532133676586e+02
6.139644218551461563e+02 7.412846251588309769e+02
6.142909473684210298e+02 7.418185263157894269e+02
6.159906700593724054e+02 7.421781170483460528e+02
6.177876106194689783e+02 7.430956595027391813e+02
6.192080706179066283e+02 7.435418242959226518e+02
6.186232187761944488e+02 7.439308466051969617e+02
6.178729166666666970e+02 7.441333333333333258e+02
6.171611018363939820e+02 7.443856427378965464e+02
6.162021766429468244e+02 7.445194642109669303e+02
6.161372384937238849e+02 7.445539748953974595e+02
6.166133891213389688e+02 7.445108786610878724e+02
6.187344207444583617e+02 7.440945211208698993e+02
6.212311241610738080e+02 7.438804530201342686e+02
6.236337552742616026e+02 7.433240506329113941e+02
6.251268251981643971e+02 7.426925323320817824e+02
6.248018204385601848e+02 7.420839884153909907e+02
6.237685185185184764e+02 7.413202861952861440e+02
6.226379746835442575e+02 7.403409282700422409e+02
6.231179422835633659e+02 7.402559598494353850e+02
6.250417198808003150e+02 7.393260962111536401e+02
6.260874999999999773e+02 7.386974137931034647e+02
6.259701361440492065e+02 7.379169960474308709e+02
6.248019408910454331e+02 7.372915747684163534e+02
6.230351648351648919e+02 7.371098901098901024e+02
6.214851787271142030e+02 7.368513513513513544e+02
6.193878583473862136e+02 7.372428330522765236e+02
6.189342161469458006e+02 7.369525843656557527e+02
6.196046218487394981e+02 7.372050420168067149e+02
6.204425746739588021e+02 7.371232646192679567e+02
6.208436161096828982e+02 7.367990574121679401e+02
6.207403887688984696e+02 7.365045356371490470e+02
6.197236332328884600e+02 7.369591046061127599e+02
6.176686643835616906e+02 7.367953767123287889e+02
6.156168304143528758e+02 7.372093122597181036e+02
6.121361522198731109e+02 7.377052854122621284e+02
6.102147991543340595e+02 7.380321353065538688e+02
6.092968483816013077e+02 7.388104770017035889e+02
6.095172120696983029e+02 7.394585635359115940e+02
6.107218804920913726e+02 7.391098418277680366e+02
6.129059792027729827e+02 7.401243500866551130e+02
6.144040139616055285e+02 7.403420593368236950e+02
6.152451361867704236e+02 7.408802421098140485e+02
6.149387580299785441e+02 7.410269807280513987e+02
6.144550466497031493e+02 7.415165394402035872e+02
6.144260429835651394e+02 7.418478718921196560e+02
6.155436440677966630e+02 7.416423728813559819e+02
6.184762704745904784e+02 7.419752204955900652e+02
6.200616033755273975e+02 7.419341772151898340e+02
6.207191634656422821e+02 7.418040973111395715e+02
6.200957722174288165e+02 7.421402070750647226e+02
6.187667377398720419e+02 7.421837953091684312e+02
6.178461212378126675e+02 7.421780415430266657e+02
6.174315613227291806e+02 7.420715780661364533e+02
6.176142916840785801e+02 7.418587547012118648e+02
6.185291160452451322e+02 7.416020108923335101e+02
6.198093255620316313e+02 7.416390507910075485e+02
6.215765262252793946e+02 7.407235597592433578e+02
6.230291557876414572e+02 7.402985204525674590e+02
6.238261241970021729e+02 7.399246252676659878e+02
6.229864750633981885e+02 7.399040574809805548e+02
6.207673452430411771e+02 7.397257997507269920e+02
6.189275847634993397e+02 7.389702804520719610e+02
6.176278688524589597e+02 7.385737704918033160e+02
6.165853249475891289e+02 7.374888888888889369e+02
6.163014675052411349e+02 7.374440251572326588e+02
6.167952622673434462e+02 7.372516920473773325e+02
6.175873889123995468e+02 7.371328819297502832e+02
6.176708701134930379e+02 7.374031105506514905e+02
