6.181901075268817749e+02 7.396038709677419547e+02
6.187243452125375143e+02 7.398759124087591772e+02
6.187719372615515567e+02 7.397142857142856656e+02
6.188948923596453824e+02 7.401772899957787786e+02
6.186040523427606104e+02 7.402444069227522050e+02
6.179512918254977194e+02 7.404091486658195436e+02
6.174335576114382320e+02 7.402531539108495053e+02
6.169810446503790899e+02 7.402548441449031316e+02
6.162495805369127311e+02 7.402374161073825007e+02
6.163915994908782068e+02 7.401883750530334964e+02
6.161536195286195152e+02 7.403085016835017313e+02
6.160938552188551967e+02 7.401565656565657036e+02
6.160173434856176300e+02 7.403185279187816832e+02
6.163100042936882801e+02 7.400575354229282539e+02
6.164210752688171624e+02 7.400606451612902674e+02
6.173842869342441873e+02 7.400892399658412160e+02
6.181148648648648987e+02 7.404451013513513544e+02
6.187576271186441090e+02 7.405016949152542338e+02
6.184978813559322361e+02 7.404711864406779114e+02
6.182397761515281900e+02 7.404192854068015777e+02
6.180978632478633017e+02 7.404628205128204854e+02
6.182846777635510307e+02 7.404733247972684467e+02
6.188438297872340854e+02 7.398995744680851203e+02
6.189556775010553338e+02 7.400565639510341498e+02
6.184698385726422885e+02 7.398572642310959964e+02
6.173051643192487745e+02 7.398839095177123681e+02
6.168946015424164671e+02 7.397720651242501617e+02
6.166978233034570849e+02 7.399671361502347509e+02
6.171793103448276270e+02 7.395900862068965580e+02
6.174480712166172225e+02 7.399245442984315559e+02
6.177747671464860559e+02 7.399343776460626714e+02
6.178339026473099693e+02 7.399953031596925257e+02
6.186377986348122704e+02 7.398963310580204507e+02
6.194632792485055006e+02 7.400307429547395941e+02
6.197074626865671689e+02 7.400153518123667027e+02
6.200615583297460489e+02 7.399324149806285504e+02
6.207384417808219723e+02 7.402178938356164508e+02
6.205220179563916645e+02 7.401569046601111950e+02
6.198176020408163822e+02 7.402291666666666288e+02
6.188450465707028343e+02 7.403247248094835413e+02
