6.252485106382978302e+02 7.418344680851064368e+02
6.244911293812202757e+02 7.411942881869321127e+02
6.237090358841331863e+02 7.408011240812796814e+02
6.220422535211267814e+02 7.404101579172001948e+02
6.201370580532518488e+02 7.392012221737232949e+02
6.177570764681030369e+02 7.395564005069708173e+02
6.159031156636790456e+02 7.388544600938967051e+02
6.141489995742869041e+02 7.376607066836951390e+02
6.136326002587321682e+02 7.369870633893920058e+02
6.132416020671834076e+02 7.370822566752799503e+02
6.131646757679180837e+02 7.372768771331058133e+02
6.134561855670102659e+02 7.373509450171820845e+02
6.135854184641932534e+02 7.372726488352027445e+02
6.142535453373442351e+02 7.375788568972926669e+02
6.151654553227874658e+02 7.382599401453612700e+02
6.165687876182287255e+02 7.391577815993121021e+02
6.190430434782608700e+02 7.395421739130434844e+02
6.217908496732026151e+02 7.403577342047930188e+02
6.229148660328435199e+02 7.410738980121002442e+02
6.242292746113989779e+02 7.414641623488773803e+02
6.247832898172323439e+02 7.418033072236727321e+02
6.250178338408003356e+02 7.419908655937364301e+02
6.247814540705268200e+02 7.420243796255986126e+02
6.245831168831168725e+02 7.416428571428571104e+02
6.239865858935526148e+02 7.415967113803548045e+02
6.228973913043478206e+02 7.411217391304347757e+02
6.194308943089430386e+02 7.397988874625588096e+02
