6.165784695201037948e+02 7.394664937310851656e+02
6.175790616854908421e+02 7.394956559513466345e+02
6.183897280966767767e+02 7.396883901596892201e+02
6.190196335078534275e+02 7.394541884816753736e+02
6.193313016978668202e+02 7.396752285589899429e+02
6.192120689655172328e+02 7.401271551724138362e+02
6.196496163682865017e+02 7.402557544757032701e+02
6.207623678646934877e+02 7.408359408033826412e+02
6.214335016835017313e+02 7.406624579124579668e+02
6.213391489361702043e+02 7.405570212765957194e+02
6.207174562526674890e+02 7.407853179684165070e+02
6.202402707275804232e+02 7.411349407783418428e+02
6.206251074806534689e+02 7.408946689595873067e+02
6.209197930142303221e+02 7.407184131090987194e+02
6.209392503231365481e+02 7.407376130978026367e+02
6.211853131749460317e+02 7.409710583153347443e+02
6.213744096178617156e+02 7.411373980249034048e+02
6.213456736978046138e+02 7.406659492036160373e+02
6.208090753424658033e+02 7.409015410958903658e+02
6.191171941830624519e+02 7.401873396065012685e+02
6.178799489144316794e+02 7.401971051511280848e+02
6.176017849553761607e+02 7.402834679133021609e+02
6.168096663815226748e+02 7.398417450812660263e+02
6.157967269595176276e+02 7.395624461670972778e+02
6.151129870129869914e+02 7.393238095238094729e+02
6.150408684546615632e+02 7.398688803746274516e+02
6.158465176268272216e+02 7.394475494411005911e+02
6.164019180470793344e+02 7.390645161290323131e+02
6.159589331075360406e+02 7.397955122777307224e+02
6.150741364785172891e+02 7.395775063184498777e+02
6.146619415807559790e+02 7.393668384879724726e+02
6.148542648949850218e+02 7.392400342906129254e+02
6.153915843709746696e+02 7.392194074710175755e+02
6.158253763440860666e+02 7.391372043010752577e+02
6.159918907383696478e+02 7.395522833973537900e+02
6.164475465313029190e+02 7.396472081218273615e+02
6.173503869303525562e+02 7.392884780739466350e+02
6.181399568034556751e+02 7.392367170626349662e+02
6.192955236853541692e+02 7.392320730117339735e+02
6.201650821089023111e+02 7.395272255834053112e+02
6.210244221543829326e+02 7.392721325774094794e+02
6.212820512820512704e+02 7.394606692742286214e+02
6.212465337954939741e+02 7.393435875216637214e+02
6.218958068614994090e+02 7.396124523506988453e+02
