6.203038869257950410e+02 7.389425795053003867e+02
6.215925438596491404e+02 7.389057017543859729e+02
6.209437663469921063e+02 7.389463818657367256e+02
6.186595652173913322e+02 7.390678260869565293e+02
6.164869825010670183e+02 7.390994451557832008e+02
6.135110917790343592e+02 7.386133101348411856e+02
6.119774468085106491e+02 7.388902127659574717e+02
6.120341588385995237e+02 7.388804440649017806e+02
6.134509137271568306e+02 7.390951976200594800e+02
6.166480375426621094e+02 7.393122866894198069e+02
6.203190210390725952e+02 7.390880206097037899e+02
6.236444159178433893e+02 7.391951219512195621e+02
6.251638005159071554e+02 7.392093723129836462e+02
6.228780804150453605e+02 7.392105490704713020e+02
6.189952708512468007e+02 7.393478073946689619e+02
6.163074601121172691e+02 7.391043553255714187e+02
6.134834638816362258e+02 7.389007832898172410e+02
6.115377855887521719e+02 7.387231985940245522e+02
6.125130588756086354e+02 7.386299247454626311e+02
6.156673884798614154e+02 7.391888263317453038e+02
6.192547495682210865e+02 7.393821243523316298e+02
6.217815554611134985e+02 7.401100722481937737e+02
6.218522188711762055e+02 7.401844032744506876e+02
6.206425495262704999e+02 7.403057708871662044e+02
6.160951365187713691e+02 7.399057167235495172e+02
