6.166170833333333121e+02 7.401883333333333894e+02
6.182735112936344422e+02 7.406788501026694576e+02
6.192472187886279471e+02 7.409167696744952991e+02
6.190783659858274177e+02 7.413522300958733240e+02
6.195798816568047869e+02 7.413064243448858406e+02
6.205687103594079872e+02 7.414004228329810076e+02
6.213080895008605467e+02 7.411772805507745261e+02
6.215633924707918823e+02 7.410752920813500850e+02
6.227122457810471587e+02 7.412405884898312252e+02
6.233247826086956138e+02 7.411956521739130039e+02
6.246028119507908514e+02 7.413207381370825715e+02
6.270295138888889142e+02 7.420525173611110858e+02
6.290030448020878566e+02 7.419447585906915492e+02
6.306155821917808453e+02 7.428878424657534651e+02
6.314974597798475315e+02 7.432722269263335875e+02
6.311516427969671668e+02 7.435749789385004078e+02
6.309859514687101409e+02 7.434691358024691681e+02
6.310429604423649153e+02 7.434508719693747025e+02
6.314310776942355687e+02 7.438441938178780219e+02
6.313752594437526113e+02 7.439912826899128504e+02
6.316422018348623624e+02 7.438119266055045955e+02
6.314887218045113286e+02 7.431424394319130897e+02
6.313962184873950036e+02 7.427638655462185397e+02
6.308162230671736097e+02 7.417021546261089497e+02
6.301302285467874071e+02 7.409788702026735336e+02
6.291119691119690742e+02 7.405439725439725862e+02
6.272320234113711876e+02 7.407888795986622199e+02
6.247241525423728490e+02 7.399966101694915324e+02
6.233872068230276682e+02 7.394238805970148860e+02
6.223314917127071340e+02 7.393990650233744191e+02
6.221654615057422006e+02 7.392356444066355152e+02
6.225939368061485766e+02 7.390465414175918113e+02
6.233876595744681026e+02 7.389591489361702088e+02
6.241692829868476338e+02 7.390823080186678453e+02
6.244513163393230570e+02 7.396677810279983305e+02
6.246478460895023090e+02 7.395135926390631766e+02
6.245718462823725758e+02 7.398425229741019393e+02
6.245841042893187023e+02 7.398069806560134793e+02
6.244484951250530003e+02 7.396494277236116659e+02
6.247121661721067767e+02 7.394514624841034447e+02
6.254702928870292453e+02 7.400753138075314155e+02
6.270186915887850319e+02 7.401847918436703821e+02
6.280372431506849580e+02 7.405779109589041127e+02
6.286470842332613529e+02 7.409481641468682938e+02
6.293346473937800738e+02 7.409513797634691628e+02
6.297522580645161270e+02 7.413023655913978018e+02
6.296513213981244235e+02 7.413533674339300887e+02
6.291372043010752577e+02 7.411415053763440710e+02
6.280820799312419922e+02 7.412973785990545821e+02
6.277913486005088544e+02 7.414766751484308998e+02
6.276591006423982435e+02 7.412389721627408790e+02
6.273371501272264368e+02 7.416709075487701739e+02
6.278387642826914998e+02 7.420499365213711371e+02
6.293310580204778262e+02 7.420012798634812725e+02
6.308629550321198849e+02 7.419434689507494340e+02
6.311251585623679148e+02 7.428236786469344679e+02
6.314298986486486456e+02 7.427305743243243796e+02
6.309184549356223215e+02 7.418939914163090634e+02
6.299051987767584251e+02 7.411214504150284483e+02
6.285153452685422053e+02 7.412638533674339669e+02
6.276753472222221717e+02 7.406935763888889142e+02
6.272619047619048160e+02 7.404904761904762154e+02
6.264496497373029342e+02 7.405166374781085779e+02
6.253039723661485141e+02 7.404127806563039940e+02
6.242123348017621538e+02 7.397629955947136295e+02
6.237634408602150415e+02 7.400034408602150506e+02
6.232614991482112146e+02 7.402125212947189539e+02
6.227894736842105203e+02 7.399919999999999618e+02
6.221064735945485609e+02 7.393952299829642243e+02
6.211112510495381684e+02 7.397846347607053303e+02
6.195590484282073476e+02 7.394804587935428799e+02
6.179433249370276826e+02 7.392926112510494931e+02
6.168144628099173588e+02 7.387404958677685727e+02
6.168330598851517834e+02 7.386587366694011507e+02
6.167866666666666333e+02 7.382833333333333030e+02
6.157076730608840762e+02 7.379236864053377758e+02
6.153262054507337098e+02 7.382192872117400384e+02
6.146256888512081105e+02 7.381051292920728883e+02
6.137409109903886701e+02 7.380685332218971553e+02
6.135521628498727296e+02 7.376789652247667846e+02
6.133682170542635959e+02 7.379272179155900631e+02
6.126060341058155245e+02 7.378386532575426600e+02
6.124129870129870596e+02 7.383510822510822891e+02
6.124200600085727046e+02 7.388984140591512642e+02
6.131146057733735688e+02 7.392559241706161401e+02
6.143967367969084989e+02 7.399347359381708884e+02
6.163025423728813621e+02 7.410453389830508968e+02
6.167359361880772894e+02 7.414806884970612373e+02
6.175517676767676676e+02 7.418110269360269058e+02
6.173343157894736350e+02 7.423212631578946912e+02
6.165103071098022838e+02 7.423622212873369790e+02
6.156902469652574155e+02 7.426157388028464084e+02
6.149211864406779569e+02 7.427398305084745971e+02
6.139966555183946184e+02 7.429799331103679378e+02
6.136331086773378729e+02 7.429406065711879137e+02
6.129308176100629453e+02 7.429958071278825855e+02
6.117504266211603863e+02 7.419018771331058133e+02
6.112190435525192242e+02 7.416477369769428378e+02
6.100684121621621898e+02 7.417073479729730252e+02
6.090427350427349893e+02 7.414888888888889369e+02
6.078424599831507749e+02 7.415349620893007341e+02
6.061708350996184436e+02 7.408016108520560010e+02
6.048964934516264975e+02 7.414334600760456624e+02
6.042581464240372497e+02 7.410444350402030977e+02
6.041708860759493973e+02 7.411286919831223940e+02
6.047794179671025177e+02 7.412096161956980040e+02
6.062726887192535514e+02 7.408350296861747211e+02
6.074208333333333485e+02 7.408354166666666742e+02
6.076957605985037389e+02 7.405698254364090189e+02
6.077297520661156796e+02 7.406012396694214885e+02
6.068882912701695886e+02 7.405846090194455655e+02
6.060590177465951456e+02 7.404539826661164170e+02
6.052969140950792735e+02 7.402072560467055382e+02
6.041021775544388674e+02 7.399639865996649633e+02
6.034169145771355716e+02 7.396510837229069466e+02
6.028456318914334133e+02 7.397196776929600901e+02
6.029430029774564446e+02 7.395857082092726387e+02
6.034188215345485560e+02 7.396265366680796660e+02
6.034156118143459935e+02 7.396886075949366841e+02
6.044520945665699401e+02 7.399912899211944932e+02
6.052767744645107086e+02 7.399025619487609902e+02
6.064754371357201990e+02 7.401973355537052157e+02
6.070328892589508314e+02 7.407839300582847955e+02
6.077635425623387846e+02 7.400524505588994089e+02
6.088669763513513544e+02 7.412964527027027088e+02
6.097021455616322783e+02 7.415237694572990677e+02
6.102026970080067940e+02 7.418234302570585896e+02
6.112012658227847623e+02 7.421586497890294822e+02
6.126043441226576078e+02 7.423074957410561865e+02
6.136005967604432954e+02 7.425515771526002027e+02
6.141120689655172100e+02 7.427224137931034420e+02
6.145833688699360664e+02 7.429351812366737704e+02
6.150702283498492307e+02 7.429125376992675456e+02
6.153654090716405562e+02 7.431242051716828882e+02
6.154465648854961728e+02 7.431993214588634373e+02
6.154910102739726199e+02 7.430363869863014088e+02
6.153707337883959099e+02 7.431194539249146374e+02
6.152534795444960309e+02 7.434230282581189613e+02
6.154978867286559989e+02 7.433085376162299553e+02
6.156418350168349889e+02 7.434006734006734405e+02
6.150527203711513948e+02 7.433597638127372420e+02
6.146052631578946830e+02 7.431739309210526017e+02
6.134514663362247120e+02 7.423977695167286583e+02
6.121699788583509871e+02 7.414972515856236441e+02
6.112398806987644093e+02 7.408794205368556050e+02
6.101014675052410894e+02 7.408918238993710474e+02
6.087888329135180356e+02 7.402741393786733397e+02
6.087297633872976803e+02 7.404059775840597695e+02
6.088154811715480719e+02 7.399778242677824664e+02
6.090144619310931375e+02 7.395780518928115725e+02
6.089003436426116878e+02 7.391825601374570169e+02
6.089304347826086996e+02 7.390017391304347711e+02
6.090873493975904012e+02 7.393347676419965637e+02
6.094134290540540633e+02 7.395709459459459367e+02
6.096947859262398879e+02 7.395595591352267775e+02
6.103741666666666106e+02 7.399383333333333894e+02
6.111768678767411984e+02 7.395677501055297398e+02
6.122738448495125567e+02 7.394323866044934448e+02
6.139786962079250543e+02 7.392718363868768847e+02
6.158832635983263799e+02 7.397518828451883337e+02
6.185177749895441366e+02 7.399343370974487470e+02
6.204408557046980377e+02 7.406459731543624230e+02
6.215054575986565624e+02 7.408505457598656676e+02
6.217106706031210024e+02 7.408907633909742572e+02
6.221864623243933465e+02 7.406117496807152065e+02
6.229746345657781603e+02 7.402644024075666493e+02
6.236439880188275993e+02 7.406097560975609895e+02
6.241662414965986727e+02 7.408784013605442169e+02
6.247861471861472182e+02 7.406393939393939263e+02
6.250577933450088040e+02 7.404890542907180588e+02
6.258203360620422018e+02 7.408513571736320955e+02
6.269857819905213319e+02 7.410822921154674532e+02
6.283619291506615809e+02 7.413205292360221392e+02
6.296953781512604564e+02 7.419163865546217949e+02
6.306134239592183803e+02 7.423152081563296179e+02
6.305433305012744540e+02 7.423954970263381483e+02
6.308738474434200043e+02 7.427455993294216796e+02
6.315236105307145635e+02 7.431328875888007133e+02
6.320837189734960475e+02 7.429903239377366617e+02
6.319110080134963709e+02 7.426980177140446813e+02
6.316232790988735815e+02 7.426871088861075805e+02
6.310534511784511551e+02 7.419570707070706703e+02
6.302706480304955221e+02 7.413447691656077723e+02
6.299496124031007867e+02 7.406416881998277404e+02
6.288852953859421859e+02 7.401388529538594412e+02
6.276471593336181058e+02 7.397411362665527577e+02
6.263707191780821404e+02 7.395205479452055215e+02
6.244572798605056505e+02 7.388714036617262764e+02
6.227299614230604448e+02 7.392151735962280554e+02
6.216025250326513287e+02 7.388933391380061266e+02
6.208241424229265704e+02 7.387438124185844117e+02
6.204984946236559153e+02 7.387711827956989055e+02
6.202389006342494895e+02 7.382152219873149761e+02
