6.253223996547259276e+02 7.404488562796719862e+02
6.235151898734177394e+02 7.404080168776371238e+02
6.201379018612520895e+02 7.400757191201353180e+02
6.157371331348361991e+02 7.395129732028923399e+02
6.119104220499568783e+02 7.388686477174849188e+02
6.104057217165149041e+02 7.386211530125704030e+02
6.114638633377135193e+02 7.384480946123521790e+02
6.144091703056768665e+02 7.384196506550218828e+02
6.194975544686527655e+02 7.378261449533125642e+02
6.239865509761388012e+02 7.390477223427332092e+02
6.253800943800944196e+02 7.393680823680823551e+02
6.245577571669476811e+02 7.400442664418212644e+02
6.213095740194011114e+02 7.398409953606073941e+02
6.176065027094622337e+02 7.399916631929970663e+02
6.122880000000000109e+02 7.395351578947368125e+02
6.088253497244595565e+02 7.393514200932598897e+02
6.076787674124102523e+02 7.396108062473617792e+02
6.101245762711864700e+02 7.397360169491524857e+02
6.145025273799494698e+02 7.400446503791069972e+02
6.226323961393202353e+02 7.405283256399496850e+02
6.240491871613172634e+02 7.403138807836598971e+02
6.230642706131078512e+02 7.397433403805497392e+02
6.191694338016177426e+02 7.391094082588335823e+02
6.150678676162547163e+02 7.386154168412232366e+02
6.114036425243540407e+02 7.386611605252012396e+02
6.083714773697694227e+02 7.388074295473953725e+02
6.096396242527754339e+02 7.389658411614004763e+02
6.129901667379222090e+02 7.390299273193672889e+02
6.178088618592528292e+02 7.396012163336229150e+02
6.222572167169323620e+02 7.406105127100387335e+02
6.254105988797931559e+02 7.408672985781990974e+02
6.263534822601840233e+02 7.408274200613228686e+02
6.247371822490306386e+02 7.410594571305472300e+02
6.214526941026729219e+02 7.411883750530334964e+02
6.171240441801189718e+02 7.410994052676295496e+02
6.126393648140409596e+02 7.405591307981612772e+02
6.101130696474634760e+02 7.399346517626827335e+02
6.132426215277778283e+02 7.386966145833333712e+02
