6.220890637945318531e+02 7.405658657829328604e+02
6.187889581478183345e+02 7.399915405164737194e+02
6.168061178587494169e+02 7.401700404858299862e+02
6.157343324250681462e+02 7.406507720254314791e+02
6.156935982339955444e+02 7.422746136865341668e+02
6.161019080659150404e+02 7.426400693842150531e+02
6.177831954723552599e+02 7.424784501523727158e+02
6.193235170382835122e+02 7.430180900294488993e+02
6.202259396943411502e+02 7.428240396530359249e+02
6.206907301066447644e+02 7.421808859721082854e+02
6.198863356585966358e+02 7.414160853508411719e+02
6.178661882650907273e+02 7.398813845504432720e+02
6.153490484429065646e+02 7.390311418685121225e+02
6.127815789473684163e+02 7.386684210526316292e+02
6.124338168631006738e+02 7.376867633726201348e+02
6.132848378615250340e+02 7.373356704645048012e+02
6.155061349693251032e+02 7.373624014022786923e+02
6.180557006092253687e+02 7.375748476936466886e+02
6.201939983093828914e+02 7.379860524091293428e+02
6.232231025854879363e+02 7.385216847372810207e+02
6.246364769422517611e+02 7.385550477773161901e+02
6.244400677678950160e+02 7.387729775518847646e+02
6.219898045879353958e+02 7.396104502973662420e+02
6.189961389961390523e+02 7.404676104676104842e+02
6.169189189189189619e+02 7.406508282476024760e+02
6.155186832740213276e+02 7.413345195729536954e+02
