6.192729296527159022e+02 7.391188780053428218e+02
6.207436332767401836e+02 7.400988964346349803e+02
6.238609022556390755e+02 7.409649122807018102e+02
6.252053388090348562e+02 7.417420944558521114e+02
6.248004048582995438e+02 7.420874493927125286e+02
6.235496056454960581e+02 7.415180572851805891e+02
6.226589975349219230e+02 7.411709120788824521e+02
6.206961651917404197e+02 7.400969237252422772e+02
6.181259877085162771e+02 7.389806848112378930e+02
6.162530282637953860e+02 7.386128308658591095e+02
6.138491644678979355e+02 7.384758135444151321e+02
6.118097754293262369e+02 7.382681638044914507e+02
6.117464301168325846e+02 7.388762440501947140e+02
6.131145228215767702e+02 7.399095435684647555e+02
6.151742015761094535e+02 7.401530485275819728e+02
6.150705101617586479e+02 7.400700953961012374e+02
6.145394791236047922e+02 7.402554774700289499e+02
6.136242774566474054e+02 7.402935590421139977e+02
6.141120654396728469e+02 7.407754601226994282e+02
6.146904761904761472e+02 7.414536340852130252e+02
6.150783582089552510e+02 7.419527363184079150e+02
6.158937942523948550e+02 7.416809662640566785e+02
6.165039370078740149e+02 7.412395358474927889e+02
6.172860169491525539e+02 7.402110169491525085e+02
6.185502145922746422e+02 7.393699570815450670e+02
6.199942350332594287e+02 7.393206208425721115e+02
6.194661016949152099e+02 7.391355932203389330e+02
6.182770120053356777e+02 7.392970208981769247e+02
6.183648888888889132e+02 7.393062222222222317e+02
6.203557192374349825e+02 7.405463604852686785e+02
6.232651515151515014e+02 7.416666666666666288e+02
6.246353430353429985e+02 7.418195426195426307e+02
6.233133029423953531e+02 7.418814753418980672e+02
