5.934441993824437986e+02 7.327710630789589459e+02
5.911777176364456636e+02 7.326756878664862143e+02
5.929599109131403338e+02 7.332062360801782006e+02
5.985435943060498403e+02 7.340827402135231523e+02
6.070120106761565921e+02 7.354177046263345119e+02
6.139711191335740068e+02 7.362987364620938706e+02
6.196242152466368225e+02 7.379183856502241952e+02
6.233057887759611049e+02 7.400362350861688583e+02
6.255827149716280928e+02 7.414971628109996118e+02
6.287915239726027039e+02 7.432696917808219723e+02
6.326833405828621153e+02 7.442905611135275876e+02
6.367539612676056322e+02 7.449639084507042526e+02
6.407169243986254514e+02 7.454926975945016920e+02
6.429468832309042909e+02 7.453235294117647527e+02
6.351873905429072238e+02 7.440932574430822797e+02
6.258433787945446056e+02 7.430145182578090726e+02
6.196030567685589858e+02 7.414187772925764648e+02
6.148907270352633532e+02 7.398532868959512143e+02
6.125505330490404958e+02 7.383961620469083300e+02
6.106512319456244313e+02 7.372349192863212011e+02
6.079057569296375050e+02 7.357279317697227725e+02
6.023944516688339945e+02 7.344824447334200386e+02
5.975617879053461365e+02 7.340709903593339050e+02
5.937018769096464439e+02 7.340742034046268145e+02
5.924136597938144178e+02 7.345674398625429831e+02
5.948766709788701519e+02 7.351272100043122464e+02
6.006669619131974969e+02 7.352046058458813604e+02
6.171182179091309763e+02 7.375019850022055152e+02
