6.228115879828326342e+02 7.399291845493562505e+02
6.222479446127217670e+02 7.395863262656858979e+02
6.217362778730703212e+02 7.398481989708404853e+02
6.215208333333333712e+02 7.400799319727891543e+02
6.213453695836873294e+02 7.402990654205607370e+02
6.215528213831141784e+02 7.409427238014425257e+02
6.216489587760305540e+02 7.408788780280492574e+02
6.214455825864276903e+02 7.408523260776781854e+02
6.204967907573812909e+02 7.408562259306803526e+02
6.199333333333332803e+02 7.407397849462365684e+02
6.192594479830148657e+02 7.410131634819532565e+02
6.190499365213711371e+02 7.409627592044012090e+02
6.189915895710681752e+02 7.408166526492850608e+02
6.192228376651044073e+02 7.408934810396250441e+02
6.190710084033613612e+02 7.406798319327731406e+02
6.184885204081632537e+02 7.405799319727891543e+02
6.173884680134680139e+02 7.406738215488215928e+02
6.167872788542543958e+02 7.406099410278011419e+02
6.158607809847198951e+02 7.407122241086586882e+02
6.152784114913392841e+02 7.410477397549641410e+02
6.146043256997455728e+02 7.407714164546225675e+02
6.142192945176370813e+02 7.407811304717381518e+02
6.144869966442953455e+02 7.404026845637583847e+02
6.153817796610169353e+02 7.398745762711864700e+02
6.161351694915254029e+02 7.399699152542373213e+02
6.169449618966976914e+02 7.402349703640982170e+02
6.176141396933560372e+02 7.397721465076660934e+02
6.169334763948497766e+02 7.396948497854077686e+02
6.162811830261465502e+02 7.396043720531504277e+02
6.160034100596760709e+02 7.396202046035805324e+02
6.167312013828867521e+02 7.393098530682800629e+02
6.175694147800085148e+02 7.397296027338744580e+02
6.190787435456110188e+02 7.395438898450946681e+02
6.196207195491980428e+02 7.394000866926744493e+02
6.203743567753001571e+02 7.394987135506003142e+02
6.215517834121186524e+02 7.396115169746454967e+02
6.221412116040955880e+02 7.398361774744026889e+02
6.221929371231697132e+02 7.397269595176571784e+02
6.214924731182795767e+02 7.396073118279570053e+02
6.207571125265392311e+02 7.397176220806794618e+02
6.204754168448055225e+02 7.395994014536126997e+02
6.203867566427667271e+02 7.404306199915647539e+02
6.207395348837209212e+02 7.409133192389006126e+02
6.210759709773794839e+02 7.409492104139991397e+02
