6.207613892647722196e+02 7.397577807848443854e+02
6.236268390548373191e+02 7.402719572001783490e+02
6.248628747795414711e+02 7.407275132275132137e+02
6.240505716798593312e+02 7.406429199648197255e+02
6.215761298815269811e+02 7.402593242650285674e+02
6.180448275862069067e+02 7.403672413793103715e+02
6.144062101233517978e+02 7.400063802637175741e+02
6.120221109720483810e+02 7.402248644138506961e+02
6.107452282157676109e+02 7.402950207468879853e+02
6.101280362289007826e+02 7.404923836969946933e+02
6.100594059405940470e+02 7.404715346534653690e+02
6.107759197324414799e+02 7.407278428093645744e+02
6.120545218520121580e+02 7.404694937256598450e+02
6.141503296703297110e+02 7.404074725274725779e+02
6.150452127659574444e+02 7.401187943262411864e+02
6.146101331043365690e+02 7.408376985830828971e+02
6.137504280821917746e+02 7.401134417808219723e+02
6.124612780363944466e+02 7.405027507405840197e+02
6.101483069009858582e+02 7.402177453921989354e+02
6.095754997873245884e+02 7.401850276478094202e+02
6.103742463393625712e+02 7.398789836347975779e+02
6.122465928449744297e+02 7.398875638841567479e+02
6.143413910093299819e+02 7.408167938931297840e+02
6.161236842105263349e+02 7.399771929824561312e+02
6.162566448801742354e+02 7.403899782135076748e+02
6.147692638829100815e+02 7.407365475678002440e+02
6.134431034482759060e+02 7.408202586206896285e+02
6.124176776429809479e+02 7.408067590987868698e+02
6.121639065817410028e+02 7.412675159235668616e+02
6.129412017167381919e+02 7.410030042918455138e+02
6.145289042277826184e+02 7.406773080241587195e+02
6.169881214254289716e+02 7.402155741311042902e+02
6.257041942604856786e+02 7.398622516556291657e+02
6.285834057341442076e+02 7.401702867072111758e+02
6.299882301656494974e+02 7.400383609415868023e+02
6.279242225142356801e+02 7.396999561979851023e+02
6.237091791703442141e+02 7.391615180935568787e+02
6.190551632833186204e+02 7.391840247131509614e+02
6.155151933701657754e+02 7.383715469613259756e+02
6.145776566757492674e+02 7.395504087193460236e+02
6.167631929046563073e+02 7.398749445676274945e+02
6.204966945791097714e+02 7.402097840458351357e+02
6.242241305281236237e+02 7.410012881064834573e+02
6.271663785652549450e+02 7.409222126188418542e+02
6.291125970664365923e+02 7.408951682484901085e+02
6.296282271944922968e+02 7.407904475043029606e+02
6.289836488812392190e+02 7.404229776247848349e+02
6.266366694701430333e+02 7.399074852817493593e+02
6.235037437603992885e+02 7.397778702163061553e+02
6.203188841201716741e+02 7.392536480686695768e+02
6.171663019693654633e+02 7.388442013129102861e+02
6.159635135135134760e+02 7.384648648648649214e+02
6.175829191143244543e+02 7.385151378219611615e+02
6.215527978339350739e+02 7.388140794223826333e+02
6.248099773242630590e+02 7.388272108843536898e+02
6.261906649053280489e+02 7.399370321444297360e+02
6.257695709862892954e+02 7.398951791242812988e+02
6.229576158940396908e+02 7.391103752759381678e+02
6.189617750439367683e+02 7.391252196836555868e+02
6.156616638078902497e+02 7.391796740994853963e+02
6.134357993197278347e+02 7.388945578231292757e+02
6.122169378389653502e+02 7.394071756362119459e+02
6.121579384871155298e+02 7.394717373233582975e+02
6.139927226027397182e+02 7.389597602739726199e+02
