6.244599914420197138e+02 7.349050064184851863e+02
6.173338975878120891e+02 7.310495133305120135e+02
6.115478632478632335e+02 7.281064102564102996e+02
6.063405948889819683e+02 7.259187264348554436e+02
6.017102459016393823e+02 7.246508196721310924e+02
5.990821517931609606e+02 7.237068390325271139e+02
5.981773789649415676e+02 7.240484140233722883e+02
5.987713080168775832e+02 7.258645569620252900e+02
6.013109243697479087e+02 7.283600840336134752e+02
6.046915692821369248e+02 7.314023372287144866e+02
6.099115448504983306e+02 7.356656976744186522e+02
6.153953488372093261e+02 7.392012684989429090e+02
6.202932072226999480e+02 7.431496130696474438e+02
6.268608358466178743e+02 7.471357173632054582e+02
6.326629358588032801e+02 7.504468359879466561e+02
6.368813704496787977e+02 7.529486081370449710e+02
6.397399394201644327e+02 7.543020337516227301e+02
6.409685751183814091e+02 7.552359018510546775e+02
6.406105851979345971e+02 7.549023235800344764e+02
6.379924778761062498e+02 7.530362831858407162e+02
6.339634361233480604e+02 7.511806167400881122e+02
6.290229636048526345e+02 7.493058925476602781e+02
6.216949152542373440e+02 7.457674923946110539e+02
6.144997792494481246e+02 7.420953642384106388e+02
6.073714032757857240e+02 7.384395750332005264e+02
6.014084745762711464e+02 7.349398305084745289e+02
5.965691331923890175e+02 7.322790697674419107e+02
5.920942857142856610e+02 7.304314285714285688e+02
5.884428980761358616e+02 7.280953745395006536e+02
5.869946457990115505e+02 7.270564250411861167e+02
5.867789129546383720e+02 7.270874540253371379e+02
5.884051110180142814e+02 7.278973607038122964e+02
5.927804068078040700e+02 7.298393524283935676e+02
5.990373322147651152e+02 7.319907718120805384e+02
6.091328158689090060e+02 7.352664941785252495e+02
6.183760945709282169e+02 7.388204903677758466e+02
6.267708424268878389e+02 7.421370580532518488e+02
6.367397137745974760e+02 7.456730769230769056e+02
6.462513227513227321e+02 7.489810405643738704e+02
6.542493506493506175e+02 7.513415584415583908e+02
6.602144714038128086e+02 7.534090121317158264e+02
6.612462555066078949e+02 7.531643171806167629e+02
6.601690582959640778e+02 7.523834080717489314e+02
6.525029585798816925e+02 7.484296768320436968e+02
6.471646072374227288e+02 7.458243601059134562e+02
6.382345624167037386e+02 7.427556641492669769e+02
6.297974902639549555e+02 7.400670705322371532e+02
6.194929639401934764e+02 7.363333333333333712e+02
6.083504712939160299e+02 7.333543273350471736e+02
5.984928292046936349e+02 7.309074315514993714e+02
5.888380102040816837e+02 7.295816326530612059e+02
5.789623430962343491e+02 7.287058577405857704e+02
5.725976529756915170e+02 7.283683989941324626e+02
5.691733109525807777e+02 7.284947545111203908e+02
5.682119834710744044e+02 7.302285123966942137e+02
5.688014184397162580e+02 7.323375052148519444e+02
5.717205203524968056e+02 7.349710449013848574e+02
5.772070856178827398e+02 7.384550822437789748e+02
5.833667262969588592e+02 7.406211985688729555e+02
5.917663260772990270e+02 7.434624611283874174e+02
6.027134146341463747e+02 7.468810975609756042e+02
6.129473684210526017e+02 7.492247992863515265e+02
6.222901098901098749e+02 7.510606593406592992e+02
6.316096162329068875e+02 7.528539920599911284e+02
6.384564352056612506e+02 7.531751437417071884e+02
6.427065265002189562e+02 7.535400788436268158e+02
6.453496774193548617e+02 7.527956989247311412e+02
6.454470126471870799e+02 7.505996511120802097e+02
6.432819287576020315e+02 7.481398783666377312e+02
6.380411738939991437e+02 7.447915024091107625e+02
6.325786026200872811e+02 7.412213973799126734e+02
6.265688984881209080e+02 7.373585313174945668e+02
6.203480497213887475e+02 7.329875696528075650e+02
6.142024565861922838e+02 7.299097839898348639e+02
6.086813139931740579e+02 7.271356655290102253e+02
6.031499792272538798e+02 7.253506439551308631e+02
5.998706030150754032e+02 7.237533500837521387e+02
5.975163968451639676e+02 7.237310087173100328e+02
5.973012954450480265e+02 7.251659005432511549e+02
5.988546069315300429e+02 7.271601859678783057e+02
6.026810418445772939e+02 7.293219470538001588e+02
6.085357142857143344e+02 7.332512605042016958e+02
6.137609901835254504e+02 7.372513871105420549e+02
6.186463730569947757e+02 7.409594127806562938e+02
6.253603327495621897e+02 7.450630472854641084e+02
6.359369527145358916e+02 7.514347635726794579e+02
