6.108386516853933017e+02 7.322265168539325941e+02
6.033398926654740535e+02 7.352500000000000000e+02
5.980699606471359857e+02 7.386825535636204449e+02
5.937628955353272886e+02 7.416601647160814537e+02
5.894667246628969224e+02 7.453792953458025750e+02
5.860356676816006711e+02 7.485841670291431456e+02
5.832483857081360838e+02 7.512427894963409472e+02
5.821208139041966660e+02 7.537952522255193344e+02
5.813322105263157482e+02 7.564320000000000164e+02
5.803176272612537332e+02 7.584913756836348284e+02
5.788867138692211256e+02 7.603094543940025005e+02
5.772547288776796677e+02 7.607906683480454149e+02
5.764891257995735714e+02 7.611535181236673679e+02
5.776263877028180787e+02 7.610580700256191449e+02
5.802638888888889142e+02 7.602430555555555429e+02
5.836014971378247083e+02 7.590559225011007811e+02
5.888965667101260806e+02 7.580521512385919323e+02
5.948625106746370648e+02 7.566199829205806964e+02
6.007228400342172563e+02 7.542891360136868570e+02
6.087988013698629857e+02 7.513728595890411270e+02
6.172643229166666288e+02 7.489340277777778283e+02
6.242377084224027612e+02 7.462637879435656032e+02
6.312813168020521744e+02 7.430889268918341486e+02
6.369383412939644131e+02 7.401676074685193498e+02
6.427214472537052643e+02 7.338487358326068488e+02
6.443213660245183974e+02 7.312460595446584648e+02
6.461771582733813375e+02 7.286016187050360031e+02
6.482837653478853781e+02 7.262637562528421995e+02
6.508016341352700920e+02 7.244053563322742093e+02
6.514637876743139486e+02 7.238425551057130178e+02
6.514202898550724967e+02 7.222273550724637516e+02
6.519909543193125501e+02 7.217521483491632353e+02
6.524374164810690218e+02 7.211278396436525782e+02
6.514526407682234321e+02 7.214596246180707340e+02
6.499026701119723839e+02 7.217825150732127213e+02
6.465350346020761663e+02 7.220942906574395010e+02
6.400818536162840928e+02 7.233100909484625163e+02
6.325441370223978765e+02 7.246916996047431212e+02
6.260048867170146423e+02 7.264251443802754693e+02
6.175169039145907846e+02 7.292535587188611998e+02
6.097691292875989575e+02 7.324837291116974711e+02
6.036690550828482174e+02 7.353300492610837864e+02
5.976324635117205162e+02 7.386152145068554091e+02
5.935002192021042902e+02 7.421832529592284118e+02
5.895289145907473767e+02 7.445814056939501597e+02
5.864086580086579943e+02 7.485567099567099376e+02
5.840293367346938567e+02 7.515374149659863861e+02
5.828019717102442883e+02 7.543150450064295001e+02
5.809347193347193752e+02 7.591068607068607434e+02
