6.197818574514038801e+02 7.394920086393088923e+02
6.185396551724137453e+02 7.391448275862069295e+02
6.173200350723367364e+02 7.386479614204296240e+02
6.168263090676883849e+02 7.390515112813963015e+02
6.165490445859873034e+02 7.389273885350318096e+02
6.166315789473684390e+02 7.388544142614600787e+02
6.167800599058622311e+02 7.388095849379546962e+02
6.167388286334056602e+02 7.384759219088937243e+02
6.173154450261780539e+02 7.385903141361256985e+02
6.183535528596187305e+02 7.389081455805892347e+02
6.183475636050021649e+02 7.389642087106511781e+02
6.185574121679520658e+02 7.391328191945158324e+02
6.182681895093062394e+02 7.395752961082910133e+02
6.172736170212765501e+02 7.393970212765957513e+02
6.161324027072757872e+02 7.394703891708967376e+02
6.151019376579612299e+02 7.396061499578770508e+02
6.146461148648648987e+02 7.392736486486486456e+02
6.134399308556611459e+02 7.385812445980985785e+02
6.118226495726495386e+02 7.385752136752137176e+02
6.124149214659686322e+02 7.385916230366492528e+02
6.128791773778920060e+02 7.391675235646957844e+02
6.139608770421324380e+02 7.388809114359415844e+02
6.150659293917482273e+02 7.391748192258613699e+02
6.157879435656263922e+02 7.387263787943566058e+02
6.159317199654278738e+02 7.383984442523768621e+02
6.150693196405647996e+02 7.390175438596490949e+02
6.142328589909443508e+02 7.388408796895213300e+02
6.139622803257608439e+02 7.390252893270467212e+02
6.137380952380951840e+02 7.398133503401360258e+02
6.136101190476190368e+02 7.398907312925169890e+02
6.136434968017057372e+02 7.399628997867804401e+02
6.152412299696839000e+02 7.394473798181030588e+02
6.162078482104354862e+02 7.391750754635618250e+02
6.174541613857203401e+02 7.397532741867343020e+02
6.183533083645443185e+02 7.403220973782771352e+02
6.184588893671975711e+02 7.398372793801119087e+02
6.180111587982833043e+02 7.401836909871244643e+02
6.186646603611350201e+02 7.403757523645743959e+02
6.194398976982097338e+02 7.403431372549019898e+02
6.196582914572863956e+02 7.405067001675041638e+02
6.197231422505308274e+02 7.400343949044586225e+02
6.198582214765100389e+02 7.400075503355704996e+02
6.198467030659386410e+02 7.400911381772364166e+02
6.188876936316695492e+02 7.402637693631669435e+02
6.183619870410367412e+02 7.404544276457883143e+02
6.185216440752077460e+02 7.402208132925229620e+02
6.187732456140350905e+02 7.402043859649122624e+02
6.196951541850220337e+02 7.405242290748898313e+02
6.210852444829077967e+02 7.406767633059281479e+02
6.234766194766194758e+02 7.411703131703131930e+02
6.250386764073914492e+02 7.414976364417705099e+02
6.258332620778110140e+02 7.409846088071825534e+02
6.259260215053762977e+02 7.409088172043010445e+02
6.250227272727272521e+02 7.405257867132867204e+02
6.235403011514614491e+02 7.399472984942426592e+02
6.219245200698080680e+02 7.400423211169284059e+02
6.210396126760563220e+02 7.399916373239436780e+02
6.209124564459930298e+02 7.402756968641115236e+02
6.211267241379309780e+02 7.407189655172413723e+02
6.223620539599652375e+02 7.406166231505657152e+02
6.238139130434782373e+02 7.403865217391304441e+02
6.244620985010706136e+02 7.408886509635974562e+02
6.249068965517241168e+02 7.409724137931034420e+02
6.247825711820535162e+02 7.413943054357204119e+02
6.237163212435233390e+02 7.415423143350604960e+02
6.217087033747779969e+02 7.408321492007104325e+02
6.199973649538867448e+02 7.407000439174352096e+02
6.186111111111110858e+02 7.405236220472440891e+02
6.180026166593981998e+02 7.407457479284779538e+02
6.178663793103448825e+02 7.408293103448276042e+02
6.178008528784648661e+02 7.409437100213219765e+02
6.173971210838273009e+02 7.409631668077900031e+02
6.172572278911565036e+02 7.410280612244897611e+02
6.174279569892472637e+02 7.408670967741935556e+02
6.181314310419369349e+02 7.407773454388239998e+02
6.182872062663185488e+02 7.409486510008703135e+02
6.180733506944444571e+02 7.409149305555555429e+02
6.163445305770886762e+02 7.410422049956933961e+02
