6.312362278244630716e+02 7.325840336134453992e+02
6.314307909604519864e+02 7.317740112994350739e+02
6.318043884220354585e+02 7.315028011204482254e+02
6.287680535628885536e+02 7.312615973218555609e+02
6.236886792452829695e+02 7.330745283018867440e+02
6.187385589094450324e+02 7.344391431353457165e+02
6.142272506082724703e+02 7.360481751824817138e+02
6.114188357785139942e+02 7.375754850922858168e+02
6.093145604395604096e+02 7.398873626373626848e+02
6.062904231625834655e+02 7.416160356347438665e+02
6.040522875816993746e+02 7.425551198257080614e+02
6.024196313759108534e+02 7.431393056150878920e+02
6.023182786536003732e+02 7.435521942905837705e+02
6.037993338884263039e+02 7.447393838467943397e+02
6.072105921601335012e+02 7.447064220183485759e+02
6.096804123711340253e+02 7.445080412371133889e+02
6.118832298136645704e+02 7.435772256728778302e+02
6.148926624737945303e+02 7.423350104821803370e+02
6.188531409168081154e+02 7.417143463497453695e+02
6.228458598726114133e+02 7.413668789808916699e+02
6.256865148861646730e+02 7.396593695271453726e+02
6.269346000883782608e+02 7.385117101193106919e+02
6.283022303140646727e+02 7.363782430587164072e+02
6.300167364016735974e+02 7.341455137145513845e+02
6.304172494172494225e+02 7.326703962703962816e+02
6.308860453887010635e+02 7.319150169000482720e+02
6.306009478672986006e+02 7.320028436018957336e+02
6.280418052256532064e+02 7.323605700712589623e+02
6.177362428842504869e+02 7.353989563567362211e+02
