6.257018308631211312e+02 7.407035745422841728e+02
6.259510610653962885e+02 7.407293200519706033e+02
6.259634464751958376e+02 7.406597040905135145e+02
6.256615720524017661e+02 7.403703056768558781e+02
6.249463818657367256e+02 7.405278988666085525e+02
6.249372837370242451e+02 7.407651384083045514e+02
6.250325520833333712e+02 7.407699652777778283e+02
6.250051768766177247e+02 7.407230371009491137e+02
6.248410852713178656e+02 7.405185185185184764e+02
6.247119825708060716e+02 7.400779956427015804e+02
6.245410752688171669e+02 7.402989247311827512e+02
6.240794270833333712e+02 7.400477430555555429e+02
6.240495221546481162e+02 7.401733275412684634e+02
6.238166882836143259e+02 7.400890618244703774e+02
6.238498057833405710e+02 7.400181268882174663e+02
6.235480225988700340e+02 7.397774880486745133e+02
6.226500857632933048e+02 7.399305317324185580e+02
6.216712211784799820e+02 7.397446626814688670e+02
6.206163141993957879e+02 7.394259818731118230e+02
6.197915601023017871e+02 7.396781756180732827e+02
6.189622641509433834e+02 7.392692967409948324e+02
6.175862955032119999e+02 7.393271948608137336e+02
6.157694623655913801e+02 7.395870967741935829e+02
6.146935276468067286e+02 7.398306900985854782e+02
6.145583972719522308e+02 7.395924978687127123e+02
6.142342304457527007e+02 7.395807401177460179e+02
6.138737781555461197e+02 7.396570335741606641e+02
6.126515934539190766e+02 7.392351421188629956e+02
6.123354783354783422e+02 7.393281853281853273e+02
6.121707941929973913e+02 7.393706233988044687e+02
6.114658411614004763e+02 7.394376601195559715e+02
6.112001718213058439e+02 7.391305841924398692e+02
6.113288619645175004e+02 7.386161834703591467e+02
6.113210890233361852e+02 7.383487467588590789e+02
6.111447480785653852e+02 7.386609735269000794e+02
6.109835994820889482e+02 7.388821752265861278e+02
6.108065615679590792e+02 7.391299531316574303e+02
6.106643981284560141e+02 7.393130582730752849e+02
6.104742224115892668e+02 7.390319556881124754e+02
6.104212108200944158e+02 7.385920996135680525e+02
6.102794437201216624e+02 7.380834419817471144e+02
6.102463139635732432e+02 7.383352124891587209e+02
6.103800086169754877e+02 7.388591124515295405e+02
6.106903729401560668e+02 7.387896790980051946e+02
6.112481720430107544e+02 7.391307526881720378e+02
6.118717391304347757e+02 7.387699999999999818e+02
6.123899782135076748e+02 7.386261437908497101e+02
6.128777388255915639e+02 7.384614373356704391e+02
6.138493923611110858e+02 7.385473090277778283e+02
6.159720524017467369e+02 7.384829694323144622e+02
6.170530738611233801e+02 7.386638655462185170e+02
6.167651152675076673e+02 7.388299260548064922e+02
6.167669902912621183e+02 7.383530450132392389e+02
6.175587079877782344e+02 7.382326494980358120e+02
6.183219895287958252e+02 7.384149214659686322e+02
6.184602076124567702e+02 7.390103806228373742e+02
6.184997843898231622e+02 7.393583441138421222e+02
6.189099099099098567e+02 7.392548262548262983e+02
6.195285961871750260e+02 7.389995667244367041e+02
6.195080051925573343e+02 7.390926006057983386e+02
6.190856898029134072e+02 7.392544987146529820e+02
6.191068801384682274e+02 7.391246213760276760e+02
6.190804498269895930e+02 7.392534602076124202e+02
6.194163716814159670e+02 7.389123893805309535e+02
6.193147583804963006e+02 7.391001306051371103e+02
6.194707678883071367e+02 7.390100349040139918e+02
6.194089732528041168e+02 7.391242450388265297e+02
6.198476562500000000e+02 7.394826388888889142e+02
