6.183590831918505728e+02 7.402606112054329515e+02
6.183602909713307554e+02 7.402332049636286229e+02
6.168109409190371935e+02 7.394332603938730699e+02
6.159085023737591200e+02 7.398757013379370164e+02
6.159693225394120191e+02 7.401005538985939438e+02
6.176621792175010341e+02 7.401476651241059699e+02
6.195559322033898297e+02 7.399487288135593417e+02
6.194634974533106515e+02 7.397054329371816266e+02
6.175451448040886362e+02 7.395954003407155142e+02
6.163694456199746128e+02 7.399360981802792594e+02
6.167510638297871992e+02 7.399063829787233999e+02
6.172074978204010449e+02 7.395126416739319666e+02
6.182547250859106498e+02 7.397268041237113039e+02
6.190334907685702319e+02 7.397548303993130503e+02
6.188722580645161315e+02 7.398812903225806394e+02
6.181720103986135655e+02 7.396585788561525305e+02
6.174697633654689071e+02 7.397730061349693642e+02
6.163914559721010846e+02 7.397327811682650918e+02
6.160153374233128716e+02 7.394767747589833107e+02
6.166627192982456336e+02 7.391258771929824434e+02
6.180904802744424842e+02 7.397465694682675803e+02
6.186804657179818605e+02 7.398693402328590309e+02
6.176693651469961424e+02 7.397669365146996370e+02
6.167813852813852691e+02 7.395233766233766346e+02
