6.258709534368070990e+02 7.403356984478936056e+02
6.309897868561279211e+02 7.407171403197157815e+02
6.347077197679607252e+02 7.412208835341365329e+02
6.341452318460192146e+02 7.416062992125984010e+02
6.309240282685511829e+02 7.409231448763250683e+02
6.246884312007011886e+02 7.406086765994741654e+02
6.189516760992598847e+02 7.406190683500217347e+02
6.141234408602150552e+02 7.399363440860214496e+02
6.097999148573861703e+02 7.398837803320561761e+02
6.088837894736842600e+02 7.401229473684210234e+02
6.099190455901150472e+02 7.401653174265019288e+02
6.130349439171699260e+02 7.406117342536670094e+02
6.166020495303159805e+02 7.412019641332194624e+02
6.202192307692307622e+02 7.418128205128205082e+02
6.227920962199312953e+02 7.420902061855670127e+02
6.213999999999999773e+02 7.418844827586207202e+02
6.181651534803286268e+02 7.412006052745352918e+02
6.141361702127659328e+02 7.405306382978723150e+02
6.099284779764500399e+02 7.393890100305277429e+02
6.048634209392503180e+02 7.392279190004308020e+02
6.022272143774068809e+02 7.387513906718014596e+02
6.019269662921348072e+02 7.382986171132238269e+02
6.036287192755497699e+02 7.384816731349719703e+02
6.085160311958405828e+02 7.388548526863085044e+02
6.145358241758241320e+02 7.389199999999999591e+02
6.226558412268831262e+02 7.391078033378439613e+02
6.283730593607306218e+02 7.396191780821917519e+02
6.328503552397868361e+02 7.404618117229130121e+02
6.348580901856763603e+02 7.405716180371352948e+02
6.326426360017691195e+02 7.406992481203008083e+02
6.215924495924496114e+02 7.400107250107249683e+02
