6.194883318928262952e+02 7.393638720829732165e+02
6.178022501081783275e+02 7.392276070964950350e+02
6.158307757885762612e+02 7.398482523444159824e+02
6.154238297872340127e+02 7.396514893617021471e+02
6.156637055837563821e+02 7.398540609137055526e+02
6.147200167154200017e+02 7.400204763894693087e+02
6.140920887400585571e+02 7.401142737547090746e+02
6.136275083612040362e+02 7.401116220735785873e+02
6.131624110506487568e+02 7.401632482210129638e+02
6.123562736046999362e+02 7.400902224087284367e+02
6.113240740740740193e+02 7.401969696969697452e+02
6.106087516087516178e+02 7.397996567996567592e+02
6.096091065292096118e+02 7.399140893470790843e+02
6.100215053763440665e+02 7.400941935483871248e+02
6.101837606837607382e+02 7.399119658119658425e+02
6.103524625267665442e+02 7.398843683083512133e+02
6.102015209125474939e+02 7.399400084495141527e+02
6.103854299025836099e+02 7.398979246082168402e+02
6.107089300758213994e+02 7.399111204717776218e+02
6.111315902271753657e+02 7.396463780540077551e+02
6.116194727891156617e+02 7.397079081632653015e+02
6.123517652062952266e+02 7.395457252233092049e+02
6.138818066694807385e+02 7.398484592655129291e+02
6.150284757118928383e+02 7.399346733668342040e+02
6.153478260869565020e+02 7.398632943143812781e+02
6.154613445378150800e+02 7.397323529411764866e+02
6.165572584078331602e+02 7.394401873137505845e+02
6.183391489361702043e+02 7.398289361702127280e+02
6.193097686375321018e+02 7.399065981148243054e+02
6.202775180620484434e+02 7.397972800679982583e+02
6.215246731336989114e+02 7.402576971741881380e+02
6.229342941924544448e+02 7.400224671470962221e+02
6.247462311557789008e+02 7.408341708542714059e+02
6.254890016920473954e+02 7.404619289340101886e+02
6.260170648464163605e+02 7.403007679180886953e+02
6.267817493692177777e+02 7.405332211942809408e+02
6.280939342881213179e+02 7.408011794439763662e+02
6.290388390951770816e+02 7.403751600512164259e+02
6.288174061433446695e+02 7.403093003412968756e+02
6.278167023554603929e+02 7.401811563169164856e+02
6.267167090754877563e+02 7.406475826972010736e+02
6.261981332201951318e+02 7.403364446330081137e+02
6.253764906303237012e+02 7.399229131175468410e+02
6.243621193158114693e+02 7.406261994159366395e+02
6.227172470978441652e+02 7.402504145936982241e+02
6.224520084566596552e+02 7.399298097251585205e+02
6.218576271186440181e+02 7.400483050847457207e+02
6.205390557939914515e+02 7.397184549356222760e+02
6.184094554664415000e+02 7.400590966652596308e+02
6.168939914163090634e+02 7.395656652360514727e+02
6.163146404109588730e+02 7.397281678082191547e+02
6.165809236081139488e+02 7.395343116098403016e+02
6.158764429243266250e+02 7.395549380076955686e+02
6.147617220801364510e+02 7.396547314578004944e+02
6.139564666103127593e+02 7.399323753169907150e+02
6.124270967741935010e+02 7.400984946236559381e+02
