6.214966583124478348e+02 7.409970760233918554e+02
6.209901245169601225e+02 7.404989265779304333e+02
6.207418397626112210e+02 7.405671894870707774e+02
6.204267926148561401e+02 7.399454701588664420e+02
6.199579399141630347e+02 7.396798283261803135e+02
6.187771575783598337e+02 7.397702876771146521e+02
6.185958083832335888e+02 7.400765611633875096e+02
6.177413719642096339e+02 7.400532594801874211e+02
6.170012658227848306e+02 7.406050632911392313e+02
6.162948773138183469e+02 7.404365045200172517e+02
6.159525657611038696e+02 7.406640793445450299e+02
6.154559829059828644e+02 7.402982905982905777e+02
6.153382291229542034e+02 7.403994964330676112e+02
6.153270281630937006e+02 7.402059688944934805e+02
6.156739957716702065e+02 7.397619450317124574e+02
6.154479429051217494e+02 7.398623005877414016e+02
6.158840764331209812e+02 7.403036093418259043e+02
6.163793399057008173e+02 7.403373339048436037e+02
6.168896995708154236e+02 7.406326180257510714e+02
6.166472602739726199e+02 7.405291095890411270e+02
6.173843187660668264e+02 7.404665809768637246e+02
6.183347529812606354e+02 7.406132879045997015e+02
6.192106157112526716e+02 7.400819532908705014e+02
6.199114627887082634e+02 7.397869974337040730e+02
6.197949808592088630e+02 7.402756273925989490e+02
6.203696020321760898e+02 7.401507197290432032e+02
6.207645051194539292e+02 7.400473549488054914e+02
6.203034571062739815e+02 7.406521553563807174e+02
6.202098346757099989e+02 7.410508690122933331e+02
6.197308662741800163e+02 7.406030277544155069e+02
6.192140750105352254e+02 7.408546144121365842e+02
6.190380067567567721e+02 7.406697635135135442e+02
6.186147959183673493e+02 7.397925170068027683e+02
6.181618081960286872e+02 7.398804393747359427e+02
6.168485738255033084e+02 7.402915268456375770e+02
