6.195343309859155170e+02 7.383235035211267814e+02
6.174790496760259657e+02 7.383416846652268077e+02
6.160096406660824186e+02 7.384070990359333564e+02
6.154393088552915287e+02 7.388159827213822837e+02
6.148215821152192575e+02 7.389325021496130148e+02
6.139026510212951280e+02 7.392581486310299397e+02
6.127604347826087405e+02 7.394930434782609154e+02
6.124498044328553306e+02 7.399634941329856019e+02
6.122313336210617081e+02 7.402779456193353553e+02
6.122943478260870052e+02 7.401773913043477933e+02
6.123777009507346065e+02 7.402752808988764173e+02
6.127469775474957032e+02 7.403683074265975392e+02
6.137534722222221717e+02 7.398936631944444571e+02
6.144201284796573646e+02 7.398543897216273990e+02
6.149028960817717007e+02 7.401298977853492715e+02
6.179165239726027039e+02 7.394824486301370143e+02
6.192331022530329392e+02 7.391702772963604957e+02
6.208775597269624313e+02 7.394867747440273433e+02
6.227628691983122735e+02 7.394497890295358502e+02
6.246598026598026081e+02 7.388858858858858412e+02
6.258097095795404812e+02 7.389635890767229967e+02
6.256456692913385496e+02 7.386198600174977855e+02
6.246400871459694599e+02 7.385411764705881978e+02
6.238366098733071112e+02 7.381909130624726458e+02
6.230986842105263577e+02 7.384701754385964705e+02
6.210971254355400788e+02 7.382979094076655429e+02
6.188162637362637497e+02 7.380589010989010603e+02
6.176752848378615681e+02 7.382892199824715362e+02
6.167975513773502598e+02 7.386042850896370737e+02
6.161140466754733325e+02 7.386627036547776015e+02
6.145561290322580135e+02 7.395122580645161179e+02
