6.120670807453416273e+02 7.396600414078675385e+02
6.085610068259385343e+02 7.392363481228668434e+02
6.060058009817046241e+02 7.385029004908523120e+02
6.062733274647887356e+02 7.388860035211267814e+02
6.084873501997336689e+02 7.390670217487794389e+02
6.118610258658483190e+02 7.394046470846120656e+02
6.150042625745950318e+02 7.397915601023017871e+02
6.159144903117102103e+02 7.398083403538331595e+02
6.153644032053986166e+02 7.396959088991986846e+02
6.158519148936170495e+02 7.393999999999999773e+02
6.176321839080459313e+02 7.392464878671775068e+02
6.212514595496246557e+02 7.397685571309424404e+02
6.254519966015293448e+02 7.390981308411214741e+02
6.274347100542344151e+02 7.395369211514392873e+02
6.264727905964301726e+02 7.394118415324336411e+02
6.229046770601336220e+02 7.387741648106904222e+02
6.201647544745295590e+02 7.387425424506654963e+02
6.184108251996450463e+02 7.396193433895297176e+02
6.177075098814228795e+02 7.395709266578832057e+02
6.186323275862068840e+02 7.400573275862069522e+02
6.206041131105398563e+02 7.399361610968294372e+02
6.223210141813493692e+02 7.397417275461967847e+02
6.232362707535121444e+02 7.395304384844614560e+02
6.229627568493150420e+02 7.393797089041096342e+02
6.207731560891937761e+02 7.389888507718696928e+02
6.183516483516483504e+02 7.391906170752324670e+02
6.156348195329087503e+02 7.391447983014861620e+02
6.122938947368420486e+02 7.391414736842104958e+02
6.093502994011976170e+02 7.387822925577416981e+02
6.069543459174714144e+02 7.384574187884109051e+02
6.070542463317029842e+02 7.386260560248999809e+02
6.125507812500000000e+02 7.396462673611110858e+02
