5.756219192448872946e+02 6.632695332983744265e+02
5.646361256544502112e+02 6.625429319371727388e+02
5.539851616322204109e+02 6.625389507154212652e+02
5.459495625321667376e+02 6.654493051981471581e+02
5.399461576113558294e+02 6.695937347038668577e+02
5.334317641464574535e+02 6.759985734664765005e+02
5.279296987087517437e+02 6.840258249641319708e+02
5.229985337243401773e+02 6.933396871945259363e+02
5.182824465440079393e+02 7.045604177026355046e+02
5.159841351074718432e+02 7.154713408393040481e+02
5.169852459016393595e+02 7.266846994535519570e+02
5.209869822485206896e+02 7.394532544378698731e+02
5.284245161290322130e+02 7.515793548387097189e+02
5.380469543147207787e+02 7.624695431472081282e+02
5.522987804878048337e+02 7.756262195121951208e+02
5.685370919881305554e+02 7.889851632047477779e+02
5.851077908217715731e+02 7.967588046958377390e+02
6.037024509803922001e+02 8.067191176470588516e+02
6.203048433048433026e+02 8.138385565052232096e+02
6.351490942870412937e+02 8.184667905248491024e+02
6.500640681003584405e+02 8.218490143369175485e+02
6.616765100671141226e+02 8.232456375838926306e+02
6.713806366047745087e+02 8.225353669319187020e+02
6.808828193832598572e+02 8.194533039647577652e+02
6.944571556751906201e+02 8.089825033647375676e+02
7.008658865886588956e+02 8.009972997299729514e+02
7.051237668161435295e+02 7.915950672645740269e+02
7.079592944369063616e+02 7.823152419719583577e+02
7.080524193548386620e+02 7.693602150537634543e+02
7.066105834464043483e+02 7.573713251922207519e+02
7.027322623828647465e+02 7.454199018295404358e+02
6.952432789775231186e+02 7.310493609519612619e+02
6.854354045596780907e+02 7.186642825212337584e+02
6.742732946946053971e+02 7.079942041908158217e+02
6.587386956521738739e+02 6.972773913043478160e+02
6.425590004627487133e+02 6.874007403979638866e+02
6.266537904394012912e+02 6.793877353935297378e+02
6.087427346355407280e+02 6.733039542639352248e+02
5.933034999999999854e+02 6.681140000000000327e+02
5.794607303651825987e+02 6.655517758879440180e+02
5.664219251336897969e+02 6.624689839572192795e+02
5.562367875647668143e+02 6.620409326424870642e+02
5.476604651162790560e+02 6.632325581395348308e+02
5.395024557956777471e+02 6.669474459724950748e+02
5.328929942418426435e+02 6.714021113243761647e+02
5.278879818594103881e+02 6.777179138321995424e+02
5.221457627118644496e+02 6.862421307506053836e+02
5.142930066360387400e+02 7.067958141909136884e+02
