6.187589658048373167e+02 7.402110091743119256e+02
6.177135044173327287e+02 7.403251998317206244e+02
6.169563189143341333e+02 7.402773536895674624e+02
6.161073738680465794e+02 7.398447606727037282e+02
6.158277328796257279e+02 7.397775414717141302e+02
6.160997420464316292e+02 7.393443680137575029e+02
6.170577416595380100e+02 7.391180496150556110e+02
6.181424914675767468e+02 7.392687713310580193e+02
6.184326923076922640e+02 7.398219063545150220e+02
6.188454166666666652e+02 7.401699999999999591e+02
6.190384297520661221e+02 7.407677685950412751e+02
6.188777128547578741e+02 7.407178631051752973e+02
6.183116721854304387e+02 7.404925496688741759e+02
6.170190033783783292e+02 7.397086148648648987e+02
6.156498503634031749e+02 7.395181701581872176e+02
6.149563337656722979e+02 7.391297016861219618e+02
6.156107174490699663e+02 7.386674047829937990e+02
6.165310435931307893e+02 7.385306032584763898e+02
6.178084642233857267e+02 7.388237347294939354e+02
6.185284796573876065e+02 7.391520342612419654e+02
6.189854105877449229e+02 7.398282617757398612e+02
6.191536513296749717e+02 7.400063317855634750e+02
6.184985324947589334e+02 7.402285115303983503e+02
6.171243654822335429e+02 7.399906937394247279e+02
6.154731768650460708e+02 7.401010058675607297e+02
6.138393848782571922e+02 7.398009397693293749e+02
6.130116179001721548e+02 7.396845955249569897e+02
6.129470922606034264e+02 7.397367730651508282e+02
6.139670424978316987e+02 7.402957502168256951e+02
6.151374674761491406e+02 7.406587163920207786e+02
6.169474353539635558e+02 7.410305214073759998e+02
6.180638830897703428e+02 7.411457202505218902e+02
6.179912790697674154e+02 7.407782392026578009e+02
6.172743953294411767e+02 7.402130942452043882e+02
6.166822351959966682e+02 7.399512093411176465e+02
6.160523206751055341e+02 7.399341772151898340e+02
6.153712418300654008e+02 7.394222222222222172e+02
6.147737417943106948e+02 7.403391684901531562e+02
6.146050238198354236e+02 7.405266349068861018e+02
6.154710708117444256e+02 7.406990500863557827e+02
6.166219249028916920e+02 7.405269745360379829e+02
6.178855550792970917e+02 7.400745820831547235e+02
6.187165685449957664e+02 7.400231286795626602e+02
6.191283333333333303e+02 7.399075000000000273e+02
6.186853377265239260e+02 7.400008237232290185e+02
6.177803030303030027e+02 7.395589225589225180e+02
6.163482523444159824e+02 7.392566069906223447e+02
6.155667527993109616e+02 7.399569336778639581e+02
6.149593280282934984e+02 7.401489832007073346e+02
6.151716054842989934e+02 7.406121185316231958e+02
6.161206819201435110e+02 7.403176312247644546e+02
6.173265306122449374e+02 7.406814551907719988e+02
6.181822449850618568e+02 7.410930431071276416e+02
6.195633684210525871e+02 7.410218947368421141e+02
6.202700163398692439e+02 7.407083333333333712e+02
6.206639038541235323e+02 7.403236634894321924e+02
6.206781275890638199e+02 7.404370339685169711e+02
6.202117250105441144e+02 7.403741037536904059e+02
6.191631762652705220e+02 7.405335951134380821e+02
6.187108695652174220e+02 7.408095652173913095e+02
6.197765017667844631e+02 7.403586572438163103e+02
6.207965442764578938e+02 7.401075593952483587e+02
6.219221556886227518e+02 7.398550042771599919e+02
6.228428631935620388e+02 7.393833121558661787e+02
6.231305798915310561e+02 7.395385899040467166e+02
6.228088907353552486e+02 7.395633568757789362e+02
6.215453777965386735e+02 7.391350780920218995e+02
6.195930427493713069e+02 7.397158424140820898e+02
6.180111779879621281e+02 7.391930352536543296e+02
6.168352223190933046e+02 7.393282476024411380e+02
6.168403837767117466e+02 7.395835150457915006e+02
6.179019693654266803e+02 7.392726477024069709e+02
6.200295010845986781e+02 7.396104121475053716e+02
6.209303106633080915e+02 7.402325776658270797e+02
6.212146750524109393e+02 7.395970649895177758e+02
6.211584404811281956e+02 7.400369141435089659e+02
6.204750309533635573e+02 7.400627321502270206e+02
6.194943253467843078e+02 7.399213955443464101e+02
6.177038917089678307e+02 7.404847715736040072e+02
6.169786507258753545e+02 7.403343296327924463e+02
6.169406451612903766e+02 7.400580645161289794e+02
6.174754378470738629e+02 7.395745407945322540e+02
6.185734980826587162e+02 7.392296548785683399e+02
6.201066778664426238e+02 7.394073918521629594e+02
6.211075544174135530e+02 7.390695689287238110e+02
6.213787499999999682e+02 7.398054166666667015e+02
6.210224066390042026e+02 7.400145228215767474e+02
6.202029227557411559e+02 7.399423799582463062e+02
6.189251336898395266e+02 7.402365281777045993e+02
6.174424703891709214e+02 7.395300338409475671e+02
6.172033462033462001e+02 7.390364650364650743e+02
6.171487246000864388e+02 7.389316904453090729e+02
6.170320035072336395e+02 7.383051293292415949e+02
6.170456306500215078e+02 7.385329315540249127e+02
6.173477135461604348e+02 7.384805867126833618e+02
6.177798634812286309e+02 7.385426621160409013e+02
6.179941077441077368e+02 7.390782828282827950e+02
6.175941908713692783e+02 7.399087136929460939e+02
6.171211490424645945e+02 7.402148209825145386e+02
6.165523329129886179e+02 7.399852879361076248e+02
6.156570351758794004e+02 7.402516750418760694e+02
6.149130617387652364e+02 7.399454010919781695e+02
6.149970276008492647e+02 7.394509554140126966e+02
6.154414414414414978e+02 7.391471471471471659e+02
6.167518185708172496e+02 7.393906718014548005e+02
6.174322033898305335e+02 7.393538135593220204e+02
6.174019000413052254e+02 7.401408508880628005e+02
6.177524834437085701e+02 7.405550496688741759e+02
6.179104046242774757e+02 7.407976878612716973e+02
6.179378856437680270e+02 7.406902509255450013e+02
6.174290498116366734e+02 7.403068229384680308e+02
6.163659043659043846e+02 7.403338877338877637e+02
6.151889460154241078e+02 7.394678663239074012e+02
6.147159914712153750e+02 7.392818763326225735e+02
6.160150927123760312e+02 7.388740836567485530e+02
6.172280854775403895e+02 7.387688617531617865e+02
6.180700304480209297e+02 7.389173553719008396e+02
6.188477331052181398e+02 7.398336184773310151e+02
