6.189403887688985151e+02 7.389688984881209990e+02
6.174264134656883698e+02 7.392891670263271635e+02
6.160305902628177819e+02 7.395799224472210653e+02
6.156595652173913322e+02 7.394639130434782146e+02
6.155366060093101623e+02 7.400076174354634304e+02
6.158534628378378102e+02 7.397360641891891646e+02
6.168819266837169835e+02 7.395439045183291000e+02
6.175002089427497367e+02 7.396180526535729314e+02
6.175172413793103487e+02 7.393019343986543390e+02
6.178254918733961176e+02 7.386599657827202918e+02
6.185797598627787011e+02 7.386586620926243540e+02
6.191280618822518136e+02 7.386239793725827667e+02
6.196670945656825324e+02 7.383346170303808549e+02
6.195790378006872743e+02 7.382066151202749325e+02
6.185288003464703479e+02 7.384222607189259406e+02
6.176291560102301901e+02 7.387178175618073510e+02
6.170780911062906853e+02 7.382520607375271311e+02
6.175218321917808453e+02 7.385830479452055215e+02
6.183497244595167786e+02 7.385985587113183328e+02
6.192362940926476540e+02 7.387445813854653807e+02
6.195509770603229072e+02 7.386508071367884440e+02
6.202713375796178070e+02 7.387401273885350292e+02
6.208173987941429459e+02 7.387553832902669910e+02
6.210235849056604138e+02 7.388507718696397433e+02
6.212343347639484819e+02 7.389248927038626107e+02
6.212288793103448370e+02 7.392741379310344882e+02
6.214351572598018265e+02 7.396031882809134004e+02
6.211129653401796986e+02 7.397192982456140271e+02
6.207073995771670525e+02 7.399374207188160426e+02
6.200447631464580809e+02 7.396788352890048373e+02
6.196567614125754062e+02 7.397523686477175033e+02
6.198264427217915227e+02 7.392941429801894628e+02
6.201668114682884152e+02 7.389326672458731764e+02
6.208961605584642029e+02 7.384061954624781947e+02
6.209351327818893651e+02 7.382324771441010398e+02
6.212664644714037649e+02 7.381239168110918172e+02
6.210926086956521885e+02 7.382578260869564701e+02
6.206591871295512419e+02 7.389703640982218076e+02
6.206510152284264450e+02 7.388244500846024039e+02
6.204949706621961241e+02 7.391290863369656563e+02
6.199351032448377055e+02 7.394205646860514207e+02
6.193862098138747569e+02 7.392973773265651971e+02
6.185010473397570649e+02 7.397922077922078188e+02
6.179115417017691243e+02 7.397472620050547221e+02
6.178269954032595024e+02 7.398512327622231624e+02
6.189789385004212363e+02 7.396558550968828740e+02
6.201426116838488269e+02 7.392315292096219537e+02
6.206414695945945823e+02 7.395152027027027088e+02
6.206443781942078886e+02 7.395212947189097576e+02
6.194167371090447887e+02 7.400621301775147458e+02
6.185029914529914095e+02 7.403123931623931639e+02
6.181647261750754296e+02 7.401013367830961442e+02
6.178562176165803521e+02 7.404291882556130986e+02
6.176675213675213172e+02 7.408235042735042271e+02
6.174167371090447887e+02 7.411538461538461888e+02
6.172908249158249419e+02 7.409490740740740193e+02
6.172962962962963047e+02 7.408867845117845263e+02
6.171700167504187675e+02 7.408450586264656295e+02
6.177045933417614378e+02 7.400282343025705813e+02
6.184240639461505680e+02 7.401363062684055194e+02
6.193493005510810008e+02 7.396791013141161102e+02
6.203519529609408210e+02 7.395291894162116932e+02
6.206358284272497485e+02 7.395521446593776318e+02
6.200742594910304888e+02 7.400705047976637161e+02
6.194403862300587207e+02 7.402913518052057498e+02
6.186367485182049677e+02 7.402620660457239410e+02
6.180738054607508047e+02 7.402478668941979549e+02
6.175076271186441090e+02 7.403741525423728262e+02
6.170304955527318498e+02 7.405819567979669955e+02
6.162050622050621769e+02 7.404204204204204416e+02
6.150558899398108679e+02 7.404135855546002176e+02
6.148428207306711784e+02 7.406062022090059145e+02
6.152032312925169890e+02 7.405599489795918089e+02
6.162576584137641476e+02 7.404720939991607338e+02
6.171428571428571104e+02 7.407606516290726404e+02
6.178567860116569364e+02 7.406523730224812425e+02
6.175662196144174914e+02 7.406483654652137147e+02
6.171582064297800798e+02 7.405499153976311391e+02
6.165435614109646849e+02 7.403395665108372441e+02
6.165164418212478949e+02 7.408419055649241045e+02
6.173636363636363740e+02 7.403000426803243954e+02
6.184271508862948394e+02 7.393160397751837536e+02
6.191929674099485510e+02 7.393070325900514490e+02
6.194128401360544558e+02 7.394294217687074706e+02
6.197907375643225123e+02 7.390660377358490223e+02
6.201709075487701739e+02 7.390780322307040251e+02
6.202571428571428669e+02 7.388025586353944618e+02
6.203023850085178310e+02 7.387623509369676640e+02
6.202649936197362877e+02 7.387345810293492150e+02
6.198106712564543841e+02 7.388498278829604260e+02
6.188994006849314928e+02 7.393895547945205635e+02
6.172576400679116659e+02 7.400543293718166069e+02
6.158448422847400252e+02 7.402335890878090368e+02
6.151670929241262229e+02 7.405592497868713053e+02
6.152888700084961329e+02 7.405412064570942903e+02
6.156418289585097909e+02 7.403653683319221273e+02
6.163190158465388322e+02 7.406017514595496323e+02
6.166666666666666288e+02 7.398457963667088961e+02
6.166912013536378936e+02 7.397013536379018888e+02
6.171931239388794666e+02 7.394800509337860603e+02
6.175627650551314218e+02 7.392786259541984464e+02
6.181707632600258648e+02 7.388986632169038558e+02
6.187576153176675007e+02 7.386888598781549717e+02
6.184964819700967382e+02 7.385070360598065236e+02
6.176147610921501609e+02 7.390802047781569399e+02
6.162247529007305502e+02 7.389230769230769056e+02
6.154991304347826144e+02 7.387378260869564883e+02
6.176468842729969992e+02 7.391008902077151106e+02
