6.186763224181360101e+02 7.400243492863140773e+02
6.163947256486601418e+02 7.401467460655040895e+02
6.140853080568720088e+02 7.398160275743214243e+02
6.126280594405594684e+02 7.393190559440558900e+02
6.116521739130434980e+02 7.393838383838383379e+02
6.120758251561105681e+02 7.392702943800178446e+02
6.144627659574467771e+02 7.392712765957446663e+02
6.174493373236425668e+02 7.402783240701154455e+02
6.190918580375782767e+02 7.405118997912317127e+02
6.193552631578946830e+02 7.411307565789473983e+02
6.191252566735113305e+02 7.413503080082135739e+02
6.183752577319587544e+02 7.410544329896906675e+02
6.167617056856187219e+02 7.410083612040133403e+02
6.148554987212276046e+02 7.401440750213129149e+02
6.130989059080962988e+02 7.396271334792122616e+02
6.117168888888888887e+02 7.391337777777778228e+02
6.117354753521126440e+02 7.394555457746479306e+02
6.127551198257081069e+02 7.395773420479303013e+02
6.147875955819880573e+02 7.404876805437553458e+02
6.175047461824184438e+02 7.414614114733800534e+02
6.190700741962077700e+02 7.414307502061005835e+02
6.193908754623921595e+02 7.414147143444307630e+02
6.188563651591289272e+02 7.414170854271357030e+02
6.172569879015436527e+02 7.411848143512723937e+02
6.151911052399823348e+02 7.402897402025539577e+02
6.130597947344934937e+02 7.403052208835341617e+02
6.117541998231653224e+02 7.406282051282050816e+02
6.109119079238600989e+02 7.404758742806551481e+02
6.121775741710296188e+02 7.405994764397905783e+02
6.141323465389638159e+02 7.407514148889856642e+02
6.167059314954051388e+02 7.416520467836256785e+02
6.188755169561620733e+02 7.418395368072787051e+02
6.198701566364385371e+02 7.419365210222588303e+02
6.189590062111801672e+02 7.418099378881987604e+02
6.165224506924045045e+02 7.412631137221989093e+02
6.141151648351648191e+02 7.401498901098900660e+02
6.123696703296703845e+02 7.403986813186812697e+02
6.120979865771812456e+02 7.400210290827740209e+02
6.127011443661971271e+02 7.404564260563380458e+02
6.144283859800951859e+02 7.406923409779316216e+02
6.166177215189873095e+02 7.414464135021097491e+02
6.191903774367482356e+02 7.419278307756118238e+02
6.221608163265306075e+02 7.423126530612245233e+02
6.230959409594096314e+02 7.422665026650266782e+02
6.222099378881987377e+02 7.421221532091096833e+02
6.200752642706131610e+02 7.416541226215645111e+02
6.175280801044841610e+02 7.409246843709186123e+02
6.152307692307692832e+02 7.402632281013784450e+02
6.138307622504537449e+02 7.403466424682395655e+02
6.143656447249774146e+02 7.403228133453561668e+02
6.161160123511248230e+02 7.409095721217468054e+02
6.180889077053344636e+02 7.417472480948348448e+02
6.191746962714704523e+02 7.420025136154168877e+02
6.206157676348548193e+02 7.420875518672198723e+02
6.215553278688524870e+02 7.422668032786884851e+02
6.216584967320261512e+02 7.423929738562090961e+02
6.205135247607157680e+02 7.417848522679983034e+02
6.184428815004262106e+02 7.411167945439044615e+02
6.167398199742819997e+02 7.411393056150878920e+02
6.171985784095957115e+02 7.406037316748112289e+02
6.185060565275908857e+02 7.400986989681471186e+02
6.200879857079053181e+02 7.401183564091112430e+02
6.219707130730050721e+02 7.408684210526315610e+02
6.237248077701335660e+02 7.413565358154593241e+02
6.239233278955954347e+02 7.409730831973898830e+02
6.232601626016260070e+02 7.411162601626016340e+02
6.221275531471446811e+02 7.406131721550646034e+02
6.205887372013652339e+02 7.405580204778157167e+02
6.180626918018413107e+02 7.397058307759754143e+02
6.164507356219348821e+02 7.398649130628622288e+02
6.158631436314362873e+02 7.393816621499548773e+02
6.163228936921041168e+02 7.397613586237317804e+02
6.182024169184289804e+02 7.404756150194216389e+02
6.203778898696931492e+02 7.405825977301386729e+02
6.235301652892561606e+02 7.408280991735537100e+02
6.253744385463454591e+02 7.410841159657003345e+02
6.249167002012072771e+02 7.412828973843057838e+02
6.223268292682927267e+02 7.408605691056910700e+02
6.195650000000000546e+02 7.402258333333332985e+02
6.172003454231434034e+02 7.395000000000000000e+02
6.151422261484099181e+02 7.390282685512366925e+02
6.138447287163652391e+02 7.391257168063519885e+02
6.144495575221238823e+02 7.390951327433627966e+02
6.166762468300929640e+02 7.395418427726119717e+02
6.199595789473684135e+02 7.398703157894736933e+02
6.224290375203914891e+02 7.404172104404567563e+02
6.235290556900725960e+02 7.405548829701372142e+02
6.230617932148626323e+02 7.406163166397415125e+02
6.216486597938144314e+02 7.401059793814432624e+02
6.184983305509182401e+02 7.399232053422371109e+02
6.155474642392717897e+02 7.395873428695275607e+02
6.140892060660124798e+02 7.390553077609276897e+02
6.145508849557521671e+02 7.392154867256637090e+02
6.160754310344827900e+02 7.396491379310344882e+02
6.176628401360544558e+02 7.399506802721087979e+02
6.197999999999999545e+02 7.400536687631026780e+02
6.218073432343234117e+02 7.403811881188119060e+02
6.221765905383360860e+02 7.405787112561174581e+02
6.210788278992984033e+02 7.406124638877424786e+02
6.186099084096586012e+02 7.401815154038301898e+02
6.160963088672041295e+02 7.401103097157402999e+02
6.136252166377815911e+02 7.392560658578855737e+02
6.122868995633187978e+02 7.391716157205240734e+02
6.122963780918728389e+02 7.390450530035335532e+02
6.135168141592920392e+02 7.388969026548672900e+02
6.158738815509160531e+02 7.397047294418406409e+02
6.181068734283319372e+02 7.402242246437552922e+02
6.195920889987638702e+02 7.405743716522455315e+02
6.200957095709570694e+02 7.406860561056105325e+02
6.200465787304204923e+02 7.406079967023907784e+02
6.192278953922789242e+02 7.405803237858032162e+02
6.172977481234362358e+02 7.405333611342786071e+02
6.157487135506003142e+02 7.395711835334476518e+02
6.141344721857205968e+02 7.392987297415680814e+02
6.131768128916741034e+02 7.388388540734109711e+02
6.131658514895509597e+02 7.391462872387727430e+02
6.148507397737163274e+02 7.398507397737163274e+02
6.175333896872358537e+02 7.408918005071851667e+02
6.211340416836943632e+02 7.420326930935839300e+02
