6.254270568278201381e+02 7.399792196776929813e+02
6.242468924132018628e+02 7.404260608658379397e+02
6.228634573304157129e+02 7.403851203501094460e+02
6.211655801825293111e+02 7.406275532377227364e+02
6.197817715019255047e+02 7.410282413350449815e+02
6.186940619621342421e+02 7.407323580034423003e+02
6.181336783096162435e+02 7.404704614057783374e+02
6.173271107339838863e+02 7.400903691132796212e+02
6.165513373597929103e+02 7.394663503019844484e+02
6.168008658008658358e+02 7.389727272727272975e+02
6.172857751277682610e+02 7.382887563884156634e+02
6.174704129416772957e+02 7.381238825031928172e+02
6.174182978723404176e+02 7.380770212765957012e+02
6.168811630847029619e+02 7.383067846607669935e+02
6.162141057934509263e+02 7.387283795130142607e+02
6.147928968763371813e+02 7.390286692340607715e+02
6.127319277108433653e+02 7.390611015490533191e+02
6.116233489561142278e+02 7.400801022582019186e+02
6.113292268479184486e+02 7.411257434154630346e+02
6.109145771355715624e+02 7.413025924351891263e+02
6.098903416280051033e+02 7.416524673133699253e+02
6.086824724809483769e+02 7.417459779847587242e+02
6.079025406080800167e+02 7.419012911286963572e+02
6.082312500000000455e+02 7.414133333333332985e+02
6.094203928123694141e+02 7.406811533639782965e+02
6.104129248845991924e+02 7.395593789341166939e+02
6.120922556072788439e+02 7.391176470588235361e+02
6.132238869863014088e+02 7.385890410958903658e+02
6.136930735930735636e+02 7.380852813852814052e+02
6.130995240155776855e+02 7.385067070532237494e+02
6.135694326841659176e+02 7.392476714648603320e+02
6.148439477013918122e+02 7.397583298186418688e+02
6.156967386700550833e+02 7.402808132147395099e+02
6.153049828178694725e+02 7.406825601374570169e+02
6.157500000000000000e+02 7.410184391080617843e+02
6.172172606268784421e+02 7.412945470158866783e+02
6.186761781236489242e+02 7.408763510592303874e+02
6.199873524451938920e+02 7.413351602023608393e+02
6.217651579846285586e+02 7.408193851409051831e+02
6.240388841927303929e+02 7.400591715976331670e+02
6.257055369127516542e+02 7.398418624161073467e+02
6.272522217520102004e+02 7.394231908590774083e+02
6.285883100381194026e+02 7.393562049978822870e+02
6.295711270578302674e+02 7.391460531869987562e+02
6.300551046561298563e+02 7.389927381460913693e+02
6.294997869620792699e+02 7.390830847890924815e+02
6.281023588879528461e+02 7.398319292333613930e+02
6.271751700680272279e+02 7.401857993197278347e+02
6.260068906115417349e+02 7.405973298880276161e+02
6.240841562902533042e+02 7.411056247316445251e+02
6.226502337441563668e+02 7.413523161920951452e+02
6.208271762208067912e+02 7.413566878980891488e+02
6.200196917808219723e+02 7.412166095890411270e+02
6.190039096437880062e+02 7.404635099913118665e+02
6.183974248927038389e+02 7.402429184549356478e+02
6.184210977701543470e+02 7.395947684391080656e+02
6.195634042553191421e+02 7.386914893617021107e+02
