6.127094853253934161e+02 7.393891960867715625e+02
6.134013547840812635e+02 7.396333615580016385e+02
6.140380293863439647e+02 7.392420051858254055e+02
6.146433776253750239e+02 7.390214316330904012e+02
6.150350427350426799e+02 7.391952991452991455e+02
6.152042462845010959e+02 7.397834394904458577e+02
6.164302771855010405e+02 7.397351812366737249e+02
6.170467209601371223e+02 7.394650664380625358e+02
6.180305992350191673e+02 7.397790055248618728e+02
6.184758269720101680e+02 7.397947413061916677e+02
6.189751818570816795e+02 7.395768078733418633e+02
6.191826385904598737e+02 7.394520842286204925e+02
6.198734501923898961e+02 7.395442496793501732e+02
6.198391638225256202e+02 7.392559726962457489e+02
6.199820128479657342e+02 7.395704496788008555e+02
6.200524731182795222e+02 7.396064516129032427e+02
6.201521551724138135e+02 7.398060344827586050e+02
6.203076588337685280e+02 7.396118363794604420e+02
6.203363440860215405e+02 7.397767741935483627e+02
6.206772942697112967e+02 7.396307626023266266e+02
6.206129725085910422e+02 7.396039518900344092e+02
6.206550106609807926e+02 7.397850746268657076e+02
6.208404987102321684e+02 7.396367153912295862e+02
6.207623126338329484e+02 7.398137044967879774e+02
6.208172871202395982e+02 7.399358151476251351e+02
6.207742625053441543e+02 7.400247969217614354e+02
6.206119148936170404e+02 7.398612765957446982e+02
6.205532005086901108e+02 7.400279779567613332e+02
6.206214043993231826e+02 7.402990693739424160e+02
6.203429175475687316e+02 7.400114164904862264e+02
6.199864061172472702e+02 7.396520815632965196e+02
6.195301614273577115e+02 7.398517417162277070e+02
6.189457983193277641e+02 7.401352941176470495e+02
6.182870608397601018e+02 7.399164524421594251e+02
6.173907312925169890e+02 7.398477891156462647e+02
6.164989320803075543e+02 7.398052114480991577e+02
6.160358821016659476e+02 7.400192225544639086e+02
6.152966609589041127e+02 7.399469178082191547e+02
6.146646655231561454e+02 7.398216123499142896e+02
6.142018033490768403e+02 7.398866466294547308e+02
6.139820359281436595e+02 7.396056458511548044e+02
6.138095849379546962e+02 7.395648267008986068e+02
6.133823529411764639e+02 7.397561807331628643e+02
6.131671654553227881e+02 7.398589140658400538e+02
6.129630584192440210e+02 7.397757731958762406e+02
6.130430663221360419e+02 7.399173126614987268e+02
6.129558129558129167e+02 7.397730587730587786e+02
6.127980524978831909e+02 7.401354784081287335e+02
6.128345384942577994e+02 7.398336877924288046e+02
6.127601867572155925e+02 7.398484719864176213e+02
6.131981371718882201e+02 7.397404741744284138e+02
6.135763948497854017e+02 7.393257510729613387e+02
6.135057422373457712e+02 7.396078264568268423e+02
6.134885690093141193e+02 7.398196443691787181e+02
6.134170875420875291e+02 7.398219696969697452e+02
6.136594387755102389e+02 7.395680272108843383e+02
6.139601187950785288e+02 7.400504879083580363e+02
6.142917197452229630e+02 7.398755838641188802e+02
6.147956484641638326e+02 7.396779010238907404e+02
6.156535864978902737e+02 7.400717299578059283e+02
6.163057781526781582e+02 7.398460565162379226e+02
6.167702416278084456e+02 7.397261551504874433e+02
6.172281822051936615e+02 7.397560664112388622e+02
6.174525116082735394e+02 7.398691430983537884e+02
6.184192730346576354e+02 7.399543533389687582e+02
6.193495518565940756e+02 7.398770806658130823e+02
6.199578544061303091e+02 7.398318433375904988e+02
6.203504891535517345e+02 7.396307954062101544e+02
6.209188727583261880e+02 7.394654141759179993e+02
6.215663006756756204e+02 7.394814189189189619e+02
