6.063486474881923414e+02 7.393301846285959300e+02
6.089705002137665133e+02 7.391487815305686127e+02
6.114798628963153533e+02 7.393723221936589880e+02
6.130646570554827122e+02 7.391917868064657569e+02
6.147411816578483013e+02 7.387989417989417689e+02
6.173202470224966874e+02 7.383427437141597238e+02
6.210216814159291516e+02 7.382000000000000455e+02
6.247140951534015585e+02 7.382516674077368179e+02
6.256876675603217564e+02 7.377184986595174223e+02
6.263967971530248633e+02 7.383954626334519844e+02
6.272303547373147694e+02 7.388033228558598466e+02
6.286881340979267634e+02 7.392346713718570754e+02
6.300339573356552592e+02 7.392895080539834680e+02
6.282117077464788508e+02 7.393080985915493102e+02
6.245580885576501942e+02 7.395300306882945733e+02
6.205170429393537006e+02 7.399628154050465128e+02
6.195176834659592942e+02 7.401551724137931387e+02
6.178258426966292518e+02 7.408556611927398308e+02
6.148180639585134486e+02 7.407450302506482558e+02
6.125235191637630123e+02 7.408092334494773468e+02
6.109626411815812617e+02 7.405052128583839703e+02
6.107098872506504676e+02 7.403989592367736350e+02
6.106551872578562552e+02 7.396788635385278212e+02
6.104808347529813091e+02 7.394761499148211215e+02
6.103558897243108277e+02 7.400020885547201033e+02
6.111376380628717015e+02 7.395157179269328935e+02
6.124539335296592526e+02 7.399137568363482842e+02
6.133035485250106831e+02 7.403710987601539273e+02
6.135587096774193014e+02 7.400004301075268813e+02
6.192880034647033654e+02 7.392581203984408376e+02
