6.297117468573904944e+02 7.381322063285651893e+02
6.335607035607035868e+02 7.384006864006863680e+02
6.407192829033668886e+02 7.382273721031920104e+02
6.473458844133099319e+02 7.383366900175130922e+02
6.542185314685315234e+02 7.382980769230769056e+02
6.599166308551783686e+02 7.393927804039535658e+02
6.635511508951406086e+02 7.396167945439044615e+02
6.661754980924119991e+02 7.398245019075880009e+02
6.683428201811125291e+02 7.395105648986632332e+02
6.699487510766580272e+02 7.395150732127476658e+02
6.719262295081966840e+02 7.392320966350301887e+02
6.740941125913193446e+02 7.394228620541470036e+02
6.752555410691004454e+02 7.390182529335071422e+02
6.765946413137423860e+02 7.390410544511668149e+02
6.772814267072640178e+02 7.389021313614615565e+02
6.777724913494810153e+02 7.388222318339099957e+02
6.786055483311660055e+02 7.391590810576506101e+02
6.789916262670780043e+02 7.387730277655355167e+02
6.790275470048097759e+02 7.386134674245736278e+02
6.790604203152364562e+02 7.386265323992994354e+02
6.788268892794376370e+02 7.385606326889279671e+02
6.783173286774334656e+02 7.388886948930597782e+02
6.778440327445066487e+02 7.391925894011202445e+02
6.773002610966057091e+02 7.391753698868581068e+02
6.770791083916084290e+02 7.390415209790210156e+02
6.767634315424610350e+02 7.392469670710571563e+02
6.765685501533070010e+02 7.392238282961016012e+02
6.760094339622640973e+02 7.398507718696397433e+02
6.752184006878761693e+02 7.399883920894238827e+02
6.740349892008639472e+02 7.402177105831533481e+02
6.734098360655738134e+02 7.406177739430543170e+02
6.721078981441519318e+02 7.407440656020716006e+02
6.709969931271477890e+02 7.410227663230240296e+02
6.693805233805234138e+02 7.412471042471042892e+02
6.672657192075796502e+02 7.409547803617571162e+02
6.651637225333907963e+02 7.410060318828091113e+02
6.638587982832617627e+02 7.410811158798283032e+02
6.628501079913606873e+02 7.408025917926565853e+02
6.614823580034423003e+02 7.410718588640274902e+02
6.598598371195885193e+02 7.412220317188169929e+02
6.574856521739130812e+02 7.408391304347826463e+02
6.551984502798105723e+02 7.412027550581144624e+02
6.532881869320640362e+02 7.411120726958026808e+02
6.509832258064516282e+02 7.413234408602151007e+02
6.487571246278179160e+02 7.414797958315610913e+02
6.469052092228864694e+02 7.414094790777113531e+02
6.442863303147908027e+02 7.409939629150495648e+02
6.413961702127659237e+02 7.413131914893616567e+02
6.385556994818653038e+02 7.407832469775474920e+02
6.357663829787234135e+02 7.414417021276595960e+02
6.332125375697723939e+02 7.409742378703306258e+02
6.312796719896417699e+02 7.410940871817005018e+02
6.291638152266895077e+02 7.411428571428571104e+02
6.262942430703624268e+02 7.412511727078891681e+02
6.237943292424884021e+02 7.413537875581887420e+02
6.206271986271985952e+02 7.411394251394251569e+02
6.167495762711864700e+02 7.413932203389830420e+02
6.137741935483870748e+02 7.413476230899830171e+02
6.108813270948533045e+02 7.411054870267971637e+02
6.078318621269440882e+02 7.413287095418243098e+02
6.032179104477611418e+02 7.410298507462686075e+02
5.964366680978961313e+02 7.407775869471876149e+02
5.883797199830293039e+02 7.407764106915570892e+02
5.832436224489796359e+02 7.403558673469387941e+02
5.785383976753839761e+02 7.403794105437940516e+02
5.743121314237573642e+02 7.398496208930075682e+02
5.716896258503401214e+02 7.401075680272108457e+02
5.694961571306575934e+02 7.402100768573868663e+02
5.672305732484076088e+02 7.403876857749469309e+02
5.656464646464646648e+02 7.405471380471379916e+02
5.617781498534951652e+02 7.412038509836751246e+02
5.604046530951392242e+02 7.415799750727046558e+02
5.595278825995807210e+02 7.413932914046121141e+02
5.588256648374841689e+02 7.411815111861544665e+02
5.583299874529485578e+02 7.411773316603931789e+02
5.577554438860971686e+02 7.415029313232830646e+02
5.568720439189189619e+02 7.415071790540540633e+02
5.568033135089209509e+02 7.413954970263381483e+02
5.568569620253164203e+02 7.414632911392404822e+02
5.572689713322091620e+02 7.412807757166947340e+02
5.578363182007497016e+02 7.414935443565181004e+02
5.580020508613617949e+02 7.415972108285479862e+02
5.584839516465193583e+02 7.413080450187578663e+02
5.590568561872909186e+02 7.411709866220735421e+02
5.596697674418604720e+02 7.407771670190275017e+02
5.602031640299750279e+02 7.406873438800998883e+02
5.604918918918918962e+02 7.405841995841996095e+02
5.609833971902937719e+02 7.397722435078757144e+02
5.616066129715981106e+02 7.395400593471809998e+02
5.629457167090754410e+02 7.395390161153519557e+02
5.641349873843565774e+02 7.393010933557611679e+02
5.660042390843577778e+02 7.388999576091564450e+02
5.677223628691982640e+02 7.390620253164556743e+02
5.693116994022203698e+02 7.388582408198121811e+02
5.705390286209886881e+02 7.383425845620121208e+02
5.714469370146678102e+02 7.383662640207074901e+02
5.732194074710175755e+02 7.383821382567625733e+02
5.750758232235701826e+02 7.380472270363951566e+02
5.773963153384746647e+02 7.381203941730933593e+02
5.793400428265524624e+02 7.380269807280513987e+02
5.813561759729271898e+02 7.379657360406091584e+02
5.829801604052343009e+02 7.378197551709581603e+02
5.850264054514479994e+02 7.378888415672913652e+02
5.875602928509905496e+02 7.381800172265288893e+02
5.900460215053763022e+02 7.380752688172043463e+02
5.929258010118044240e+02 7.381020236087689455e+02
5.959271186440678321e+02 7.378266949152542793e+02
5.988132709485325904e+02 7.378894087622288680e+02
6.006470081790787390e+02 7.375389582436504270e+02
6.029845758354755390e+02 7.377532133676093054e+02
6.053255512321660490e+02 7.376009511456982182e+02
6.080021450021449709e+02 7.381214071214071737e+02
6.114731136166521992e+02 7.374293148308760237e+02
6.150250539956803095e+02 7.376172786177105536e+02
6.185950128976784299e+02 7.375348237317282383e+02
6.219043290043290426e+02 7.375961038961038412e+02
6.248674647285164383e+02 7.379923044035913335e+02
6.282710920770878147e+02 7.379648822269807624e+02
6.349565602836879634e+02 7.382460106382978893e+02
6.416442863494886524e+02 7.383068030235659762e+02
6.484924275205538606e+02 7.390705322371268267e+02
6.537485663872960231e+02 7.388804587560653090e+02
6.578530296519123794e+02 7.392436613665663572e+02
6.609669749009246971e+02 7.391334214002641829e+02
6.634359982525120358e+02 7.392311052861512053e+02
6.651078691423518876e+02 7.390649867374005453e+02
6.673402154398563653e+02 7.385332136445242668e+02
6.696285077951001767e+02 7.385340757238307106e+02
6.715079086115993050e+02 7.387223198594024325e+02
6.730731173380034988e+02 7.385713660245183974e+02
6.742156003505697299e+02 7.385420683610867627e+02
6.750933852140077533e+02 7.388560311284046520e+02
6.756808419243985782e+02 7.389063573883161098e+02
6.764707177454865814e+02 7.384381329810655643e+02
6.773510258697591553e+02 7.380588760035682299e+02
6.781379007465964150e+02 7.382643829600351637e+02
6.784601576182136569e+02 7.385385288966724602e+02
6.784244135534318048e+02 7.386620330147698041e+02
6.779697885196375182e+02 7.386555891238671165e+02
6.773454148471615781e+02 7.386475982532750777e+02
