5.721648702594810629e+02 7.144582834331337153e+02
5.692728676186800385e+02 7.132014666152065274e+02
5.680071578947367925e+02 7.139818947368421505e+02
5.691339434276205793e+02 7.160145590682196826e+02
5.724903923138510891e+02 7.208803042433946757e+02
5.782090128755364731e+02 7.269364806866952904e+02
5.874572668112798510e+02 7.327878524945770096e+02
6.000920502092050128e+02 7.382398884239888730e+02
6.148960302457467151e+02 7.456833648393194380e+02
6.281120475954387530e+02 7.502568170550322293e+02
6.425801052128168749e+02 7.569646102343376697e+02
6.525212335692618808e+02 7.604433771486350224e+02
6.590078657577346348e+02 7.635500786575773873e+02
6.650711974110032543e+02 7.638187702265372536e+02
6.663486286919830945e+02 7.648349156118143810e+02
6.651501812532366102e+02 7.642242361470740661e+02
6.588848195329087503e+02 7.592457537154989495e+02
6.476556122448979522e+02 7.567408163265306484e+02
6.380089596814335664e+02 7.516988551518168151e+02
6.223402811439650577e+02 7.447872031022782267e+02
6.084280391243595432e+02 7.389357242664182195e+02
5.972652250661959670e+02 7.323830538393644929e+02
5.867414965986394009e+02 7.252414965986394009e+02
5.784310638297872629e+02 7.187400000000000091e+02
5.725072405470635886e+02 7.153459372485921222e+02
5.691216535433070476e+02 7.129681102362204683e+02
5.678895912347239801e+02 7.134517488411294153e+02
5.680220750551876563e+02 7.149969094922737440e+02
5.765734475374732710e+02 7.260231263383298028e+02
