6.262102143182854661e+02 7.379028727770178193e+02
6.286521739130434980e+02 7.361734505087881644e+02
6.301117266851339309e+02 7.362142197599260953e+02
6.309455468389478483e+02 7.362971850484541392e+02
6.313350371747211511e+02 7.371747211895910823e+02
6.297509345794392175e+02 7.374728971962616697e+02
6.267131294964028712e+02 7.390490107913668680e+02
6.228199731303179760e+02 7.388889386475593710e+02
6.191076436001809498e+02 7.391555857078244571e+02
6.161401785714285779e+02 7.392419642857142890e+02
6.130915524104378846e+02 7.391937195931003544e+02
6.099602122015915029e+02 7.393465959328028703e+02
6.068407725321887938e+02 7.403729613733905808e+02
6.044446337308347665e+02 7.409003407155025798e+02
6.034630171333054705e+02 7.419966569160050085e+02
6.034127050904501175e+02 7.421405132519982999e+02
6.035156054931335348e+02 7.422109862671660494e+02
6.047813545150501113e+02 7.420785953177257852e+02
6.069401528013581810e+02 7.414651952461799738e+02
6.096763079540620538e+02 7.411025095703955685e+02
6.134523195876288355e+02 7.409136597938144178e+02
6.176354166666666288e+02 7.403025173611110858e+02
6.215616438356164508e+02 7.390671674768007051e+02
6.244464682363394559e+02 7.386708129720124134e+02
6.271984091913388966e+02 7.379929297392841363e+02
6.289897275569450130e+02 7.368660116123269290e+02
6.300936639118457379e+02 7.361795224977042835e+02
6.300350959288722379e+02 7.360135704258306077e+02
6.282823475046210433e+02 7.373595194085028197e+02
