6.084809064204783908e+02 7.402849349559378425e+02
6.108345354263894933e+02 7.418498090793381152e+02
6.129991663192996612e+02 7.438595248020008057e+02
6.160109289617486183e+02 7.456094997898276233e+02
6.188551867219916858e+02 7.469572614107884192e+02
6.221957250628666998e+02 7.485440067057837723e+02
6.258643067846608119e+02 7.495469869363674889e+02
6.286755499153975961e+02 7.505930626057529480e+02
6.301627318718381048e+02 7.514017706576728415e+02
6.305811893715731458e+02 7.515807676086039919e+02
6.306226335717291249e+02 7.516150610012621200e+02
6.305353408615642365e+02 7.514784608950229767e+02
6.301091519731318158e+02 7.504328295549958057e+02
6.294452311536859952e+02 7.497138692211578928e+02
6.282942155638785380e+02 7.483932584269663266e+02
6.263967861557478045e+02 7.472822414503501705e+02
6.237912824811400014e+02 7.454417435037720452e+02
6.205077698446031036e+02 7.437299454010919817e+02
6.166512515910054617e+02 7.418646584641493291e+02
6.130217482225010599e+02 7.403985780008364372e+02
6.104322420223787731e+02 7.392457521757148697e+02
6.074487764413106561e+02 7.374537536291994684e+02
6.045444535073409043e+02 7.357765089722674929e+02
6.019757700205339006e+02 7.337548254620123771e+02
5.991151465125876712e+02 7.320486999587288892e+02
5.966036789297659197e+02 7.301864548494983183e+02
5.944055624740556141e+02 7.292303860523038566e+02
5.923886372993001714e+02 7.283511733223548390e+02
5.911328320802005010e+02 7.274565580618211698e+02
5.896666666666666288e+02 7.273633004926108470e+02
5.879121199500208377e+02 7.271511870054143856e+02
5.864316666666666151e+02 7.279616666666667015e+02
5.856497056349874129e+02 7.284920100925147608e+02
5.861388657214345130e+02 7.296009174311926699e+02
5.878984113712374437e+02 7.305948996655517931e+02
5.899424999999999955e+02 7.320816666666667061e+02
5.928404882154882216e+02 7.332975589225588919e+02
5.959358108108108354e+02 7.350042229729730252e+02
5.987339566510837585e+02 7.360722481937951898e+02
6.019761506276150840e+02 7.383702928870293363e+02
6.054047619047619264e+02 7.406165413533834680e+02
6.081562891767655401e+02 7.423054743000417375e+02
6.119698492462312061e+02 7.442294807370184344e+02
6.158402515723270199e+02 7.461203354297693977e+02
6.189504785684561057e+02 7.481106949646275552e+02
6.218760539629005279e+02 7.494831365935918939e+02
6.245822410147991377e+02 7.511708245243129340e+02
6.263440000000000509e+02 7.521284210526315519e+02
6.277541876046901734e+02 7.533475711892797335e+02
6.288398651495996319e+02 7.537509481668773788e+02
6.292172096908939238e+02 7.537355889724310600e+02
6.299538784067085544e+02 7.535890985324947451e+02
6.299297071129707319e+02 7.533414225941422728e+02
6.296963765097875694e+02 7.531549354435651367e+02
6.285532532117696292e+02 7.519875673435557246e+02
6.267406328059950056e+02 7.510095753538718100e+02
6.244501633986927800e+02 7.500437091503267766e+02
6.221009023789991943e+02 7.483088597210828539e+02
6.195738310090238201e+02 7.467214930270713467e+02
6.175883326437732421e+02 7.449751758378155273e+02
6.154078028747433109e+02 7.430246406570842055e+02
6.130317858636553865e+02 7.410250941028858733e+02
6.106443983402489266e+02 7.395713692946058018e+02
6.077925379253792926e+02 7.378564985649855998e+02
6.044284546197874306e+02 7.357367130008176446e+02
6.010989858012170544e+02 7.344746450304260179e+02
5.979199507389162136e+02 7.329215927750410629e+02
5.955911129229515382e+02 7.317863840195678904e+02
5.939030402629416585e+02 7.308976992604765428e+02
5.927945768282662584e+02 7.303262119967132548e+02
5.922062111801242281e+02 7.302322981366459089e+02
5.915126945126945657e+02 7.306670761670761749e+02
5.912010892333472611e+02 7.305039798910767104e+02
5.910016708437760826e+02 7.313195488721804622e+02
5.920981922760887528e+02 7.321733771569432747e+02
5.941149811162400738e+02 7.329979018044481336e+02
5.970269485903813802e+02 7.343320895522388128e+02
5.998781000420344753e+02 7.353350147120638667e+02
6.026237874314634837e+02 7.367941796710248354e+02
6.060240506329114396e+02 7.387611814345991661e+02
6.082560771165129836e+02 7.404723386420787392e+02
6.114516129032258505e+02 7.422165898617511175e+02
6.146702838063439458e+02 7.441214524207011891e+02
6.174857262804365519e+02 7.454202350965574624e+02
6.204689480354879834e+02 7.473307984790874343e+02
6.232311536859641592e+02 7.492827988338192426e+02
6.251581125827814276e+02 7.500985099337748352e+02
6.276342785654712770e+02 7.509420350291909472e+02
6.298205020920502193e+02 7.512941422594142296e+02
6.316903660075726066e+02 7.517126630206141726e+02
6.338870362651105097e+02 7.521446436015006611e+02
6.353820083682007862e+02 7.520322175732217147e+02
6.356736227045074656e+02 7.516969949916527867e+02
6.350982923781757563e+02 7.509092044981257459e+02
6.334966832504145486e+02 7.496849087893864407e+02
6.317465553235907691e+02 7.482300626304801199e+02
6.295884567126724960e+02 7.472036804684232720e+02
6.265283950617283608e+02 7.456390946502057204e+02
6.243762823143208607e+02 7.441169470660648813e+02
6.219157982492705514e+02 7.422626094205919571e+02
6.186647374948325933e+02 7.404849111202976246e+02
6.156966059602649466e+02 7.386514900662251648e+02
6.116984987489574905e+02 7.366876563803169802e+02
6.080242677824268185e+02 7.346564853556485559e+02
6.048274720728174998e+02 7.334087712039718099e+02
6.013771640560593141e+02 7.318145094806264979e+02
5.988508880627839517e+02 7.300099132589839428e+02
5.970825874694874074e+02 7.290154597233523646e+02
5.951597193561700578e+02 7.276611638464713678e+02
5.938566146261298400e+02 7.270279375513557625e+02
5.927452282157676109e+02 7.265958506224066014e+02
5.918619983619984168e+02 7.266920556920556464e+02
5.911386589403973630e+02 7.266158940397350534e+02
5.915953274926991980e+02 7.271034626616603873e+02
5.926278083933869993e+02 7.277244595167443322e+02
5.957326271186440181e+02 7.287563559322034052e+02
5.987845699831366346e+02 7.297293423271501069e+02
6.020940170940170901e+02 7.309350427350427708e+02
6.054997875053123835e+02 7.325881852953675661e+02
6.081167232597623524e+02 7.342313242784380236e+02
6.108785594639865622e+02 7.366922110552764025e+02
6.140249247958745400e+02 7.384305973356252935e+02
6.174556908861823104e+02 7.409227215455690612e+02
6.216419120785318455e+02 7.422693128467776660e+02
6.260025784271593920e+02 7.443541039965621167e+02
6.293265482893027638e+02 7.453910783889130016e+02
6.326947459834997289e+02 7.471185410334346670e+02
6.353475661827498016e+02 7.490798462852262674e+02
6.370934136891950175e+02 7.498652604390873648e+02
6.385786109927566940e+02 7.512918619514273360e+02
6.403070101351351013e+02 7.518298141891891646e+02
6.415649597968683793e+02 7.517486246297080470e+02
6.425626846770788916e+02 7.517437737441958916e+02
6.425130033557046545e+02 7.515364932885905773e+02
6.416983333333333803e+02 7.510029166666666924e+02
6.397214976861590685e+02 7.499251156920488484e+02
6.373053691275167694e+02 7.486258389261745378e+02
6.351010951979781112e+02 7.473470935130580983e+02
6.328413967185528008e+02 7.458775767774505994e+02
6.302863751051303325e+02 7.439335576114382320e+02
6.276400671986559701e+02 7.426488870222596006e+02
6.248181041844577521e+02 7.409611443210931157e+02
6.211073049938092936e+02 7.400573669005365218e+02
6.180886128364388696e+02 7.381287784679088873e+02
6.151373283395755607e+02 7.367440699126092341e+02
6.124074544684456214e+02 7.349695044472681502e+02
6.103683993399339442e+02 7.341031353135313111e+02
6.078909090909090764e+02 7.329140495867768550e+02
6.050721094073767290e+02 7.317140489017820073e+02
6.029271051529116221e+02 7.309748638458315781e+02
6.010427740863786994e+02 7.314588870431894065e+02
6.002273482959268449e+02 7.307506234413965558e+02
6.000608908868001663e+02 7.309019207192480962e+02
6.005479850436228162e+02 7.316032405484005494e+02
6.020102838338132187e+02 7.324286301933360619e+02
6.037258474576270828e+02 7.326025423728813166e+02
6.053175591531755799e+02 7.341784973017850007e+02
6.073095435684647327e+02 7.358331950207468708e+02
6.093361593895718897e+02 7.365337007206443332e+02
6.117148812005002583e+02 7.383443101292205029e+02
6.151632911392405276e+02 7.398654008438818437e+02
6.184775353016688086e+02 7.413222079589216946e+02
6.219914965986394009e+02 7.431951530612244596e+02
6.256817987152033993e+02 7.448556745182013401e+02
6.291927303465764680e+02 7.464805579036348036e+02
6.324709840201850284e+02 7.479562657695541930e+02
6.356174724342663467e+02 7.496106870229007200e+02
6.382672304439746540e+02 7.512334038054967777e+02
6.408995744680851203e+02 7.520246808510638630e+02
6.463057538849222965e+02 7.538404031919361614e+02
6.487187368421052724e+02 7.543094736842105021e+02
6.503083439220669106e+02 7.542532825074121092e+02
6.499550657058075558e+02 7.535616786774056663e+02
6.479462547608972045e+02 7.530393567498941820e+02
6.451092757306225849e+02 7.516188055908513661e+02
6.429253233208177107e+02 7.511343345848978288e+02
6.401022241231821681e+02 7.492497861420017671e+02
6.375911949685535092e+02 7.474591194968553509e+02
6.351081537811576254e+02 7.460633713561470586e+02
6.323303069606571398e+02 7.440194552529183056e+02
6.281127659574467543e+02 7.417382978723404676e+02
6.242980214344599972e+02 7.406966199505358190e+02
6.195165479681609213e+02 7.385831587767071369e+02
6.155093789078782720e+02 7.361308878699458091e+02
6.125131738954195271e+02 7.352452371301175162e+02
6.097209967320261512e+02 7.337144607843137010e+02
6.073322354878550868e+02 7.317274598600247373e+02
6.051062057476051450e+02 7.300312369845897820e+02
6.028299011532125178e+02 7.293628500823723471e+02
6.009151767151766990e+02 7.285675675675676075e+02
5.995844370860927484e+02 7.283845198675496704e+02
5.989695579649708179e+02 7.281084236864053310e+02
5.990477574750830172e+02 7.279630398671096145e+02
5.998082362728785029e+02 7.282308652246256315e+02
6.009711696869851494e+02 7.290831960461284780e+02
6.026208053691275381e+02 7.297739093959731917e+02
6.047261339092872277e+02 7.304561555075594015e+02
6.063965371621621898e+02 7.319070945945945823e+02
6.094355385920271146e+02 7.336026293469041093e+02
6.117848588537211754e+02 7.348344739093241742e+02
6.149148480958493792e+02 7.367197261446298171e+02
6.183474358974358438e+02 7.385730769230768828e+02
6.211911392405063452e+02 7.401594936708860359e+02
6.239982935153583412e+02 7.416821672354948305e+02
6.270125680770842109e+02 7.440301633850020835e+02
6.295108423686405104e+02 7.456292743953293893e+02
6.322809847198641364e+02 7.465513582342954351e+02
6.356557377049180104e+02 7.476531492666091481e+02
6.378880662020906129e+02 7.486925087108013486e+02
6.386110397946084731e+02 7.500427899015832054e+02
6.393331911262798712e+02 7.506369453924914978e+02
6.393070663811563463e+02 7.506051391862955597e+02
6.388645789250952021e+02 7.507003808717731772e+02
6.378601427971440216e+02 7.499823603527929663e+02
6.368138564273789370e+02 7.497103505843072071e+02
6.357385979729730252e+02 7.482500000000000000e+02
6.337629087779690735e+02 7.466174698795181257e+02
6.320837249038871732e+02 7.455360956856044368e+02
6.296053288925894549e+02 7.442568692756036626e+02
6.261005794701986815e+02 7.428257450331126392e+02
6.230548523206750815e+02 7.412658227848100978e+02
6.195022736668045127e+02 7.400843323687473685e+02
6.159576988155668005e+02 7.378468697123519178e+02
6.131734271523179132e+02 7.370844370860927484e+02
6.104752392842279960e+02 7.354515189346650459e+02
6.075680131904368864e+02 7.338281121187139888e+02
6.049476720230737783e+02 7.325714874330449220e+02
6.019916212819438215e+02 7.312471721826560724e+02
5.986553578816715344e+02 7.304480761274306815e+02
5.959496672212978865e+02 7.297816139767054437e+02
5.937505223568741712e+02 7.293744254074383662e+02
5.932421227197346525e+02 7.289166666666666288e+02
5.940794451450188944e+02 7.289844472467423202e+02
5.953997472620050075e+02 7.291722830665543142e+02
5.973742665549035564e+02 7.300590947191952864e+02
5.988418624161073467e+02 7.310310402684564224e+02
6.002624792013310753e+02 7.325403494176372305e+02
6.019322527015793867e+02 7.341213632585203186e+02
6.046750104297037751e+02 7.355798915310805342e+02
6.081700083542189077e+02 7.375350877192981898e+02
6.128269550748751726e+02 7.392450083194675017e+02
6.167135549872123192e+02 7.404313725490195566e+02
6.205321710253217589e+02 7.427575757575757507e+02
6.240522617479139171e+02 7.435221783047869621e+02
6.267662007623888485e+02 7.460957221516306390e+02
6.290627147766323333e+02 7.473243127147766245e+02
6.317708422402736232e+02 7.491680205215903925e+02
6.341759220008477769e+02 7.507392963119965543e+02
6.362409282700422182e+02 7.515080168776371465e+02
6.379108280254777128e+02 7.531146496815287037e+02
6.385875729774812726e+02 7.537030859049207265e+02
6.388438552188551967e+02 7.543716329966330250e+02
6.382393020357291107e+02 7.544856668051515953e+02
6.376882523868824819e+02 7.542698215026981643e+02
6.369583680266445072e+02 7.536407160699417318e+02
6.356772595955427505e+02 7.526888155179530031e+02
6.340436058700209969e+02 7.512691823899371002e+02
6.309841402337228828e+02 7.498459933222036398e+02
6.268507148864591727e+02 7.483317914213624817e+02
6.233618968386023198e+02 7.470000000000000000e+02
6.195563909774435842e+02 7.453642439431913544e+02
6.156443341604632451e+02 7.437841191066997908e+02
6.125315203955500465e+02 7.419728059332509247e+02
6.087697069748245440e+02 7.401481634337598052e+02
6.050456621004566387e+02 7.382681610626816564e+02
6.016151615575807909e+02 7.366814415907208513e+02
5.984125523012552321e+02 7.354769874476987752e+02
5.952103491796382286e+02 7.334396297854437989e+02
5.934910677191525110e+02 7.325189031990029207e+02
5.916042173560422270e+02 7.319833738848337816e+02
5.904151329243353530e+02 7.310204498977504954e+02
5.902299042065806134e+02 7.304489795918367463e+02
5.901586378737541736e+02 7.299401993355481864e+02
5.903355592654423845e+02 7.301022537562604384e+02
5.906181969256335833e+02 7.306825924387203486e+02
5.913587818105966107e+02 7.312423863162285897e+02
5.929499374217772356e+02 7.324555694618272810e+02
5.945856491082538469e+02 7.333504769805059595e+02
5.970633861551292512e+02 7.339766472060050546e+02
6.003070833333333667e+02 7.359520833333333485e+02
6.030501035196687099e+02 7.375507246376811281e+02
6.062601998334721429e+02 7.383530391340549386e+02
6.091911451681567087e+02 7.396138782460621997e+02
6.116951939291736835e+02 7.414831365935918939e+02
6.141803415243648487e+02 7.433606830487296975e+02
6.166433418150975285e+02 7.449033078880406720e+02
6.202042965459140760e+02 7.466023588879528461e+02
6.234011106364800980e+02 7.474412644169158284e+02
6.270987810004203311e+02 7.492505254308532585e+02
6.294815286624203736e+02 7.499163481953290784e+02
6.309639412997903491e+02 7.506637316561844955e+02
6.316529136537643581e+02 7.510119098256061534e+02
6.314476149914821690e+02 7.509109880749574586e+02
6.309849624060150290e+02 7.507385129490393183e+02
6.302849936948297227e+02 7.500748213535098330e+02
6.295681629260183172e+02 7.495532003325021151e+02
6.286015787287079775e+02 7.485213959285417786e+02
6.262952302631579187e+02 7.472282072368420813e+02
6.231678350515463762e+02 7.461356701030928207e+02
6.198132099284812284e+02 7.443929322675641060e+02
6.154612211221121925e+02 7.433391089108911274e+02
6.119433416046318825e+02 7.416137303556658935e+02
6.086493775933610095e+02 7.399784232365145726e+02
6.052967662709783099e+02 7.384478100695865805e+02
6.026415929203540145e+02 7.370587288817376930e+02
5.998785772690106342e+02 7.354836467702371010e+02
5.966432989690721342e+02 7.337059793814432851e+02
5.941298174442190430e+02 7.322547667342798832e+02
5.918679012345678530e+02 7.309942386831276053e+02
5.898338120640131592e+02 7.297386130488305298e+02
5.883999999999999773e+02 7.290459016393442653e+02
5.872046979865772300e+02 7.280973154362416153e+02
5.856702838063439458e+02 7.282487479131885948e+02
5.843333333333333712e+02 7.283154836031548029e+02
5.842227310574521653e+02 7.289408825978351842e+02
5.846944673823286394e+02 7.301131296449215142e+02
5.868074380165289767e+02 7.310719008264462673e+02
5.892276897414511723e+02 7.319132610508756898e+02
5.923188585607940695e+02 7.337001654259719317e+02
5.953229380385720333e+02 7.348498153467378415e+02
5.985360397680199185e+02 7.361830985915493102e+02
6.019667082813150500e+02 7.378035788597586588e+02
6.051953449709060351e+02 7.394147963424771888e+02
6.083049180327868726e+02 7.416012295081967522e+02
6.126467851099830568e+02 7.429124365482233543e+02
6.158300000000000409e+02 7.447395833333333712e+02
6.187025104602510055e+02 7.463192468619247393e+02
6.221427978414279778e+02 7.481311747613117404e+02
6.245320033250208098e+02 7.495365752285952112e+02
6.263175591531755799e+02 7.508414279784142309e+02
6.275169385194478764e+02 7.515591802593057764e+02
6.282214848610534546e+02 7.522571547075901890e+02
6.292554865424430091e+02 7.528811594202898050e+02
6.299535564853556480e+02 7.527029288702929080e+02
6.301584362139917630e+02 7.526139917695472832e+02
6.297511312217194472e+02 7.519971205265322851e+02
6.284317902498976309e+02 7.515038918476034269e+02
6.264877460827641471e+02 7.508119726797910971e+02
6.213488562091503127e+02 7.481495098039215463e+02
