6.316102049351735559e+02 7.398180677540777879e+02
6.314931972789115662e+02 7.396887755102040956e+02
6.313811158798283714e+02 7.395545064377682820e+02
6.314388059701492466e+02 7.395253731343283334e+02
6.314291253769927152e+02 7.390568720379146725e+02
6.309448513571736612e+02 7.392055148642826907e+02
6.298641376268195700e+02 7.384711071901191417e+02
6.292288469969312246e+02 7.389723805348531869e+02
6.296752246469833381e+02 7.396183140778775851e+02
6.317930301742457004e+02 7.402333191670207952e+02
6.336390756302521368e+02 7.406840336134454219e+02
6.338010096760622218e+02 7.406041228439208908e+02
6.331025095703955685e+02 7.405010633772863002e+02
6.317028163093737021e+02 7.402459016393443108e+02
6.298744045041142954e+02 7.394088349935036604e+02
6.280182529335071422e+02 7.390686657974794116e+02
6.268099999999999454e+02 7.389695652173912777e+02
6.272170138888889142e+02 7.392252604166666288e+02
6.288377671173135468e+02 7.394256432621020849e+02
6.301875808538162573e+02 7.395575679172056880e+02
6.307674714104192617e+02 7.403032613299449167e+02
6.305751800084709657e+02 7.404354087251165311e+02
6.304048843187661078e+02 7.404443016281062455e+02
6.298445505861918718e+02 7.403165436387321279e+02
6.288528904227782732e+02 7.403317515099223556e+02
6.278181034482759060e+02 7.400499999999999545e+02
6.269329896907216835e+02 7.401881443298968861e+02
6.257318317042073659e+02 7.405554611134721199e+02
6.237153316106804368e+02 7.404784668389319222e+02
6.217115135834411603e+02 7.404497628288055466e+02
6.199947437582128487e+02 7.407025843188786212e+02
6.185713073005093747e+02 7.413607809847198951e+02
6.183038297872340081e+02 7.413885106382978165e+02
6.183642857142857565e+02 7.416844537815126159e+02
6.183419624217118553e+02 7.417390396659707221e+02
6.173636363636363740e+02 7.415534143276079249e+02
6.154763912310286287e+02 7.414974704890387329e+02
6.117506361323155488e+02 7.414711620016963707e+02
6.077449517120280689e+02 7.407647058823529278e+02
6.049520697167755543e+02 7.408915032679738033e+02
6.028400345871162926e+02 7.409710332900993990e+02
6.027057823129251801e+02 7.412134353741496398e+02
6.038583013230900178e+02 7.411971830985914949e+02
6.042137816521378682e+02 7.419987546699875338e+02
6.048372681281618952e+02 7.416408094435075782e+02
6.046580698835274461e+02 7.417820299500831425e+02
6.036395103419164343e+02 7.415905445335585000e+02
6.019948936170212619e+02 7.413974468085106082e+02
6.011699318568994386e+02 7.416141396933560372e+02
6.004335634167385933e+02 7.414232096635030302e+02
5.999605826906598622e+02 7.414310197086546168e+02
5.994468895471858332e+02 7.416424037240795997e+02
5.994953191489361188e+02 7.414638297872340900e+02
5.995659502739148365e+02 7.415638432364096388e+02
5.997951653944020336e+02 7.412209499575911877e+02
5.997254237288135528e+02 7.412483050847457662e+02
6.004858215179316403e+02 7.416109257714762180e+02
6.011599668462495174e+02 7.417198508081227146e+02
6.014116415410385343e+02 7.414769681742043304e+02
6.009102671118530452e+02 7.418255425709515976e+02
6.005713065755763864e+02 7.414795046968403085e+02
5.999159197609901639e+02 7.415889884763124655e+02
5.994212108200944158e+02 7.413293258909403676e+02
5.996128061882251359e+02 7.413687150837988611e+02
6.007930164072359958e+02 7.415300799326882952e+02
6.026364396155453278e+02 7.413919765984120431e+02
6.035095435684647782e+02 7.410917012448132937e+02
6.028689541132699787e+02 7.412294336502686747e+02
6.011828859060402692e+02 7.409773489932886150e+02
5.997665254237288082e+02 7.408902542372881044e+02
5.990796272765777530e+02 7.411478187208809913e+02
5.985834049871023126e+02 7.411371453138434617e+02
5.986983311938382712e+02 7.410290971330765615e+02
5.996148590947907451e+02 7.410213492741246455e+02
6.013868365180467208e+02 7.409974522292993697e+02
6.022016094875052659e+02 7.413879711986446637e+02
6.026627068307169566e+02 7.410530335171828256e+02
6.025075885328836875e+02 7.409380269814502071e+02
6.023193739424704063e+02 7.406569373942470520e+02
6.022914929107589614e+02 7.408969974979149811e+02
6.021978297161936098e+02 7.408409849749582463e+02
6.017525000000000546e+02 7.409116666666666333e+02
6.014741744284505103e+02 7.404017781541066370e+02
6.014331641285956493e+02 7.403790186125211221e+02
6.015066098081023256e+02 7.403769722814498664e+02
6.016710750853242189e+02 7.399223549488054914e+02
6.028603230030554414e+02 7.391409864687909703e+02
6.047921914357682454e+02 7.402094878253568595e+02
6.070746207462074153e+02 7.403788437884378482e+02
6.085117139334155354e+02 7.404484175914508342e+02
6.087580848383032617e+02 7.398395632087358536e+02
6.079559881506559122e+02 7.398920863309352853e+02
6.062141630901287499e+02 7.393223175965665632e+02
6.047530603630224277e+02 7.396935415787252168e+02
6.042018072289156407e+02 7.393683304647159957e+02
6.055512820512821008e+02 7.394102564102564656e+02
6.075523769457298613e+02 7.394951619688682740e+02
6.105384295803905843e+02 7.398454507685916042e+02
6.140708074534161369e+02 7.400405797101449252e+02
6.166599671862181822e+02 7.403761279737490213e+02
6.184739238410595590e+02 7.405513245033112071e+02
6.201757095158598077e+02 7.401293823038397477e+02
6.214277801448657783e+02 7.398593949723050400e+02
6.226747346072187383e+02 7.396777070063694737e+02
6.246929674099485510e+02 7.393782161234991008e+02
6.261787709497206151e+02 7.391005586592178815e+02
6.274615384615384528e+02 7.391392350666093307e+02
6.281944325481798614e+02 7.392573875802997918e+02
6.296516902011125012e+02 7.393675652545998673e+02
6.313919382504287796e+02 7.393464837049742755e+02
6.327771693344566302e+02 7.399962089300757953e+02
6.338051131601006318e+02 7.403407376362112018e+02
6.348366336633663423e+02 7.409496699669966802e+02
6.356090985678180232e+02 7.406630160067396673e+02
6.354995769881556953e+02 7.401053299492385804e+02
6.346623821765209641e+02 7.394305912596400958e+02
6.328748898678413752e+02 7.387418502202642685e+02
6.323263203091455580e+02 7.390841562902533042e+02
6.324206247325631693e+02 7.392807017543859729e+02
6.326642614601018977e+02 7.395967741935484128e+02
6.329633529907329148e+02 7.398188711036225413e+02
6.340574081891093101e+02 7.401165048543689409e+02
6.346572769953052102e+02 7.400422535211267814e+02
6.339357293868921488e+02 7.400532769556025414e+02
6.325829858215179229e+02 7.401030025020850189e+02
6.323016493055555429e+02 7.395104166666666288e+02
6.328258036490008180e+02 7.392189400521285734e+02
6.339162348877374598e+02 7.393601036269429869e+02
6.345012987012986514e+02 7.393761904761904589e+02
6.348464193270060605e+02 7.392717860224331616e+02
6.354069114470842123e+02 7.393161987041037264e+02
6.352600341588386073e+02 7.398701964133219917e+02
6.343899237933953827e+02 7.403001693480101721e+02
6.339050818983620275e+02 7.402889542209155707e+02
6.338169907016060733e+02 7.403803888419273562e+02
6.337861029719548469e+02 7.406764336542486262e+02
6.342357446808510986e+02 7.402987234042552700e+02
6.341625636672325754e+02 7.401001697792869436e+02
6.335432098765431874e+02 7.395352733686066813e+02
6.324121561668144977e+02 7.395421472937000544e+02
6.320165002171081596e+02 7.399730785931393484e+02
6.319194107452340177e+02 7.402387348353553307e+02
6.325006490696667925e+02 7.403054954565122898e+02
6.339845890410958873e+02 7.408925513698629857e+02
6.339150579150579006e+02 7.408022308022308380e+02
6.335301614273577115e+02 7.408147833474936306e+02
6.322849785407724994e+02 7.401961373390557810e+02
6.309399399399399044e+02 7.398494208494208806e+02
6.286453287197232385e+02 7.397361591695502057e+02
6.266368006993006929e+02 7.394903846153846416e+02
6.266473155827150094e+02 7.393814927979047980e+02
6.275013043478261352e+02 7.397934782608696196e+02
6.299882964889467303e+02 7.401092327698308964e+02
6.310394173093401378e+02 7.408688946015423653e+02
6.315307333615938887e+02 7.409406528189911114e+02
6.317198986058301671e+02 7.411111111111110858e+02
6.316604414261460079e+02 7.412487266553480367e+02
6.308829019940602620e+02 7.411535850657616038e+02
6.292104580812446102e+02 7.406145203111494766e+02
6.261139021221307530e+02 7.409025552187093808e+02
