6.199520342612419199e+02 7.397203426124196994e+02
6.179890350877193441e+02 7.386793859649122851e+02
6.167411145239140069e+02 7.386077226853883531e+02
6.152435008665511305e+02 7.383080589254766437e+02
6.133070251517780207e+02 7.377614917606244944e+02
6.132493562231759370e+02 7.378716738197424547e+02
6.131647261750754296e+02 7.380025873221215988e+02
6.134632034632035129e+02 7.376116883116883400e+02
6.136486836426413447e+02 7.380630125161846991e+02
6.144934952298351618e+02 7.380997398091933519e+02
6.150452370595911589e+02 7.385189212701174029e+02
6.165227272727272521e+02 7.385214160839160513e+02
6.182799827437446538e+02 7.396182053494392221e+02
6.203414634146341768e+02 7.400997386759581786e+02
6.223091703056768438e+02 7.402441048034934283e+02
6.228391455972100630e+02 7.407340889276373446e+02
6.226625000000000227e+02 7.414340517241379303e+02
6.228303841173932369e+02 7.412075960293483377e+02
6.223346153846154039e+02 7.413581196581196764e+02
6.223561994034938607e+02 7.413574776310183552e+02
6.222116944088775199e+02 7.413273580879214251e+02
6.216924703891709214e+02 7.411873942470389238e+02
6.204462845010615411e+02 7.409804670912951678e+02
6.192502116850126868e+02 7.399669771380185921e+02
6.171368106028216971e+02 7.392030782385635348e+02
6.154609713790113119e+02 7.386864700780572548e+02
6.123898678414096821e+02 7.372193832599118650e+02
