6.180616966580977305e+02 7.399622964867180599e+02
6.185895458440445509e+02 7.399798628963153533e+02
6.187104810996563629e+02 7.399252577319587090e+02
6.178307692307691923e+02 7.399670940170940412e+02
6.167971576227390642e+02 7.398854435831179899e+02
6.161468950749464284e+02 7.396582441113490631e+02
6.156642583935401944e+02 7.393323416914577138e+02
6.164350377200335060e+02 7.395180217937971747e+02
6.173744215397559856e+02 7.396419856962558015e+02
6.178949579831933079e+02 7.395147058823529278e+02
6.190215644820295893e+02 7.393873150105707737e+02
6.214142435735356003e+02 7.399587020648967837e+02
6.229940196497223042e+02 7.399419051687312958e+02
6.238835645229088414e+02 7.403669609079445308e+02
6.244405416842996601e+02 7.403859500634786173e+02
6.251197783461210520e+02 7.406653878942881875e+02
6.250659898477157412e+02 7.406797800338409843e+02
6.259180609180609736e+02 7.408601458601458489e+02
6.258821276595745076e+02 7.408948936170212392e+02
6.248507078507078631e+02 7.400501930501930019e+02
6.229525210084033233e+02 7.403739495798319012e+02
6.208527164685908701e+02 7.399214770797963183e+02
6.196578145407053171e+02 7.391488898563343355e+02
6.187915420760358529e+02 7.395621529260999978e+02
6.183982035928144114e+02 7.397335329341317447e+02
6.179349871685201379e+02 7.394965782720273637e+02
6.170456466610312418e+02 7.398681318681318544e+02
6.170607734806629878e+02 7.399009774755630815e+02
6.186440170940170447e+02 7.402974358974358893e+02
6.198479282357966440e+02 7.407855617257582708e+02
6.208739352640544666e+02 7.413918228279386540e+02
6.198555649957519336e+02 7.412366185216652639e+02
6.187438921651221335e+02 7.414599831508003263e+02
6.187078891257996247e+02 7.411594882729210667e+02
6.166781657551536000e+02 7.413336137989061854e+02
6.144993509303332075e+02 7.405179575941150460e+02
6.111589460263493265e+02 7.405813854653633825e+02
6.086813602015113247e+02 7.404454240134340353e+02
6.065587368421053043e+02 7.400795789473684181e+02
6.056082561078349045e+02 7.402426284751473986e+02
6.056003365586874452e+02 7.404699200673117048e+02
6.056692144373672591e+02 7.404271762208068139e+02
6.060315565031983169e+02 7.402098081023453915e+02
6.069022147931466407e+02 7.404212285833681335e+02
6.093752620545072887e+02 7.405983228511530569e+02
6.123530391340549386e+02 7.407506244796003330e+02
6.145864223240316733e+02 7.406434818825489401e+02
6.167257861635220024e+02 7.405161425576519605e+02
6.176908861822763583e+02 7.403439731205376120e+02
6.182506224066389677e+02 7.407697095435684105e+02
6.182997129971299728e+02 7.411053710537105417e+02
6.182225010455875918e+02 7.405023002927645166e+02
6.173556591776176674e+02 7.399605765154726669e+02
6.162990492653414094e+02 7.393124459809853306e+02
6.159791044776119406e+02 7.392921108742003753e+02
6.158173652694611064e+02 7.392048759623610295e+02
6.158777348777348379e+02 7.388592878592878606e+02
6.164639931004743403e+02 7.388464855541182033e+02
6.172310043668122717e+02 7.385786026200872811e+02
6.204920430107526954e+02 7.391075268817204460e+02
