6.129778982485404413e+02 7.412535446205171183e+02
6.127119358920286913e+02 7.410746520455503514e+02
6.131925042589438135e+02 7.407014480408859072e+02
6.138925410872313932e+02 7.411647703329118713e+02
6.155829059829060270e+02 7.404576923076923549e+02
6.165319238900634673e+02 7.409247357293868390e+02
6.170748182984181085e+02 7.406494228302693728e+02
6.168870008496177206e+02 7.406448598130841674e+02
6.169054453355846590e+02 7.407543267201350545e+02
6.175478700970054433e+02 7.407798397300716715e+02
6.192195431472081282e+02 7.407660744500846022e+02
6.210068699012451816e+02 7.408484328037784508e+02
6.207500000000000000e+02 7.406748726655348491e+02
6.197221750212404459e+02 7.408929481733219973e+02
6.188296888141295540e+02 7.410319596299410705e+02
6.185660059046815604e+02 7.408722058203289862e+02
6.183507368421052206e+02 7.410029473684210188e+02
6.187038297872340991e+02 7.409408510638297685e+02
6.185559764309764432e+02 7.411851851851852189e+02
6.185719696969697452e+02 7.411056397306397230e+02
6.180377516778523841e+02 7.411329697986577685e+02
6.178247028862479056e+02 7.405916808149405597e+02
6.178726333907056869e+02 7.406798623063683635e+02
6.171087048832272330e+02 7.412008492569002556e+02
6.167819804504887315e+02 7.412392690182745127e+02
6.170768581081081265e+02 7.413416385135135442e+02
6.186974999999999909e+02 7.417833333333333030e+02
6.200257710181664379e+02 7.414499366286438544e+02
6.204292929292929557e+02 7.413009259259259807e+02
6.200268681780016777e+02 7.414424853064651870e+02
6.185865828092242964e+02 7.408825995807127356e+02
6.179787775891340971e+02 7.403853989813243288e+02
6.187624190064794902e+02 7.398470842332612847e+02
6.197354452054794365e+02 7.399011130136985912e+02
6.202292301000435373e+02 7.391587646802958034e+02
6.210440547476475786e+02 7.393502994011976170e+02
6.216271477663229916e+02 7.390906357388315655e+02
6.216806686669524424e+02 7.391371624517788632e+02
6.215153613154478762e+02 7.389679792297706626e+02
6.217762596071733014e+02 7.392497865072587047e+02
6.217125850340136139e+02 7.391173469387755404e+02
6.217880457821111122e+02 7.392153454853751100e+02
6.216037815126049964e+02 7.388689075630252319e+02
6.210840050912177048e+02 7.386699193890539163e+02
6.195423801369862531e+02 7.385672089041096342e+02
6.184308093994777664e+02 7.385152306353351150e+02
6.161895143962183283e+02 7.387627847013321798e+02
6.161124412141940638e+02 7.386973065412569213e+02
6.169935261113508886e+02 7.381221406991800222e+02
6.179109207708779650e+02 7.379695931477516524e+02
6.177604739737621458e+02 7.383986457892509634e+02
6.176902730375426245e+02 7.383020477815699678e+02
6.175904277848369475e+02 7.384591274883523511e+02
6.171215870307166824e+02 7.384978668941979549e+02
6.171346644010195632e+02 7.385781648258283667e+02
6.170415254237287854e+02 7.380673728813559364e+02
6.174792113159022620e+02 7.376673810544363050e+02
6.180623674162070529e+02 7.376143402630463015e+02
6.188880820162323744e+02 7.378428022212729047e+02
6.191902712010331697e+02 7.378092983211364526e+02
6.192169448010270116e+02 7.378904578519469624e+02
6.192466044142614692e+02 7.382423599320883341e+02
6.192267910131411099e+02 7.381924544298431101e+02
6.191835954101147763e+02 7.381534211644708421e+02
6.198583509513741774e+02 7.383162790697674609e+02
6.200067226890756729e+02 7.384369747899160075e+02
6.197411362665527577e+02 7.384139256727894463e+02
6.181813893653516061e+02 7.386127787307032122e+02
6.164685224839400917e+02 7.387211991434689935e+02
6.161770293609671398e+02 7.385833333333333712e+02
6.169047820567076315e+02 7.392670334320778238e+02
6.168217152513730070e+02 7.395200675961132220e+02
6.169461052631578468e+02 7.398690526315789384e+02
6.170183409754064314e+02 7.401909128803667954e+02
6.167127926421404709e+02 7.401525919732441707e+02
6.162132721202003722e+02 7.404912353923205046e+02
6.162126944094156897e+02 7.403892391761244198e+02
6.160558354324097081e+02 7.405831234256927473e+02
6.153074309978768497e+02 7.404908704883226847e+02
6.152922297297296836e+02 7.405422297297296836e+02
6.159733615221987293e+02 7.405230443974629679e+02
6.169252217997465095e+02 7.407570764681030369e+02
6.179687367976341648e+02 7.407963667089142064e+02
6.184412010008339848e+02 7.408098415346121328e+02
6.184726969570654092e+02 7.408020008336807223e+02
6.185181628392484754e+02 7.406705636743215564e+02
6.192892811020232102e+02 7.402066293585880885e+02
6.210239418554938311e+02 7.408777255237281452e+02
6.225244845360824684e+02 7.407409793814432533e+02
6.222398634229620029e+02 7.408711054204012498e+02
6.211323404255318792e+02 7.409238297872340127e+02
6.201423043852106503e+02 7.407639724849526601e+02
6.192503176620076601e+02 7.411918678526047870e+02
