6.190214015946286281e+02 7.384200587494754018e+02
6.189502739148756518e+02 7.385208596713021052e+02
6.180893689114782319e+02 7.382066920796272598e+02
6.175086754126110691e+02 7.381510791366906687e+02
6.172378494623656024e+02 7.378202150537634907e+02
6.173343309106455763e+02 7.380957674219752107e+02
6.174090128755365185e+02 7.381948497854077686e+02
6.175345125107851345e+02 7.378623813632441397e+02
6.182150491663103367e+02 7.385656263360410776e+02
6.183581833761782036e+02 7.387647814910026227e+02
6.187597263787943120e+02 7.389880290722530845e+02
6.192439232409382157e+02 7.388852878464819014e+02
6.193697694278394010e+02 7.389782237403928775e+02
6.193983877810776448e+02 7.389758167161646725e+02
6.194148802017654134e+02 7.391273644388398907e+02
6.195811784654514440e+02 7.389410767274268892e+02
6.196057651547265550e+02 7.387863501483680011e+02
6.196189063162356661e+02 7.389440440864773336e+02
6.195585355470412878e+02 7.389144316730523769e+02
6.194244111349036075e+02 7.387207708779443465e+02
6.192656250000000000e+02 7.391402027027027088e+02
6.190828326180258045e+02 7.388467811158798213e+02
6.180187313750532212e+02 7.391166453810131998e+02
6.180791397849462783e+02 7.391135483870967846e+02
6.179023136246786407e+02 7.394507283633247425e+02
6.177408510638298367e+02 7.392629787234042169e+02
6.176509953409572518e+02 7.394747988140618418e+02
6.174154427192614776e+02 7.397201007133865005e+02
6.172792372881356187e+02 7.395029661016949376e+02
6.173213225943196676e+02 7.395981348028825551e+02
6.173058521999145114e+02 7.394502349423323722e+02
6.174633431085044322e+02 7.397620444072057353e+02
6.174901384809064666e+02 7.396852706672261775e+02
6.171350104821802915e+02 7.397563941299790713e+02
6.174089188052166719e+02 7.396806899453092683e+02
6.175505285412261856e+02 7.395196617336151803e+02
6.173476230899830171e+02 7.396167232597623524e+02
6.171067295327903821e+02 7.399502786112301465e+02
6.163359341135674185e+02 7.402436064152578865e+02
6.146814083297552997e+02 7.405289823958780744e+02
6.135926724137931387e+02 7.406284482758620697e+02
6.128544358311800124e+02 7.408875968992248318e+02
6.127562125107111797e+02 7.408337617823478922e+02
6.127792041078305374e+02 7.410017115960632736e+02
6.126411688869789032e+02 7.411383755908896092e+02
6.128180264844083922e+02 7.414489534387014373e+02
6.137622705932565168e+02 7.415352112676056322e+02
6.148944895343870485e+02 7.416317812900470017e+02
6.149433643279796797e+02 7.415490278951817800e+02
6.158712409995764574e+02 7.415861922914019715e+02
6.166053525913339399e+02 7.414796091758709053e+02
6.161579612468407277e+02 7.416112047177758768e+02
6.155407344871254054e+02 7.414719290840016583e+02
6.148497672450274649e+02 7.416550994498518321e+02
6.146768707482992795e+02 7.415136054421768677e+02
6.143940285954583942e+02 7.415870479394449148e+02
6.136278372591006018e+02 7.412509635974304274e+02
6.129373401534527375e+02 7.416368286445012927e+02
6.134199914199914474e+02 7.414414414414414978e+02
6.137408041060735968e+02 7.415923866552609525e+02
6.142500000000000000e+02 7.416683673469387941e+02
6.148820754716981583e+02 7.414498284734133904e+02
6.155969957081545090e+02 7.416356223175965852e+02
6.157048346055979664e+02 7.419312977099236832e+02
6.162493734335839690e+02 7.420229741019214771e+02
6.164312977099236832e+02 7.416912637828668267e+02
6.162633779264214127e+02 7.421220735785952911e+02
6.161300505050504626e+02 7.416712962962963047e+02
6.162850526315789921e+02 7.417802105263158410e+02
6.162498953537044599e+02 7.419388865634156218e+02
6.158160676532769457e+02 7.416625792811839801e+02
6.153130029648453956e+02 7.415878864887758937e+02
6.150795262267344015e+02 7.417669204737732116e+02
6.153755789473684672e+02 7.417128421052631211e+02
6.153767324653506421e+02 7.417601847963040882e+02
6.153039297658863234e+02 7.419142976588628926e+02
6.152227784730913527e+02 7.418911138923654107e+02
6.148675721561969567e+02 7.414206281833616003e+02
6.149306846999154459e+02 7.416741335587489630e+02
6.158580617495712204e+02 7.413173241852487081e+02
6.163232280102477034e+02 7.411665243381725077e+02
6.168202785030460973e+02 7.407341166231506122e+02
6.173094827586206748e+02 7.407956896551723958e+02
6.176683695189442460e+02 7.410647083865475224e+02
6.188282524688708008e+02 7.407552597681408315e+02
6.200500427715996921e+02 7.403331907613344356e+02
6.206219096334185679e+02 7.402676896845695182e+02
6.206461801109688849e+02 7.405078958600084889e+02
6.206789808917197888e+02 7.404878980891719493e+02
6.208295792605184715e+02 7.402316192095197493e+02
6.207568259385665215e+02 7.399010238907849271e+02
6.203021097046413388e+02 7.401371308016878174e+02
6.190645569620253355e+02 7.402164556962025017e+02
6.183967185527976653e+02 7.401754312158182074e+02
6.182732631578946894e+02 7.400492631578947567e+02
6.182493702770781283e+02 7.401078925272879587e+02
6.184274937133277490e+02 7.402095557418273302e+02
6.189716312056737024e+02 7.401068001668752458e+02
6.198233319345363270e+02 7.399483843894250867e+02
6.202533333333333303e+02 7.399345833333333076e+02
6.204878762541806054e+02 7.397144648829431617e+02
6.209658659924147059e+02 7.395499367888747884e+02
6.211952789699570303e+02 7.392587982832618536e+02
6.205182696346073499e+02 7.393309533809323284e+02
6.201803971271651790e+02 7.392061681453316169e+02
6.191699704765921979e+02 7.390236187262757994e+02
6.182663847780127071e+02 7.389031712473572497e+02
6.171104502973662420e+02 7.384995751911640127e+02
6.164432341851696719e+02 7.389752827817344496e+02
6.162903091060985616e+02 7.390183792815371362e+02
6.160873049346267862e+02 7.385369042598059650e+02
6.161939728353140708e+02 7.385997453310695846e+02
6.166166242578456149e+02 7.386467345207803419e+02
6.170544188071397684e+02 7.381732694819329481e+02
6.175182450043440667e+02 7.382306689834925919e+02
6.179931506849314928e+02 7.388142123287670984e+02
6.182933104631217702e+02 7.386573756432246682e+02
6.184360169491525312e+02 7.386805084745762997e+02
6.183944491169049797e+02 7.387931034482758150e+02
6.180130471380471135e+02 7.381936026936026565e+02
6.177866497676383233e+02 7.381394169835234607e+02
6.175445249254366900e+02 7.380076693651469668e+02
6.174251147267417537e+02 7.386374634960367302e+02
6.174590163934426528e+02 7.384064733081127088e+02
6.170506115563053982e+02 7.385651623787431390e+02
6.165352767215885024e+02 7.384169835234473567e+02
