6.143726575809199630e+02 7.393539182282794400e+02
6.140407643312101982e+02 7.394789808917197433e+02
6.130718588640274902e+02 7.393743545611015406e+02
6.132267241379310008e+02 7.394797413793103260e+02
6.140555077452668229e+02 7.393089500860585304e+02
6.141618596642273360e+02 7.393861386138613625e+02
6.142754310344827218e+02 7.394021551724138135e+02
6.148240343347639509e+02 7.392506437768240630e+02
6.156039182282794400e+02 7.394650766609880748e+02
6.157979626485569042e+02 7.394651952461799738e+02
6.157684165961049985e+02 7.396121930567315985e+02
6.166616033755274202e+02 7.396738396624472216e+02
6.187226246271836771e+02 7.395913932680017524e+02
6.186198731501057182e+02 7.397978858350951441e+02
6.178450106157112032e+02 7.394076433121018681e+02
6.184169171318162626e+02 7.394508372692142757e+02
6.201472602739726199e+02 7.393518835616438309e+02
6.212447850149000033e+02 7.396087696892294616e+02
6.212098555649957916e+02 7.394617672047578480e+02
6.209381926683716983e+02 7.395306905370844106e+02
6.215247395833333712e+02 7.390889756944444571e+02
6.222790294627383219e+02 7.393414211438474695e+02
6.229477040816326507e+02 7.397670068027210846e+02
6.227717437420449187e+02 7.398010182435299384e+02
6.226937553464499615e+02 7.399923011120615683e+02
6.229169520547944785e+02 7.395410958904109293e+02
6.230047311827956946e+02 7.395664516129032791e+02
6.228722674667809542e+02 7.397209601371624785e+02
6.227426975945016920e+02 7.394523195876288355e+02
6.230935897435897459e+02 7.393559829059829553e+02
6.232425933877200350e+02 7.394954916273078425e+02
6.226706433745206368e+02 7.396212185769066991e+02
6.218949433304271679e+02 7.392693984306887387e+02
6.221177748804867633e+02 7.393189917427205273e+02
6.232347114556416727e+02 7.397183462532299245e+02
6.233220989761092596e+02 7.399274744027303541e+02
6.220833333333333712e+02 7.396325561312607988e+02
6.221108723678555634e+02 7.396214009454232610e+02
6.219370449678800696e+02 7.396141327623125790e+02
6.207131076388889142e+02 7.391927083333333712e+02
6.196573129251701175e+02 7.393839285714285552e+02
6.196276186404446662e+02 7.393356135100469828e+02
6.188533389687236195e+02 7.398229078613693446e+02
6.177173728813559137e+02 7.396228813559322361e+02
6.170403120936281312e+02 7.393116601647160451e+02
6.166576156130674917e+02 7.396274925753075422e+02
6.166623376623376771e+02 7.397226644323418441e+02
6.163413922467694874e+02 7.397498957899124434e+02
6.153228680526092376e+02 7.394959694526941121e+02
6.147006802721087979e+02 7.393550170068027683e+02
6.139854014598539607e+02 7.390717045942465120e+02
6.134963659683625110e+02 7.393292005130397229e+02
6.133177172061328974e+02 7.394752981260647857e+02
6.131550847457626787e+02 7.396411016949152781e+02
6.131313088109495766e+02 7.393473053892215603e+02
6.136497656582871514e+02 7.393404345973583531e+02
6.132743324720069040e+02 7.394470284237726219e+02
6.121572934973637530e+02 7.387719683655535619e+02
6.125513043478260897e+02 7.391095652173912640e+02
6.134896907216494810e+02 7.390536941580755865e+02
6.135683576956147363e+02 7.390468615649183448e+02
6.123446061643835492e+02 7.395162671232876619e+02
6.119278438030560210e+02 7.394902376910016528e+02
6.123687366167023356e+02 7.393370449678800469e+02
6.124820819112627532e+02 7.394343003412968756e+02
6.124383503401360258e+02 7.394047619047619264e+02
6.128337574215437371e+02 7.394529262086514336e+02
6.134064597315435776e+02 7.396719798657718457e+02
6.138938053097344891e+02 7.396472819216181733e+02
6.137073274036425801e+02 7.393739940703092088e+02
6.141471343028229057e+02 7.393203592814371632e+02
6.162744850777637566e+02 7.398659100462379001e+02
