6.239605319605319664e+02 7.417987987987987708e+02
6.232762762762762350e+02 7.418382668382668044e+02
6.210206362854686404e+02 7.419346517626827335e+02
6.196245177882555026e+02 7.414410630090012546e+02
6.176476437527021517e+02 7.404967574578469112e+02
6.158482104355325646e+02 7.401780940060370995e+02
6.149871685201026139e+02 7.400855431993156799e+02
6.156847733105217912e+02 7.398875106928999230e+02
6.182044079515989097e+02 7.397536732929991103e+02
6.204159897392047469e+02 7.400307823856348932e+02
6.219191208791208965e+02 7.399613186813186303e+02
6.222602680501513532e+02 7.405317769130998613e+02
6.219889125799574003e+02 7.411718550106610337e+02
6.199694785926240002e+02 7.414862229758372223e+02
6.177233333333333576e+02 7.416641666666666879e+02
6.150728504870817233e+02 7.409728928420161083e+02
6.125103681760474501e+02 7.411256876851459765e+02
6.127056094474904739e+02 7.411864192323913585e+02
6.148976645435244563e+02 7.410849256900212367e+02
6.182164556962025017e+02 7.412759493670886286e+02
6.214238493723848933e+02 7.414046025104602222e+02
6.238534736842104849e+02 7.413738947368420895e+02
6.247456842105262922e+02 7.410812631578946821e+02
6.231566364385820407e+02 7.410762572135201935e+02
6.212044701986754944e+02 7.407512417218542851e+02
6.182030290626279339e+02 7.404240687679083521e+02
6.157798013245032962e+02 7.399118377483443965e+02
6.133639814424293490e+02 7.400615773935048765e+02
6.124831412718737056e+02 7.403188220230473462e+02
6.156229787234042305e+02 7.409221276595744712e+02
6.188353787558188515e+02 7.411718154887854553e+02
6.229785867237687853e+02 7.411023554603854109e+02
6.261412380122058039e+02 7.405640802092415242e+02
6.265616258741258662e+02 7.401013986013986141e+02
6.252297834732655701e+02 7.402319929297392491e+02
6.230498482878197137e+02 7.404343302990897655e+02
6.206373720136518841e+02 7.405887372013652339e+02
6.176946209233375384e+02 7.409292672596357079e+02
6.167291578501904041e+02 7.404223444773592746e+02
