6.218441780821917746e+02 7.395976027397259713e+02
6.211078178694158396e+02 7.394355670103092280e+02
6.198481067125645723e+02 7.394763339070567554e+02
6.181802501078051364e+02 7.392988357050452350e+02
6.175867346938775881e+02 7.390344387755102389e+02
6.175119047619048160e+02 7.393180272108843383e+02
6.168777442961687711e+02 7.390452001721911302e+02
6.161481001727115654e+02 7.390587219343696006e+02
6.155130142737195911e+02 7.393396305625524292e+02
6.152634705133644957e+02 7.394259652100126914e+02
6.147616426756985675e+02 7.394013547840812635e+02
6.147205372616984960e+02 7.390558925476602781e+02
6.139787324542747911e+02 7.399298170991067991e+02
6.139531715623669470e+02 7.397909748829289356e+02
6.145535413153456830e+02 7.398360033726812617e+02
6.153474320241691657e+02 7.394048338368579607e+02
6.153397600685518682e+02 7.394584404455870299e+02
6.156223655913978519e+02 7.390916129032258368e+02
6.162058319039450680e+02 7.392791595197255674e+02
6.170779220779220395e+02 7.389082251082251105e+02
6.171936878512753992e+02 7.391050583657587367e+02
6.177360208062418678e+02 7.388729952319029053e+02
6.182339409722221717e+02 7.388862847222221717e+02
6.185248594898400825e+02 7.389991353220925703e+02
6.194794638996974072e+02 7.391003026372676459e+02
6.200509337860780761e+02 7.391939728353140708e+02
6.208533218291630646e+02 7.391410698878343055e+02
6.208954136305186466e+02 7.391637376768110244e+02
6.207772491349480788e+02 7.391245674740484901e+02
6.208754830399312823e+02 7.392851009016745820e+02
6.217100042211903883e+02 7.394250738708316248e+02
6.222734209410767789e+02 7.393946587537092228e+02
6.228003434950622932e+02 7.391992271361099256e+02
6.224737288135593190e+02 7.395220338983050397e+02
6.224957044673539031e+02 7.391331615120275274e+02
6.230047619047619492e+02 7.390372294372294846e+02
6.230482966796032542e+02 7.390815006468304773e+02
6.219212765957446436e+02 7.394706382978723695e+02
6.207399829497015844e+02 7.391197783461210520e+02
6.191456982274103211e+02 7.387829658452226340e+02
6.187439341421144263e+02 7.386906412478335824e+02
6.186873920552676509e+02 7.386735751295336740e+02
6.168040745557000264e+02 7.384729085392284560e+02
