6.364600938967136017e+02 7.374733247972684467e+02
6.355984522785898889e+02 7.372463456577816032e+02
6.349756306113723667e+02 7.372129115006413258e+02
6.343803921568627402e+02 7.367559912854030699e+02
6.337882352941176123e+02 7.366867102396514611e+02
6.333762462071954360e+02 7.368586909406154746e+02
6.337405966277561902e+02 7.370051880674449194e+02
6.347687074829932499e+02 7.377300170068027683e+02
6.349447748513168790e+02 7.377752761257434031e+02
6.343346186803770479e+02 7.376910882604970539e+02
6.334330030159413809e+02 7.375351141749246153e+02
6.327341991341991161e+02 7.373125541125541531e+02
6.317038753159224598e+02 7.379528222409435330e+02
6.319408993576016655e+02 7.376796573875802778e+02
6.319028374892519651e+02 7.375971625107480349e+02
6.316138782460621997e+02 7.380987654320987303e+02
6.307037355088020831e+02 7.381786174323743808e+02
6.300222888984141036e+02 7.383596228032575937e+02
6.290943888647237827e+02 7.380508916920400679e+02
6.282092925910422991e+02 7.390619506069484714e+02
6.259922813036021125e+02 7.386951114922812849e+02
6.227864583333333712e+02 7.381497395833333712e+02
6.196579406631763050e+02 7.380296684118674193e+02
6.168442168160478332e+02 7.380597524541186658e+02
6.143563368055555429e+02 7.377313368055555429e+02
6.126023017902813308e+02 7.381018755328218504e+02
6.108754880694143594e+02 7.382303687635575216e+02
6.079767736486486456e+02 7.383775337837837469e+02
6.053982375157364686e+02 7.385262274443978185e+02
6.032397345499792891e+02 7.385806719203650346e+02
6.010719933416562526e+02 7.385355805243445957e+02
5.994023470243084830e+02 7.386244761106454462e+02
5.979233319519270253e+02 7.388416908412764315e+02
5.967639123102866279e+02 7.389203204047217923e+02
5.962398152036959118e+02 7.393880722385551962e+02
5.955084745762711691e+02 7.396192641587432490e+02
5.948233582709891607e+02 7.399941812136326007e+02
5.940016673614005640e+02 7.399987494789495486e+02
5.931738035264484097e+02 7.398660789252728591e+02
5.928676162547130843e+02 7.400364474235442458e+02
5.934959864807773329e+02 7.398491761723701075e+02
5.941527365294866740e+02 7.397072549851505983e+02
5.947650273224044213e+02 7.397986548970155809e+02
5.947046218487395208e+02 7.400126050420168440e+02
5.942476832350463383e+02 7.400842459983150547e+02
5.937754166666666151e+02 7.404404166666666924e+02
5.935004115226337262e+02 7.412168724279835033e+02
5.935215588723051496e+02 7.411981757877280188e+02
5.935775826014220229e+02 7.410915934755332728e+02
5.936121416526137864e+02 7.409510961214165263e+02
5.936561969439728728e+02 7.408255517826825098e+02
5.942630684232893827e+02 7.410624734381640337e+02
5.953656684943061919e+02 7.411830451286376729e+02
5.957646810308407339e+02 7.409623996620193793e+02
5.960155462184874295e+02 7.410407563025210038e+02
5.958823034888608845e+02 7.410239596469104981e+02
5.953654008438818437e+02 7.410097046413502540e+02
5.947953781512604792e+02 7.411373949579832470e+02
5.946964964119881643e+02 7.411625158294639277e+02
5.951937553464499615e+02 7.409029084687767863e+02
5.959364944961896526e+02 7.411151566469094405e+02
5.964227848101265863e+02 7.412793248945147297e+02
5.968996138996138825e+02 7.411205491205490716e+02
5.973849425776265889e+02 7.414032326669502027e+02
5.977294418406476098e+02 7.413647209203238617e+02
5.975432630219543171e+02 7.411050365906155548e+02
5.972009548611110858e+02 7.409201388888889142e+02
5.966641285956006868e+02 7.415105752961082999e+02
5.966885593220339388e+02 7.417165254237288536e+02
5.975139358108108354e+02 7.417056587837837469e+02
5.983275643731532227e+02 7.417458843393836787e+02
5.991301225179552148e+02 7.417617237008871598e+02
5.996261603375527329e+02 7.415814345991560685e+02
6.000037846930193837e+02 7.414264087468460502e+02
6.001797040169133197e+02 7.412384778012684592e+02
6.002845563139932210e+02 7.413280716723548949e+02
5.999726027397259713e+02 7.409464897260273801e+02
6.001375271149674973e+02 7.403154013015184773e+02
6.014529337273111196e+02 7.408547910510764041e+02
6.033830508474576391e+02 7.405059322033898752e+02
6.051771501925545635e+02 7.403855370132648659e+02
6.067112970711297066e+02 7.406012552301255027e+02
6.072538947368420850e+02 7.407654736842105194e+02
6.084707357859531385e+02 7.410802675585284760e+02
6.103308950086058076e+02 7.405055938037866099e+02
6.122062256809338123e+02 7.402477302204928264e+02
6.146924731182796222e+02 7.405058064516128979e+02
6.172890727035263581e+02 7.399699608184588442e+02
6.196898464163822382e+02 7.401104948805460708e+02
6.227141649048626277e+02 7.402241014799154755e+02
6.257492550021286206e+02 7.398480204342273510e+02
6.286849957374254245e+02 7.397216538789429023e+02
6.307683347713546027e+02 7.397040552200172669e+02
6.328629242819843057e+02 7.394386422976501763e+02
6.345168977469670608e+02 7.396356152512997824e+02
6.358374892519346986e+02 7.401177987962166753e+02
6.373619291506615809e+02 7.401314553990609966e+02
6.386242476354256041e+02 7.399312123817712745e+02
6.386619476619476927e+02 7.400287430287430652e+02
6.386521181001284049e+02 7.399246897732135722e+02
6.390302513847465207e+02 7.394827439284192678e+02
6.395171682916489999e+02 7.394056803730394449e+02
6.401394759087066859e+02 7.395798816568047869e+02
6.401324840764331157e+02 7.393006369426751689e+02
6.403052586575460055e+02 7.390380504489097575e+02
6.407443351859768654e+02 7.388499358700299808e+02
6.410826839826839887e+02 7.385956709956709574e+02
6.415418994413407745e+02 7.385844434894713686e+02
6.415626079447323491e+02 7.382599309153713421e+02
6.407435787671232674e+02 7.380428082191780277e+02
6.398636755823986277e+02 7.379827437446074327e+02
6.391727703576044632e+02 7.375389918138732810e+02
6.391611374407582389e+02 7.376406721240844035e+02
6.395701415701415726e+02 7.379399399399399044e+02
6.404210073181230882e+02 7.382720619888075362e+02
6.402597347026102170e+02 7.383217800599059046e+02
6.401570635936833469e+02 7.384101579172001948e+02
6.400315565031983169e+02 7.384324093816630921e+02
6.400625535561267725e+02 7.379370179948585928e+02
6.402098445595854628e+02 7.374378238341969336e+02
6.395630072618539543e+02 7.376531396838958017e+02
6.381792207792208274e+02 7.369861471861471500e+02
6.376729452054794365e+02 7.372812500000000000e+02
6.376069438491213077e+02 7.372400342906129254e+02
6.379568034557235023e+02 7.372289416846651875e+02
6.379767941555651305e+02 7.373467984529437445e+02
6.378890311566367473e+02 7.375424669227486447e+02
6.377740835464620659e+02 7.376619778346121166e+02
6.369591836734693970e+02 7.373507653061224119e+02
6.361086587436333275e+02 7.375679117147708439e+02
6.354423243712055864e+02 7.366986123156981421e+02
6.347363834422658329e+02 7.367006535947712109e+02
6.343973568281937787e+02 7.367903083700440448e+02
6.341063829787234454e+02 7.366908380373425871e+02
6.348730021598272515e+02 7.371416846652267623e+02
6.356603295310519570e+02 7.377144064216307697e+02
6.353489847715735550e+02 7.377203891708967376e+02
6.343051502145922314e+02 7.375712446351931249e+02
6.329010706638115380e+02 7.378132762312633304e+02
6.314692208351269755e+02 7.375105467068445932e+02
6.311745689655172100e+02 7.372870689655172782e+02
6.312394185549379699e+02 7.373779392902949894e+02
6.314100472305710809e+02 7.375199656504937593e+02
6.306080508474576618e+02 7.384084745762711464e+02
6.299991500212494202e+02 7.383965150871227934e+02
6.291546481320590374e+02 7.385026064291920420e+02
6.283281586890901735e+02 7.387166882276843580e+02
6.268231759656652002e+02 7.388802575107296207e+02
6.246272570937230739e+02 7.386431642304385150e+02
6.216232517482517324e+02 7.380332167832167443e+02
6.184251063829786972e+02 7.382417021276595506e+02
6.161496163682865017e+02 7.380149190110827249e+02
6.141314758380495959e+02 7.378567696996082077e+02
6.098096243140565775e+02 7.389265512874630986e+02
