6.230230966638151813e+02 7.394136013686911610e+02
6.229936143039591343e+02 7.395453384418901805e+02
6.226905772495755400e+02 7.393391341256366331e+02
6.216493784826403726e+02 7.391881697385340431e+02
6.202169289663972904e+02 7.393441088898341604e+02
6.182863266180883102e+02 7.389785683669095988e+02
6.171222837665104635e+02 7.393250958670643058e+02
6.170876665234206939e+02 7.391895143962183283e+02
6.164469827586207202e+02 7.392387931034483017e+02
6.154991341991342324e+02 7.391346320346320908e+02
6.145816412859560387e+02 7.395478003384095018e+02
6.134659284497444105e+02 7.396328790459965603e+02
6.132616863259064530e+02 7.393861948449103920e+02
6.126151515151515241e+02 7.397021645021644645e+02
6.118235546038544044e+02 7.401177730192719082e+02
6.119704749679075348e+02 7.401215233204964079e+02
6.125431837425910544e+02 7.402603725656223332e+02
6.133377007607776932e+02 7.403786982248520872e+02
6.137605274351340086e+02 7.400284985112717777e+02
6.145396145610278609e+02 7.397982869379014801e+02
6.150419187554018663e+02 7.395458081244597679e+02
6.157057569296375732e+02 7.398217484008529254e+02
6.162169534200587577e+02 7.399710449013848574e+02
6.163114478114478061e+02 7.398787878787878753e+02
6.174174630755863973e+02 7.390121633362293778e+02
6.184137489325363504e+02 7.395888129803586253e+02
6.200689361702127371e+02 7.396855319148936587e+02
6.216055201698513883e+02 7.395855626326963375e+02
6.228017751479289927e+02 7.394822485207100726e+02
6.229833830421814582e+02 7.394081806561567873e+02
6.229957410562180939e+02 7.394408006814310284e+02
6.232587085811385350e+02 7.394689889549703139e+02
6.236161056668087213e+02 7.391410311035364202e+02
6.242079378774806173e+02 7.389348576358929677e+02
6.246948297604035361e+02 7.393438419503993373e+02
6.247245155855097209e+02 7.394844144903116785e+02
6.248701353637901548e+02 7.397301184433164281e+02
6.248526672311600123e+02 7.395262489415749769e+02
6.245104210974053558e+02 7.393381539770310837e+02
6.234228302693459227e+02 7.395395468148781219e+02
6.217330453563714627e+02 7.390708423326134380e+02
6.197464668094218041e+02 7.392021413276231669e+02
6.176398985629755316e+02 7.394543533389687582e+02
