6.143585585585585704e+02 7.398806306306306624e+02
6.152211235955056736e+02 7.399658426966292382e+02
6.173772845953002388e+02 7.406431679721497403e+02
6.204042372881356187e+02 7.413694915254237685e+02
6.222514379622020897e+02 7.418483976992604312e+02
6.234870742716454970e+02 7.417874435781699276e+02
6.239846917666528725e+02 7.415804716590814678e+02
6.233701542309295291e+02 7.414456023343059314e+02
6.211847545219637823e+02 7.406942291128337956e+02
6.189565022421525100e+02 7.399641255605381502e+02
6.166284530386740244e+02 7.391339779005525088e+02
6.150517723880597032e+02 7.391114738805970319e+02
6.159061774268462841e+02 7.393297724105898396e+02
6.179951176209498271e+02 7.402552152685308329e+02
6.205008396305626093e+02 7.412464315701091664e+02
6.231566707466340631e+02 7.420567115463076107e+02
6.243623188405797464e+02 7.423429951690820872e+02
6.248077393075355985e+02 7.419828920570264472e+02
6.235243154883530678e+02 7.412541888026154311e+02
6.214911616161616621e+02 7.403114478114478061e+02
6.178451268357810022e+02 7.388518024032042604e+02
6.143141831238779105e+02 7.382791741472171907e+02
6.129459833795013992e+02 7.379644506001847049e+02
6.131373160945162226e+02 7.386326348640213837e+02
6.156685564762319700e+02 7.390518970780636892e+02
6.181454700127604838e+02 7.398549553381540136e+02
6.210544936966246041e+02 7.408267588450589756e+02
6.232040899795500764e+02 7.406531697341513336e+02
6.240065870728694790e+02 7.406278303828736398e+02
6.237409539473684390e+02 7.407179276315789593e+02
6.222672013507809652e+02 7.399269734065006787e+02
6.192523117569352280e+02 7.389647732276530405e+02
6.157139619220308759e+02 7.384750679963735820e+02
6.132887871853546358e+02 7.389409610983981338e+02
6.134187327823691476e+02 7.387525252525252881e+02
6.153200000000000500e+02 7.388457777777778119e+02
6.183555933645257028e+02 7.400165886856656243e+02
6.208409836065574154e+02 7.409282786885246423e+02
6.231392405063290880e+02 7.406635361371988893e+02
6.234658853076600735e+02 7.405567182921724907e+02
