6.169806368330464466e+02 7.386850258175559247e+02
6.170060266896255143e+02 7.384709427464485998e+02
6.167040816326530148e+02 7.386088435374149412e+02
6.159364745477492988e+02 7.386983592763988327e+02
6.147220353238014923e+02 7.387657695542472993e+02
6.135473549488054914e+02 7.381565699658702897e+02
6.124914015477214662e+02 7.382828890799655710e+02
6.122984315387876677e+02 7.382081390419668878e+02
6.121414098775854882e+02 7.381468974250739166e+02
6.121978947368421586e+02 7.382960000000000491e+02
6.119402542372881726e+02 7.380449152542372531e+02
6.115581693755345896e+02 7.379294268605646039e+02
6.115367207514944994e+02 7.382028181041844164e+02
6.115825902335456021e+02 7.386475583864119017e+02
6.107811825636598542e+02 7.384600776866637943e+02
6.103255613126079879e+02 7.384196891191710392e+02
6.105635123614663371e+02 7.386491901108269076e+02
6.105244845360824684e+02 7.384531786941580549e+02
6.111991416309012948e+02 7.381858369098712274e+02
6.117403267411865500e+02 7.381126397248494868e+02
6.117690994451558026e+02 7.382816901408450576e+02
6.118457903780068818e+02 7.380536941580755865e+02
6.122441960447119982e+02 7.379565778159931142e+02
6.126506437768240403e+02 7.376729613733905353e+02
6.137623337623338102e+02 7.377052767052766740e+02
6.147533133817870521e+02 7.379033775117571849e+02
6.146341045415595090e+02 7.382956298200514311e+02
6.147254647643752605e+02 7.387591872027669524e+02
6.156917454858125893e+02 7.389608770421324380e+02
6.160730457069628301e+02 7.390179410508329738e+02
6.153715753424658033e+02 7.390398116438356055e+02
6.153770212765957695e+02 7.392093617021276941e+02
6.148014548566537769e+02 7.389798887462559378e+02
6.153135089209855551e+02 7.391949872557348726e+02
6.163961702127659237e+02 7.395068085106382796e+02
6.175635407537248511e+02 7.388737949167397119e+02
6.193170940170940639e+02 7.391799145299145266e+02
6.208934634974533537e+02 7.392372665534804810e+02
6.221598465473146007e+02 7.392446717817562103e+02
6.222325280414149802e+02 7.388114754098360208e+02
6.223778642455685031e+02 7.389952442715089092e+02
6.216046814044212852e+02 7.392535760728218293e+02
6.205616204690832092e+02 7.394925373134328765e+02
6.201015557476231379e+02 7.393007778738116258e+02
6.215285895806861163e+02 7.398504870817449728e+02
6.225846481876332064e+02 7.399181236673773583e+02
6.233955574540794942e+02 7.397642033319094708e+02
6.237533828022696980e+02 7.400602357049323246e+02
6.236931768796175675e+02 7.402698826597131756e+02
6.234978317432784252e+02 7.402640936686904070e+02
6.227236842105263577e+02 7.402852292020373852e+02
6.220645023494233783e+02 7.401264416915847733e+02
6.217422413793103715e+02 7.400806034482758378e+02
6.217466493731085393e+02 7.401374837872892840e+02
6.224183629276743659e+02 7.399705500216543896e+02
6.230030146425494877e+02 7.400525409130060552e+02
6.225938566552900966e+02 7.405081058020477940e+02
6.213505598621877652e+02 7.404155900086132078e+02
6.193364156759137131e+02 7.400189343901364509e+02
6.181482291211193569e+02 7.398535198950589802e+02
6.186887360275150058e+02 7.408013757523646063e+02
6.185118279569892366e+02 7.406498924731182569e+02
6.189008158007728753e+02 7.405186775440103020e+02
6.193276304533789016e+02 7.406548331907613374e+02
6.193364847443059489e+02 7.405418994413407745e+02
6.189928118393235081e+02 7.403496828752643069e+02
6.182550590219224205e+02 7.402360876897133721e+02
6.175533980582524691e+02 7.402672013507809652e+02
6.170355308219178596e+02 7.398082191780821404e+02
6.157782426778243234e+02 7.399631799163180403e+02
6.150331125827814276e+02 7.400740894039735167e+02
6.149002087682672482e+02 7.399277661795407539e+02
6.149016324822101751e+02 7.399363750523231147e+02
6.145888157894736423e+02 7.401800986842105203e+02
6.140372852953497613e+02 7.397419354838709751e+02
