6.212182952182952249e+02 7.408237006237005744e+02
6.206005867560770639e+02 7.406018440905280613e+02
6.200173288250210817e+02 7.403427726120033867e+02
6.199440203562340912e+02 7.401874469889737611e+02
6.203770560944749377e+02 7.403015605229860512e+02
6.207854729729730252e+02 7.403112331081081265e+02
6.212978270132083480e+02 7.404784831700042105e+02
6.213699152542372985e+02 7.403999999999999773e+02
6.206935075885328388e+02 7.404730185497470529e+02
6.202612726506531544e+02 7.406198904340496938e+02
6.197334745762711918e+02 7.405745762711864018e+02
6.195917761763458884e+02 7.404743535396354446e+02
6.194501497646555208e+02 7.402340607616602028e+02
6.193627827571489206e+02 7.401293213828424769e+02
6.193867684478371984e+02 7.400843935538591722e+02
6.183953885567890438e+02 7.397912040990606783e+02
6.182960242005185592e+02 7.393824546240276732e+02
6.171427962489343599e+02 7.394761295822677312e+02
6.167618843683083014e+02 7.393683083511776886e+02
6.155575183110728403e+02 7.391800947867299101e+02
6.150492778249787307e+02 7.395454545454545041e+02
6.149565964761495707e+02 7.391822088525999561e+02
6.151203266007735238e+02 7.390872367855607763e+02
6.160786997433704073e+02 7.391967493584260183e+02
6.169706132879045981e+02 7.392883304940374956e+02
6.178029072253099230e+02 7.395570756733646931e+02
6.177859872611464880e+02 7.393936305732484016e+02
6.172318162484049253e+02 7.395287111867290832e+02
6.165895681915347950e+02 7.394843950406155955e+02
6.163360341151385455e+02 7.395010660980809689e+02
6.167277754147171436e+02 7.395282858358145859e+02
6.176924061433446695e+02 7.398425767918088241e+02
6.190012728044123378e+02 7.397221043699618122e+02
6.195574521232306324e+02 7.403555370524562704e+02
6.204886800512601894e+02 7.397167876975651097e+02
6.214348576358929677e+02 7.395720448662640365e+02
6.212388576373864453e+02 7.396512332323669625e+02
6.209519557823128935e+02 7.401007653061224119e+02
6.199732370433305277e+02 7.399995751911640127e+02
6.195715498938428709e+02 7.400101910828025211e+02
6.197130102040816837e+02 7.402253401360544558e+02
6.199479744136460795e+02 7.408174840085288224e+02
6.203204467353951941e+02 7.406941580756014218e+02
6.207733050847457434e+02 7.409923728813558910e+02
