6.146380870314519598e+02 7.396398104265402935e+02
6.140427563304275509e+02 7.405404732254047531e+02
6.141979035639412814e+02 7.406716981132075261e+02
6.143176972281449935e+02 7.406055437100212657e+02
6.143142250530785304e+02 7.406692144373672591e+02
6.139814267623469277e+02 7.406715913887716169e+02
6.132828836424957899e+02 7.406298482293423149e+02
6.113957641196013810e+02 7.409240033222591819e+02
6.103441261934412978e+02 7.411594022415939662e+02
6.103820556023588324e+02 7.413390901432181863e+02
6.121064189189189619e+02 7.405000000000000000e+02
6.145573698146513379e+02 7.399483671668137958e+02
6.155984422327996981e+02 7.402842925140631678e+02
6.156992547128452316e+02 7.399031126698815797e+02
6.146759098786828872e+02 7.397651646447139910e+02
6.140136286201021676e+02 7.407419080068143558e+02
6.137129909365559115e+02 7.402766508416054876e+02
6.133288850624193174e+02 7.403538527765820163e+02
6.139637931034483245e+02 7.401077586206896513e+02
6.166324278438030433e+02 7.402045840407470223e+02
6.194079344545062895e+02 7.402587322121604529e+02
6.235638389031705628e+02 7.399095972579262934e+02
6.241591103507271328e+02 7.396112061591103384e+02
6.233956651083723273e+02 7.396098597535061572e+02
6.218784928027096157e+02 7.399436917866214571e+02
6.214917962003454477e+02 7.393307426597582435e+02
6.218965962947005437e+02 7.392740198190434739e+02
6.233990670059372405e+02 7.395424088210347691e+02
6.242306711979608735e+02 7.395276125743415605e+02
6.255365228534814150e+02 7.399466040153780568e+02
6.254720101781171024e+02 7.400983884648006779e+02
6.237440374787053088e+02 7.398398637137989908e+02
6.212952622673434462e+02 7.398434856175972527e+02
6.187607758620689538e+02 7.391620689655172782e+02
6.169613282891971267e+02 7.397852038671710488e+02
6.161379454926624248e+02 7.401719077568134253e+02
6.158749471905365453e+02 7.405496408956485084e+02
6.168577586206896513e+02 7.403280172413792570e+02
6.169879206212251574e+02 7.408360655737704974e+02
6.166789109766638148e+02 7.411343993085565671e+02
6.163384353741496398e+02 7.413048469387755404e+02
6.150435157259802281e+02 7.411111589831969013e+02
6.115364067212408372e+02 7.411818181818181301e+02
