6.081833477135461408e+02 7.386583261432268728e+02
6.082366609294319915e+02 7.386458691910498828e+02
6.080421189752496502e+02 7.385128093790707453e+02
6.078219648219647979e+02 7.386898326898326559e+02
6.080252393385552523e+02 7.385352480417755032e+02
6.077678958785249961e+02 7.385965292841648306e+02
6.079555749128919615e+02 7.386202090592335026e+02
6.087059591126576379e+02 7.385828621139626193e+02
6.098122822299651489e+02 7.386171602787457005e+02
6.111911130284728415e+02 7.389378774805867351e+02
6.126371527777778283e+02 7.389097222222221717e+02
6.140748065348237787e+02 7.392773000859845069e+02
6.165969230769230762e+02 7.389696703296702935e+02
6.191203984408834913e+02 7.393421394543091765e+02
6.214402268760907191e+02 7.394760034904013537e+02
6.223924050632911076e+02 7.399441292012221538e+02
6.233824166305760173e+02 7.402039844088350264e+02
6.232604570935748143e+02 7.403924105217765828e+02
6.232750865051903020e+02 7.404442041522490854e+02
6.232653846153846189e+02 7.406867521367521476e+02
6.231971770744225978e+02 7.407643284858853576e+02
6.231590909090908781e+02 7.407517152658662098e+02
6.226169389509888106e+02 7.406337059329321164e+02
6.222615979381442912e+02 7.411065292096219537e+02
6.219991452991453116e+02 7.410350427350426799e+02
6.215839384878256624e+02 7.409530115335327309e+02
6.209596260093497904e+02 7.410361240968975380e+02
6.199173764906303177e+02 7.410068143100511406e+02
6.184156913740788468e+02 7.407962722149978845e+02
6.162207072858968786e+02 7.410847890924584362e+02
6.140277777777778283e+02 7.411186868686868365e+02
6.115850427350427481e+02 7.408081196581196082e+02
6.099965635738831224e+02 7.405833333333333712e+02
6.083206362494768200e+02 7.405885307660108765e+02
6.070284501061571518e+02 7.401978768577495202e+02
6.064684256055363676e+02 7.398780276816609103e+02
6.067170459424645514e+02 7.399089738085015142e+02
6.067601539119282279e+02 7.399961522017956668e+02
6.071041486603284056e+02 7.400522904062229372e+02
6.070561941251596636e+02 7.400906768837803611e+02
6.072851009016745820e+02 7.401129240017174880e+02
6.075841201716738169e+02 7.402072961373390854e+02
6.081284796573876292e+02 7.400089935760171329e+02
6.087971198644642072e+02 7.401448538754765423e+02
6.097355302070130847e+02 7.400228136882129775e+02
6.115033361134278493e+02 7.401851542952460932e+02
