6.177424503882657518e+02 7.394577221742881648e+02
6.177688289072704038e+02 7.395951240748802320e+02
6.185730337078651928e+02 7.397649092480553463e+02
6.184734320557491856e+02 7.395701219512195621e+02
6.180487910189982586e+02 7.397292746113989779e+02
6.173607979184735086e+02 7.397718993928881446e+02
6.175919689119170926e+02 7.395017271157167897e+02
6.185403996524761396e+02 7.392940920938314093e+02
6.193626469307793059e+02 7.390905528950805774e+02
6.204715690466010756e+02 7.392479692176143544e+02
6.213047375160051615e+02 7.394566794707640156e+02
6.216044520547944785e+02 7.394970034246575779e+02
6.208321858864027263e+02 7.393334767641996450e+02
6.199935539321014630e+02 7.393893425010743385e+02
6.185756521739129994e+02 7.390643478260869870e+02
6.173036187113857522e+02 7.385873786407767057e+02
6.167684791843670382e+02 7.394464740866610555e+02
6.169953011533532390e+02 7.394553609568559978e+02
6.172427350427350348e+02 7.394435897435897687e+02
6.183091603053435392e+02 7.393863443596268326e+02
6.191596746575341967e+02 7.391382705479452397e+02
6.190269565217391801e+02 7.389934782608695514e+02
6.191252144082333189e+02 7.395283018867924056e+02
6.195445887445887365e+02 7.394008658008657449e+02
6.181784497444633644e+02 7.397896081771721128e+02
