6.139879227053139630e+02 7.373997584541062906e+02
6.141019005256773653e+02 7.375179943388596939e+02
6.134420833333333576e+02 7.372745833333333394e+02
6.122951505016721967e+02 7.380397157190635653e+02
6.108275716694772655e+02 7.390535413153456830e+02
6.098933777592669685e+02 7.401441066222407699e+02
6.087857747671464494e+02 7.415723962743437596e+02
6.083174740484429321e+02 7.425899653979238337e+02
6.083011216566005714e+02 7.433041415012942252e+02
6.086957455951869633e+02 7.444194241512677763e+02
6.102726502963589610e+02 7.450393734123623517e+02
6.113941698352344929e+02 7.457435572454584189e+02
6.120257796257795917e+02 7.460257796257795917e+02
6.125606502709462120e+02 7.455931638182576080e+02
6.127897350993378041e+02 7.453609271523179132e+02
6.133192449733278409e+02 7.444050061551087083e+02
6.134899466557242249e+02 7.430377513336069342e+02
6.135962500000000546e+02 7.413466666666666924e+02
6.135067706196142581e+02 7.403504308576118547e+02
6.136207609594706582e+02 7.388130686517782806e+02
6.139722222222221717e+02 7.377077114427860351e+02
6.139242549668873608e+02 7.366771523178807684e+02
6.131800246609124088e+02 7.362790793259350721e+02
6.128937474458521137e+02 7.359799754801798599e+02
6.127122778007441184e+02 7.358722612649855819e+02
6.118774752475247851e+02 7.361955445544554095e+02
6.105141529362061874e+02 7.369928179129700538e+02
6.087894298793174812e+02 7.377694548481065340e+02
6.070579828501429347e+02 7.396525112290730704e+02
6.057922024056408645e+02 7.402173372044794633e+02
6.054207879295893235e+02 7.411596814752724640e+02
6.058262144053601332e+02 7.422537688442210992e+02
6.058610648918469224e+02 7.436788685524126095e+02
6.063426311407160938e+02 7.442885095753538280e+02
6.063483762125684962e+02 7.448734711092365615e+02
6.062605218855219391e+02 7.454499158249158199e+02
6.058876500857633118e+02 7.450677530017152321e+02
6.054627368421053006e+02 7.446458947368421377e+02
6.052509505703421837e+02 7.435821715251372552e+02
6.062979437683592323e+02 7.426235837180024646e+02
6.071681969949916038e+02 7.416235392320534174e+02
6.082021496486150909e+02 7.400797850351384568e+02
6.087206796518855754e+02 7.387177786987152786e+02
6.096296914095079273e+02 7.373661384487072610e+02
6.105024370430544423e+02 7.368781478472786830e+02
6.113058252427184698e+02 7.360299352750809021e+02
6.124525252525252199e+02 7.357082828282827904e+02
6.134509564509564825e+02 7.353093203093203556e+02
6.142135374697824091e+02 7.356470588235293917e+02
6.143117623117623225e+02 7.361102971102970969e+02
6.137323089365143005e+02 7.370630812778002792e+02
6.128951480263158373e+02 7.379720394736841627e+02
6.114752353663528766e+02 7.391575931232091534e+02
6.106085002043317900e+02 7.403445034736412254e+02
6.098686910135412518e+02 7.417985227739023912e+02
6.093730656629026043e+02 7.422551233793392385e+02
6.094529914529914549e+02 7.431337606837606700e+02
6.095433770630554591e+02 7.438514600084638460e+02
6.093997440273037682e+02 7.444680034129693240e+02
6.093127364438839777e+02 7.447112232030265204e+02
6.095933697020561794e+02 7.443105329416702034e+02
6.107003841229193313e+02 7.433559539052496348e+02
6.118866413822165669e+02 7.434922039612305298e+02
6.132323443376515115e+02 7.424905975762641219e+02
6.150625777041027504e+02 7.415317032739328624e+02
6.165846090194455655e+02 7.400947455523375993e+02
6.178748456154796713e+02 7.393779333058871543e+02
6.186210698244181003e+02 7.382474479379338845e+02
6.182028927280032349e+02 7.374981920449979498e+02
6.175852478839177593e+02 7.367001209189842257e+02
6.160967226219024724e+02 7.361730615507593711e+02
6.150304365238285982e+02 7.360592711253503921e+02
6.139232653061224028e+02 7.357612244897959499e+02
6.121533442088091306e+02 7.362312398042414543e+02
6.110117838277122928e+02 7.371243396993091892e+02
6.102281275551921453e+02 7.381075224856908790e+02
6.093648591845312694e+02 7.385876418663303866e+02
6.088245908518673559e+02 7.397696181284095474e+02
6.086423236514523296e+02 7.411174273858921424e+02
6.088953144786829625e+02 7.418045588856057293e+02
6.091914983164982687e+02 7.431182659932660499e+02
6.094717537942664194e+02 7.435636593591905239e+02
6.104335693461057417e+02 7.442515618492294607e+02
6.112600170502984156e+02 7.440017050298380354e+02
6.122889637742207469e+02 7.442990732940185126e+02
6.142220822837950891e+02 7.439735516372795701e+02
6.168353909465020024e+02 7.437860082304526941e+02
6.192680151706700826e+02 7.426700379266751497e+02
6.214509721048182200e+02 7.413296703296703072e+02
6.219941763727121042e+02 7.403485856905158471e+02
6.216921824104234702e+02 7.396934039087948349e+02
6.210329441201000691e+02 7.379728940783986673e+02
6.200531520395550160e+02 7.376794396374124290e+02
6.190590665014457272e+02 7.366542750929368140e+02
6.182191383595692287e+02 7.365716652858326370e+02
6.175806845965770435e+02 7.366837815810921484e+02
6.173220684039088155e+02 7.371962540716612011e+02
6.167876823338735903e+02 7.376134521880064767e+02
6.166199021207178248e+02 7.382907830342577427e+02
6.166697844652297817e+02 7.390955673037819906e+02
6.164578947368421495e+02 7.406574898785424921e+02
6.160748355263158373e+02 7.413240131578946830e+02
6.161952931461602248e+02 7.422151114781172510e+02
6.162153149444216069e+02 7.436319473034170642e+02
6.172090606816292393e+02 7.442822111388196618e+02
6.183715248525694506e+02 7.447131423757371067e+02
6.190482550624731175e+02 7.445122791900042785e+02
6.197637624620720089e+02 7.447290853922843326e+02
6.205345049292756130e+02 7.444980711530218969e+02
6.215774468085106719e+02 7.436046808510637902e+02
6.230230572160546672e+02 7.432216054654141999e+02
6.237337913267497242e+02 7.422941176470587834e+02
6.247430880476392758e+02 7.413304976605700176e+02
6.248521959459459367e+02 7.403462837837837469e+02
6.250343074968234305e+02 7.392816603134265279e+02
6.244172212978369316e+02 7.385411813643926280e+02
6.240948384389424746e+02 7.378417960553923649e+02
6.237907552620717979e+02 7.378803136607510851e+02
6.240441537203597591e+02 7.378376941946033867e+02
6.242107404393816523e+02 7.378738812042311110e+02
6.241501427988575870e+02 7.379216646266829684e+02
6.234354904354904647e+02 7.382808302808302869e+02
6.228269782697826713e+02 7.389134891348913925e+02
6.226138980263158373e+02 7.392989309210526017e+02
6.219750933997509037e+02 7.399742631797425929e+02
6.211559900166389525e+02 7.406942595673876895e+02
6.206153519932146310e+02 7.410042408821034314e+02
6.206260539629005279e+02 7.418878583473862136e+02
6.216552323056882869e+02 7.418666956144160167e+02
6.221091148115688156e+02 7.421599474145486965e+02
6.234166305760069235e+02 7.431190991771329664e+02
6.240739939420163864e+02 7.431531804413673399e+02
6.250177258971033325e+02 7.434993514915694277e+02
6.259726324934839568e+02 7.431481320590791029e+02
6.265641355641355403e+02 7.430806520806520439e+02
6.273175875158160579e+02 7.430354280894136991e+02
6.278023450586264289e+02 7.420540201005024983e+02
6.276788259958070739e+02 7.413278825995806756e+02
6.272519555372581408e+02 7.406241251543845010e+02
6.267943498130453008e+02 7.397947652679683870e+02
6.266344398340248745e+02 7.389323651452282320e+02
6.265815105241435958e+02 7.384647131654973009e+02
6.261887024150634034e+02 7.381019238641015363e+02
6.250852649006621959e+02 7.377649006622516481e+02
6.235374539500613764e+02 7.381354891526810889e+02
6.208235054900366094e+02 7.384534363562423778e+02
6.181239193083573582e+02 7.387859201317414772e+02
6.169309346567411012e+02 7.389061207609594248e+02
6.158418839360807624e+02 7.392371740958789132e+02
6.158188585607940695e+02 7.402853598014888803e+02
6.165928393005827957e+02 7.406124063280599330e+02
6.179095901985635919e+02 7.409324038867764557e+02
6.195884353741496398e+02 7.414366496598639742e+02
6.209111785095320784e+02 7.415086655112651215e+02
6.221522388059701143e+02 7.424626865671641553e+02
6.235401614959625931e+02 7.432779430514236765e+02
6.245366680796947776e+02 7.434417125900805559e+02
6.253136752136751966e+02 7.429756410256410391e+02
6.260599662162162531e+02 7.424307432432432279e+02
6.268379413015737782e+02 7.420276478094427830e+02
6.282403267411865500e+02 7.405653482373172665e+02
6.280873992363173102e+02 7.400890963088671697e+02
6.266656842105263650e+02 7.395562105263157946e+02
6.247680433875677863e+02 7.388239465999165532e+02
6.242787930301742563e+02 7.376731831704207707e+02
6.229894869638351338e+02 7.374289318755256772e+02
6.226058333333332939e+02 7.370912499999999454e+02
6.219140850888062459e+02 7.372668318876496869e+02
6.210564784053156018e+02 7.374638704318937243e+02
6.206319043693322328e+02 7.377176422093981500e+02
6.206769547325102394e+02 7.380378600823045190e+02
6.209081257656185926e+02 7.387060024499795645e+02
6.220987704918032932e+02 7.393192622950820123e+02
6.229485596707819468e+02 7.397148148148147584e+02
6.240783429040196779e+02 7.403826907301066740e+02
6.246374367622260024e+02 7.407268128161888399e+02
6.245889311364596779e+02 7.409632446134347674e+02
6.245805914202416034e+02 7.418754685547688723e+02
6.244182046979865390e+02 7.421665268456375770e+02
6.240564411891425607e+02 7.418664368806548737e+02
6.234504385964912672e+02 7.416342105263157691e+02
6.225474516695958300e+02 7.419455184534270984e+02
6.224423498465584998e+02 7.418934677772906525e+02
6.219298780487804379e+02 7.413841463414634063e+02
6.214373905429072238e+02 7.410302101576181713e+02
6.206540120793787310e+02 7.410582398619499145e+02
6.198895027624309932e+02 7.405597110072247915e+02
6.194469156525387916e+02 7.397629039026437567e+02
6.191588089330024332e+02 7.392022332506203384e+02
6.189088295687885193e+02 7.385926078028747952e+02
6.188866693844272504e+02 7.381687729311047406e+02
6.187060728744938842e+02 7.380202429149798036e+02
6.186845286059628961e+02 7.380656728444802184e+02
6.186570616883117282e+02 7.378453733766233427e+02
6.188554414784393884e+02 7.380028747433265153e+02
6.193056478405316057e+02 7.377965116279069662e+02
6.205057755775577562e+02 7.383849009900990268e+02
6.209300377042312675e+02 7.385672392124005228e+02
6.210258474576271510e+02 7.389978813559322361e+02
6.201988997037664149e+02 7.394168429961912352e+02
6.199471649484536329e+02 7.396855670103092280e+02
6.198873362445415296e+02 7.400467248908297506e+02
6.202647692971107745e+02 7.410556274256144889e+02
6.214230103806228271e+02 7.415791522491349497e+02
6.228288444830582193e+02 7.425660295395308594e+02
6.240316374519024976e+02 7.430367678495083510e+02
6.243708297690333211e+02 7.429084687767322066e+02
6.246987234042553609e+02 7.431872340425532002e+02
6.238910012674271002e+02 7.428901563160118258e+02
6.233660565723794207e+02 7.426414309484192700e+02
6.221657665143331997e+02 7.420905691732447167e+02
6.211745769706974443e+02 7.417812628972347966e+02
6.208191881918819490e+02 7.411041410414104575e+02
6.201576780568135518e+02 7.399765335529024242e+02
6.195782537067544808e+02 7.389332784184514367e+02
6.190393634840870618e+02 7.378027638190955031e+02
6.185849132714804455e+02 7.380371117386042670e+02
6.179616639477976605e+02 7.376823001631321404e+02
6.172085406301823696e+02 7.372425373134328765e+02
6.164669404517453586e+02 7.375498973305955133e+02
6.165372888339513793e+02 7.375212196126905155e+02
6.180346410684473994e+02 7.379858096828046428e+02
6.188309158723581049e+02 7.388769167012018215e+02
6.197563891178895119e+02 7.400774938169827237e+02
6.203419516263552396e+02 7.408240200166806062e+02
6.212539815590947683e+02 7.415687342833193725e+02
6.211137123745819508e+02 7.425597826086956275e+02
6.213673213539490234e+02 7.432381947346426614e+02
6.213588995414755800e+02 7.438057523968319629e+02
6.209536534446764335e+02 7.443565762004175212e+02
6.202823779193205382e+02 7.443278131634820056e+02
6.188695652173912549e+02 7.448352842809364347e+02
6.173138231631381814e+02 7.444499792444997865e+02
6.163578020134227700e+02 7.437348993288591146e+02
6.157502124044179936e+02 7.425505522514868062e+02
6.154016806722688671e+02 7.416861344537815057e+02
6.155503157894736432e+02 7.405157894736842081e+02
6.156937578550481476e+02 7.396237955592794151e+02
6.155235294117646845e+02 7.384840336134453764e+02
6.151174524400330483e+02 7.379491315136476715e+02
6.149640644361834347e+02 7.375704254440313434e+02
6.148240626287597479e+02 7.372468067573136068e+02
6.148955592105263577e+02 7.371562500000000000e+02
6.151580867450344385e+02 7.374807458451560933e+02
6.162283142389525210e+02 7.374656301145662383e+02
6.164700574241181812e+02 7.380328137817883771e+02
6.163434343434342964e+02 7.391260606060606051e+02
6.162987174182870831e+02 7.396123293338849862e+02
6.158981052631578450e+02 7.402130526315789893e+02
6.155914608622854303e+02 7.411477605692758743e+02
6.142885990744636047e+02 7.422019352124526677e+02
6.134062893081761558e+02 7.431241090146750139e+02
6.124760694620923687e+02 7.436332062685303299e+02
6.112151898734176712e+02 7.443333333333333712e+02
6.101059574468084747e+02 7.448472340425531684e+02
6.088030690537084411e+02 7.449313725490195566e+02
6.079847780126849557e+02 7.443255813953488769e+02
6.078959123472398005e+02 7.440000000000000000e+02
6.084394259181088955e+02 7.433452933727311347e+02
6.096337792642140130e+02 7.423540969899665924e+02
6.107263289036544620e+02 7.416270764119601608e+02
6.112520424836601478e+02 7.409419934640523024e+02
6.116335227272727479e+02 7.399366883116882718e+02
6.116412646939602382e+02 7.389298743413052080e+02
6.114681617941529339e+02 7.383087705246296082e+02
6.112844036697247248e+02 7.375133625847627172e+02
6.110277557494052871e+02 7.370364789849326144e+02
6.113626242544731895e+02 7.370787276341948200e+02
6.116409219571370386e+02 7.369902951880307000e+02
6.117251722740170408e+02 7.372047020672881672e+02
6.113782554774700202e+02 7.375436130632492677e+02
6.104933554817275763e+02 7.385514950166112840e+02
6.101893265565438469e+02 7.392532825074121092e+02
6.094681568958245634e+02 7.411421341206241777e+02
6.090466278101581565e+02 7.419837635303913430e+02
6.088411491339247732e+02 7.429104351499788663e+02
6.092586062132661482e+02 7.437972292191435599e+02
6.102048903878583133e+02 7.445396290050590551e+02
6.107896060352053382e+02 7.451521374685665933e+02
6.109779534109817405e+02 7.452658069883527787e+02
6.108641715727502515e+02 7.447998317914214113e+02
6.109432860717264475e+02 7.441346955796497014e+02
6.107268595041322214e+02 7.435561983471073972e+02
6.109147513581278872e+02 7.417041370664437636e+02
6.107929752066115725e+02 7.406904958677686182e+02
6.109156083572306670e+02 7.398172879967225981e+02
6.107291925465838176e+02 7.381118012422359698e+02
6.109180057684384337e+02 7.369019365471775700e+02
6.106099058534588266e+02 7.359881293491608858e+02
6.104397221087045864e+02 7.356379239885574179e+02
6.107820883202641653e+02 7.356801485761452568e+02
6.108197938144329555e+02 7.356486597938144314e+02
6.105173124484748541e+02 7.359187963726297994e+02
6.094823724595603380e+02 7.362812111157196568e+02
6.080897755610972126e+02 7.373021612635078554e+02
6.067839506172839492e+02 7.383732510288066351e+02
6.059478653530377414e+02 7.397861247947454331e+02
6.057595993322203185e+02 7.409565943238731052e+02
6.056843645484949548e+02 7.417863712374581837e+02
6.061490424646128758e+02 7.427518734388009989e+02
6.064644808743169051e+02 7.434295922656577886e+02
6.065875102711586351e+02 7.445682004930156381e+02
6.063337463857909597e+02 7.447715819909128641e+02
6.058350000000000364e+02 7.449729166666667197e+02
6.051551867219917540e+02 7.442987551867220191e+02
6.050624736175601583e+02 7.436973406500633246e+02
6.053859355378820055e+02 7.422536626203432206e+02
6.059696969696969973e+02 7.410681818181818699e+02
6.064087712039718099e+02 7.398477451386015673e+02
6.073184474123539758e+02 7.385175292153588771e+02
6.078755665430572890e+02 7.376679027606097634e+02
6.091378466557912361e+02 7.368503262642740310e+02
6.100800813008130490e+02 7.362121951219512539e+02
6.116418269230769056e+02 7.360312500000000000e+02
6.132504012841091026e+02 7.354723113964687400e+02
6.141614708233413467e+02 7.357014388489208159e+02
6.142861736334405123e+02 7.362616559485530843e+02
6.139785772029102873e+02 7.367562651576394046e+02
6.129666123778501969e+02 7.376221498371335201e+02
6.117687296416937670e+02 7.386828175895765298e+02
6.100142915475704513e+02 7.411073907717435532e+02
