6.118628396143733426e+02 7.401362839614373570e+02
6.117375215146299752e+02 7.401893287435456159e+02
6.112048346055979664e+02 7.396352841391009179e+02
6.109411016949152327e+02 7.396211864406780023e+02
6.115343938091143627e+02 7.394350816852966091e+02
6.122644272179155678e+02 7.391731266149870407e+02
6.124933504933504764e+02 7.392839982839982440e+02
6.121035822183858954e+02 7.393504531722054480e+02
6.128181030749242382e+02 7.391650064963187106e+02
6.139672917575228439e+02 7.393305713039685543e+02
6.164319578577699303e+02 7.396663740122914987e+02
6.190109841827768378e+02 7.398818101933215985e+02
6.212178571428571558e+02 7.398941964285713766e+02
6.232255936675461498e+02 7.398245382585752168e+02
6.260039147455415787e+02 7.393671161374510348e+02
6.283939130434782783e+02 7.393213043478260715e+02
6.271159161836825433e+02 7.388996879179669577e+02
6.250662192393735950e+02 7.393588366890380712e+02
6.227396712572190154e+02 7.400217681030652557e+02
6.203412698412698774e+02 7.405965608465608057e+02
6.185296442687747458e+02 7.408107158541940862e+02
6.164875708678587216e+02 7.406803314435237553e+02
6.146396357328707154e+02 7.405398959236773635e+02
6.136353759235115604e+02 7.402898739678400943e+02
6.130359930615784378e+02 7.404986990459669869e+02
6.127532580364900241e+02 7.402619461337967550e+02
6.121571862787668579e+02 7.396213634389926028e+02
6.116898924731183342e+02 7.397139784946236887e+02
6.116114432109308154e+02 7.397361229718189861e+02
6.130958904109588730e+02 7.398047945205479436e+02
