6.233656425789700961e+02 7.406767633059281479e+02
6.219678130511464360e+02 7.402195767195767075e+02
6.206681090437040211e+02 7.405694504543487255e+02
6.202828890799655710e+02 7.404858125537402884e+02
6.204251497005988085e+02 7.405893926432848957e+02
6.209147386461011138e+02 7.408860325621251377e+02
6.217104925053532725e+02 7.405049250535331566e+02
6.225061780997017422e+02 7.409940349382189879e+02
6.228992805755395921e+02 7.411794329242488857e+02
6.240446691951116236e+02 7.414643910661609425e+02
6.247869897959183163e+02 7.414362244897959044e+02
6.249450407900386608e+02 7.415100901674538818e+02
6.244796536796536657e+02 7.413181818181818699e+02
6.234275109170305313e+02 7.412043668122270219e+02
6.227676181980374395e+02 7.404326494201606010e+02
6.218281385281385383e+02 7.408207792207791726e+02
6.217965957446808716e+02 7.404651063829787745e+02
6.210893236920459231e+02 7.400161633347511270e+02
6.197621690862511059e+02 7.395999146029034819e+02
6.186479763912310545e+02 7.393077571669476811e+02
6.169361158432708407e+02 7.390034071550255703e+02
6.156461864406779796e+02 7.393072033898305335e+02
6.145497470489038960e+02 7.395113827993254745e+02
6.144483198638877184e+02 7.390876222883879336e+02
6.137944680851063595e+02 7.400595744680850885e+02
6.138969565217391846e+02 7.401321739130435162e+02
6.147426343154246524e+02 7.405350953206238955e+02
6.166909558508358487e+02 7.407419631375910285e+02
6.182214736842105367e+02 7.417242105263158010e+02
6.196007718696397433e+02 7.414725557461406424e+02
6.202183517417162193e+02 7.417149532710280937e+02
6.202401541095890707e+02 7.413180650684931834e+02
6.195915074309979218e+02 7.413566878980891488e+02
6.183097269624573755e+02 7.407871160409556524e+02
6.156755725190839712e+02 7.403117048346056208e+02
6.131917983767621081e+02 7.398709953011533571e+02
6.099343776460626714e+02 7.396981371718882201e+02
6.061190476190475920e+02 7.392079081632653015e+02
6.037341442224152388e+02 7.381607298001737263e+02
6.025861040068201646e+02 7.382608695652173765e+02
6.036321243523316298e+02 7.382215025906735946e+02
6.057924366136657000e+02 7.388770949720670842e+02
6.084091503267974304e+02 7.385965141612200568e+02
6.113672773753728507e+02 7.391227098423519237e+02
6.149511149228130762e+02 7.395300171526586155e+02
6.187837017771997807e+02 7.395765062852188976e+02
6.207984693877550626e+02 7.404434523809524080e+02
6.211277683134583185e+02 7.407955706984668041e+02
6.193819327731092699e+02 7.414289915966386388e+02
6.176789495976281614e+02 7.410444726810673046e+02
6.149154808106942482e+02 7.406153514445882138e+02
6.122242911553109934e+02 7.406826068556919154e+02
6.103364969801552888e+02 7.401738567730802743e+02
6.092878464818763860e+02 7.399142857142857110e+02
6.088776030599235582e+02 7.396544836379090384e+02
6.087082443400256579e+02 7.392178556172575554e+02
6.092591951536131774e+02 7.390216356555603170e+02
6.114303633217992910e+02 7.387448096885813129e+02
6.136614785992218231e+02 7.387328145265888679e+02
6.172516129032258050e+02 7.391384946236559017e+02
6.208845010615710862e+02 7.395494692144374085e+02
6.229659090909091219e+02 7.398901515151515014e+02
6.241458684654299987e+02 7.402516863406408447e+02
6.241665239726027039e+02 7.400732020547944785e+02
6.239339055793991520e+02 7.402351931330472325e+02
6.234991326973113246e+02 7.398655680832611097e+02
6.228073752711496809e+02 7.402715835140998024e+02
6.221094091903719345e+02 7.401733041575491825e+02
6.205651793525809126e+02 7.399094488188976584e+02
6.188950988822011823e+02 7.398637145313844030e+02
6.186755479157714035e+02 7.397902879243661118e+02
6.191553191489362007e+02 7.399889361702128099e+02
6.206823925863521936e+02 7.405075821398484095e+02
6.214790969899665924e+02 7.405882107023411436e+02
6.223955998339559983e+02 7.410489829804898818e+02
6.225107278081615050e+02 7.410008413967185561e+02
6.227083333333333712e+02 7.407869897959183163e+02
6.230988245537657804e+02 7.407026556377884390e+02
6.237857453281181961e+02 7.406449369839200472e+02
6.242798960138647999e+02 7.410264298093587740e+02
6.235779697624190021e+02 7.409779697624189794e+02
