6.212982380747744173e+02 7.409608938547486332e+02
6.201131911188506365e+02 7.404405746626033533e+02
6.182994791666666288e+02 7.394878472222221717e+02
6.169048854301772735e+02 7.391932555123216844e+02
6.148307426597582435e+02 7.382020725388600795e+02
6.133439013650374818e+02 7.372536327608983129e+02
6.127515047291487917e+02 7.374157351676698227e+02
6.125618025751073219e+02 7.372995708154506929e+02
6.124060761660248318e+02 7.370487804878048337e+02
6.125234006011163501e+02 7.370777157578360175e+02
6.126801189464740673e+02 7.377621070518266606e+02
6.130522071307300394e+02 7.380475382003395453e+02
6.145887650085762743e+02 7.383846483704974162e+02
6.163444685466376995e+02 7.391796095444685761e+02
6.183392470791865208e+02 7.397451319774988860e+02
6.198948046371833698e+02 7.404113353370545383e+02
6.207098445595854628e+02 7.409896373056994889e+02
6.210804953560372041e+02 7.411685095090667801e+02
6.221019080659150404e+02 7.417953165654813574e+02
6.225252833478640468e+02 7.421843940714908285e+02
6.225838025119098802e+02 7.422754439151148063e+02
6.228347676419965637e+02 7.419776247848536741e+02
6.227810094097519595e+02 7.417224123182206768e+02
6.222604032604032227e+02 7.413213213213213066e+02
6.211690987124463845e+02 7.409742489270386159e+02
6.192954643628510212e+02 7.398768898488120840e+02
6.163681462140991698e+02 7.386157528285465332e+02
