6.228038709677418865e+02 7.393587096774193697e+02
6.227246876346401905e+02 7.391098664368806794e+02
6.230464027245636771e+02 7.394929757343550136e+02
6.225142009325985555e+02 7.392102585841457767e+02
6.207304457527334307e+02 7.390517241379310462e+02
6.184895222129085823e+02 7.389819782062028253e+02
6.162365636902243295e+02 7.382551840880237251e+02
6.141285157940285444e+02 7.374413673734313761e+02
6.131460771564802599e+02 7.374659731252709207e+02
6.131512425021422814e+02 7.378264781491002395e+02
6.148892254435309042e+02 7.379134573777585047e+02
6.169889867841409341e+02 7.375903083700439993e+02
6.187167101827676561e+02 7.383120104438642102e+02
6.198793402777778283e+02 7.386618923611110858e+02
6.201726959517657178e+02 7.389978466838931581e+02
6.201139564660691121e+02 7.391600512163892063e+02
6.187805709416276159e+02 7.389505752023860623e+02
6.177705831903945182e+02 7.387933104631217702e+02
6.158468121523320633e+02 7.386324347454001327e+02
6.133453542638948193e+02 7.388341111582519716e+02
6.122876537971998232e+02 7.387806533729317380e+02
6.121323716588884736e+02 7.387102248621129092e+02
6.137382578992313711e+02 7.385990606319385279e+02
6.155543386689132603e+02 7.386124684077506117e+02
6.169410499139414696e+02 7.382512908777969187e+02
6.177138618058498878e+02 7.388935989826197783e+02
6.182424371538133983e+02 7.390617809970174221e+02
6.178446889547185492e+02 7.393042742276767285e+02
6.165702895509861037e+02 7.392983634074695374e+02
6.146523586910327595e+02 7.386289842753931225e+02
6.126881083368599548e+02 7.387300042319085378e+02
6.086534066864155648e+02 7.382970799830724218e+02
6.057652399481193015e+02 7.384124513618677383e+02
6.044464285714285552e+02 7.380144557823128935e+02
6.052033826638478331e+02 7.380955602536997731e+02
6.070952181208053844e+02 7.384991610738254622e+02
6.086011045029736124e+02 7.387468139337298680e+02
6.114670050761421862e+02 7.391882402707275332e+02
6.139458086367485521e+02 7.394432684165960836e+02
6.159309764309764432e+02 7.395627104377103933e+02
6.181204255319148615e+02 7.393714893617021744e+02
6.194258943781942435e+02 7.395711243611584678e+02
6.193189799331103131e+02 7.399117892976588564e+02
6.167933054393305383e+02 7.396523012552300997e+02
6.149822259839187382e+02 7.394896318239525499e+02
6.136247906197654629e+02 7.395979899497486940e+02
6.129087500000000546e+02 7.395662499999999682e+02
6.124263959390863192e+02 7.392474619289340581e+02
6.126575809199318883e+02 7.393206984667801862e+02
6.136122881355931895e+02 7.395652542372881726e+02
6.157788778877887808e+02 7.402136963696369776e+02
6.188184511214557233e+02 7.396309775708845109e+02
6.211505841627001701e+02 7.398429251406317917e+02
6.218483268144285603e+02 7.400434593654932769e+02
6.218075076385857756e+02 7.400676560453949833e+02
6.216407211961301300e+02 7.402379067722075661e+02
6.215290748898678430e+02 7.399656387665198736e+02
6.215731914893616477e+02 7.401961702127659919e+02
6.210914504466184098e+02 7.398311356869417068e+02
6.201967700807480242e+02 7.398589035274118260e+02
6.188949167022640268e+02 7.397364374199059966e+02
6.189197952218430601e+02 7.398587883959044120e+02
6.200586701434159522e+02 7.394285093437636078e+02
6.214713861805850001e+02 7.400644340822382219e+02
6.229445638160722183e+02 7.402191663085517348e+02
6.246358105171664192e+02 7.403472403302911289e+02
6.260700256191289554e+02 7.412749786507258705e+02
6.273996584116140411e+02 7.410905209222886469e+02
6.277462494642091997e+02 7.412550364337762403e+02
6.273983564013840351e+02 7.411561418685121225e+02
6.251561290322580362e+02 7.408559139784946410e+02
6.225818337617823772e+02 7.404288774635817845e+02
6.202837489251934358e+02 7.396276870163370631e+02
6.180726718885987339e+02 7.390609225413403465e+02
6.162708512467755781e+02 7.390786758383491133e+02
6.151903323262839649e+02 7.389538195943030132e+02
6.154061154177433082e+02 7.391981050818260428e+02
6.167357357357357159e+02 7.395714285714285552e+02
6.182464454976303614e+02 7.395454545454545041e+02
6.190664380625803460e+02 7.397921131590227333e+02
