6.288868720979315867e+02 7.398104685521317379e+02
6.285076013513513544e+02 7.396478040540540633e+02
6.271423728813559819e+02 7.396385593220338706e+02
6.263376123234916122e+02 7.389503637141634727e+02
6.255687526607066502e+02 7.389412515964239674e+02
6.247816141562365146e+02 7.388139835994820714e+02
6.241695059625212707e+02 7.391848381601363371e+02
6.236706638115631449e+02 7.393246252676659651e+02
6.237705682782018357e+02 7.395932994062765147e+02
6.241566213921901181e+02 7.396646859083191430e+02
6.242355707567336367e+02 7.396135100470286261e+02
6.232961554710603878e+02 7.399902830587241169e+02
6.233689727463312238e+02 7.402088050314465590e+02
6.235647603027754258e+02 7.397788057190916788e+02
6.237268576172685925e+02 7.395508509755085242e+02
6.236349206349206042e+02 7.389511278195489012e+02
6.235664715719063906e+02 7.389774247491639017e+02
6.235470514429109699e+02 7.386014219991635628e+02
6.237928270042193617e+02 7.392388185654008339e+02
6.242230277185501564e+02 7.390046908315565588e+02
6.237638360794254595e+02 7.394144486692015334e+02
6.236500638569604007e+02 7.395014899957428725e+02
6.233662568885121118e+02 7.392280627384484433e+02
6.231845893310753581e+02 7.389839119390346696e+02
6.228652871621621898e+02 7.388897804054054177e+02
6.227755789473684445e+02 7.387482105263158019e+02
6.234737739872068687e+02 7.385019189765458805e+02
6.238193795155120824e+02 7.387237569060773694e+02
6.238990158322635580e+02 7.388095849379546962e+02
6.240701602425292549e+02 7.385145084452143465e+02
6.240531049250535034e+02 7.386655246252677216e+02
6.237470238095238528e+02 7.390416666666666288e+02
6.230910623946036822e+02 7.394148397976391607e+02
6.221809002944888789e+02 7.393962978544383304e+02
6.210977796754909832e+02 7.385828351836037200e+02
6.197329931972789154e+02 7.389230442176871065e+02
6.189109880749574586e+02 7.390204429301533082e+02
6.179016393442623212e+02 7.388528904227782732e+02
6.170252568493150420e+02 7.392422945205479436e+02
6.161958191126279871e+02 7.393297781569965537e+02
6.152145610278372487e+02 7.395164882226980581e+02
6.135822354441138486e+02 7.393909902252444226e+02
6.133486394557822905e+02 7.394060374149660220e+02
6.129057082452430905e+02 7.393746300211416838e+02
6.123462192013594176e+02 7.390938827527612602e+02
6.112851646002565076e+02 7.388063274903804540e+02
6.098317206562894626e+02 7.396525031552376959e+02
6.087139208173690577e+02 7.397271179225201649e+02
6.076215538847118296e+02 7.405588972431078219e+02
6.063617472434266347e+02 7.406475826972010736e+02
6.057892241379310008e+02 7.404594827586206520e+02
6.069318181818181301e+02 7.406766723842195006e+02
6.082317433516251413e+02 7.406513296749683377e+02
6.089395212095757870e+02 7.404002519949600583e+02
6.100833685992382698e+02 7.396601777401608615e+02
6.102909871244635269e+02 7.395257510729613841e+02
6.104813559322034280e+02 7.397495762711864700e+02
6.103063973063973435e+02 7.397352693602693989e+02
6.097822956374417345e+02 7.398737822956373975e+02
6.090841396718552687e+02 7.395662599915859801e+02
6.098451121455776729e+02 7.396267456622937289e+02
6.104683219178082254e+02 7.395582191780821404e+02
6.109614395886889042e+02 7.395454155955441138e+02
6.119139784946236205e+02 7.392253763440860439e+02
6.131736864958749038e+02 7.390872774641771912e+02
6.129099022524436577e+02 7.396748831279218166e+02
6.126670956670956230e+02 7.393577863577863809e+02
6.120077087794433055e+02 7.396745182012847408e+02
6.118344030808729030e+02 7.398955926401368970e+02
6.116918850380388903e+02 7.404344885883347160e+02
6.117112882920688435e+02 7.404288711707931725e+02
6.117843551797039936e+02 7.400718816067653734e+02
6.120609861591696017e+02 7.396423010380623282e+02
6.123370641411967199e+02 7.393999139044339017e+02
6.122409326424869960e+02 7.391869602763384819e+02
6.115127334465195190e+02 7.396761460101868124e+02
6.108544984933275828e+02 7.403254412397761826e+02
6.107207014542343586e+02 7.405243798118049199e+02
6.107337606837606927e+02 7.405209401709402073e+02
6.110607902735562220e+02 7.404094659140251906e+02
6.115309810671255946e+02 7.405344234079174157e+02
6.125040755040755585e+02 7.400403260403260219e+02
6.134575911789652309e+02 7.400012722646310976e+02
6.141411615091139993e+02 7.400105977108944444e+02
6.145367184221569232e+02 7.401191775073436929e+02
6.147303465765004375e+02 7.399568892645816049e+02
6.152949852507374544e+02 7.399565950273914723e+02
6.154312123817712745e+02 7.396595012897678316e+02
6.156887075998282626e+02 7.398123658222413042e+02
6.158260309278350633e+02 7.395055841924398692e+02
6.167680102915951466e+02 7.396826758147512919e+02
6.181385336743393282e+02 7.396338448422847023e+02
6.200650477016479272e+02 7.388911535125758974e+02
6.215549450549450512e+02 7.394691462383769931e+02
6.229507916131792626e+02 7.387839109970046820e+02
6.247838530542503577e+02 7.388547629218282964e+02
6.256471578947368926e+02 7.393334736842105031e+02
6.268104407359862762e+02 7.388369704749678704e+02
6.276501495087569538e+02 7.389145664246049137e+02
6.277266894781864721e+02 7.388704020530367416e+02
6.270158254918734428e+02 7.389871685201026139e+02
6.267328504473796329e+02 7.386757562846186147e+02
6.267725523728089456e+02 7.384865327062847200e+02
6.267733674775928421e+02 7.385292360221937997e+02
6.270228349849203369e+02 7.386406721240844035e+02
6.270780051150894678e+02 7.388674339300937390e+02
6.278543607112616201e+02 7.390935647756139133e+02
6.285364806866953131e+02 7.386562231759656925e+02
6.285075204125483879e+02 7.386991834980661906e+02
6.272737430167597950e+02 7.388306832831972315e+02
6.264745331069609620e+02 7.390492359932088675e+02
6.258139632107023544e+02 7.387044314381271306e+02
6.249807856532877395e+02 7.378309137489325167e+02
6.242015241320914356e+02 7.382929720575783676e+02
6.238277328796257279e+02 7.384917056571671310e+02
6.240187154402382248e+02 7.387099106763079135e+02
6.241619778346121166e+02 7.392642796248934474e+02
6.244701815038894210e+02 7.392165082108901970e+02
6.237340197340197392e+02 7.394058344058344119e+02
6.235083583369053031e+02 7.392751821688813152e+02
6.237008074798129655e+02 7.391512962175945631e+02
6.237126534066863996e+02 7.390330088870080090e+02
6.235155592935240065e+02 7.386677880571909327e+02
6.235748228428511766e+02 7.387077949145477760e+02
6.239416946308724619e+02 7.383758389261745378e+02
6.244352441613588098e+02 7.383757961783439896e+02
6.249905982905983137e+02 7.387042735042734876e+02
6.250340425531915116e+02 7.390489361702127553e+02
6.245641791044776028e+02 7.390443496801706260e+02
