6.209227782571182388e+02 7.388809318377911950e+02
6.202073275862069295e+02 7.392198275862068613e+02
6.195549307958477812e+02 7.395562283737024245e+02
6.193294822421908066e+02 7.404030808729139608e+02
6.198357173818811816e+02 7.404031209362808568e+02
6.199640537029016514e+02 7.405686444348202713e+02
6.199620811287477409e+02 7.402711640211640542e+02
6.204833405452185389e+02 7.401999134573777610e+02
6.219498254799301549e+02 7.394140488656195203e+02
6.225703056768559236e+02 7.389764192139738270e+02
6.228456493222562358e+02 7.386987319632706885e+02
6.226187144731088665e+02 7.388578924355050503e+02
6.223246527777778283e+02 7.391523437500000000e+02
6.217091066033664220e+02 7.395666810530858584e+02
6.206181187689639955e+02 7.398773298656263933e+02
6.200343053173241969e+02 7.405132933104631547e+02
6.191731343283581737e+02 7.403364605543710013e+02
6.188314606741572561e+02 7.392070008643042911e+02
6.199499788045782225e+02 7.391534548537515548e+02
6.197783921735431250e+02 7.391999149298170551e+02
6.190301999149297671e+02 7.392122501063377058e+02
6.180373913043478069e+02 7.389539130434782237e+02
6.176802400342905912e+02 7.393257608229747575e+02
6.171835686777920955e+02 7.399884467265725334e+02
6.162096843925637586e+02 7.402031993082576946e+02
6.156225279449698746e+02 7.406208082545141451e+02
6.156225053078555902e+02 7.403316348195329510e+02
6.166471088435374668e+02 7.397011054421768677e+02
6.180790029573299762e+02 7.394152936206168079e+02
6.193868921775898571e+02 7.392875264270612661e+02
6.193597091531223668e+02 7.390158254918734428e+02
6.181472602739726199e+02 7.392795376712329016e+02
6.176166522116218403e+02 7.394267129228101112e+02
6.175862812769629500e+02 7.398895599654874786e+02
6.183130434782608518e+02 7.401073913043478569e+02
6.186136759581881961e+02 7.403179442508710508e+02
