6.202731164383561691e+02 7.391352739726027039e+02
6.189486081370449710e+02 7.393310492505353295e+02
6.174612352168200005e+02 7.394897065265001856e+02
6.162147477360931589e+02 7.400043122035359602e+02
6.159071490845684593e+02 7.400802092414995741e+02
6.164753382802269925e+02 7.395181143605412899e+02
6.180200085142613489e+02 7.397662835249042246e+02
6.187962806424344535e+02 7.397759932375316794e+02
6.181741963509991820e+02 7.393979148566463664e+02
6.177209991532599815e+02 7.397218458933107286e+02
6.175023655913978473e+02 7.394133333333332985e+02
6.177774429616874841e+02 7.394309083082221150e+02
6.177095400340715514e+02 7.394701873935264302e+02
6.184371538133788135e+02 7.394324669791222959e+02
6.181868600682594206e+02 7.394266211604095815e+02
6.171874192158552432e+02 7.394411891426109378e+02
6.159991371872304171e+02 7.397441760138050313e+02
6.158935803532959881e+02 7.393985351141749334e+02
6.175816023738872218e+02 7.393916913946587783e+02
6.191051292920728883e+02 7.394908859686307778e+02
6.208590289608176818e+02 7.391060477001703930e+02
6.212370466321243612e+02 7.395600172711572213e+02
6.198834196891191368e+02 7.397409326424869960e+02
6.176743378202344275e+02 7.401849761181067606e+02
