6.108704028021015802e+02 7.382145359019264106e+02
6.140736249458640259e+02 7.382317020355131945e+02
6.169527896995708716e+02 7.389270386266094874e+02
6.198101157308186657e+02 7.396922417488212886e+02
6.218411942881868981e+02 7.402855906533967527e+02
6.242280625543006636e+02 7.403001737619460982e+02
6.260228349849203369e+02 7.406281775096940692e+02
6.261131028595817725e+02 7.407550149381135043e+02
6.245659109991603373e+02 7.406364399664147413e+02
6.207719522591645500e+02 7.400963341858482636e+02
6.170344086021505063e+02 7.394313978494623143e+02
6.122280701754385746e+02 7.393260590500641456e+02
6.089455696202531954e+02 7.390042194092826549e+02
6.066786941580755865e+02 7.384935567010309114e+02
6.054761092150171180e+02 7.380814846416382125e+02
6.055648108797280429e+02 7.384050148746281366e+02
6.061228654727196954e+02 7.392915451895044043e+02
6.083331929233361279e+02 7.391739679865206654e+02
6.117516005121639182e+02 7.392680324370464859e+02
6.155866158407454805e+02 7.399919525624735570e+02
6.201912521440823411e+02 7.402967409948541899e+02
6.244993559467582145e+02 7.411408329755259956e+02
6.262407011543394901e+02 7.415699016673792130e+02
6.263822903363133037e+02 7.417594721157939830e+02
6.249052676295666515e+02 7.421295666949872611e+02
6.231652433817250767e+02 7.413825789923142793e+02
6.209625322997416106e+02 7.410219638242894007e+02
6.182501068832834790e+02 7.403103890551517452e+02
6.153397296118621398e+02 7.393580462276493108e+02
6.118717062634989361e+02 7.389365010799135689e+02
6.089480069324090437e+02 7.385961871750433829e+02
6.065750213128729911e+02 7.385345268542199619e+02
6.056118760757315158e+02 7.382177280550774867e+02
6.073981643356643190e+02 7.383286713286713621e+02
6.098041648205582987e+02 7.381267168808152519e+02
6.138144506199230364e+02 7.392710560068405812e+02
6.172336367576939438e+02 7.396744690073688844e+02
6.197519616390584360e+02 7.405697471665213243e+02
6.223344872349632624e+02 7.408671570748593922e+02
6.250327163151097238e+02 7.415953508394317168e+02
6.277344487344487334e+02 7.411239811239811388e+02
