6.345405405405405190e+02 7.277882144439521426e+02
6.260198019801980536e+02 7.235073078736445495e+02
6.116518918918918644e+02 7.200481081081080674e+02
5.980523012552300770e+02 7.187670850767085540e+02
5.877351543942993430e+02 7.171460807600950602e+02
5.857766990291262346e+02 7.087475728155339993e+02
0.000000000000000000e+00 0.000000000000000000e+00
0.000000000000000000e+00 0.000000000000000000e+00
0.000000000000000000e+00 0.000000000000000000e+00
5.780000000000000000e+02 7.195000000000000000e+02
5.714427609427609696e+02 7.291161616161616621e+02
5.815457516339869244e+02 7.392490196078431381e+02
5.942178828365878189e+02 7.456711202466598252e+02
6.065058438522673896e+02 7.487629733520336686e+02
6.329403945111491794e+02 7.545480274442538757e+02
6.419372592184920450e+02 7.605811777655476362e+02
6.503228736581337444e+02 7.664153592072667607e+02
6.576135972461273695e+02 7.646351118760757117e+02
6.624672048435922989e+02 7.613773965691220837e+02
6.635046808510638812e+02 7.583872340425532457e+02
6.618882882882883223e+02 7.519297297297297291e+02
6.581714285714285779e+02 7.442514285714286189e+02
6.488396072013093772e+02 7.373408346972177014e+02
6.404871465295630060e+02 7.315458440445587485e+02
6.326516754850088091e+02 7.267817460317460245e+02
6.205990267639903095e+02 7.227464720194647043e+02
6.067244471010161533e+02 7.205780035863717785e+02
5.954354838709676869e+02 7.202273425499231507e+02
5.840000000000000000e+02 7.150000000000000000e+02
