6.227275832621691052e+02 7.392583262169085856e+02
6.206823630136985912e+02 7.390650684931506476e+02
6.193280172413792570e+02 7.395112068965516983e+02
6.175664516129032791e+02 7.393944086021505200e+02
6.169516059957173866e+02 7.394843683083511223e+02
6.164308026030369092e+02 7.396950108459869853e+02
6.158988764044943309e+02 7.403167675021608147e+02
6.150154572778016018e+02 7.406324602833834660e+02
6.147842465753424221e+02 7.409349315068493524e+02
6.143781115879828576e+02 7.407982832618025668e+02
6.140784648187633366e+02 7.410592750533048729e+02
6.141291702309666789e+02 7.410970915312232137e+02
6.142126658108686570e+02 7.411887034659820301e+02
6.142291396454820642e+02 7.402926934716817868e+02
6.144092844974446734e+02 7.403539182282794400e+02
6.152287951283166194e+02 7.402344497607655285e+02
6.167521626297577768e+02 7.393819204152249540e+02
6.179991386735572405e+02 7.393367786391041818e+02
6.194899098325461182e+02 7.393082868183770415e+02
6.209107679107679587e+02 7.391917631917632434e+02
6.227755102040816837e+02 7.386521927920103963e+02
6.241297016861219618e+02 7.387354085603112708e+02
6.238126086956522158e+02 7.387278260869564974e+02
6.231868752716210338e+02 7.387640156453716145e+02
6.216596491228069681e+02 7.385548245614035068e+02
6.206072821846554461e+02 7.389154746423927236e+02
6.189224290780141473e+02 7.382380319148936678e+02
6.171679755671901830e+02 7.386710296684118475e+02
6.157496723460026260e+02 7.385648754914809615e+02
6.149974014724989502e+02 7.391849285404937291e+02
6.139902169289664471e+02 7.400416843896214232e+02
