6.162215694502727956e+02 7.394704154427192861e+02
6.156591585210369431e+02 7.393467913302167744e+02
6.146927374301676537e+02 7.392251826385904678e+02
6.144431623931624245e+02 7.396414529914529794e+02
6.146989429175475834e+02 7.398012684989429317e+02
6.144619332763045350e+02 7.394644995722840122e+02
6.139658848614072895e+02 7.393748400852878149e+02
6.148626943005181147e+02 7.390738341968911982e+02
6.153509075194468778e+02 7.390159896283491889e+02
6.152884201463624549e+02 7.391166594920362058e+02
6.159300128810648403e+02 7.395375697724344946e+02
6.167801024765158218e+02 7.398125533731853238e+02
6.171215753424658033e+02 7.398471746575341967e+02
6.178094618055555429e+02 7.395737847222221717e+02
6.186812152332049664e+02 7.396307231493367453e+02
6.197311503662214136e+02 7.390741059887978963e+02
6.194288217257993665e+02 7.390516863775733327e+02
6.207602441150828554e+02 7.404572798605056505e+02
6.206894329896907720e+02 7.403904639175257216e+02
6.202408695652173947e+02 7.402678260869565747e+02
6.201961373390557810e+02 7.400163090128755812e+02
6.202480653482373327e+02 7.396891659501289951e+02
6.198228498074454365e+02 7.396880616174582883e+02
6.185625806451613471e+02 7.399432258064516645e+02
6.184611087236785352e+02 7.403841856467554408e+02
6.182072382593709108e+02 7.405644118914260616e+02
6.166075455333912032e+02 7.400021682567215748e+02
6.161822916666666288e+02 7.401284722222221717e+02
6.162844974446337574e+02 7.399229131175468410e+02
6.158040051129100902e+02 7.397916489135066058e+02
6.148728850325379653e+02 7.394750542299349263e+02
6.150034980323567879e+02 7.400673371228683664e+02
6.154889466840052137e+02 7.402375379280450716e+02
6.151300390117035022e+02 7.400927611616818922e+02
