6.218479020979020788e+02 7.369501748251748268e+02
6.220913815504547983e+02 7.369969683845820327e+02
6.216492537313432649e+02 7.368994732221246977e+02
6.219613235926085508e+02 7.370532874946283073e+02
6.218916341569137103e+02 7.374486345903770825e+02
6.218508358336905530e+02 7.373969138448350122e+02
6.215524505588994089e+02 7.376259673258813336e+02
6.211953872932984950e+02 7.369991296779808181e+02
6.211539456662354723e+02 7.374010349288486168e+02
6.209909248055315629e+02 7.372878133102851734e+02
6.204446366782007090e+02 7.378412629757785908e+02
6.201769063180828425e+02 7.374640522875816941e+02
6.198731665228644943e+02 7.377182916307161804e+02
6.195626336041043487e+02 7.380273621205643622e+02
6.192562125107111797e+02 7.379070265638389401e+02
6.185919243986254514e+02 7.378616838487972700e+02
6.183380706287682642e+02 7.379009474590869786e+02
6.181823630136985912e+02 7.380346746575341967e+02
6.178436960276338823e+02 7.381869602763384819e+02
6.173469300128811028e+02 7.384654358093602013e+02
6.167873263888889142e+02 7.387408854166666288e+02
6.159909287257019059e+02 7.388311015118790692e+02
6.157934454506253132e+02 7.388003449762828723e+02
6.148141440275981040e+02 7.387671410090556492e+02
6.135321180555555429e+02 7.386644965277778283e+02
6.126868296868296966e+02 7.390476190476190368e+02
6.116170212765957785e+02 7.389552757273122552e+02
6.105889517181383326e+02 7.389747716398434250e+02
6.099041506204536063e+02 7.396795036371415790e+02
6.091709183673469852e+02 7.403443877551020478e+02
6.082686181661644014e+02 7.398656909169177425e+02
6.080512048192771317e+02 7.401273666092943131e+02
6.074470638662666033e+02 7.399601371624518151e+02
6.072643923240938193e+02 7.405130063965884801e+02
6.067030848329048922e+02 7.407549271636675030e+02
6.065719878207916054e+02 7.406946498477599334e+02
6.064097162510747694e+02 7.408886500429922535e+02
6.061889125799573321e+02 7.412929637526652868e+02
6.061130952380951840e+02 7.414298469387755404e+02
6.062066609735269367e+02 7.411968403074295111e+02
6.062199152542373213e+02 7.413906779661017481e+02
6.062931692829868098e+02 7.414382689859991160e+02
6.062351945854484256e+02 7.413895939086294220e+02
6.063568376068376438e+02 7.413688034188033953e+02
6.064556745182012492e+02 7.413477516059957679e+02
6.064598884598884752e+02 7.414693264693264609e+02
6.067293617021276759e+02 7.415944680851064277e+02
6.069867464728516779e+02 7.417255237280888878e+02
6.076213219616204242e+02 7.414780383795309717e+02
6.087936714347637235e+02 7.410507152145643204e+02
6.090745182012848318e+02 7.413481798715203013e+02
6.098134582623509914e+02 7.414105621805791770e+02
6.107450401013085184e+02 7.417640354579991708e+02
6.116535366370181919e+02 7.419097839898348639e+02
6.124627887082976940e+02 7.417570573139435055e+02
6.141707941929973913e+02 7.418582408198121811e+02
6.143873568095035580e+02 7.417467119219346614e+02
6.154725756910926293e+02 7.412114962702939920e+02
6.163112441214194632e+02 7.412753313381787166e+02
6.168427454387489206e+02 7.409213727193744035e+02
6.171836472602740287e+02 7.413750000000000000e+02
6.181733905579399107e+02 7.413133047210300219e+02
6.184970136518771824e+02 7.413626279863481159e+02
6.192352686308491911e+02 7.414449740034662000e+02
6.196757931334202567e+02 7.410960451977400680e+02
6.200955497382199155e+02 7.411413612565445419e+02
6.203349471830986204e+02 7.406826584507042526e+02
6.205663444639718591e+02 7.408892794376098436e+02
6.209873528129088527e+02 7.412241604884430899e+02
