6.194026622296172491e+02 7.415087354409317868e+02
6.182341666666666242e+02 7.413995833333333394e+02
6.151401628804114807e+02 7.408606943849121080e+02
6.131924083769633853e+02 7.403922338568935402e+02
6.127509795385285543e+02 7.406142794949935251e+02
6.144476314645805815e+02 7.403833116036505544e+02
6.157751504729149019e+02 7.405417024935511563e+02
6.166204564666103352e+02 7.411931530008453137e+02
6.162782207301720518e+02 7.416605119597146540e+02
6.153688212927756922e+02 7.414824672581326013e+02
6.138607540702656706e+02 7.410347043701799521e+02
6.138501280956447772e+02 7.412685738684884882e+02
6.146676724137930705e+02 7.408366379310344882e+02
6.155178117048345712e+02 7.411276505513146731e+02
6.152639484978541304e+02 7.409094420600857802e+02
6.139681720430107816e+02 7.409165591397849084e+02
6.132726125368111525e+02 7.413012200252419461e+02
6.141680602006689469e+02 7.414523411371237671e+02
6.157207435572454415e+02 7.411537811575834667e+02
6.174845010615711089e+02 7.411367303609341661e+02
6.182129669386002888e+02 7.410000000000000000e+02
6.179384088964927741e+02 7.411727972626176779e+02
6.172235893084429108e+02 7.410878235044548319e+02
6.169275053304903622e+02 7.410742004264392335e+02
6.169919011082694169e+02 7.411355498721227377e+02
6.186823727387462668e+02 7.412440050483803589e+02
6.200004347826087496e+02 7.407782608695652016e+02
6.203682842287695394e+02 7.409389081455806263e+02
6.202034858387800114e+02 7.408605664488017055e+02
6.199059492563429785e+02 7.407073490813647823e+02
6.206940008631851242e+02 7.410492015537332691e+02
6.220017094017093768e+02 7.414820512820513159e+02
6.228553299492385804e+02 7.413439086294416711e+02
6.229952627045649933e+02 7.411180017226529344e+02
6.225199656504937593e+02 7.411704594246457418e+02
6.206152497808939188e+02 7.404246275197195928e+02
6.198917141604559902e+02 7.404765453748356094e+02
6.199745502413338727e+02 7.406419482229048299e+02
6.209048653344917739e+02 7.410000000000000000e+02
6.217727272727272521e+02 7.411316907391674249e+02
6.219048634812286309e+02 7.411117747440273433e+02
6.219375265618359663e+02 7.412800679983000691e+02
6.210985794231596628e+02 7.409801980198019464e+02
6.197894736842105203e+02 7.407585906916050362e+02
6.195685144124169028e+02 7.404301552106429654e+02
6.196723063223508916e+02 7.401611754229742246e+02
6.206585259485390225e+02 7.407767117313562721e+02
6.209840448469167313e+02 7.408878827080637848e+02
6.210692473118280077e+02 7.409582795698925111e+02
6.199307855626326500e+02 7.403617834394904094e+02
6.178387096774193878e+02 7.404533565823888921e+02
6.160680212014134440e+02 7.402098056537101911e+02
6.153115622241836036e+02 7.401204766107679234e+02
6.157511817791147450e+02 7.407090674688439549e+02
6.172589023879346541e+02 7.412170087976539889e+02
6.186111577181208077e+02 7.411367449664429614e+02
6.179343003412968756e+02 7.409893344709897747e+02
6.159301518438178391e+02 7.404993492407809299e+02
6.128369136343709442e+02 7.405260850504164409e+02
6.110197575213290975e+02 7.400570273911091590e+02
6.117031738936075271e+02 7.399544032185963260e+02
6.137971576227390642e+02 7.400602928509905496e+02
6.151851072780816594e+02 7.409167017248632874e+02
6.144960167714884847e+02 7.409752620545073114e+02
6.125575959933222521e+02 7.413848080133556095e+02
6.100879965826569560e+02 7.405305425032037192e+02
6.098480138169256861e+02 7.402577720207253833e+02
6.105687796463993209e+02 7.403475636050021649e+02
6.109775086505189847e+02 7.404191176470587834e+02
6.112963121783876659e+02 7.405171526586620985e+02
6.110580016934801506e+02 7.410584250635055241e+02
6.097953974895397096e+02 7.408062761506275820e+02
6.092559999999999718e+02 7.407553684210525944e+02
6.114005872483221538e+02 7.402630033557046545e+02
