6.139052912405513780e+02 7.393877278790573655e+02
6.141237384817902694e+02 7.399416410706450051e+02
6.155248908296943000e+02 7.403401746724890700e+02
6.177017008286088640e+02 7.403249018752725306e+02
6.198800847457627015e+02 7.411898305084745289e+02
6.217335291649181954e+02 7.414951741502308096e+02
6.226448132780083142e+02 7.419016597510373003e+02
6.227587918907736366e+02 7.419685560612329027e+02
6.228089330024813535e+02 7.420136476426798708e+02
6.226505307855626370e+02 7.414276008492569190e+02
6.224480547242411603e+02 7.416122274476272196e+02
6.218039473684210634e+02 7.413241228070174884e+02
6.204886164623467266e+02 7.416453590192644469e+02
6.199773617762298272e+02 7.416626033957335267e+02
6.199332488381918438e+02 7.419949302915082399e+02
6.203948911222780680e+02 7.420871021775544705e+02
6.208815126050419622e+02 7.425474789915966767e+02
6.213483709273183422e+02 7.424615705931495313e+02
6.214856085526315610e+02 7.426336348684210407e+02
6.209652892561983890e+02 7.426425619834710687e+02
6.198020790020790400e+02 7.423525987525987375e+02
6.181041315345700013e+02 7.421859190556492649e+02
6.166794650560827904e+02 7.417842968075927956e+02
6.161446459412780996e+02 7.417417962003454477e+02
6.164727905964301726e+02 7.416930779277317924e+02
6.175157045840406909e+02 7.420997453310695846e+02
6.190349506578946830e+02 7.426780427631579187e+02
6.211787617876178729e+02 7.424124641246412466e+02
6.220312243221035260e+02 7.422095316351684460e+02
6.217689755288262177e+02 7.420551638324346868e+02
6.215473595976529850e+02 7.415360435875943494e+02
6.217009063444108961e+02 7.409003021148035941e+02
6.215920034393809601e+02 7.407287188306105463e+02
6.208961845607808527e+02 7.397102928127773112e+02
6.202794894366197695e+02 7.398257042253520694e+02
6.204815618221258546e+02 7.400342733188720103e+02
6.210888983411314257e+02 7.398889834113143706e+02
6.217466442953019623e+02 7.400922818791946156e+02
6.223165289256198776e+02 7.402524793388429316e+02
6.224010806317539846e+02 7.401945137157107411e+02
6.223080133555926068e+02 7.400004173622704684e+02
6.219957519116397862e+02 7.392718776550552775e+02
6.207469879518072275e+02 7.389944061962133901e+02
6.188133787814231255e+02 7.393370259906263300e+02
6.169636520986585992e+02 7.387455646906100810e+02
6.149133304003519243e+02 7.384377474703035205e+02
6.139522139412538309e+02 7.385795703638755185e+02
6.131692506459947936e+02 7.390482342807923715e+02
6.139047413793103942e+02 7.387051724137930933e+02
6.151866048862679008e+02 7.394056444818870659e+02
6.163438800999167597e+02 7.393850957535387352e+02
6.167148163433760146e+02 7.396950061906727569e+02
6.169416390728476927e+02 7.397036423841059332e+02
6.164632601351351013e+02 7.393125000000000000e+02
6.150425621576064259e+02 7.390294985250737909e+02
6.138034528552457232e+02 7.381925630810093253e+02
6.135601586602027737e+02 7.377765535478183665e+02
6.140112896222318568e+02 7.380099869735128095e+02
6.154281462585033751e+02 7.382389455782313235e+02
6.167696892294593454e+02 7.382950191570881771e+02
6.177235772357723818e+02 7.383649978605049000e+02
6.184020790020789491e+02 7.387563409563409778e+02
6.185992509363295540e+02 7.389617145235122280e+02
6.182507300792657361e+02 7.387826449728827356e+02
6.178341772151899249e+02 7.385375527426160716e+02
6.169834710743801907e+02 7.377381470204436482e+02
6.159080803762291225e+02 7.380799486960239619e+02
6.150690717113945993e+02 7.375288165420149653e+02
6.137550306211724092e+02 7.382795275590551682e+02
6.139651112080243820e+02 7.379899694723070525e+02
6.149269445638160505e+02 7.386175333046841160e+02
6.161436325678496360e+02 7.390580375782881219e+02
6.176143926788685121e+02 7.396326955074874832e+02
6.184671830411740530e+02 7.403721973094170608e+02
6.184796044499381651e+02 7.403531108364235251e+02
6.184297554910899635e+02 7.404048901782014127e+02
6.173737582781457149e+02 7.406585264900662651e+02
6.159926119078661486e+02 7.400578009561060071e+02
6.155726911179849594e+02 7.400145824127264405e+02
6.160605123674911283e+02 7.400605123674911283e+02
6.174971897968007397e+02 7.406242974492001849e+02
6.196500850340136139e+02 7.411058673469387941e+02
6.218454430911381223e+02 7.415161696766065234e+02
6.237386172006745255e+02 7.410881112984823176e+02
6.250894039735098886e+02 7.416485927152317572e+02
6.257767151767151290e+02 7.416237006237006426e+02
6.256368200836819824e+02 7.414953974895397550e+02
6.251909780775716854e+02 7.414093591905565290e+02
6.249700214132761857e+02 7.412509635974304274e+02
6.235451767786992150e+02 7.407869925796595680e+02
6.222139794168095932e+02 7.411500857632933048e+02
6.215318416523235783e+02 7.410593803786574654e+02
6.220106428267347383e+02 7.413295019157087609e+02
