6.174615059221657702e+02 7.404644670050761306e+02
6.174404560810810381e+02 7.397829391891891646e+02
6.184576415495955644e+02 7.395010642826734966e+02
6.188402215594376230e+02 7.392986791648913822e+02
6.192747440273037682e+02 7.394526450511945086e+02
6.195592133390338176e+02 7.393873450192389782e+02
6.193869325413661500e+02 7.394153585065761263e+02
6.190666100975817017e+02 7.395392448027153023e+02
6.180130361648443795e+02 7.394411269974768857e+02
6.176320636249477047e+02 7.394445374633737629e+02
6.171614932885905773e+02 7.395394295302013461e+02
6.170989517819706407e+02 7.394339622641509777e+02
6.174779847586790993e+02 7.390922946655376791e+02
6.170521590423257976e+02 7.389427105600683490e+02
6.160209760273972961e+02 7.394580479452055215e+02
6.152897923875432298e+02 7.393339100346021269e+02
6.144951497258540485e+02 7.396512020244622363e+02
6.135719745222929760e+02 7.393473460721868378e+02
6.127588235294117567e+02 7.397689075630252091e+02
6.123233333333333803e+02 7.398387500000000045e+02
6.127312939231087512e+02 7.399698222405952492e+02
6.142436695724367155e+02 7.396280614362806318e+02
6.159698366149979165e+02 7.398852115626309569e+02
6.167793624161073467e+02 7.404312080536913072e+02
6.173776371308016451e+02 7.404590717299578273e+02
6.164179540709811818e+02 7.412096033402922330e+02
6.148405371380612223e+02 7.413999160721779162e+02
6.138908094435075782e+02 7.414751264755481088e+02
6.132533613445377796e+02 7.416722689075630797e+02
6.133448275862068613e+02 7.420714582467802529e+02
6.136277219430485275e+02 7.422336683417084942e+02
6.149298538622128945e+02 7.422283924843424074e+02
6.162759948652118283e+02 7.415969191270860392e+02
6.164486913169921536e+02 7.422368093061902528e+02
6.154842323651452034e+02 7.420871369294605984e+02
6.142611064543168595e+02 7.419631181894384326e+02
6.137076023391813351e+02 7.418475355054301872e+02
6.138195897865215329e+02 7.420422771033905747e+02
6.139949727691663384e+02 7.417335567658147966e+02
6.140999574649085844e+02 7.413151850276477717e+02
6.151451612903225623e+02 7.412483022071306777e+02
6.166607375271149749e+02 7.403592190889370386e+02
6.183522039757995117e+02 7.398573898012100472e+02
6.191632302405498649e+02 7.397804982817868904e+02
6.192929421768707243e+02 7.398380102040816837e+02
6.188287986605274682e+02 7.400460443700293354e+02
6.187135657286854666e+02 7.401448971020579393e+02
6.187625838926174993e+02 7.400411073825503081e+02
6.197157031924072044e+02 7.388861087144089197e+02
6.216501305483028545e+02 7.381222802436901702e+02
6.225004347826087496e+02 7.373773913043478387e+02
6.224113567403554725e+02 7.371902904204595188e+02
6.219956369982547812e+02 7.372072425828970381e+02
6.217512733446519633e+02 7.376659592529711063e+02
6.211602922217447258e+02 7.372264718521702207e+02
6.215021496130696050e+02 7.372790197764402365e+02
6.224034863945578309e+02 7.376011904761904816e+02
6.239408534009294272e+02 7.379433882551753641e+02
6.243353422298752093e+02 7.381446405510116620e+02
6.230718588640274902e+02 7.383412220309810436e+02
6.214467442863302722e+02 7.380219922380335902e+02
6.203724402730375687e+02 7.389453924914676008e+02
6.186553046442267032e+02 7.387375372816361505e+02
6.169518174133559114e+02 7.390540997464074735e+02
6.160000000000000000e+02 7.392169491525423837e+02
6.157753623188406209e+02 7.393729752770673258e+02
6.159185654008439315e+02 7.395421940928270033e+02
6.163123404255319429e+02 7.393740425531915434e+02
6.161069906223358430e+02 7.394079283887467682e+02
6.159270166453264892e+02 7.393282116944088784e+02
6.166733905579399107e+02 7.391021459227467858e+02
6.170080782312925294e+02 7.393592687074830110e+02
6.172947903430749648e+02 7.394214315967810762e+02
6.177671174978867157e+02 7.394209636517329045e+02
6.186418803418803236e+02 7.393136752136751966e+02
6.199021367521366983e+02 7.394141025641025635e+02
6.209095177123346048e+02 7.396705078958600552e+02
6.219251176722293621e+02 7.400564826700898493e+02
6.218314606741572561e+02 7.398517718236819292e+02
6.209632511889320767e+02 7.397358408992649856e+02
6.199883620689655572e+02 7.391633620689655118e+02
6.192003381234150083e+02 7.395705832628909775e+02
6.189961815867628729e+02 7.391014000848535943e+02
6.200969257045260292e+02 7.386340734415030056e+02
6.208792207792207591e+02 7.387064935064935298e+02
6.212747300215983159e+02 7.385196544276458326e+02
6.219602763385146318e+02 7.385535405872193451e+02
6.223416122004357476e+02 7.386052287581699147e+02
6.227025181391378510e+02 7.389829278702518423e+02
6.225320322443784562e+02 7.390398812049214712e+02
6.214727650727651280e+02 7.388972972972973139e+02
6.201819322459222121e+02 7.386001672940192293e+02
6.193686422866750263e+02 7.381790668348045301e+02
6.190607457059070384e+02 7.381629660661918706e+02
6.182892703862661392e+02 7.379905579399141970e+02
6.176285464862505705e+02 7.379877782627673923e+02
6.174224062772449315e+02 7.385440278988666023e+02
6.165707607309817604e+02 7.389651508712282748e+02
