6.236644182124789495e+02 7.397710792580101042e+02
6.247012220817530306e+02 7.398702064896755246e+02
6.265049377415199388e+02 7.391588664662945121e+02
6.282091944327288502e+02 7.399101644875579495e+02
6.292459643160577798e+02 7.396227697536108963e+02
6.298258283772302093e+02 7.396291418861512739e+02
6.294891213389121276e+02 7.400255230125522985e+02
6.289298908480268437e+02 7.400890008396305575e+02
6.279890939597315764e+02 7.399773489932886150e+02
6.268031596925704889e+02 7.392728437233133718e+02
6.254346320346320454e+02 7.389861471861471500e+02
6.241801724137931160e+02 7.390887931034483245e+02
6.236171328671329093e+02 7.387639860139860275e+02
6.231668800682884921e+02 7.393047375160051615e+02
6.241997433704020750e+02 7.392780153977759028e+02
6.259073523161921457e+02 7.393195920101996990e+02
6.275025423728814076e+02 7.393305084745762770e+02
6.278063025210084334e+02 7.394327731092437261e+02
6.277711148648648987e+02 7.392892736486486456e+02
6.275941052631578714e+02 7.393536842105263531e+02
6.274201787994891220e+02 7.391315453384419243e+02
6.270884879725085739e+02 7.390025773195876582e+02
6.268531049250535716e+02 7.389143468950749138e+02
6.266766852726492516e+02 7.390060111635895055e+02
6.262079931241942177e+02 7.389492909325311985e+02
6.260628205128205082e+02 7.391153846153846416e+02
6.258238297872339899e+02 7.392285106382978483e+02
6.257142857142856656e+02 7.390945252352438501e+02
6.250429421768707243e+02 7.391857993197278347e+02
6.244488660676080372e+02 7.392704321780059900e+02
6.239991539763113906e+02 7.395613367174280484e+02
6.241727233860624438e+02 7.392300128259939811e+02
6.250487278999569298e+02 7.392897800776196391e+02
6.257778723404255743e+02 7.394995744680851431e+02
6.268331204767986264e+02 7.396087696892294616e+02
6.279650967199327170e+02 7.397157275021025953e+02
6.288921232876712111e+02 7.393013698630137469e+02
6.294972399150742604e+02 7.395562632696390892e+02
6.295036093418259497e+02 7.395532908704883539e+02
6.285143945808637227e+02 7.394005080440305164e+02
6.269665666523789014e+02 7.393459065580797187e+02
6.257598122866894528e+02 7.394279010238907404e+02
6.249201373980248491e+02 7.392297123228853479e+02
6.247314261315115118e+02 7.393351836037575140e+02
6.245788804071246432e+02 7.394262086513995200e+02
6.246179443976411676e+02 7.396929233361415754e+02
6.252907415165479961e+02 7.396635944700460641e+02
6.260172558922558892e+02 7.400694444444444571e+02
6.273008438818565082e+02 7.398531645569620423e+02
6.278345959595959584e+02 7.399301346801346426e+02
6.279260999572832134e+02 7.395540367364374106e+02
6.268791860958033340e+02 7.399465875370920003e+02
6.249421208280523388e+02 7.399370511195605786e+02
6.240965136054421691e+02 7.400756802721087979e+02
6.236398796733992640e+02 7.395483455092393115e+02
6.236073098172545315e+02 7.397012324691883123e+02
6.236352441613588553e+02 7.397885350318471183e+02
6.236357868020304522e+02 7.400093062605752721e+02
6.238917089678510592e+02 7.399217428087986264e+02
6.236032013479359648e+02 7.399860994102780296e+02
6.229124790619765690e+02 7.402169179229480278e+02
6.217109044801352411e+02 7.398495350803043493e+02
6.199002957329953460e+02 7.396011829319813842e+02
6.188336155800169536e+02 7.393806096528365970e+02
6.177341556784347176e+02 7.395274351339855912e+02
6.172029535864978698e+02 7.395919831223628762e+02
6.166964735516372684e+02 7.397241813602015554e+02
6.169455466441536373e+02 7.396323343182777990e+02
6.173943244387970708e+02 7.397907666243116864e+02
6.175144532886467914e+02 7.397096774193548754e+02
6.174964509394571905e+02 7.398267223382046041e+02
6.172976973684210407e+02 7.401459703947368780e+02
6.160191427382438860e+02 7.402051602163961661e+02
6.146579493565794792e+02 7.402590286425902377e+02
6.128015873015873467e+02 7.401679197994986907e+02
6.114642563681182992e+02 7.404268693508628303e+02
6.105298969072165391e+02 7.404651546391752390e+02
6.095514675485737826e+02 7.402645721372467733e+02
6.090374421539755758e+02 7.401098022717711729e+02
6.085920775389802202e+02 7.400037926675095150e+02
6.081398659966498599e+02 7.399376046901172685e+02
6.080792452830188495e+02 7.399765199161425926e+02
6.079135543432647637e+02 7.399509022240872582e+02
6.073269150272080878e+02 7.400150690665550428e+02
6.072973651191970248e+02 7.401154328732748127e+02
6.074872757613683234e+02 7.401622861910722122e+02
6.083944798301486117e+02 7.400127388535031514e+02
6.089399916072178485e+02 7.406483424255141017e+02
6.096339622641509095e+02 7.403626834381551589e+02
6.104773388773388660e+02 7.403929313929313594e+02
6.105555088309504299e+02 7.401513877207737551e+02
6.095288664138221293e+02 7.398137378845343619e+02
6.083658126837462987e+02 7.400940781184376647e+02
6.070484487887803198e+02 7.396489587760305540e+02
6.057990791125994292e+02 7.398865634156551323e+02
6.051072607260725817e+02 7.401604785478548365e+02
6.049875827814569220e+02 7.401080298013245056e+02
6.057309966216216708e+02 7.398788006756756204e+02
6.065939597315435776e+02 7.398884228187919234e+02
6.075811209439527829e+02 7.399502739148756518e+02
6.091395150999575208e+02 7.399698000850702329e+02
6.097017766497461935e+02 7.400736040609136808e+02
6.104097807757167402e+02 7.401551433389544172e+02
6.106348739495798554e+02 7.403050420168067376e+02
6.105405291894162474e+02 7.402473750524989100e+02
6.098476070528967057e+02 7.402241813602015554e+02
6.082855366763365055e+02 7.403700787401575099e+02
6.071291967700807390e+02 7.396396090097747447e+02
6.067616229923921765e+02 7.398060016906171086e+02
6.073540425531914480e+02 7.396276595744681117e+02
6.080835443037974528e+02 7.398658227848101205e+02
6.085832632464255312e+02 7.399318755256517761e+02
6.096762499999999818e+02 7.399966666666666697e+02
6.100979814970563666e+02 7.396980656013456610e+02
6.100147120638923752e+02 7.398263976460697222e+02
6.099321039396479591e+02 7.402996647108130901e+02
6.096669470142977616e+02 7.404217830109336091e+02
6.096527426160337200e+02 7.403379746835443029e+02
6.104391578947368089e+02 7.401877894736842336e+02
6.113306244653549584e+02 7.398250641573995381e+02
6.114725596983661262e+02 7.403950565563468444e+02
6.115151133501259437e+02 7.402111670864819644e+02
6.115758343895225835e+02 7.401808196028728162e+02
6.114477928692699606e+02 7.399902376910016528e+02
6.109421768707483125e+02 7.396679421768707243e+02
6.101992369648155545e+02 7.398762187367528895e+02
6.092355389096961744e+02 7.402034956304619300e+02
6.087114510128152460e+02 7.402554774700289499e+02
6.085055762081784678e+02 7.400904584882280233e+02
6.086621287128713220e+02 7.401930693069307381e+02
6.095326132114665825e+02 7.397631906938097472e+02
6.108002486531288469e+02 7.398582677165354653e+02
6.122517482517482676e+02 7.401312217194570167e+02
6.134010739363899347e+02 7.399648905410987254e+02
6.143707296499367203e+02 7.396617460986925607e+02
6.153033562822719205e+02 7.394634251290877955e+02
6.157079796264855531e+02 7.396685059422750328e+02
6.164418311633767189e+02 7.399252414951700985e+02
6.168188005104210561e+02 7.393164610803913774e+02
6.175670706226493394e+02 7.397221061429168003e+02
6.181530485275819728e+02 7.401335545416839068e+02
6.188609580330648896e+02 7.395421788893598887e+02
6.197819706498951291e+02 7.396612159329140468e+02
6.212802013422818845e+02 7.398305369127516542e+02
6.221166807076664327e+02 7.396036225779275810e+02
6.227870097005483103e+02 7.394521299029945567e+02
6.229092844974446734e+02 7.392704429301533082e+02
6.228883205456095311e+02 7.391837169650468695e+02
6.230004249893752331e+02 7.394075648108797623e+02
6.233340535868625238e+02 7.390760587726879294e+02
6.239584226318045239e+02 7.388199742820403344e+02
6.249240669240668922e+02 7.392556842556842867e+02
6.263953786906290588e+02 7.392708600770217799e+02
6.283169469598965406e+02 7.391323846485554441e+02
6.294486099410278257e+02 7.397392586352148101e+02
6.305071488645920681e+02 7.398301093355761395e+02
6.305069826491748017e+02 7.398396106644096335e+02
6.304403397027600704e+02 7.398445859872610981e+02
6.299714532871972779e+02 7.393330449826989934e+02
6.289317303563760788e+02 7.394727350794332779e+02
6.278784129692833176e+02 7.393144197952218519e+02
6.269254310344828127e+02 7.392400862068965353e+02
6.259629139072848147e+02 7.386693156732891339e+02
6.256349826388889142e+02 7.390308159722221717e+02
6.260646830530400848e+02 7.392535575679172553e+02
6.275438596491228509e+02 7.394172015404365084e+02
6.296505145797598288e+02 7.396522298456260387e+02
6.299186888037462495e+02 7.397837377607492044e+02
6.300859709153122594e+02 7.397668947818648348e+02
6.298306655433866581e+02 7.399890480202190020e+02
6.296687604690117723e+02 7.400230318257956696e+02
6.294493484657418776e+02 7.400340479192938119e+02
6.293018549747048382e+02 7.399266441821247327e+02
6.292413646055437084e+02 7.394686567164178541e+02
6.291947209000433077e+02 7.391440934660320181e+02
6.291382748157781180e+02 7.389895968790636971e+02
6.287039082412914013e+02 7.393045879354290264e+02
6.282346053772766936e+02 7.390307892454466128e+02
6.272670454545454959e+02 7.389357517482517324e+02
6.266307090039147170e+02 7.389995650282731958e+02
6.258604948805460708e+02 7.394005972696245408e+02
