6.250405576679340811e+02 7.377444021968736934e+02
6.265290102389078584e+02 7.371766211604095815e+02
6.270881982360352822e+02 7.371364972700546332e+02
6.271093489148580602e+02 7.373113522537562403e+02
6.263311036789298214e+02 7.376283444816053816e+02
6.256000000000000227e+02 7.377432835820895889e+02
6.248252834943301650e+02 7.388248635027299542e+02
6.232983354673496024e+02 7.395958173282116377e+02
6.226979434447300719e+02 7.402609254498714790e+02
6.220068965517241395e+02 7.412232758620689310e+02
6.206765604539502874e+02 7.420244434744653290e+02
6.199582608695652652e+02 7.429578260869565156e+02
6.194926470588235361e+02 7.431777681660900043e+02
6.195551215277778283e+02 7.430690104166666288e+02
6.203917975567189842e+02 7.429258289703316223e+02
6.208730502599653391e+02 7.426282495667244348e+02
6.212528932704672116e+02 7.420775825117874547e+02
6.216799826313504127e+02 7.412687798523664924e+02
6.218718279569892502e+02 7.410344086021505063e+02
6.221676198856137034e+02 7.400356357237131988e+02
6.222561702127659373e+02 7.396812765957446345e+02
6.216176218990590314e+02 7.390778443113772482e+02
6.200772477838750092e+02 7.383604896580835657e+02
6.187034220532319750e+02 7.379535276721588843e+02
6.174606884827879867e+02 7.378147046323841778e+02
6.154767827529021815e+02 7.378938640132670344e+02
6.143822668339606707e+02 7.376407360936846089e+02
6.134003392705682245e+02 7.371874469889737611e+02
6.118030366933783171e+02 7.374567692956558176e+02
6.105324947589098201e+02 7.381073375262054697e+02
6.102471386180584432e+02 7.387181008902076655e+02
6.098491198658842904e+02 7.398973176865046071e+02
6.096617523167649324e+02 7.411604886267901975e+02
6.102292993630572937e+02 7.414199575371550281e+02
6.114513197749892015e+02 7.425867589787970928e+02
6.124170267934313188e+02 7.425635263612791732e+02
6.132742561448900460e+02 7.427986200948685109e+02
6.149391534391534151e+02 7.425458553791887653e+02
6.161353220925204823e+02 7.425559878945092578e+02
6.175221546481320729e+02 7.420334491746307322e+02
6.184969458987783355e+02 7.414275741710296188e+02
6.196305676855895399e+02 7.404825327510917532e+02
6.211696891191710392e+02 7.402560449050085936e+02
6.226267397722480155e+02 7.401973850695908368e+02
6.237665402444163192e+02 7.393531394858828207e+02
6.246635193133047323e+02 7.384437768240343303e+02
6.247488292890591310e+02 7.380800340570455091e+02
6.251453389830508058e+02 7.377389830508474233e+02
6.262697286012526092e+02 7.372622129436325622e+02
6.275010343400909960e+02 7.372589987587919040e+02
6.278625890238793090e+02 7.366795140343527919e+02
6.277503142019271536e+02 7.371474654377880142e+02
6.267787091366303684e+02 7.372070410729254490e+02
6.258424599831507749e+02 7.375627632687447885e+02
6.248898809523809632e+02 7.382504251700680697e+02
6.236387816387816656e+02 7.389227799227799096e+02
6.230600951145697763e+02 7.395412883700821567e+02
6.201493955094991861e+02 7.421433506044904789e+02
