6.250240069838498584e+02 7.385146224356176390e+02
6.240794351279788543e+02 7.383892321270961929e+02
6.226059285091542961e+02 7.387362685265910613e+02
6.207743086529884522e+02 7.378202497769848378e+02
6.194835309617918711e+02 7.384883618796661722e+02
6.179724375538329468e+02 7.391373815676141703e+02
6.169546240276577009e+02 7.393003457216940433e+02
6.170387461906834687e+02 7.395912059207662423e+02
6.163004714959280363e+02 7.400398628375481849e+02
6.154762107051826661e+02 7.406962616822429482e+02
6.147468950749464511e+02 7.405588865096359541e+02
6.136792777300086073e+02 7.404015477214101111e+02
6.129086600603188799e+02 7.401163291684619026e+02
6.124792646430098557e+02 7.402501068832834790e+02
6.121216977046340162e+02 7.395894326548288973e+02
6.126373056994818853e+02 7.390945595854922203e+02
6.129715884631941663e+02 7.394575979337064382e+02
6.141437100213219082e+02 7.393961620469083300e+02
6.155860743272105537e+02 7.392516018795386117e+02
6.172331448455850023e+02 7.386976946498477901e+02
6.189641608391608543e+02 7.388085664335663978e+02
6.210073181231166473e+02 7.391945759793370598e+02
6.230431623931624472e+02 7.393487179487179901e+02
6.238377911993097769e+02 7.388464193270060605e+02
6.244518388791593679e+02 7.388200525394045144e+02
6.241767786992579659e+02 7.388996071584460879e+02
6.230893333333333430e+02 7.384395555555555575e+02
6.218888888888889142e+02 7.385202821869488616e+02
6.199852612773560168e+02 7.383787405091558185e+02
6.188959861890375578e+02 7.392339231765213299e+02
6.159382289416846561e+02 7.394596112311014622e+02
