6.147422898183353936e+02 7.389273341782846956e+02
6.131772428884025885e+02 7.384113785557987057e+02
6.129643323183993289e+02 7.387198782079165085e+02
6.144757630161579982e+02 7.380758527827648550e+02
6.177294976384714573e+02 7.390176041219407352e+02
6.210650063317855256e+02 7.394571549176868075e+02
6.243530834340991760e+02 7.405550181378476964e+02
6.269824140687450154e+02 7.407965627498001595e+02
6.279874290348742534e+02 7.405689375506893839e+02
6.272924836601307561e+02 7.406727941176470722e+02
6.249314499376818048e+02 7.404698795180722755e+02
6.223038839095177082e+02 7.395595390524968025e+02
6.199803407601572189e+02 7.389510703363914672e+02
6.188741750989880757e+02 7.388029036515617918e+02
6.189409448818897772e+02 7.388293963254593564e+02
6.202874406560207490e+02 7.392196806214933531e+02
6.220008375209380347e+02 7.403948911222780680e+02
6.237418690819266658e+02 7.406784685055578166e+02
6.253676710097720388e+02 7.409743485342019085e+02
6.257071399757967356e+02 7.410701895925776626e+02
6.250380991396968966e+02 7.409983613273249148e+02
6.234779016935150366e+02 7.401619165634035653e+02
6.206845924029022399e+02 7.393990610328638695e+02
6.184547432550043595e+02 7.390134899912967512e+02
6.169908176650634459e+02 7.389177962396151997e+02
6.171142479047199458e+02 7.387970886634318504e+02
6.183239807102148689e+02 7.385471284524331850e+02
6.212806794055201181e+02 7.387694267515923912e+02
6.243941841680128846e+02 7.395553311793214561e+02
6.264579628132578364e+02 7.392978981406629373e+02
6.280984331056649808e+02 7.391984732824427056e+02
6.281002036659878058e+02 7.383653767820774192e+02
6.262964926590537971e+02 7.381370309951059880e+02
6.236494057724958111e+02 7.369185059422750328e+02
6.205558978873239084e+02 7.361210387323943678e+02
6.193880931065353934e+02 7.356535362578334798e+02
6.187226027397259713e+02 7.363039383561643945e+02
6.200185341196292939e+02 7.362674810446503670e+02
6.212323147760569100e+02 7.365973210548346515e+02
6.224109533468559903e+02 7.371034482758620925e+02
6.232339038304808128e+02 7.367245313773431690e+02
6.229025661587810418e+02 7.365040096230953850e+02
6.218587000403714455e+02 7.360573274121921941e+02
6.192977481234362358e+02 7.350191826522101337e+02
6.167333897587811862e+02 7.345852729581041558e+02
6.140611464968152404e+02 7.344496815286623814e+02
6.097269129287599299e+02 7.338183817062445087e+02
6.094379370629370669e+02 7.338417832167832557e+02
6.111755888650964152e+02 7.341053533190578264e+02
6.131899747262004894e+02 7.344688289806234707e+02
6.153275514320290540e+02 7.353654699475595180e+02
6.167917341977309889e+02 7.352706645056725847e+02
6.162507019655033673e+02 7.354945848375451760e+02
6.142090349075975837e+02 7.346435318275154032e+02
6.118418367346938567e+02 7.334995748299319303e+02
6.093985191637630123e+02 7.327051393728222592e+02
6.082832136445242668e+02 7.322239676840215452e+02
6.081829540383756694e+02 7.323467202141900998e+02
6.098398607484768945e+02 7.328307223672759392e+02
6.116576156130674917e+02 7.332579550275773954e+02
6.143399421726559240e+02 7.338579099545642066e+02
6.157147474747474689e+02 7.342351515151515287e+02
6.157260606060606278e+02 7.341002020202020049e+02
6.147600327600328001e+02 7.339987714987714753e+02
6.130266555601832579e+02 7.334685547688462748e+02
6.107909052273693078e+02 7.329239269018274854e+02
6.078056872037914218e+02 7.326079276174062898e+02
6.062387799564270381e+02 7.323250544662308812e+02
6.053074924209614665e+02 7.325980944131658816e+02
6.056714596949891529e+02 7.327612200435729619e+02
6.069564846416382125e+02 7.334334470989761030e+02
6.092714521452145391e+02 7.342561881188119060e+02
6.115186551865518823e+02 7.350537105371054167e+02
6.127238442822384741e+02 7.358852392538524327e+02
6.131901234567901611e+02 7.357946502057612861e+02
6.122138467841049305e+02 7.358836542400655389e+02
6.099937552039966704e+02 7.353072439633638169e+02
6.077398893146020100e+02 7.350055342699021139e+02
6.061329810656098971e+02 7.346354029062086965e+02
6.063582157487483073e+02 7.341115157032317029e+02
6.083954927087936539e+02 7.352417145382236185e+02
6.118221462163318165e+02 7.360495938435228709e+02
6.154173728813559592e+02 7.367186440677966175e+02
6.184522058823529278e+02 7.376964869281046049e+02
6.206332657200811127e+02 7.380851926977687754e+02
6.206803245436105954e+02 7.383221095334685060e+02
6.193326394671107664e+02 7.382502081598668155e+02
6.162324786324786601e+02 7.373948717948718468e+02
6.132598018095648058e+02 7.372261956053424683e+02
6.110605263157895024e+02 7.370157894736842081e+02
6.098859496964440723e+02 7.372228967909800303e+02
6.102597849462365502e+02 7.374993548387096780e+02
6.137804166666666106e+02 7.386741666666666788e+02
