6.361924249020461275e+02 7.420374401393121389e+02
6.348549289711579604e+02 7.420860955660783702e+02
6.339479345955249983e+02 7.416510327022375577e+02
6.335520304568527763e+02 7.418654822335025756e+02
6.334263959390863192e+02 7.418950930626057243e+02
6.336245194361383710e+02 7.418953438701410050e+02
6.348518839324383407e+02 7.416318752706799842e+02
6.351880228974019929e+02 7.413663584324086742e+02
6.357449023861171327e+02 7.414073752711497036e+02
6.354521253756977330e+02 7.414461142121082275e+02
6.342386511024643596e+02 7.410393428447903261e+02
6.321443388072601692e+02 7.410220397579947758e+02
6.307592190889371295e+02 7.406976138828633793e+02
6.296371720764784641e+02 7.402174299688750807e+02
6.292287581699346219e+02 7.408374727668845026e+02
6.292367747440273433e+02 7.409927474402730923e+02
6.294332622601278899e+02 7.410187633262260078e+02
6.295930183056619853e+02 7.409084716900808871e+02
6.297327659574467589e+02 7.411625531914893372e+02
6.293373442200257841e+02 7.408904168457240758e+02
6.278911535125758974e+02 7.404154379878577856e+02
6.261890504704875866e+02 7.405222412318220222e+02
6.234869418702611483e+02 7.405673967986521120e+02
6.203168187744458919e+02 7.399717514124293984e+02
6.176672297297296836e+02 7.399480574324323925e+02
6.155172995780591236e+02 7.400232067510548859e+02
6.139174193548386711e+02 7.399182795698924338e+02
6.123538525963149368e+02 7.403278894472362026e+02
6.113561351004702829e+02 7.404151346729371426e+02
6.096396965865992570e+02 7.407560050568899896e+02
6.072772194304857294e+02 7.401448911222780680e+02
6.052353930222782310e+02 7.402286675073560218e+02
6.028006644518272878e+02 7.404186046511628092e+02
6.006937206322085103e+02 7.399683895771038351e+02
5.990682302771855348e+02 7.399411513859274692e+02
5.974857382550335387e+02 7.404429530201342686e+02
5.972832837090600151e+02 7.403738834538494302e+02
5.969093242087253657e+02 7.403400342172797082e+02
5.965400843881856190e+02 7.403624472573840194e+02
5.965183312262957998e+02 7.402520016856300344e+02
5.964747601168127176e+02 7.403120567375887049e+02
5.965226510067113850e+02 7.400151006711408854e+02
5.960610068259385343e+02 7.395140784982935429e+02
5.954438344594594810e+02 7.396836993243243796e+02
5.945848653270628574e+02 7.393424540401881586e+02
5.935866892751165551e+02 7.394039847392963338e+02
5.935944233206590752e+02 7.393223489649344629e+02
5.935803872053871828e+02 7.395071548821548504e+02
5.939804171988080270e+02 7.392575564069817347e+02
5.947027141645462507e+02 7.393066157760814576e+02
5.952465466722477458e+02 7.394562578484722053e+02
5.960700421940928209e+02 7.392071729957806383e+02
5.961020145735104734e+02 7.389909987141020338e+02
5.960722530996151818e+02 7.390731081658828998e+02
5.956102910164487412e+02 7.393019822859553187e+02
5.948512154233026195e+02 7.395373009220452332e+02
5.940856063785145125e+02 7.394746118338229053e+02
5.942049007182087053e+02 7.395728770595691230e+02
5.943305439330544004e+02 7.398966527196653260e+02
5.953499786598378023e+02 7.393055911224925012e+02
5.965109983079526046e+02 7.400389170896785345e+02
5.972645348837208985e+02 7.402068106312292457e+02
5.980291385135135442e+02 7.403015202702703164e+02
5.983166946308724619e+02 7.406354865771811546e+02
5.978899120971117327e+02 7.404407701967350022e+02
5.968422619047619264e+02 7.402372448979591582e+02
5.962179432924249340e+02 7.403863732543377409e+02
5.957782978723404312e+02 7.407476595744681163e+02
5.958781105018979360e+02 7.404209194432728509e+02
5.967517819706498585e+02 7.406062893081760876e+02
5.976451882845187811e+02 7.404987447698745200e+02
5.993439355385920635e+02 7.405542832909245590e+02
6.006815068493150420e+02 7.404135273972602818e+02
6.010000000000000000e+02 7.409378723404255425e+02
6.009783163265306030e+02 7.409804421768707243e+02
6.005392736486486456e+02 7.409320101351351013e+02
5.997408821034774746e+02 7.408910093299406299e+02
5.989369138959931433e+02 7.409497016197783523e+02
5.993018703784254058e+02 7.409138755980861788e+02
6.008382978723403767e+02 7.413727659574468589e+02
6.026183760683760511e+02 7.410282051282051725e+02
6.042123781263246656e+02 7.411733785502331102e+02
6.056295979469632584e+02 7.410966638152266341e+02
6.072688172043010582e+02 7.412787096774193287e+02
6.078375053033516906e+02 7.416898599915145951e+02
6.083357917570499467e+02 7.415509761388286734e+02
6.085829787234042669e+02 7.421638297872340218e+02
6.099630886720407261e+02 7.422753500212133986e+02
6.122409793814432533e+02 7.417766323024054600e+02
6.144308487720810490e+02 7.416557518311072954e+02
6.165002134016218633e+02 7.418143405889884434e+02
6.195450643776823654e+02 7.419309012875536382e+02
6.224383213225943337e+02 7.422068673166595545e+02
6.247814655172413723e+02 7.420672413793103033e+02
6.269561515538526919e+02 7.426079182630907098e+02
6.290361702127659100e+02 7.424165957446808761e+02
6.303574468085106446e+02 7.422642553191489014e+02
6.314317501069747323e+02 7.421861360718870628e+02
6.321513722126929906e+02 7.419969982847341043e+02
6.327956015523932365e+02 7.419594652867615423e+02
6.338489516474112406e+02 7.420209670517757559e+02
6.353425605536332341e+02 7.419749134948096980e+02
6.368418079096045403e+02 7.418392003476749323e+02
6.378575757575757734e+02 7.421597402597402606e+02
6.379815371404035886e+02 7.424014598540145471e+02
6.379590340664079804e+02 7.425467874083657307e+02
6.380064794816414633e+02 7.427503239740821073e+02
6.380305113880532417e+02 7.429497206703911161e+02
6.378881239242684842e+02 7.429522375215145757e+02
6.374368013757523386e+02 7.429625967325881675e+02
6.370762966138020147e+02 7.430145735105014637e+02
6.370297413793103942e+02 7.428008620689655572e+02
6.377367506516072808e+02 7.428197219808861291e+02
6.385841836734693970e+02 7.434081632653061433e+02
6.391344753747323466e+02 7.432197002141327857e+02
6.394695652173912777e+02 7.430086956521739694e+02
6.394871355060034830e+02 7.432024013722126483e+02
6.387445536095685839e+02 7.429572832123024000e+02
6.382680942184153992e+02 7.427289079229121853e+02
6.378307426597582435e+02 7.421062176165803521e+02
6.368681506849314928e+02 7.422208904109588730e+02
6.361856467554791834e+02 7.415947571981091642e+02
6.360401554404145372e+02 7.415345423143351127e+02
6.362815450643777240e+02 7.414596566523605361e+02
6.368847311827956901e+02 7.414150537634408238e+02
6.373872358775333851e+02 7.411423027166882775e+02
6.378143790849672996e+02 7.410178649237473110e+02
6.376313284292514254e+02 7.412163565556036247e+02
6.368336199484092504e+02 7.412579535683577205e+02
6.355687796463993209e+02 7.407921517895645138e+02
6.343883161512027300e+02 7.410764604810996161e+02
6.334624422996223529e+02 7.413168275283256889e+02
6.332969876962240505e+02 7.411052184980908351e+02
6.332039779940753306e+02 7.409551417689377786e+02
6.333352990732939816e+02 7.408719460825610668e+02
6.340507399577167007e+02 7.410000000000000000e+02
6.344955752212389370e+02 7.410750105351875163e+02
6.349492104139991397e+02 7.409398207426376075e+02
6.347827013208351445e+02 7.406697912228377163e+02
6.331985420240137046e+02 7.403280445969124912e+02
6.314961106309420984e+02 7.398707865168539684e+02
6.300090556274255960e+02 7.398637343682621577e+02
6.283609215017064571e+02 7.400631399317405794e+02
6.284568113450794726e+02 7.398066179630425268e+02
6.285468148781530999e+02 7.397323642582300636e+02
6.289586919104991694e+02 7.398330464716007100e+02
6.289083904109588730e+02 7.399383561643835492e+02
6.288584260051326282e+02 7.397810094097519595e+02
6.283402366863905399e+02 7.396669484361791547e+02
6.273012409071459388e+02 7.392207958921694626e+02
6.255067681895093301e+02 7.394991539763113906e+02
6.226080679405520186e+02 7.390658174097665096e+02
6.193223905723905318e+02 7.395378787878787534e+02
6.169382504288164455e+02 7.389686963979416987e+02
6.130968152866241780e+02 7.391261146496815400e+02
