6.195420519594891857e+02 7.397679436371641941e+02
6.254940186087727625e+02 7.401005759858219335e+02
6.296125112511250563e+02 7.397956795679567676e+02
6.312502202643171358e+02 7.402383259911894129e+02
6.293033216783217085e+02 7.402010489510489606e+02
6.257930419268510605e+02 7.397988403211418245e+02
6.209348958333333712e+02 7.390746527777778283e+02
6.173395904436860064e+02 7.391736348122866502e+02
6.145961373390557583e+02 7.392047210300429469e+02
6.124587155963303076e+02 7.388357361293141139e+02
6.126817383669886112e+02 7.387660228270412972e+02
6.144323618964767775e+02 7.393888647237929490e+02
6.182814267072640178e+02 7.404267072640278684e+02
6.221306793595846329e+02 7.409917784508870682e+02
6.243518041237113039e+02 7.410743127147766245e+02
6.225077989601386435e+02 7.406897746967071043e+02
6.190103671706262958e+02 7.407896328293736588e+02
6.148249566724437045e+02 7.400411611785095829e+02
6.096206301251618243e+02 7.390815709969788259e+02
6.056484477481416207e+02 7.382063839090511692e+02
6.027025956885173628e+02 7.378033435987681514e+02
6.023394575678040610e+02 7.378202099737533217e+02
6.050095902353966721e+02 7.375889276373147823e+02
6.092436681222707193e+02 7.380554585152838172e+02
6.142818733738074570e+02 7.384874241110147750e+02
6.193133741258741338e+02 7.389418706293706691e+02
6.244483058210252011e+02 7.394109470026064628e+02
6.294485196641626317e+02 7.393513035793195058e+02
6.321820194862710878e+02 7.396585473870682108e+02
6.323990321161460315e+02 7.396462824461065111e+02
6.245277044854881296e+02 7.388315743183817403e+02
