5.610339207048458547e+02 7.196559471365638956e+02
5.540477408354646514e+02 7.171730605285592901e+02
5.498846315789473920e+02 7.165524210526315301e+02
5.485291811846690280e+02 7.180975609756097811e+02
5.514890510948905558e+02 7.211382567625590809e+02
5.591064291920069991e+02 7.255469157254560741e+02
5.712926365795724450e+02 7.302190023752968955e+02
5.861423001949317495e+02 7.351452241715400078e+02
6.059880725190839712e+02 7.400152671755724896e+02
6.253845391476709210e+02 7.449425173439049104e+02
6.418318246784183430e+02 7.496879466412577813e+02
6.579308118081180510e+02 7.541143911439114618e+02
6.715885078776644832e+02 7.572891566265060419e+02
6.794889316650625233e+02 7.580943214629451177e+02
6.845504281636536916e+02 7.579852521408182611e+02
6.814617169373549359e+02 7.563085846867749069e+02
6.722937127122532956e+02 7.527907296925194487e+02
6.577901578458681797e+02 7.485273909006499480e+02
6.413412921348314057e+02 7.441090823970037036e+02
6.204284364666981446e+02 7.383618327822390484e+02
6.019083255378858439e+02 7.338194574368568510e+02
5.854947077772663988e+02 7.294606534744592636e+02
5.701275078020507863e+02 7.246901471243869537e+02
5.591699432066404825e+02 7.199641764962865409e+02
5.522186426116838902e+02 7.170296391752577847e+02
5.485581299131154083e+02 7.172366570128258445e+02
5.471756242065171136e+02 7.186927634363097468e+02
5.576940397350992953e+02 7.258035320088300750e+02
