6.047892376681614905e+02 7.383650224215247135e+02
6.077325684024713155e+02 7.388314210061782887e+02
6.108237068965516983e+02 7.393793103448275588e+02
6.155744590581247166e+02 7.399266016122189740e+02
6.182590016366611962e+02 7.408093289689034009e+02
6.193294117647059238e+02 7.412868154158214793e+02
6.202092357989374705e+02 7.409125459746628621e+02
6.205071308724832306e+02 7.398573825503356147e+02
6.193678309616213937e+02 7.394950409659336401e+02
6.185853219270599084e+02 7.387253489419180141e+02
6.188522257916475837e+02 7.385910968334097788e+02
6.203173033707864761e+02 7.391793258426965849e+02
6.231050066459902155e+02 7.394607886575099656e+02
6.272611654615056977e+02 7.401471714164185869e+02
6.307043918918918735e+02 7.400540540540540633e+02
6.328418874172185724e+02 7.404586092715231871e+02
6.338325123152709466e+02 7.404692118226600996e+02
6.337858627858628324e+02 7.403081081081080583e+02
6.317961246840775402e+02 7.401314237573715218e+02
6.289918314703353417e+02 7.393319002579535208e+02
6.261682411156095895e+02 7.384053081421502611e+02
6.233187672493099853e+02 7.380105795768168946e+02
6.215364269141531395e+02 7.377619489559165231e+02
6.210312221231043850e+02 7.385053523639606965e+02
6.216823120382442767e+02 7.392950890916993103e+02
6.228534409515717698e+02 7.400106202209005914e+02
6.226109746109746084e+02 7.407088452088452186e+02
6.202518397383482807e+02 7.407632869991823554e+02
6.172176983797257890e+02 7.401445783132529641e+02
6.129356625479335889e+02 7.394333191308053301e+02
6.087177489177489633e+02 7.392268398268398641e+02
6.056746880570409530e+02 7.387179144385027030e+02
6.037742805755395921e+02 7.386407374100718926e+02
6.038912852112675864e+02 7.391122359154929882e+02
6.061587852494576509e+02 7.390611713665944080e+02
6.087086481947942502e+02 7.395562552476910696e+02
6.109491594915949690e+02 7.402398523985240217e+02
6.121641129032258277e+02 7.406774193548386620e+02
6.122370759289176476e+02 7.405569466882068355e+02
6.104486597938143859e+02 7.399055670103092552e+02
6.080854629241725888e+02 7.394449099287809304e+02
6.055768052516411899e+02 7.386647702407002498e+02
6.042706093189964349e+02 7.383024193548386620e+02
6.046220400728597042e+02 7.381161202185792263e+02
6.068677130044843580e+02 7.383789237668161149e+02
6.111649350649350936e+02 7.392987012987013031e+02
6.150325581395348991e+02 7.397175475687104154e+02
6.188458059210526017e+02 7.404461348684210407e+02
6.211062165500205765e+02 7.410592836558254248e+02
6.220364903649036705e+02 7.409159491594915607e+02
6.224324213964883938e+02 7.408154348713760555e+02
6.219945217024862814e+02 7.403278550358196526e+02
6.203960891314234232e+02 7.389226921327875743e+02
