6.161067877215737099e+02 7.394682230869001387e+02
6.171689595872743439e+02 7.396706792777299597e+02
6.183501291989664423e+02 7.394896640826873409e+02
6.192494595763077996e+02 7.393294422827497101e+02
6.193310315062581140e+02 7.392382391022874799e+02
6.196450497189796351e+02 7.397116299178555892e+02
6.198219713417281582e+02 7.399700390794615714e+02
6.198617850953206698e+02 7.398886481802426260e+02
6.194031551270815044e+02 7.398014899211218562e+02
6.186842564326210550e+02 7.400776275621456080e+02
6.183964238988224906e+02 7.398054949847361286e+02
6.184742582897033571e+02 7.400466841186736247e+02
6.185644599303135465e+02 7.393880662020906129e+02
6.185347132384648603e+02 7.393389391979301308e+02
6.186323974082073391e+02 7.392444924406047448e+02
6.186678141135972737e+02 7.393769363166953781e+02
6.185660538691748798e+02 7.395840102607952531e+02
6.180474547023295600e+02 7.397506471095772440e+02
6.181569230769230217e+02 7.391709890109890466e+02
6.183504197967299660e+02 7.389885108263366646e+02
6.179784710017574980e+02 7.391726713532513031e+02
6.188980392156862536e+02 7.394801742919389653e+02
6.196896254842876033e+02 7.397808867843306189e+02
6.213266463148713683e+02 7.394129960750109376e+02
