6.395717326521923951e+02 7.283439761600681095e+02
6.304700502972108325e+02 7.243721993598536528e+02
6.155700748129676185e+02 7.223591022443890779e+02
5.986695652173913231e+02 7.219745341614907375e+02
5.880390728476820641e+02 7.227913907284768129e+02
5.804825174825174372e+02 7.150384615384615472e+02
0.000000000000000000e+00 0.000000000000000000e+00
0.000000000000000000e+00 0.000000000000000000e+00
0.000000000000000000e+00 0.000000000000000000e+00
0.000000000000000000e+00 0.000000000000000000e+00
0.000000000000000000e+00 0.000000000000000000e+00
5.798723667905824186e+02 7.320483271375464938e+02
5.886968822170900921e+02 7.424353348729791833e+02
6.014956097560975650e+02 7.471131707317073278e+02
6.287512479201330962e+02 7.536742928452579235e+02
6.387419199228171465e+02 7.577554269175108175e+02
6.486603896103896432e+02 7.621844155844155466e+02
6.570652528548123428e+02 7.621329526916803161e+02
6.608103146853146654e+02 7.619204545454545041e+02
6.640287081339712358e+02 7.566162679425837041e+02
6.640065116279070025e+02 7.525786046511627774e+02
6.591487294469357039e+02 7.488774289985052519e+02
6.536789684304135335e+02 7.383846153846153584e+02
6.455781951817068602e+02 7.321535320538995393e+02
6.375345858240820007e+02 7.274991460290350460e+02
6.252867749419953043e+02 7.244993039443155567e+02
6.083562396921385016e+02 7.218669598680593253e+02
5.950039241334205826e+02 7.221170699803793696e+02
0.000000000000000000e+00 0.000000000000000000e+00
