6.262705231816248670e+02 7.398460229689493417e+02
6.259704516673701846e+02 7.397517940059096873e+02
6.252983662940670229e+02 7.390769561478933838e+02
6.262223667100130342e+02 7.390117035110532697e+02
6.281610243055555429e+02 7.394153645833333712e+02
6.294912280701754526e+02 7.403217800599059046e+02
6.300383786114704208e+02 7.403186718413109020e+02
6.306345657781599812e+02 7.403104041272571294e+02
6.311811876896401827e+02 7.401434763762462126e+02
6.320460526315789593e+02 7.401767543859649550e+02
6.322660753880265929e+02 7.401738359201773392e+02
6.305744960560911068e+02 7.404066608238387062e+02
6.275110229276896234e+02 7.404585537918870841e+02
6.249636363636363967e+02 7.406138528138527590e+02
6.223277491408935020e+02 7.396129725085910422e+02
6.209193890538820142e+02 7.398646584641493291e+02
6.204593564775614141e+02 7.404822184589330618e+02
6.196910016977928990e+02 7.405076400679116659e+02
6.190565162378743480e+02 7.413078869675242686e+02
6.171456811345079814e+02 7.407920068758057823e+02
6.138572645930976250e+02 7.405453770771197242e+02
6.107111681643132215e+02 7.398121523320496635e+02
6.075192064162093857e+02 7.398290417897846964e+02
6.046418803418803236e+02 7.393213675213675060e+02
6.021894197952218519e+02 7.397094709897611438e+02
6.006693720632208624e+02 7.396065783853053972e+02
6.004063291139240164e+02 7.398818565400844136e+02
6.020365591397849130e+02 7.395075268817204233e+02
6.043135699373694933e+02 7.403169102296451456e+02
6.059115120274914261e+02 7.395966494845361012e+02
6.069722696245734141e+02 7.394624573378839614e+02
6.075446351931331037e+02 7.391210300429185054e+02
6.065390191897654404e+02 7.392818763326225735e+02
6.054817518248174792e+02 7.394877629884070984e+02
6.052570694087403353e+02 7.398787489288774850e+02
6.060830860534124440e+02 7.399415006358626670e+02
6.082098195551825484e+02 7.398308854385228415e+02
6.102301822806273321e+02 7.393281051292921120e+02
6.121991649269310756e+02 7.398070981210855734e+02
6.164863364645601678e+02 7.394261315115286379e+02
6.210202959830867258e+02 7.397911205073995689e+02
6.237184713375796719e+02 7.396934182590233604e+02
6.255241292488459521e+02 7.399488040285355055e+02
6.267003424657534651e+02 7.390577910958903658e+02
6.269461768475010786e+02 7.392669799231098295e+02
6.267386848847139618e+02 7.390952177625961212e+02
6.273027837259101034e+02 7.392728051391862891e+02
6.293242553191489606e+02 7.394059574468085430e+02
6.311393834129396510e+02 7.392978723404255561e+02
6.328658064516129116e+02 7.398649462365591489e+02
6.333781693167168214e+02 7.396544907606360084e+02
6.347809773123909736e+02 7.390628272251309454e+02
