6.212434488588335171e+02 7.372565511411664829e+02
6.224157063593683006e+02 7.371698676909944652e+02
6.228707337883959099e+02 7.364718430034129142e+02
6.231995661605205896e+02 7.361613882863340450e+02
6.241305483028720573e+02 7.364669277632724516e+02
6.256191304347826190e+02 7.368726086956521613e+02
6.258717724288840145e+02 7.372765864332603769e+02
6.250407632263660389e+02 7.385221162185603134e+02
6.231491641663094470e+02 7.395327903986283218e+02
6.219503367003367202e+02 7.408627946127945734e+02
6.210309453158117776e+02 7.412000847816871101e+02
6.198269938650306585e+02 7.426253578732106462e+02
6.191339173967459146e+02 7.426733416770963458e+02
6.142424242424242493e+02 7.429356060606060055e+02
6.121170079398244752e+02 7.425954868366068240e+02
6.121250000000000000e+02 7.417428209459459367e+02
6.129575191163976342e+02 7.407574341546304595e+02
6.130557684120902877e+02 7.399174116645381218e+02
6.129189991518235274e+02 7.395521628498727296e+02
6.138187976291278574e+02 7.386858594411515924e+02
6.165493775933609868e+02 7.379456431535269303e+02
6.191761268781301624e+02 7.372366444073455796e+02
6.209916805324459119e+02 7.369896006655574183e+02
6.215573633708802390e+02 7.364889445139757527e+02
6.218931005110732713e+02 7.356882453151617938e+02
6.239717223650385449e+02 7.361992287917737485e+02
