6.135384615384615472e+02 7.344823629409264640e+02
6.143889369057908425e+02 7.343228176318064016e+02
6.153272490221643238e+02 7.341295089091698856e+02
6.158793178836904190e+02 7.338080454744206236e+02
6.165835543766578439e+02 7.334973474801061002e+02
6.172497846683893385e+02 7.340999138673557809e+02
6.176307558644656410e+02 7.346007819287575558e+02
6.167843137254901649e+02 7.348135076252723366e+02
6.163317555938037913e+02 7.351777108433734611e+02
6.156547359231776682e+02 7.349519860323002831e+02
6.149202242345838840e+02 7.351435963777490770e+02
6.148346286701208783e+02 7.350954231433505583e+02
6.154419006479481595e+02 7.354280777537796894e+02
6.164631165429942712e+02 7.358232213007420341e+02
6.177174005985464191e+02 7.368542112013681162e+02
6.184088983050847901e+02 7.372088983050847446e+02
6.186297250859106498e+02 7.374570446735394853e+02
6.181420454545454959e+02 7.371844405594405316e+02
6.178772234273318418e+02 7.373023861171366207e+02
6.179121212121211784e+02 7.373870129870130086e+02
6.188436123348017190e+02 7.370590308370044568e+02
6.187470613844144509e+02 7.376094906399652018e+02
6.178109058927001342e+02 7.376569920844327726e+02
6.160139372822300174e+02 7.386441637630662171e+02
6.153880662020906129e+02 7.390117595818815062e+02
6.158976034858387720e+02 7.389891067538126208e+02
6.177610278372591210e+02 7.403152034261241852e+02
6.192479898434194183e+02 7.409691070672873821e+02
6.210140008485362841e+02 7.413088672040729534e+02
6.223656236605229424e+02 7.416832404629233224e+02
6.221851693099014255e+02 7.420630090012858773e+02
6.217581699346404775e+02 7.423433551198256737e+02
6.211665937909925788e+02 7.426318320944468496e+02
6.211721883173496508e+02 7.428487358326068488e+02
6.215480396380870616e+02 7.429375269280482144e+02
6.218681412165036591e+02 7.433857932794555836e+02
6.219838846480067787e+02 7.433189143341814997e+02
6.221893142616743262e+02 7.436697517879680390e+02
6.229341546304162875e+02 7.439983007646559372e+02
6.236187392055268219e+02 7.440336787564766610e+02
6.239262751821688653e+02 7.442764680668666415e+02
6.245249355116079641e+02 7.450386930352536865e+02
6.247942563223317620e+02 7.455469352764680480e+02
6.250148936170212437e+02 7.458893617021276441e+02
6.249383680555555429e+02 7.462756076388889142e+02
6.245810225303292782e+02 7.461117850953206698e+02
6.233806842789085749e+02 7.458852317020355258e+02
6.228583118001722596e+02 7.459888027562445814e+02
6.222570073307459779e+02 7.457412677878395471e+02
6.215674872665534849e+02 7.454104414261460079e+02
6.204611853088480302e+02 7.456761268781301624e+02
6.196602510460251096e+02 7.456138075313807576e+02
6.201576728499156843e+02 7.453612984822934777e+02
6.216000839278220838e+02 7.445178346621904666e+02
6.222950062945866421e+02 7.442177926982794816e+02
6.222408421052631411e+02 7.442294736842105749e+02
6.222403361344537416e+02 7.452558823529411711e+02
6.225592298032649978e+02 7.455546253662620302e+02
6.224113976705490359e+02 7.456613976705490359e+02
6.222385129490393183e+02 7.448458646616541046e+02
6.213757855048177134e+02 7.439828236279848852e+02
6.206100418410042039e+02 7.436292887029288750e+02
6.197643630308076581e+02 7.428097418817651487e+02
6.180142857142857338e+02 7.415952380952380736e+02
6.176314673452078523e+02 7.416293469041560229e+02
6.180593471810088886e+02 7.414353539635438892e+02
6.187738193869097358e+02 7.414258492129246179e+02
6.197665162084530266e+02 7.410525235945834766e+02
6.197412298803136537e+02 7.403924886504333926e+02
6.194441213128375239e+02 7.402280847528043068e+02
6.185761506276151067e+02 7.400029288702928625e+02
6.179306846999154459e+02 7.398034657650042618e+02
6.165296080066722197e+02 7.398252710592159929e+02
6.154358233594717831e+02 7.399186958316137179e+02
6.154103214890017171e+02 7.390173434856176300e+02
6.147762882279010910e+02 7.390071219103476778e+02
6.142278118609407329e+02 7.387619631901840194e+02
6.135192143467122605e+02 7.372480785653287967e+02
6.135211571675301911e+02 7.368540587219343934e+02
6.141066892464014018e+02 7.367163420829805318e+02
6.160817530552043308e+02 7.361230509903076609e+02
6.173444210526315601e+02 7.360951578947368716e+02
6.174330244313395042e+02 7.361891322662173707e+02
6.166148989898989612e+02 7.362415824915824487e+02
6.156376440460948061e+02 7.356961160904822918e+02
6.141721486544212212e+02 7.356313541221700234e+02
6.128144680851063413e+02 7.354978723404254879e+02
6.117801539777588005e+02 7.353212147134303223e+02
6.108750534873769311e+02 7.350988446726572647e+02
6.109023870417731814e+02 7.351163682864449811e+02
6.109536082474227214e+02 7.348560996563574008e+02
6.107960834397615599e+02 7.351362281822051727e+02
6.109246252676659878e+02 7.349674518201285309e+02
6.117649077649077753e+02 7.348961818961819290e+02
6.131134109529970146e+02 7.348266494178525363e+02
6.138515190415062079e+02 7.349636285836542129e+02
6.143887457044673965e+02 7.345734536082474051e+02
6.151721911321567404e+02 7.343891519586741197e+02
6.160811164413431698e+02 7.342516354121238464e+02
6.161445312500000000e+02 7.344991319444444571e+02
6.158088869715271585e+02 7.350798101811907372e+02
6.149762007788835945e+02 7.351674599740372287e+02
6.142157197778726641e+02 7.353797522426312980e+02
6.136373578302711849e+02 7.347375328083988961e+02
6.132658008658008839e+02 7.350246753246752860e+02
6.131831961888262867e+02 7.351628410567344645e+02
6.137827031725337292e+02 7.356106040851803982e+02
6.148908780903665274e+02 7.365498721227621672e+02
6.157838641188959627e+02 7.371261146496815400e+02
6.163579982891360487e+02 7.375256629597946585e+02
6.160318221447254246e+02 7.371665213600697371e+02
6.163790252393386027e+02 7.370700609225413018e+02
