6.191039689387403087e+02 7.392489214840379645e+02
6.193652173913043271e+02 7.389360869565217627e+02
6.189956502827316172e+02 7.389464984775989933e+02
6.185504587155962781e+02 7.384989078200087533e+02
6.184301969365426430e+02 7.386288840262582198e+02
6.186086576300830302e+02 7.390279842588544170e+02
6.187392055267703199e+02 7.389335060449050161e+02
6.184815133276010783e+02 7.390627687016336722e+02
6.185053856096510572e+02 7.392279190004308020e+02
6.183874891398783120e+02 7.387723718505646957e+02
6.183580462276493108e+02 7.386916703009158027e+02
6.183980077955825436e+02 7.388085751407535327e+02
6.183762462071954360e+02 7.388175119202427368e+02
6.185162548764629946e+02 7.389631556133506365e+02
6.182988204456094081e+02 7.386229794670161937e+02
6.182237580993520396e+02 7.388885529157666952e+02
6.180134199134199662e+02 7.387987012987013031e+02
6.171173668254655240e+02 7.387899523603291527e+02
6.160834797891036487e+02 7.386058875219683841e+02
6.158305383936451562e+02 7.385913503971756882e+02
6.152115044247788092e+02 7.384402654867257070e+02
6.130340256296950656e+02 7.384286345558992934e+02
6.116831896551724412e+02 7.389206896551723958e+02
6.114049265341400314e+02 7.388664649956784842e+02
6.120359127832407466e+02 7.391197092774690418e+02
6.110122517955217063e+02 7.394655682298267720e+02
6.099832546157149409e+02 7.392623443537999037e+02
6.102361111111110858e+02 7.388789062500000000e+02
6.106649506649506520e+02 7.391154011154011414e+02
6.105802310654685243e+02 7.390124090714591603e+02
6.102452991452991000e+02 7.390495726495726103e+02
6.105625274243088825e+02 7.385256691531373008e+02
6.109206073752711745e+02 7.387275488069413996e+02
6.108265871325095304e+02 7.392654452492544124e+02
6.108695652173912549e+02 7.391419437340153991e+02
6.111964594127806549e+02 7.389382556131261026e+02
6.115086505190311073e+02 7.390207612456747484e+02
6.113481675392670240e+02 7.388451134380453595e+02
6.113571119757890528e+02 7.390838737570254580e+02
6.117468736524364203e+02 7.391824062095730596e+02
6.119283865401207549e+02 7.393093183779119499e+02
6.122567975830816067e+02 7.395813552006904956e+02
6.134518647007805612e+02 7.395151777970511375e+02
6.147283362218371394e+02 7.392296360485269133e+02
6.154527320034692366e+02 7.391322636600173155e+02
6.158989592367736350e+02 7.392983521248916077e+02
6.172259887005649261e+02 7.392016514558887366e+02
6.202526408450704594e+02 7.397279929577464372e+02
6.218724624889673578e+02 7.396447484554280436e+02
6.214787000439174562e+02 7.395810276679842445e+02
6.200206140350877604e+02 7.392175438596491404e+02
6.205689505637467391e+02 7.391643538594969414e+02
6.218444635932787605e+02 7.391934510986643545e+02
6.226483469300128490e+02 7.395830828681837374e+02
6.224305435720448259e+02 7.399857635893010865e+02
6.227233676975945400e+02 7.398676975945016920e+02
6.235719192786604026e+02 7.398638900815800525e+02
6.233600344530576649e+02 7.396890611541774661e+02
6.232358732876712111e+02 7.400184075342465349e+02
6.230494247976139377e+02 7.400234341712824744e+02
6.231620586984262218e+02 7.399897915780518360e+02
6.239224507283632875e+02 7.401610968294772874e+02
6.243620763620763228e+02 7.403299013299013041e+02
6.239440378820490878e+02 7.402582866982349969e+02
6.235975715524717771e+02 7.400333911535125253e+02
6.241117903930130524e+02 7.397366812227073751e+02
6.243101211072664682e+02 7.406388408304497943e+02
