6.200193798449612359e+02 7.395249784668388884e+02
6.198764044943819727e+02 7.396659464131374762e+02
6.205310344827586277e+02 7.398879310344827900e+02
6.216247307195174017e+02 7.397246876346401905e+02
6.221954022988505812e+02 7.394465730097914502e+02
6.228613013698629857e+02 7.395021404109588730e+02
6.229810286677908380e+02 7.397795109612142141e+02
6.227886967524251531e+02 7.396988612399831027e+02
6.224491525423728717e+02 7.394940677966101248e+02
6.213980249033920700e+02 7.393941605839415843e+02
6.200689948892675147e+02 7.394910562180579063e+02
6.184192323913960081e+02 7.393205398566005897e+02
6.176284987277354048e+02 7.391115351993214517e+02
6.168634064080944199e+02 7.394873524451938920e+02
6.159398050021195559e+02 7.392852903772785567e+02
6.158091570389387925e+02 7.391210954214805042e+02
6.154137634408601798e+02 7.391195698924731232e+02
6.139616204690831864e+02 7.391944562899786888e+02
6.127511637748624480e+02 7.389940753279729506e+02
6.119841812740487512e+02 7.388003420265071099e+02
6.126838111298482090e+02 7.393781618887014702e+02
6.136344040574809924e+02 7.395604395604395904e+02
6.148192468619247393e+02 7.400631799163179494e+02
6.157322768974145220e+02 7.399107589658048028e+02
6.161362500000000182e+02 7.400612499999999727e+02
6.167424749163880051e+02 7.395117056856187219e+02
6.182855921333903098e+02 7.391457887986318838e+02
6.199187446259672924e+02 7.391117798796216221e+02
6.206005176876617497e+02 7.394641932700603775e+02
6.199503985828166606e+02 7.396744906997342923e+02
6.199877889228085905e+02 7.397361535106847441e+02
6.206179387667098126e+02 7.401220353600690487e+02
6.215619658119658197e+02 7.399153846153845961e+02
