6.138267818574513512e+02 7.394004319654427491e+02
6.141623488773748250e+02 7.392620898100173008e+02
6.152032590051458101e+02 7.392778730703258816e+02
6.165174343521308629e+02 7.391829530779165225e+02
6.176329431438126676e+02 7.399561036789298214e+02
6.194668356569496837e+02 7.402382762991128402e+02
6.202624529091669956e+02 7.403394725826706235e+02
6.205641666666666652e+02 7.406587500000000546e+02
6.213036605657238169e+02 7.404854409317803174e+02
6.222583436341161587e+02 7.410416151627523504e+02
6.234224211423700126e+02 7.405328218243819265e+02
6.242184343434342964e+02 7.409490740740740193e+02
6.235928938356164508e+02 7.405265410958903658e+02
6.228106609808102121e+02 7.408204690831556718e+02
6.221013367830961442e+02 7.409029754204398159e+02
6.216416061512173883e+02 7.410756087142246997e+02
6.214600760456273747e+02 7.412044782425010681e+02
6.213953781512605019e+02 7.412058823529412166e+02
6.216999161777032441e+02 7.414040234702430325e+02
6.215402489626555962e+02 7.413622406639003657e+02
6.207039059218815282e+02 7.412364552708945666e+02
6.195077829196466155e+02 7.413815734118636556e+02
6.186699486301370143e+02 7.411862157534246762e+02
6.182227912932138452e+02 7.410422535211267814e+02
6.181199831009716945e+02 7.413062948880439080e+02
6.185619658119658197e+02 7.413064102564102313e+02
6.194145120934111901e+02 7.417460383653044573e+02
6.204533221194280941e+02 7.412754415475188807e+02
6.209289572081429469e+02 7.411832156211050915e+02
6.207102225886231963e+02 7.414653751030502917e+02
6.198878271707519616e+02 7.410548400498546471e+02
6.197716468590831482e+02 7.401905772495755400e+02
6.202057436776682380e+02 7.396575225032147500e+02
6.202981849611063581e+02 7.392895419187553898e+02
6.203967367969084989e+02 7.394838986689566127e+02
6.204915766738661205e+02 7.391779697624190248e+02
6.209043329043329322e+02 7.392295152295151865e+02
6.210043103448275588e+02 7.390793103448276042e+02
6.210025337837837469e+02 7.395933277027027088e+02
6.210269020596889504e+02 7.395914249684741435e+02
6.208858333333333803e+02 7.397050000000000409e+02
6.209102671118530452e+02 7.395580133555926068e+02
6.206833751044276823e+02 7.392802840434419522e+02
6.194358755858543191e+02 7.388368129527055999e+02
6.179624190064795357e+02 7.386747300215982932e+02
6.171477618426771414e+02 7.386501521077792631e+02
6.151815068493150420e+02 7.390055650684931834e+02
6.150683361629880892e+02 7.391714770797963183e+02
6.159259574468085248e+02 7.388889361702127871e+02
6.165296080066722197e+02 7.395558798999165901e+02
6.165788167149358969e+02 7.395105502689284549e+02
6.165044210526315283e+02 7.392585263157894815e+02
6.158543323566345862e+02 7.394420259522812557e+02
6.152123024348569515e+02 7.389500213583938830e+02
6.141350762527233655e+02 7.385633986928104378e+02
6.140525394045533858e+02 7.380998248686514671e+02
6.141443071491614774e+02 7.377952338923212210e+02
6.152076550813902713e+02 7.380136383633963533e+02
6.156728130360205569e+02 7.384386792452829695e+02
6.164369892473117716e+02 7.385058064516128979e+02
6.165600339414510245e+02 7.388196860415782794e+02
6.167692963752665491e+02 7.389684434968016831e+02
6.167296375266524819e+02 7.390477611940298175e+02
6.161610133104336455e+02 7.390124516960069059e+02
6.157568728522336414e+02 7.387053264604810465e+02
6.157266495287060479e+02 7.386388174807198084e+02
6.150379965457685785e+02 7.384978411053540412e+02
6.134420415224913086e+02 7.384935121107266696e+02
6.120519137703475963e+02 7.384267487901452114e+02
6.120763888888889142e+02 7.387052951388889142e+02
6.126613252490255945e+02 7.388051104374187616e+02
6.130342784595852663e+02 7.395057130765975444e+02
6.134428152492669142e+02 7.399007121910348133e+02
6.140766010883214676e+02 7.401247383842611498e+02
6.140485558811218425e+02 7.402486395981582064e+02
6.136122189223589203e+02 7.401145523971149487e+02
6.129675906183368852e+02 7.404712153518123614e+02
6.127012765957447300e+02 7.402863829787233954e+02
6.129978605049208227e+02 7.405682498930252677e+02
6.139741713301765458e+02 7.405742574257425304e+02
6.150864197530863748e+02 7.407181779480630439e+02
6.170239009816474436e+02 7.408642765685019640e+02
6.182262349522623026e+02 7.412984640929846591e+02
6.195086098278034115e+02 7.411503569928601109e+02
6.197711442786069256e+02 7.414606135986732625e+02
6.204293037163605504e+02 7.409175565997436479e+02
6.210810468552131169e+02 7.410227944280287602e+02
6.220949696444058645e+02 7.408148308759757583e+02
6.225025884383088624e+02 7.412592752372735276e+02
6.217539513028619922e+02 7.410533959846219432e+02
6.206926724137930478e+02 7.412353448275862320e+02
6.200887650085762743e+02 7.409944253859348464e+02
6.199644691780821404e+02 7.411712328767123381e+02
