6.148811965811966047e+02 7.387602564102563747e+02
6.148542648949850218e+02 7.380711530218602547e+02
6.156349892008639699e+02 7.379239740820734141e+02
6.160791032148899831e+02 7.380617597292724668e+02
6.159387151310228319e+02 7.377819103972950643e+02
6.165999149659863861e+02 7.378954081632653015e+02
6.173383816529641308e+02 7.379255733448723049e+02
6.180937227550131183e+02 7.385754141238012380e+02
6.188550908322771420e+02 7.396979298690325777e+02
6.205777113578138824e+02 7.397117847993167743e+02
6.215627946849549517e+02 7.407882554650664133e+02
6.209897828863346376e+02 7.414865900383141479e+02
6.204991496598639742e+02 7.418324829931972317e+02
6.208174433518597652e+02 7.421406584010260303e+02
6.211284796573876292e+02 7.424668094218415035e+02
6.209146029035013044e+02 7.424876174210077124e+02
6.200055201698513656e+02 7.425193205944798365e+02
6.198892202812101004e+02 7.420272688538559578e+02
6.196775300171526624e+02 7.413409090909091219e+02
6.181464668094218951e+02 7.407074946466809706e+02
6.174285714285714448e+02 7.403795309168443737e+02
6.171064557503206061e+02 7.392595126122274678e+02
6.158248709122202627e+02 7.382129948364888605e+02
6.151360869565216944e+02 7.373591304347826281e+02
6.155134213890072488e+02 7.372015338730293479e+02
6.163480876665233836e+02 7.371130210571551515e+02
6.163415463041631028e+02 7.375004248088359873e+02
