6.086203432398492623e+02 7.401611552951025033e+02
6.091055743243243796e+02 7.399493243243243796e+02
6.110000000000000000e+02 7.398017789072426922e+02
6.119927659574468635e+02 7.402795744680851158e+02
6.127991266375545365e+02 7.393253275109170772e+02
6.148528656971770943e+02 7.395051325919589544e+02
6.198542031523642208e+02 7.392044658493870202e+02
6.232804024496938382e+02 7.393473315835520907e+02
6.256030769230769693e+02 7.394013186813186849e+02
6.274916446789798101e+02 7.399111697449428675e+02
6.290896821941663575e+02 7.401649978232477451e+02
6.307953345070422984e+02 7.398992077464788508e+02
6.316474820143885154e+02 7.398322841726618435e+02
6.298301886792453388e+02 7.398117595436594911e+02
6.260394563787812103e+02 7.402494519947391609e+02
6.208815618221258319e+02 7.406234273318872283e+02
6.190490797546012800e+02 7.401849255039438731e+02
6.154036331413381049e+02 7.400283562250775731e+02
6.115862676056337932e+02 7.400730633802817238e+02
6.092587108013937041e+02 7.403763066202091068e+02
6.085073593073592519e+02 7.405549783549784024e+02
6.085897879705754576e+02 7.405625270445694923e+02
6.081101622544833845e+02 7.406797608881297492e+02
6.077296954314721233e+02 7.402034686971235260e+02
6.077052364864864558e+02 7.401938344594594810e+02
6.088037225042301088e+02 7.399894247038917001e+02
6.101433375367801091e+02 7.399798234552332588e+02
6.110445205479452397e+02 7.400860445205479436e+02
6.121606086221470377e+02 7.404936601859678831e+02
6.184385281385281132e+02 7.397683982683983004e+02
