6.199499579478552960e+02 7.397451640033641524e+02
6.195369294605809500e+02 7.398842323651451807e+02
6.194966583124478348e+02 7.399398496240601162e+02
6.199502762430938674e+02 7.400607734806629878e+02
6.198772901576480763e+02 7.403302087771622837e+02
6.192778489116517449e+02 7.408156209987196235e+02
6.196505972696245408e+02 7.409377133105801931e+02
6.207234848484848726e+02 7.412007575757576205e+02
6.220079966329966510e+02 7.410542929292929557e+02
6.229395465994962251e+02 7.405037783375314575e+02
6.230505263157895115e+02 7.400863157894737014e+02
6.232772108843537353e+02 7.398537414965986727e+02
6.230606578385305738e+02 7.396548483554037148e+02
6.223086419753086602e+02 7.400672626649637778e+02
6.208337585034013273e+02 7.409179421768707243e+02
6.195213350232361336e+02 7.410523869877481502e+02
6.187413209144792745e+02 7.410795935647755641e+02
6.190937500000000000e+02 7.407983732876712111e+02
6.197696629213482993e+02 7.402644770959377638e+02
6.194057118857622299e+02 7.402440151196975648e+02
6.183331922099915801e+02 7.401629974597798309e+02
6.180572160546541909e+02 7.397796754910333448e+02
6.180803075608714607e+02 7.397548056386159487e+02
6.175634623387431930e+02 7.403778610070744435e+02
6.167525167785234999e+02 7.407596476510067305e+02
6.158957710380179833e+02 7.410115335326782997e+02
6.150918410935497604e+02 7.409282357966681047e+02
6.157792927141031214e+02 7.409348103962505547e+02
6.171978586723769240e+02 7.403490364025695953e+02
6.183112137757244682e+02 7.401511969760605325e+02
6.184484644509886948e+02 7.400210349179637888e+02
6.181567132570944523e+02 7.398055908513341592e+02
6.176849489795918089e+02 7.397967687074830110e+02
6.180137044967880229e+02 7.402539614561027292e+02
6.185822183858438166e+02 7.403690116529995748e+02
6.182674719585850198e+02 7.407933563416738707e+02
