6.160707666385847006e+02 7.386790227464194913e+02
6.165770868824531590e+02 7.392074105621805984e+02
6.173074295473953725e+02 7.398642186165670864e+02
6.184372852233676667e+02 7.407195017182131096e+02
6.183994834266035241e+02 7.414799827808867576e+02
6.180937366851298975e+02 7.423378781423093642e+02
6.178247772592278579e+02 7.428464149342383962e+02
6.178849291541433786e+02 7.425890940317732429e+02
6.176272340425531411e+02 7.422131914893617477e+02
6.176375000000000455e+02 7.418941666666667061e+02
6.181105042016806692e+02 7.413806722689075741e+02
6.184232241599319195e+02 7.410204168438962142e+02
6.189868588384908890e+02 7.405493853327681109e+02
6.206568585028126108e+02 7.394690610125486501e+02
6.216018715440237656e+02 7.397299021692896304e+02
6.221856775300171876e+02 7.396097770154374302e+02
6.216778438030560210e+02 7.398196095076400525e+02
6.208912859560067545e+02 7.401053299492385804e+02
6.194874840899448145e+02 7.403020789138735154e+02
6.181728237791932088e+02 7.402955414012739084e+02
6.173098891730605828e+02 7.401491901108269076e+02
6.168420382165604678e+02 7.401685774946921583e+02
6.161400169204737267e+02 7.402483079526226675e+02
6.161257383966244561e+02 7.403481012658228337e+02
6.170017021276595415e+02 7.407659574468085566e+02
6.180136810602821242e+02 7.406819153484394747e+02
6.182205757832344943e+02 7.413734123624047925e+02
6.183824289405685022e+02 7.418247200689061174e+02
6.174557069846678132e+02 7.427734241908007107e+02
6.159507640067911325e+02 7.432890492359931613e+02
6.142226086956521840e+02 7.438543478260869506e+02
6.136971279373368588e+02 7.441892950391644490e+02
6.141817010309277975e+02 7.435704467353951941e+02
6.158985757444971796e+02 7.428049201553733383e+02
6.173142123287670984e+02 7.425672089041096342e+02
6.186407391491189856e+02 7.415504941985388996e+02
6.197367747440273433e+02 7.411420648464163605e+02
6.210927123760241102e+02 7.404096593359206508e+02
6.209978568366909712e+02 7.401268752678954570e+02
6.204378151260503955e+02 7.400655462184873841e+02
6.192004237288135755e+02 7.403313559322033370e+02
6.172014418999151530e+02 7.400339270568277925e+02
6.154087809036658427e+02 7.401913895993179722e+02
6.145968959731543464e+02 7.406300335570469997e+02
6.151776755852843053e+02 7.402821906354514567e+02
6.163613338961587260e+02 7.399143098353736150e+02
6.172611087600507744e+02 7.396140499365213827e+02
6.179372866894198069e+02 7.394099829351536073e+02
6.179915110356536161e+02 7.394766553480475295e+02
6.179530716723548949e+02 7.397308020477815944e+02
6.173449462365591671e+02 7.403488172043010991e+02
6.163947594501718186e+02 7.405451030927835063e+02
6.156308668076110280e+02 7.414422832980972089e+02
6.154100506756756204e+02 7.422141047297296836e+02
6.151751171708564243e+02 7.425547507456327594e+02
6.157475268817204324e+02 7.422739784946236341e+02
6.169737182249031093e+02 7.423468332615251484e+02
6.185731914893616477e+02 7.418165957446808534e+02
6.203783433994823326e+02 7.407372735116480271e+02
6.201225364181661917e+02 7.397669237360754551e+02
6.195879332477535399e+02 7.390757381258023315e+02
6.186578158458244161e+02 7.388158458244110989e+02
6.176831345826235520e+02 7.379109880749574586e+02
6.172188156236875329e+02 7.381070978580428346e+02
6.163866891322662696e+02 7.380534962089300279e+02
6.157874376039933395e+02 7.384122296173045470e+02
6.164492875104778022e+02 7.383164291701592674e+02
6.172249685798072960e+02 7.382752408881441397e+02
6.180248945147678796e+02 7.379729957805907361e+02
6.185196078431372371e+02 7.376325660699062610e+02
6.183833959115561356e+02 7.380742594910304888e+02
6.167071729957806383e+02 7.377160337552742249e+02
6.152506393861892775e+02 7.373866155157714957e+02
6.145724020442929714e+02 7.376767461669505792e+02
6.143322062552831540e+02 7.381386306001691082e+02
6.145418781725887811e+02 7.386637055837563821e+02
6.150883466554480492e+02 7.396306268405553510e+02
6.157869198312235994e+02 7.406312236286919415e+02
6.168997461928934172e+02 7.412322335025380653e+02
6.180904882154882216e+02 7.414368686868687064e+02
6.194985175772977755e+02 7.409919525624735570e+02
6.199610334603980846e+02 7.405324015247775833e+02
6.194514909701805436e+02 7.396438471230575260e+02
6.183460251046025178e+02 7.391439330543933011e+02
6.174349112426035617e+02 7.379699915469145708e+02
6.172507349853002552e+02 7.376379672406551435e+02
6.175786375105130901e+02 7.375340622371741119e+02
6.184126193441261421e+02 7.375363221253631991e+02
6.191999168744804365e+02 7.376604322527015256e+02
6.195213210702340803e+02 7.380936454849498887e+02
6.192741935483870748e+02 7.382328370554176900e+02
6.186815339724885234e+02 7.383634847853272731e+02
6.184542797494781325e+02 7.381611691022964123e+02
6.176041055718475263e+02 7.379329702555509130e+02
6.164976958525345481e+02 7.378525345622119858e+02
6.156438071487947354e+02 7.380714879467997207e+02
6.150235789473683781e+02 7.379039999999999964e+02
6.152312925170067501e+02 7.383686224489796359e+02
6.157689377909437098e+02 7.389966144731273516e+02
6.169450317124735648e+02 7.398473572938688676e+02
6.177298319327730951e+02 7.412126050420167758e+02
6.175785472972972912e+02 7.416402027027027088e+02
6.172431521281079085e+02 7.422094395280236085e+02
6.168688034188033953e+02 7.423965811965812236e+02
6.165469940728196434e+02 7.424077053344623209e+02
6.161363444491346399e+02 7.420417897847192990e+02
6.164609019445593958e+02 7.417501034340091337e+02
6.169713097713097341e+02 7.414814968814969234e+02
6.174409808811304856e+02 7.406105569409809277e+02
6.185422948073702401e+02 7.401273031825795670e+02
6.204656106711129269e+02 7.398561900791996777e+02
6.219700674536256884e+02 7.397588532883642074e+02
6.220059021922428428e+02 7.396087689713322106e+02
6.216939636977627970e+02 7.395567750105529967e+02
6.202729175387191844e+02 7.396550858099623156e+02
6.186513185433235549e+02 7.400899958141482102e+02
6.166489317134478370e+02 7.400008378718056292e+02
