6.171729867916488956e+02 7.389680443118875246e+02
6.184760288502333196e+02 7.385159100551549045e+02
6.197543121581825289e+02 7.379848548590661039e+02
6.218302927450148445e+02 7.372918964785744720e+02
6.245275758871312064e+02 7.373031209918768809e+02
6.264424163407214792e+02 7.374819643633203441e+02
6.273911359724612566e+02 7.381751290877797373e+02
6.266608137044968316e+02 7.392145610278372487e+02
6.251058873358746268e+02 7.395307073274036611e+02
6.232369323050556886e+02 7.405591259640102635e+02
6.217397376216673592e+02 7.415785019043588591e+02
6.205243648479799958e+02 7.432224073302789975e+02
6.197431648715823940e+02 7.436698425849212981e+02
6.139579124579124709e+02 7.443754208754209003e+02
6.118520236087689455e+02 7.444451939291736835e+02
6.124210305823208955e+02 7.439245915374947344e+02
6.126151887993211176e+02 7.434840899448450955e+02
6.120020850708924627e+02 7.429445371142618342e+02
6.109852693602693989e+02 7.415702861952861440e+02
6.117655201342281543e+02 7.407973993288591146e+02
6.138784530386740244e+02 7.395201869953251617e+02
6.170624468988954732e+02 7.387264231096006597e+02
6.189320016999574818e+02 7.384007649808754650e+02
6.201489898989899530e+02 7.379966329966330250e+02
6.217238458280389750e+02 7.373358746293943113e+02
6.259728122344944268e+02 7.371265930331351228e+02
