6.305698178664354145e+02 7.415398959236773635e+02
6.302593235039028059e+02 7.417823070251517947e+02
6.286087893149503998e+02 7.413550193881947052e+02
6.258954962833406626e+02 7.405491910800175219e+02
6.211073883161511731e+02 7.397925257731958482e+02
6.168426527958387169e+02 7.389345470307758887e+02
6.134333046471600710e+02 7.385959552495696698e+02
6.124100811618966418e+02 7.385019222554464022e+02
6.124521776259607577e+02 7.387122117847993650e+02
6.133762333762333583e+02 7.385765765765765991e+02
6.164902723735408472e+02 7.393259835711197638e+02
6.187137254901961114e+02 7.393786492374728141e+02
6.213964471403812695e+02 7.396165511265164696e+02
6.235173596228032693e+02 7.400055722246034975e+02
6.241439655172413268e+02 7.393620689655172100e+02
6.233876068376068815e+02 7.394735042735043180e+02
6.201647606946208953e+02 7.394286319356205013e+02
6.167400000000000091e+02 7.392293617021276759e+02
6.126035882101665493e+02 7.386954293037163097e+02
6.089302127659574353e+02 7.388361702127659782e+02
6.068475583864118335e+02 7.387974522292993242e+02
6.060702928870292681e+02 7.389355648535564569e+02
6.069643744821872815e+02 7.383893951946976131e+02
6.087121910347716494e+02 7.384025974025973937e+02
6.114802188552188227e+02 7.387735690235690527e+02
6.144930467762326316e+02 7.391310577328276850e+02
6.159426751592357050e+02 7.391813163481953097e+02
6.159723756906076915e+02 7.392350191245218411e+02
6.138414171235765480e+02 7.391471952762547062e+02
6.118212911500640985e+02 7.385579307396322974e+02
6.095132819194516287e+02 7.379978577549271677e+02
6.061717428087986264e+02 7.379094754653129939e+02
6.032429473684210279e+02 7.378640000000000327e+02
6.011617076326002689e+02 7.371444588184562008e+02
6.010974248927038843e+02 7.375596566523605588e+02
6.029354564755839192e+02 7.377070063694267219e+02
6.063170835099618898e+02 7.383819415006358895e+02
6.110927436668098380e+02 7.386255903821382844e+02
6.149982817869415612e+02 7.389914089347079198e+02
6.196375488917861958e+02 7.388604954367666551e+02
6.228976006855184551e+02 7.391958011996572395e+02
6.229759656652360036e+02 7.392939914163090407e+02
6.214303525365434098e+02 7.396659501289767604e+02
6.172448805460751373e+02 7.395255972696245408e+02
6.131188418323249607e+02 7.391957649092480551e+02
6.093426632739609659e+02 7.394885496183205760e+02
6.063440905280804145e+02 7.394375523889355009e+02
6.056228475430491471e+02 7.393376732465350187e+02
6.072843803056026672e+02 7.388255517826825098e+02
6.122383333333333439e+02 7.393158333333333303e+02
6.169137055837563821e+02 7.394378172588832285e+02
6.212099659284497193e+02 7.400907155025553266e+02
6.243226504980510754e+02 7.402676483326115431e+02
6.258245614035088238e+02 7.401885964912280542e+02
6.268638720829732165e+02 7.401508210890233386e+02
6.261528716216216708e+02 7.395033783783783292e+02
6.232335890878090368e+02 7.383414322250639543e+02
6.193836961160905048e+02 7.375198463508322675e+02
6.149667802385008599e+02 7.370719761499148035e+02
6.129686829686829697e+02 7.371690261690262105e+02
6.126876851460008311e+02 7.376716038933559503e+02
6.141271578947367971e+02 7.382442105263157828e+02
6.160307298335467294e+02 7.383717456252667262e+02
6.185988797931926229e+02 7.386729857819905192e+02
6.230857885615250780e+02 7.395905545927209914e+02
6.264078091106290458e+02 7.398516268980476980e+02
6.289493670886075734e+02 7.407276298559580709e+02
6.290893782383419648e+02 7.412720207253886429e+02
6.279633574776310070e+02 7.414158500213037541e+02
6.262582441113490859e+02 7.407306209850106598e+02
6.225892327257312218e+02 7.398715557439593340e+02
6.186648328396106535e+02 7.390139652983496035e+02
6.150107342206955536e+02 7.384847574066122888e+02
6.132164337145277386e+02 7.380296484540449455e+02
6.126585160202361067e+02 7.380674536256324245e+02
6.126994884910485553e+02 7.384897698209719010e+02
6.152731560891937761e+02 7.392761578044596718e+02
6.180853982300884581e+02 7.389203539823008668e+02
6.242220790378006541e+02 7.403874570446735106e+02
