6.209022869022868463e+02 7.385962577962577598e+02
6.186778746367787107e+02 7.381224574512245908e+02
6.159827875734677036e+02 7.376901763224180968e+02
6.136637353433835642e+02 7.371750418760468619e+02
6.127799063431247077e+02 7.363567475521498409e+02
6.115950448526270975e+02 7.359935924818453259e+02
6.098548109965636286e+02 7.359140893470790843e+02
6.088143041792330905e+02 7.365661352865143954e+02
6.086830455953961518e+02 7.361819389110225984e+02
6.095226868327401917e+02 7.365111209964412637e+02
6.103555456171735614e+02 7.365675313059033442e+02
6.125704437742352866e+02 7.383209823352003696e+02
6.144404659188955975e+02 7.392014667817084046e+02
6.172736750651607736e+02 7.401316246741963596e+02
6.200247440273037682e+02 7.410895904436860064e+02
6.216423450021088684e+02 7.424601433994095032e+02
6.231789784719290992e+02 7.427691008864500191e+02
6.244338668913226229e+02 7.427910699241786006e+02
6.258906711692696945e+02 7.427336428872941951e+02
6.264032464758649894e+02 7.426633917129431666e+02
6.255238715277778283e+02 7.420507812500000000e+02
6.240301969365426658e+02 7.412910284463895323e+02
6.224436221158032367e+02 7.407862429255550296e+02
6.206795744680850930e+02 7.404642553191489469e+02
6.188471309680245440e+02 7.390937363118703161e+02
6.165789010989010421e+02 7.388369230769230853e+02
6.135438981562774643e+02 7.382168568920105827e+02
6.123277899343545414e+02 7.378371991247264532e+02
6.123028991778451200e+02 7.375794028559065509e+02
6.133729683490162188e+02 7.374371257485030355e+02
6.150784397771110434e+02 7.373724817831118798e+02
6.159806534823732136e+02 7.374957007738606762e+02
6.169529461636286669e+02 7.378685883849088896e+02
6.187210207612456543e+02 7.379329584775086914e+02
6.207255913978494846e+02 7.390193548387096598e+02
6.230463320463320542e+02 7.397722007722007902e+02
6.246551724137931387e+02 7.405487441464453013e+02
6.254838848302536007e+02 7.409286635152557210e+02
6.263709122203098332e+02 7.410787435456110188e+02
6.269277266754270386e+02 7.409132720105125145e+02
6.272427770590771843e+02 7.408775334195773894e+02
6.265026155187445056e+02 7.410680034873582827e+02
6.252586872586872460e+02 7.414131274131274267e+02
6.239687092568448179e+02 7.410734463276836550e+02
6.221255468066491403e+02 7.406141732283464307e+02
6.203225241016651808e+02 7.402887817703768860e+02
6.181940760389036313e+02 7.392793987621573706e+02
6.151614447345517647e+02 7.392763272410792297e+02
6.127035775127768602e+02 7.393986371379897946e+02
6.117412557943531510e+02 7.391790981879477158e+02
6.103910149750415712e+02 7.391880199667220950e+02
6.084420350291909472e+02 7.384958298582151883e+02
6.064933388842631530e+02 7.384229808492922302e+02
6.050889164598842171e+02 7.386025641025640880e+02
6.046668041237113584e+02 7.383579381443298644e+02
6.046331658291456961e+02 7.384505862646566356e+02
6.043893545683151842e+02 7.388348700754401079e+02
6.044260279779567782e+02 7.390601949978804441e+02
6.055940721649484431e+02 7.391430412371133798e+02
6.087690641247833128e+02 7.393193240901213130e+02
6.122567922874670785e+02 7.396739702015776174e+02
6.140362694300517887e+02 7.404835924006908954e+02
6.151931464174455186e+02 7.405184690698708891e+02
6.168329631274989424e+02 7.411137272323411480e+02
6.185033141847105753e+02 7.411462660185594586e+02
6.224133056133056243e+02 7.426353430353429985e+02
6.249083476764200213e+02 7.415400172117039119e+02
6.255741525423728717e+02 7.417165254237288536e+02
6.258359474353540008e+02 7.413548113607461119e+02
6.260519480519481021e+02 7.410661918726434578e+02
6.262175697865352504e+02 7.409868637110016607e+02
6.254779717373234007e+02 7.399110556940980814e+02
6.233642411642412071e+02 7.390237006237006199e+02
6.204497890295358502e+02 7.381755274261603290e+02
6.174124629080118893e+02 7.373501483679525563e+02
6.163902647309990925e+02 7.369641332194705683e+02
6.155973916701724420e+02 7.369213294068152891e+02
6.145683942225998635e+02 7.364995751911640127e+02
6.128728146853146654e+02 7.361359265734265591e+02
6.122590149516271367e+02 7.364753737906771676e+02
6.126581497797357088e+02 7.365167400881057347e+02
6.136411713286713621e+02 7.373103146853146654e+02
6.151266318537858524e+02 7.379351610095735623e+02
6.175612110574813869e+02 7.387182974989029844e+02
6.230012695725772573e+02 7.415624206517139783e+02
