6.220153846153846189e+02 7.392944444444444798e+02
6.214022794428028647e+02 7.400122414520894836e+02
6.208791208791209328e+02 7.400498732037193577e+02
6.203715498938429391e+02 7.399511677282378059e+02
6.193699914748508490e+02 7.398976982097186692e+02
6.189357293868921488e+02 7.400279069767441342e+02
6.189206145966709300e+02 7.394024754588134556e+02
6.181791107382550763e+02 7.396380033557046545e+02
6.174878774989366548e+02 7.395623139089749429e+02
6.172105708245243250e+02 7.399213530655391651e+02
6.166557239057239030e+02 7.399478114478114321e+02
6.161663886572143838e+02 7.401788990825688188e+02
6.158716887417218686e+02 7.403969370860927484e+02
6.162518579686209250e+02 7.401952931461602248e+02
6.163912859560067545e+02 7.399763113367174583e+02
6.168504829903401969e+02 7.401486770264594952e+02
6.173689771766694321e+02 7.397599323753170211e+02
6.177341556784347176e+02 7.396048490004253608e+02
6.181578498293515622e+02 7.395093856655290665e+02
6.180651713922978843e+02 7.397079983072366076e+02
6.188960543063216164e+02 7.396605854900296890e+02
6.191469473684210243e+02 7.402955789473684263e+02
6.196173361522198775e+02 7.399420718816068074e+02
6.197684434968017513e+02 7.396332622601279354e+02
6.201350301984468842e+02 7.398809318377911950e+02
6.206006811409109787e+02 7.398816517667091830e+02
6.210551314673451770e+02 7.394376590330788304e+02
6.208648877594239366e+02 7.396759847522235987e+02
6.204859891258887501e+02 7.400418235048097131e+02
6.199619611158072985e+02 7.397240067624683206e+02
6.193730964467005151e+02 7.399039763113366917e+02
6.190747863247863734e+02 7.399611111111111086e+02
6.183087674714104196e+02 7.400817450232951842e+02
6.177100085543199839e+02 7.395881094952951571e+02
6.166514382402707497e+02 7.399729272419627932e+02
