6.122714587737843885e+02 7.403674418604650782e+02
6.110488530161427434e+02 7.398300764655905368e+02
6.101374367622260024e+02 7.399903035413153702e+02
6.093478077571669473e+02 7.400446880269814756e+02
6.093038928421933633e+02 7.402549183758894742e+02
6.100278134360290778e+02 7.394788189987162923e+02
6.108909473684210525e+02 7.399785263157895088e+02
6.124461407972858069e+02 7.395012722646310976e+02
6.127949790794979208e+02 7.396012552301255027e+02
6.129214551467548517e+02 7.398879702356346115e+02
6.122634854771783921e+02 7.394609958506224530e+02
6.117581047381546568e+02 7.395989193682460154e+02
6.109408138101109671e+02 7.398318947801068362e+02
6.107082314588427607e+02 7.401405867970660211e+02
6.114421740907233698e+02 7.402799346138128840e+02
6.121350142334282509e+02 7.404229361529077096e+02
6.124870530209617527e+02 7.401430332922318485e+02
6.120335104209235624e+02 7.402394769105026171e+02
6.112449650637073546e+02 7.401993423756679249e+02
6.092619146290924164e+02 7.403435557397430102e+02
6.071964940888707361e+02 7.407166734610681260e+02
6.048060453400503320e+02 7.406125104953820255e+02
6.029212171738224697e+02 7.408561900791996777e+02
6.029149298170990505e+02 7.408332624415141936e+02
6.033230574324323925e+02 7.410109797297296836e+02
6.043059764309764432e+02 7.411910774410774820e+02
6.054501267962806423e+02 7.411542688081149208e+02
6.067615062761506124e+02 7.416167364016736201e+02
6.074291060291060376e+02 7.417908523908523648e+02
6.083081708834508845e+02 7.418697635835752635e+02
6.089823529411764866e+02 7.416264705882352928e+02
6.100719364282726929e+02 7.413358427436219245e+02
6.111209244737927975e+02 7.414754436648782985e+02
6.124284532671629222e+02 7.416170388751033897e+02
6.136259826230864292e+02 7.416210177906496028e+02
6.142109150594993707e+02 7.417308165777595832e+02
6.143836734693877588e+02 7.413934693877550899e+02
6.143235537190082596e+02 7.411533057851239619e+02
6.136115635179153287e+02 7.412052117263843911e+02
6.130609608397254533e+02 7.411970125151392494e+02
6.126374485596708155e+02 7.407008230452674979e+02
6.126304706853840116e+02 7.408798513625102942e+02
6.128788381742738238e+02 7.405352697095435133e+02
6.129550144449029858e+02 7.405451919108543279e+02
6.130112172829248038e+02 7.405396759451599564e+02
6.129755794701986815e+02 7.406456953642384633e+02
6.122023567655425040e+02 7.408598130841121474e+02
6.119705882352941444e+02 7.409485294117647527e+02
6.114708316094331622e+02 7.404079437318990813e+02
6.113538840937114855e+02 7.403029182079736756e+02
6.112579316028018184e+02 7.400807581376184316e+02
6.115643687707640765e+02 7.399543189368770300e+02
6.122882205513784584e+02 7.397898913951545410e+02
6.128271500843170543e+02 7.395872681281618952e+02
6.132791666666666970e+02 7.400683333333333849e+02
6.133051058530510318e+02 7.402262349522623026e+02
6.128213101160862379e+02 7.401550580431177195e+02
6.127048567870485840e+02 7.400614362806143163e+02
6.127241093620547190e+02 7.399059652029826566e+02
6.132352698805109412e+02 7.400922950144210972e+02
6.141602324616022770e+02 7.400373599003736445e+02
6.151929824561403848e+02 7.400714285714285552e+02
6.158399168399168957e+02 7.402332640332640494e+02
6.158815679733111210e+02 7.402481234361968063e+02
6.152126148705095829e+02 7.404243943191311246e+02
6.141371900826446790e+02 7.406338842975206944e+02
6.132657084188912222e+02 7.411490759753593238e+02
6.127587484561547626e+02 7.411457389872375643e+02
6.127076411960132418e+02 7.409123754152824404e+02
6.130997067448680582e+02 7.407980728948471096e+02
6.141995850622406579e+02 7.410601659751037005e+02
6.150008392782207238e+02 7.408787242971044407e+02
6.153144416456758563e+02 7.409907640638118664e+02
6.149224541968470703e+02 7.407626757562845796e+02
6.140449533502968507e+02 7.408040712468193760e+02
6.136330662167861192e+02 7.402834247153100478e+02
6.133438287153652482e+02 7.403858102434928696e+02
6.134223993288591146e+02 7.403636744966443075e+02
6.147294363256785346e+02 7.402580375782880537e+02
6.171261410788381454e+02 7.401033195020746689e+02
6.191364009860312763e+02 7.401877567789646264e+02
6.208180693069307381e+02 7.398993399339933603e+02
6.219962840627580363e+02 7.399987613542526788e+02
6.222968036529680376e+02 7.395193026151930553e+02
6.220722495894909798e+02 7.396818555008210296e+02
6.213117359413203076e+02 7.397673186634066269e+02
6.213946515397083203e+02 7.398099675850891117e+02
6.219873417721519218e+02 7.393895467537770401e+02
6.227389858686616435e+02 7.390689941812136112e+02
6.235339966832503933e+02 7.391376451077943557e+02
6.234898634671079662e+02 7.391659081505998756e+02
6.233044203502919345e+02 7.388469557964971273e+02
6.226221858370855671e+02 7.394482194023740931e+02
6.218543852287033360e+02 7.389370541334452582e+02
6.211744966442953455e+02 7.391203859060402692e+02
6.213012605042016503e+02 7.392092436974789962e+02
6.214210302256278737e+02 7.391992337164750779e+02
6.223364726027397182e+02 7.389678938356164508e+02
6.232020244622522114e+02 7.393985660059046268e+02
6.235098864114429489e+02 7.392238115271350125e+02
6.236968922945934537e+02 7.386905065985525880e+02
6.237715498938429164e+02 7.390887473460721822e+02
6.238037146475305690e+02 7.392558041367665282e+02
6.235468879668050022e+02 7.395016597510373231e+02
6.235897328881469548e+02 7.395058430717863303e+02
6.236779166666666470e+02 7.398650000000000091e+02
6.242231812577065284e+02 7.403386765310316378e+02
6.248432026688907399e+02 7.402681401167640161e+02
6.249278264497288546e+02 7.403375052148519444e+02
6.250037862852334456e+02 7.402393773664282435e+02
6.250806587837837469e+02 7.402440878378378102e+02
6.247144053601340374e+02 7.405397822445561360e+02
6.238357588357588384e+02 7.407288981288980949e+02
6.235909280066583733e+02 7.409858510195589361e+02
6.236257822277847254e+02 7.408327075511055000e+02
6.242782174094127186e+02 7.407488546438984258e+02
6.247900041999159839e+02 7.407236455270895021e+02
6.250163111668757665e+02 7.408456712672522144e+02
6.248590547887913544e+02 7.407766624843161480e+02
6.239970625262274098e+02 7.405123793537558186e+02
6.231665254237287854e+02 7.401101694915254257e+02
6.219229792636479033e+02 7.397850190435887043e+02
6.217218683651805122e+02 7.398152866242038499e+02
6.218376677852348848e+02 7.398989093959731917e+02
6.228939267886855760e+02 7.401792845257903082e+02
6.240670059372349670e+02 7.398036471586090101e+02
6.245433403805496937e+02 7.395915433403805537e+02
6.246161616161616621e+02 7.396632996632996537e+02
6.242728040540540633e+02 7.394573479729730252e+02
6.232780135823429646e+02 7.390747028862479056e+02
6.220283569641368331e+02 7.395608840700583642e+02
6.215027185278125899e+02 7.394157256378084639e+02
6.217228714524206907e+02 7.394119365609349188e+02
6.223872039883672187e+02 7.397428334025757977e+02
6.231842215694503011e+02 7.394028535459505065e+02
6.239824999999999591e+02 7.395841666666666470e+02
6.244193548387096371e+02 7.397497932175351707e+02
6.243007487520798122e+02 7.398614808652246211e+02
6.236003316749585110e+02 7.401737147595356419e+02
6.226397515527950191e+02 7.402149068322980838e+02
6.221932387312186847e+02 7.400338063439064626e+02
6.225476588628762329e+02 7.398699832775919276e+02
6.235599662162162531e+02 7.395815033783783292e+02
6.246126011068539583e+02 7.398105576841209086e+02
6.248539898132428334e+02 7.402415110356536161e+02
6.243500000000000227e+02 7.404341880341880824e+02
6.238878980891719266e+02 7.408666666666666742e+02
6.232836456558773079e+02 7.410387563884156634e+02
6.222958629335562364e+02 7.413681571249477429e+02
6.220972746331236749e+02 7.412955974842767546e+02
6.219107744107743656e+02 7.410765993265993075e+02
6.223559966216216708e+02 7.407922297297296836e+02
6.229886363636363740e+02 7.409263468013467673e+02
6.236075519728468635e+02 7.407530759439965777e+02
6.233673383711167162e+02 7.409416456759025778e+02
6.232319023569023102e+02 7.412365319865319861e+02
6.225814432989690204e+02 7.413971134020619047e+02
6.223263374485596842e+02 7.416666666666666288e+02
6.217663088356730441e+02 7.416222130470684988e+02
6.213849999999999909e+02 7.413949999999999818e+02
6.212583612040133403e+02 7.412855351170568383e+02
6.215727002967358885e+02 7.411636286562102214e+02
6.215896147403684608e+02 7.412462311557789008e+02
6.216509671993271695e+02 7.406593776282589943e+02
6.214684496447973743e+02 7.404651065608023828e+02
6.211122792262405028e+02 7.404810765349033090e+02
6.206517227065172619e+02 7.402652552926525686e+02
6.203336082474227169e+02 7.400564948453608167e+02
6.203761845900288563e+02 7.400379068809229466e+02
6.206339842127129032e+02 7.398097216452015346e+02
6.211403361344538325e+02 7.392483193277311102e+02
6.216642796967144022e+02 7.390644481887110260e+02
6.215710084033613612e+02 7.391092436974789734e+02
6.210561374109761346e+02 7.391989945538332449e+02
6.202271200671704037e+02 7.391314021830394267e+02
6.195008361204013454e+02 7.394251672240802691e+02
6.191432760787599818e+02 7.393636363636363740e+02
6.190385906040268083e+02 7.393422818791946156e+02
6.197589807852965578e+02 7.394615705931495313e+02
6.209519632414369426e+02 7.394557226399331284e+02
6.216444633008061373e+02 7.392940178192617395e+02
6.219559748427673185e+02 7.395501048218029609e+02
6.218522821576763135e+02 7.398174273858920742e+02
6.213791094465251490e+02 7.397382438618393508e+02
6.203285302593659480e+02 7.399007822149033018e+02
6.194666390385411887e+02 7.399569001243265802e+02
6.192578772802653475e+02 7.403880597014925797e+02
6.194358009201171171e+02 7.400593893768298130e+02
6.205300954753009819e+02 7.402968036529680376e+02
6.217340336134453764e+02 7.402840336134453310e+02
6.222145850796312061e+02 7.401399832355406261e+02
6.222854757929883363e+02 7.400033388981636335e+02
6.218247293921731398e+02 7.400599500416319643e+02
6.206677727084197613e+02 7.402845292409788271e+02
6.198375676801332474e+02 7.403240316534777321e+02
6.195977584059776291e+02 7.403096720630967411e+02
6.194912790697674154e+02 7.405610465116278647e+02
6.197558430717863303e+02 7.404691151919865888e+02
6.199673503557974072e+02 7.402427794056089851e+02
6.200004221190375802e+02 7.400835795694385979e+02
6.196329166666666879e+02 7.402337499999999864e+02
6.189425239483548467e+02 7.402244897959183163e+02
6.177107127969987914e+02 7.400571071279699709e+02
6.175337243401759224e+02 7.398332635106828548e+02
6.177275398824517652e+02 7.395931989924433765e+02
6.185358178053829761e+02 7.396397515527950191e+02
6.192010008340283775e+02 7.392477064220183820e+02
6.200233722871452073e+02 7.391535893155258918e+02
6.203490683229813385e+02 7.395246376811594473e+02
6.204972905377240977e+02 7.393801583993330269e+02
6.195887733887733475e+02 7.391525987525988057e+02
6.180054166666666333e+02 7.394362499999999727e+02
6.169289867109634997e+02 7.392541528239203217e+02
6.158293897882939518e+02 7.389232046492320478e+02
6.149809207797594581e+02 7.385495644960597019e+02
6.139501466275660277e+02 7.384742354419773847e+02
6.135826050769870790e+02 7.387432376196420591e+02
6.133508624316365285e+02 7.385923432898612191e+02
6.128228379513013806e+02 7.386947942905121636e+02
6.120585738539898557e+02 7.386604414261460079e+02
6.112401010951979288e+02 7.387540016849200128e+02
6.105168961201501361e+02 7.390400500625781888e+02
6.103990844777362099e+02 7.393953391593840934e+02
6.103471005423446059e+02 7.395185648727575654e+02
6.106538782318598351e+02 7.396622185154295721e+02
6.108776529338326782e+02 7.400332917186849500e+02
6.112872696817420319e+02 7.400314070351759028e+02
6.113480777180652694e+02 7.403088052914426953e+02
6.111614368290669290e+02 7.403736581337736880e+02
6.106321458160729208e+02 7.402792046396023125e+02
6.104570004154548997e+02 7.404557540506855275e+02
6.106547518923465532e+02 7.404714045416316139e+02
6.108249588138385207e+02 7.406214991762767568e+02
6.115874947545111127e+02 7.408955098615191446e+02
6.124160132067685254e+02 7.406562113082954966e+02
6.126885313531353177e+02 7.408011551155115058e+02
6.128716244287494419e+02 7.408591607810552659e+02
6.126309917355372363e+02 7.412528925619834581e+02
6.118848360655737224e+02 7.416983606557377016e+02
6.110566967953984658e+02 7.413644207066556646e+02
6.105303398058252924e+02 7.413074433656958035e+02
6.102861201298701417e+02 7.409188311688311614e+02
6.103140156185778551e+02 7.407833949856144500e+02
6.111304347826087451e+02 7.401204968944099392e+02
6.119423953584749825e+02 7.402130128470782893e+02
6.120460772104607940e+02 7.401768368617683791e+02
6.117103620474407535e+02 7.401631294215563912e+02
6.107193347193347108e+02 7.401871101871101928e+02
6.097046482928835758e+02 7.403677498971616160e+02
6.093395755305867851e+02 7.401727007906782774e+02
6.092641587432823371e+02 7.400562215791649123e+02
6.098667769962763714e+02 7.399937939594539102e+02
6.106989202657807709e+02 7.398637873754153134e+02
6.115974895397489490e+02 7.395937238493723953e+02
6.116455114822547330e+02 7.395185803757829035e+02
6.114993799090533457e+02 7.394729226953286343e+02
6.111799250312369622e+02 7.394822990420658471e+02
6.104135494596840772e+02 7.394605153782210891e+02
6.102978634268956739e+02 7.392924172601591408e+02
6.101397180762852486e+02 7.395659203980098937e+02
6.107393483709273596e+02 7.396750208855471556e+02
6.115838535164377845e+02 7.397861007074490090e+02
6.115498124218424891e+02 7.396319299708211474e+02
6.104580246913579913e+02 7.400238683127571448e+02
6.094911559029205819e+02 7.400514191690662074e+02
6.076235978396343853e+02 7.401383464894058761e+02
6.054631622516556035e+02 7.403240894039735167e+02
6.036030565881867460e+02 7.404006608839322325e+02
6.023545833333333803e+02 7.405937500000000000e+02
6.021312422616590538e+02 7.409030127940569628e+02
6.026189473684210043e+02 7.407338947368421032e+02
6.032011935208865907e+02 7.408508098891730924e+02
6.042752832563994616e+02 7.413101133025597846e+02
6.053220338983051079e+02 7.416143034311699012e+02
6.061892003297609790e+02 7.415379225061830084e+02
6.069334449560485609e+02 7.412147341984093600e+02
6.074818219807772266e+02 7.413748432929377259e+02
6.081365511551155123e+02 7.415214521452145391e+02
6.094554951943167680e+02 7.411842875052235513e+02
6.104065708418891063e+02 7.413334702258727020e+02
6.115603015075377016e+02 7.403785594639865622e+02
6.124462365591398338e+02 7.405459057071960842e+02
6.126425357873210942e+02 7.407276073619632371e+02
6.124922512234910528e+02 7.405354812398041986e+02
6.118539877300613625e+02 7.402862985685071635e+02
6.115212021407986640e+02 7.401675586661177704e+02
6.113821238212382241e+02 7.401611316113161365e+02
6.113619983619984168e+02 7.401592956592957080e+02
6.115976869062370724e+02 7.399025196199917218e+02
6.117287365813377846e+02 7.399855491329479946e+02
6.117401900041305680e+02 7.399306071871127415e+02
6.117343492586491038e+02 7.399769357495881650e+02
6.113151590251961807e+02 7.397125154894671368e+02
6.107715121136174048e+02 7.393721804511278606e+02
6.102173913043478706e+02 7.393354037267080230e+02
