6.167083333333333712e+02 7.417524752475247851e+02
6.164687631027253474e+02 7.411714884696016270e+02
6.157147636971977818e+02 7.410368046842324929e+02
6.150752688172043463e+02 7.408949545078577330e+02
6.144099506578946830e+02 7.409058388157894797e+02
6.128968814968815195e+02 7.402827442827442610e+02
6.114784053156146229e+02 7.400348837209302246e+02
6.096648558295026987e+02 7.397133305474300187e+02
6.083475736209041997e+02 7.395342181667357409e+02
6.079131914893616795e+02 7.390834042553191239e+02
6.083267782426778467e+02 7.389757322175731815e+02
6.091287784679088873e+02 7.396828157349896173e+02
6.099385429385429234e+02 7.399047619047619264e+02
6.107973421926910760e+02 7.396590531561462285e+02
6.122023026315789593e+02 7.398803453947368780e+02
6.133761806981519840e+02 7.396197125256672962e+02
6.137927671678179422e+02 7.400723283218203505e+02
6.139193614408513895e+02 7.402402783462955540e+02
6.135251028806584372e+02 7.404567901234568126e+02
6.130686677631579187e+02 7.410357730263158373e+02
6.130476980506014115e+02 7.413803401078390607e+02
6.132276150627615152e+02 7.410974895397489490e+02
6.134569508609828290e+02 7.412112557748845347e+02
6.134403708386009839e+02 7.412098609355246026e+02
6.131979338842975267e+02 7.415855371900826185e+02
6.119588014981272863e+02 7.413990844777362099e+02
6.103509136212624071e+02 7.410132890365448475e+02
6.093730224812655933e+02 7.408014154870941184e+02
6.092455621301775182e+02 7.401749788672865407e+02
6.090201729106628363e+02 7.402581309180733342e+02
6.088054187192118434e+02 7.402807881773399004e+02
6.088314883148831314e+02 7.400467404674046747e+02
6.087780968006562716e+02 7.399122231337161111e+02
6.083414634146341768e+02 7.398338156262918801e+02
6.077902358295407339e+02 7.396052958212660542e+02
6.068209263854424762e+02 7.397907361455748969e+02
6.062290894107952681e+02 7.399138854552945759e+02
6.065553705245628180e+02 7.397368859283930078e+02
6.076935086277732125e+02 7.398455217748562518e+02
6.083843283582089043e+02 7.397997512437810883e+02
6.093637866887142991e+02 7.399032658123190913e+02
6.107204890387857859e+02 7.398199831365935779e+02
6.112953498114788999e+02 7.402475911185588302e+02
6.124286916281026834e+02 7.403462347496845268e+02
6.131799751758378534e+02 7.409631774927596553e+02
6.140381426202321791e+02 7.408026533996683156e+02
6.147567121024370635e+02 7.410970673275505760e+02
6.152456805731142140e+02 7.404892541087231166e+02
6.153945147679324918e+02 7.405232067510548859e+02
6.156606994171523866e+02 7.408551207327227530e+02
6.165918624161073467e+02 7.405876677852348848e+02
6.170522138680033777e+02 7.403880534670008728e+02
6.165872681281618952e+02 7.401003372681282144e+02
6.155116086235489092e+02 7.403204809286899035e+02
6.136887608069164344e+02 7.404911486208316092e+02
6.119967010309278521e+02 7.403843298969071611e+02
6.114316398182569401e+02 7.401069805865345188e+02
6.114136941369413307e+02 7.403415334153341973e+02
6.115413223140495802e+02 7.401785123966942592e+02
6.113219572368420813e+02 7.399329769736841627e+02
6.110016750418760694e+02 7.398119765494137710e+02
6.108137500000000273e+02 7.400591666666666697e+02
6.112295703454085469e+02 7.399224936815501223e+02
6.118790424191515740e+02 7.399798404031919290e+02
6.126351351351351013e+02 7.398201013513513544e+02
6.135148473442073964e+02 7.403308239230447043e+02
6.149006315789473547e+02 7.408037894736842190e+02
6.166754496026767356e+02 7.414203262233374971e+02
6.176376033057850918e+02 7.412892561983470614e+02
6.183091887417218686e+02 7.414871688741721982e+02
6.184421965317918648e+02 7.415722543352601406e+02
6.184857614527445548e+02 7.416524969046636215e+02
6.181443850267379503e+02 7.418864664747018196e+02
6.169655744504354971e+02 7.417639983409374054e+02
6.158298926507019360e+02 7.414211395540875174e+02
6.151619924654667102e+02 7.411519464210966817e+02
6.148901830282861738e+02 7.408510815307820394e+02
6.146172584640793275e+02 7.408885218827415429e+02
6.144586589880707379e+02 7.408794734677087490e+02
6.140904189133140108e+02 7.407200331812525746e+02
6.130924473792819072e+02 7.399661576557986109e+02
6.125837141670128858e+02 7.398899044453677334e+02
6.122972749793558478e+02 7.399694467382328185e+02
6.126086414624013514e+02 7.397274615704195639e+02
6.140905332782141386e+02 7.392728400165357243e+02
6.161487328624843940e+02 7.392629829663482042e+02
6.173620618556700492e+02 7.396507216494845807e+02
6.181564176640528103e+02 7.394952538175815562e+02
6.187540239372679025e+02 7.400961617829137822e+02
6.189629781982723671e+02 7.404051830522419095e+02
6.192122974657249870e+02 7.404977149979226851e+02
6.190822147651006162e+02 7.410285234899329225e+02
6.194119601328903855e+02 7.415070598006644786e+02
6.199023769100169829e+02 7.413404074702885964e+02
6.209022015241321242e+02 7.414276037256562404e+02
6.213334726284997487e+02 7.417221061429168003e+02
6.210839662447257297e+02 7.414624472573839284e+02
6.207549307595468235e+02 7.415585396558959701e+02
6.204430432955023207e+02 7.412980243799916025e+02
6.202464494569758244e+02 7.411340852130325629e+02
6.210517097581317785e+02 7.405571309424520905e+02
6.211722290894108482e+02 7.405859085290481971e+02
6.216415874328234850e+02 7.401351798263744968e+02
6.220297643654403146e+02 7.397201322860686332e+02
6.223246376811594018e+02 7.396848861283643828e+02
6.230755262071811558e+02 7.394052827073875278e+02
6.229663520722199337e+02 7.392055806319244766e+02
6.223713097713098250e+02 7.388345114345114553e+02
6.212013338891205194e+02 7.387794914547728240e+02
6.200569991617770711e+02 7.394409052808047136e+02
6.199769778149853892e+02 7.396542486395981086e+02
6.205515806988353233e+02 7.398074043261231054e+02
6.220842535787321594e+02 7.403067484662576589e+02
6.242778467908902940e+02 7.401060041407866947e+02
6.254041237113401621e+02 7.404082474226804607e+02
6.263206768468839982e+02 7.405740817168798458e+02
6.267626556016597306e+02 7.406871369294606211e+02
6.273466500208073739e+02 7.407282563462338203e+02
6.278092243186582664e+02 7.404020964360587413e+02
6.283225671140939994e+02 7.404928691275167694e+02
6.282290362953691556e+02 7.405327492699207141e+02
6.277855371900826640e+02 7.404008264462810303e+02
6.275781119465329994e+02 7.397965747702589852e+02
6.274834797156001969e+02 7.396445002091174956e+02
6.268714810281517202e+02 7.402248062015503365e+02
6.256343467543139241e+02 7.398163516844699643e+02
6.246277801091061974e+02 7.390767939571968554e+02
6.235167504187604663e+02 7.395209380234506398e+02
6.223150629313845457e+02 7.397101096224116645e+02
6.219134054954205340e+02 7.393051623646961161e+02
6.215083194675540881e+02 7.394704658901830499e+02
6.215711920529801091e+02 7.392226821192052739e+02
6.221247366203118645e+02 7.388651495996629137e+02
6.229785353535353352e+02 7.390664983164982687e+02
6.234079898002549953e+02 7.387594560135996744e+02
6.234983388704318941e+02 7.393828903654484748e+02
6.239316275167785761e+02 7.392000838926174993e+02
6.241981719983381254e+02 7.394549231408392416e+02
6.249852693602693989e+02 7.392760942760942271e+02
6.261255774884501761e+02 7.398748425031499210e+02
6.278991209711176680e+02 7.405278359146086586e+02
6.286984258492129811e+02 7.413579121789560986e+02
6.288510815307820394e+02 7.414363560732113001e+02
6.276078020134227700e+02 7.415335570469799222e+02
6.265722689075630569e+02 7.413491596638655210e+02
6.255827160493827250e+02 7.419851851851851734e+02
6.246306794497706960e+02 7.411488120050021280e+02
6.235464824120602998e+02 7.404652428810720721e+02
6.230953198797767527e+02 7.395053671103478337e+02
6.224476351351351013e+02 7.395198479729730252e+02
6.219354290569243631e+02 7.394354290569243631e+02
6.219035532994923869e+02 7.393236040609136808e+02
6.216973795435334296e+02 7.388368554522401155e+02
6.218455008488964495e+02 7.383039049235993616e+02
6.222426350245499407e+02 7.386407528641570934e+02
6.237274607113316733e+02 7.383378825475599569e+02
6.254331662489556720e+02 7.378893065998329348e+02
6.266876033057851600e+02 7.386772727272726797e+02
6.273634868421053170e+02 7.392253289473684390e+02
6.271447368421053170e+02 7.395781250000000000e+02
6.268725612287256581e+02 7.396243254462432333e+02
6.258892645815723199e+02 7.398567202028740439e+02
6.252135216089003507e+02 7.399845956354300824e+02
6.242832197614991401e+02 7.403666950596251581e+02
6.236116090482287291e+02 7.408544600938967051e+02
6.237108484592655486e+02 7.411844660194175276e+02
6.246635553669918863e+02 7.410975816716164672e+02
6.261117154811715864e+02 7.415774058577405867e+02
6.270403158769742049e+02 7.417560266001662512e+02
6.276460887949259586e+02 7.410731501057082369e+02
6.276622073578595291e+02 7.410209030100334076e+02
6.268486869528970828e+02 7.404593580658607834e+02
6.256422324031653943e+02 7.401607663473553202e+02
6.240253914515446922e+02 7.392327549724925575e+02
6.227133163698049430e+02 7.389614079728584102e+02
6.214888793840889321e+02 7.390337895637296697e+02
6.197888748419721878e+02 7.390863885377159477e+02
6.188783157894737315e+02 7.393301052631578614e+02
6.185498527555743067e+02 7.391884728649557701e+02
6.183974091099038333e+02 7.394692854157960937e+02
6.185620347394541341e+02 7.397576509511993663e+02
6.186651471197678802e+02 7.398901782014090713e+02
6.186872950819672496e+02 7.405036885245901885e+02
6.190869932432432279e+02 7.405954391891891646e+02
6.201186017478152053e+02 7.411360799001248552e+02
6.216825595984943220e+02 7.411568381430363388e+02
6.227686695278970319e+02 7.405077253218884152e+02
6.234215604026845767e+02 7.410528523489932695e+02
6.242820404721753675e+02 7.411564080944350508e+02
6.242514693534844810e+02 7.411234256926952639e+02
6.237339181286549774e+02 7.411215538847118296e+02
6.233266078184110484e+02 7.412005044136191145e+02
6.230824915824915706e+02 7.411266835016834875e+02
6.230168918918918735e+02 7.410253378378378102e+02
6.229406565656565817e+02 7.411443602693602770e+02
6.228339622641509550e+02 7.412310272536687989e+02
6.227112411199331063e+02 7.412962808190555961e+02
6.220747663551402411e+02 7.403164825828376934e+02
6.209431578947368280e+02 7.402000000000000455e+02
6.198290741516548223e+02 7.403347297863426775e+02
6.180012417218542851e+02 7.403923841059602182e+02
6.173639736191261136e+02 7.401174773289365021e+02
6.176628978224455295e+02 7.397734505862646301e+02
6.180254590984975493e+02 7.397395659432387447e+02
6.185257048092869354e+02 7.396223051409618847e+02
6.193194092827004624e+02 7.391856540084388598e+02
6.202567453625632652e+02 7.392339797639123162e+02
6.206556016597510279e+02 7.398676348547718362e+02
6.212670243499793514e+02 7.402315311597193386e+02
6.223148918469217961e+02 7.403560732113144240e+02
6.233536026655559681e+02 7.405605997501040747e+02
6.241209341117597660e+02 7.408548790658882126e+02
6.246258305647841098e+02 7.416187707641196312e+02
6.244671654197838961e+02 7.414858686616790919e+02
6.235850758507584715e+02 7.419102091020910166e+02
6.216876033057851600e+02 7.418462809917355116e+02
6.199138359569179784e+02 7.418309859154929882e+02
6.188934736842105622e+02 7.411284210526315519e+02
6.178694550063371480e+02 7.408964934516264975e+02
6.174517212426532069e+02 7.406943744752309158e+02
6.182444257467395801e+02 7.402469499368952484e+02
6.190070951585976218e+02 7.399319699499164926e+02
6.199302993029930349e+02 7.398761787617876280e+02
6.207095158597662703e+02 7.393977462437395616e+02
6.207228915662650479e+02 7.394515995014540977e+02
6.203392197125256189e+02 7.398529774127309793e+02
6.194706847068471234e+02 7.397798277982780064e+02
6.183067383216205144e+02 7.399036792062836412e+02
6.169625779625779387e+02 7.393604989604989441e+02
6.165204336947456341e+02 7.396192660550458413e+02
6.166315568610993978e+02 7.394712547209400100e+02
6.169803429527394201e+02 7.398862400669175940e+02
6.172089361702127235e+02 7.398999999999999773e+02
6.169584208315833393e+02 7.404733305333893441e+02
6.169429657794677269e+02 7.405348542458808652e+02
6.171904358865848508e+02 7.406038933559035513e+02
6.174115209283049808e+02 7.409705760464152036e+02
6.174253112033195521e+02 7.410813278008298539e+02
6.174201995012468842e+02 7.412630922693266484e+02
6.173619759236197524e+02 7.410518887505188559e+02
6.173960396039603893e+02 7.407083333333333712e+02
6.172116728318948162e+02 7.408138101109741456e+02
6.162661423841059332e+02 7.404743377483443965e+02
6.147618061309030963e+02 7.399428334714167477e+02
6.135809163514081774e+02 7.395825977301386729e+02
6.120385412349771741e+02 7.398267716535433465e+02
6.112059800664451359e+02 7.395016611295681059e+02
6.106581019477828249e+02 7.396435971819312272e+02
6.102665016501649689e+02 7.397636138613861476e+02
6.101487704918032478e+02 7.398676229508196229e+02
6.101213731099305733e+02 7.400028606456885427e+02
6.100554414784394339e+02 7.399564681724846196e+02
6.105045681063122629e+02 7.398729235880398392e+02
6.108730420445177742e+02 7.401764220939818415e+02
6.108364235681912078e+02 7.399917593737123980e+02
6.106331409727947630e+02 7.400684253915910631e+02
6.106252587991718883e+02 7.399271221532090976e+02
6.116059983566145775e+02 7.400513557929334638e+02
6.127569588699626593e+02 7.400914000830910027e+02
6.140277310924369658e+02 7.399840336134453764e+02
6.145298476739399121e+02 7.401617949773569762e+02
6.143007395234182013e+02 7.404034511092851290e+02
6.139178364987614032e+02 7.405507844756399436e+02
6.136893564356436173e+02 7.405647689768976534e+02
6.137199341021416785e+02 7.406956342668863726e+02
6.135309807139925624e+02 7.406553139105457149e+02
6.131301342008946449e+02 7.406429442862952328e+02
6.127125673994192994e+02 7.403840729987557552e+02
6.117924917491749284e+02 7.405358910891088726e+02
6.105139005897219704e+02 7.399056444818870659e+02
6.092037875668999050e+02 7.402725401399752627e+02
6.081232423490488372e+02 7.402187758478081605e+02
6.074625623960066605e+02 7.400944259567387462e+02
6.079785478547854609e+02 7.401093234323432171e+02
6.091221437474033564e+02 7.398512671375156060e+02
6.102778473091364049e+02 7.396574885273257678e+02
6.114123242349048724e+02 7.400310173697270102e+02
6.125155537121526095e+02 7.399883865615927334e+02
6.137815195071868857e+02 7.403355236139630051e+02
6.139764657308010101e+02 7.401758876961189344e+02
6.135788819875776881e+02 7.400927536231884005e+02
6.126733854380913726e+02 7.401953928424516107e+02
6.122904564315352900e+02 7.401248962655602099e+02
6.114767202307375555e+02 7.403687680263700486e+02
6.107428095039599611e+02 7.403851604835348326e+02
6.100626296142679621e+02 7.404296972210701142e+02
6.098550062318238361e+02 7.405920232654757456e+02
6.097051016175860241e+02 7.407548734964744881e+02
6.091138346489406104e+02 7.406211051100955274e+02
6.080534382767191346e+02 7.406611433305716901e+02
6.071646669424907259e+02 7.405390980554406042e+02
6.069202808756712102e+02 7.406757538207352809e+02
6.070553052027856893e+02 7.406935682097500830e+02
6.072345679012345272e+02 7.406872427983539637e+02
6.073664312422101830e+02 7.401649356044869137e+02
6.073721991701245315e+02 7.398319502074689353e+02
6.074109362054681469e+02 7.397236951118475190e+02
6.073378769103676404e+02 7.397273853779430510e+02
6.070221674876847828e+02 7.397824302134647496e+02
6.062856557377049285e+02 7.398954918032786736e+02
6.063891891891892101e+02 7.399160083160082877e+02
6.068282617757398612e+02 7.396694456023343491e+02
6.075800165837479199e+02 7.399179104477611872e+02
6.084758762886598333e+02 7.402503092783505281e+02
6.095447698744769696e+02 7.399033472803347422e+02
6.106330814441645316e+02 7.401901763224180968e+02
6.120462692788662480e+02 7.404514380992079623e+02
6.129966555183946184e+02 7.406709866220735421e+02
6.134175914508837195e+02 7.407192766132346833e+02
6.137292345276872538e+02 7.410525244299674341e+02
6.136026949775418871e+02 7.411821151490404418e+02
6.136081414473684390e+02 7.409946546052631220e+02
6.135940310711365555e+02 7.410862632869991558e+02
6.139007413509060598e+02 7.407005766062602561e+02
6.140054211843203120e+02 7.403586321934946000e+02
