6.185647113594041002e+02 7.388570763500931662e+02
6.164604609127881076e+02 7.391974694984183998e+02
6.131150568181818699e+02 7.385000000000000000e+02
6.093738674296614590e+02 7.378407248450166662e+02
6.073377880184332298e+02 7.380857142857142890e+02
6.066281474820143558e+02 7.386677158273381565e+02
6.074123036649214100e+02 7.391016579406631308e+02
6.087359477124183513e+02 7.388679738562091188e+02
6.107626137303556106e+02 7.402216708023159981e+02
6.135557404326123105e+02 7.403402662229617590e+02
6.162024896265560301e+02 7.403809128630705345e+02
6.194402151427389072e+02 7.408750517170045669e+02
6.218242074927953809e+02 7.409234252778921928e+02
6.223056910569105185e+02 7.412065040650406900e+02
6.206488612836438961e+02 7.407142857142856656e+02
6.171867852604827931e+02 7.399305379076662348e+02
6.130634441087613595e+02 7.394436771687527425e+02
6.097887075430083996e+02 7.387168063520070973e+02
6.074607799193187248e+02 7.381783953384132246e+02
6.055253853127833281e+02 7.378726201269265630e+02
6.042689590202543286e+02 7.374630240226094884e+02
6.040271816881258928e+02 7.374773485932283847e+02
6.059452120057170532e+02 7.376484040019056465e+02
6.091394275161587757e+02 7.379279778393351990e+02
6.138965819456617510e+02 7.392116564417177642e+02
6.179896818572657367e+02 7.401134995700773516e+02
6.229823047043590805e+02 7.405131635735865530e+02
6.266333190210390285e+02 7.407715757835981094e+02
6.296952300548754238e+02 7.412832418742085565e+02
6.323090832632464071e+02 7.415058873002523114e+02
6.328658080598255538e+02 7.417939343581221010e+02
6.273790149892934096e+02 7.406629550321199531e+02
6.231510008703220365e+02 7.397410791993037265e+02
6.189155118462226710e+02 7.386861868573982974e+02
6.151309192200557163e+02 7.382697307335190544e+02
6.139410905550146254e+02 7.369196689386562866e+02
6.137995283018867667e+02 7.378141509433962710e+02
6.138170964660936306e+02 7.380582617000954997e+02
6.143173359451518536e+02 7.379226248775710246e+02
6.172959961868446044e+02 7.385938989513822435e+02
6.210599816849817216e+02 7.393223443223442928e+02
6.244141505182515175e+02 7.397494366831906518e+02
6.257480485689505940e+02 7.405871639202081269e+02
6.264734799482536118e+02 7.403320396722725718e+02
6.254043001686341086e+02 7.402487352445193665e+02
6.245051194539248627e+02 7.400558873720136717e+02
6.241075313807531302e+02 7.403259414225941555e+02
6.240483870967741495e+02 7.405016542597187481e+02
6.229080791426215455e+02 7.405766694146743703e+02
6.205462686567163928e+02 7.399547974413645761e+02
6.193292788879235786e+02 7.397145960034752079e+02
6.191101243339254552e+02 7.397242451154529590e+02
6.177894033837934558e+02 7.398241317898485931e+02
6.160545696539485334e+02 7.398034605146406193e+02
6.131546440358321206e+02 7.388118811881188321e+02
6.095292479108635462e+02 7.388709377901578819e+02
6.063281250000000000e+02 7.383323863636363740e+02
6.051097949886104743e+02 7.385763097949885605e+02
6.056269702276707676e+02 7.388323117338003385e+02
6.077455337690631723e+02 7.391145969498910517e+02
6.097259100642398835e+02 7.394449678800856418e+02
6.122126677852348848e+02 7.400566275167785761e+02
6.181124014931563124e+02 7.405263376192451688e+02
