6.203418475947211164e+02 7.409404001702852156e+02
6.185622353937341131e+02 7.404267569856053797e+02
6.168807919123842112e+02 7.401171019376579352e+02
6.154583861427968259e+02 7.399687367976341648e+02
6.147253820033955662e+02 7.406061120543294010e+02
6.144961340206185696e+02 7.405292096219931182e+02
6.142284840541720996e+02 7.407798165137614887e+02
6.143242068665797433e+02 7.409700130378096219e+02
6.145387647831799995e+02 7.405343845816908015e+02
6.156906906906906443e+02 7.404384384384384248e+02
6.168218940052128119e+02 7.399096437880103849e+02
6.187444971946482610e+02 7.402313336210617081e+02
6.203131703131703034e+02 7.403921063921063705e+02
6.219208819714656329e+02 7.406281884997838461e+02
6.225774828767123381e+02 7.407838184931506476e+02
6.228274280950396360e+02 7.406131721550646034e+02
6.229870075440067012e+02 7.403294216261525662e+02
6.231178451178451496e+02 7.399877946127945734e+02
6.223587047939445256e+02 7.395353238015138686e+02
6.219475465313029190e+02 7.402157360406091584e+02
6.209868588384908890e+02 7.401716829164899991e+02
6.201234729493892246e+02 7.394716404886562486e+02
6.184836629406706834e+02 7.397080825451419059e+02
6.178119621342513028e+02 7.393390705679862549e+02
6.173150388936905983e+02 7.391058772687986220e+02
6.176174210076857207e+02 7.394496157130657821e+02
6.183547568710359883e+02 7.402989429175476062e+02
6.195932130584192237e+02 7.405966494845361012e+02
6.198943541488451956e+02 7.407857142857143344e+02
6.205038560411311437e+02 7.404995715509854790e+02
6.205752100840336425e+02 7.401415966386554146e+02
6.205816111345424133e+02 7.397207929143821730e+02
6.202699207342511727e+02 7.402048393825615449e+02
6.208062605752961645e+02 7.402005076142131657e+02
6.208459915611814495e+02 7.404270042194092412e+02
6.202874734607219125e+02 7.406569002123142127e+02
6.186817792985457345e+02 7.399961505560307842e+02
6.169572758037224958e+02 7.396281725888325127e+02
6.154636441402908531e+02 7.393301967493583788e+02
6.147003031615417967e+02 7.391559116500649225e+02
6.144887543252594924e+02 7.398105536332179781e+02
6.138891855807743241e+02 7.399595015576323931e+02
