6.161741502308015015e+02 7.402614351657574616e+02
6.153047210300429697e+02 7.398738197424892178e+02
6.145302070130967422e+02 7.400963244613434426e+02
6.144490486257927842e+02 7.400147991543340140e+02
6.148692893401015453e+02 7.397846869712351463e+02
6.156008492569002328e+02 7.395108280254777355e+02
6.168777219430485275e+02 7.401306532663317057e+02
6.176176347680735716e+02 7.403368157124947402e+02
6.173458489778889771e+02 7.405882352941176805e+02
6.165320299500831425e+02 7.412354409317803174e+02
6.160179092044980962e+02 7.411120366513952149e+02
6.157627189324437040e+02 7.411367806505421640e+02
6.153577943615257482e+02 7.409353233830845511e+02
6.150465408805031302e+02 7.402897274633123743e+02
6.147513788714467182e+02 7.399181162494696764e+02
6.147063559322033370e+02 7.397457627118643586e+02
6.143471283783783292e+02 7.399290540540540633e+02
6.144623331898407059e+02 7.394162720619888205e+02
6.155529111772206079e+02 7.402018699532511619e+02
6.169088991986503743e+02 7.406933783213834204e+02
6.172488242838819588e+02 7.406712270200940793e+02
6.175573072006817483e+02 7.408040051129100902e+02
6.171830926083262057e+02 7.408640611724723612e+02
6.167424892703862724e+02 7.407442060085836602e+02
6.157993986254296033e+02 7.408883161512027300e+02
6.153608074011774534e+02 7.411711522287636171e+02
6.144688162918964736e+02 7.412651675859142415e+02
6.142245419684703620e+02 7.412611844908393550e+02
6.145145385587863984e+02 7.413973872734934503e+02
6.152272340425531638e+02 7.414029787234042033e+02
6.168911222780569688e+02 7.420477386934672950e+02
6.183954070981210407e+02 7.421553235908141914e+02
6.184446301713330740e+02 7.421441704972837670e+02
6.171384156729130837e+02 7.414412265758091962e+02
6.153884045335657902e+02 7.407218831734960531e+02
6.147354700854700695e+02 7.412106837606837644e+02
6.148616033755274657e+02 7.415405063291138958e+02
6.158864610111396587e+02 7.413573264781490479e+02
6.167320205479452397e+02 7.416005993150685072e+02
6.178008474576271283e+02 7.420622881355932350e+02
6.192195431472081282e+02 7.420486463620981112e+02
6.202148900169204353e+02 7.419450084602368634e+02
6.207007145859604407e+02 7.416216897856241985e+02
6.206544303797468274e+02 7.415818565400843454e+02
6.197731520815633530e+02 7.413903993203058462e+02
6.181714285714285779e+02 7.407190476190476147e+02
6.168549978549978050e+02 7.410815100815100323e+02
6.160113537117904343e+02 7.409764192139738270e+02
6.160130434782608972e+02 7.409665217391304850e+02
6.171142241379310462e+02 7.414383620689654890e+02
6.182939904885430451e+02 7.413878080415045133e+02
6.190346137610806636e+02 7.419387927395525821e+02
6.192695871946082207e+02 7.417615838247683087e+02
6.191023489932886150e+02 7.417894295302013461e+02
6.193578288100209193e+02 7.417377870563674378e+02
6.188798674399337187e+02 7.416636288318144352e+02
6.186189868028948240e+02 7.408782460621540622e+02
6.185948051948051898e+02 7.409073593073593429e+02
6.182273913043478615e+02 7.412339130434783101e+02
6.183758620689654890e+02 7.415676724137930478e+02
6.192175239755885059e+02 7.412798605056669885e+02
6.204056603773584584e+02 7.411149228130360598e+02
6.217502138579982329e+02 7.411663815226689849e+02
6.229742157284056248e+02 7.408306832831972315e+02
6.227945555082943656e+02 7.403666524883028615e+02
6.213168864313058748e+02 7.401305827307528489e+02
6.202875426621160386e+02 7.398984641638224957e+02
6.197872611464968031e+02 7.404216560509554483e+02
6.194343128781331416e+02 7.401361279170267835e+02
6.186136462407648651e+02 7.404141677531507639e+02
6.176941789748045721e+02 7.402867072111207563e+02
6.174290004290004390e+02 7.403633633633634190e+02
6.178851612903225714e+02 7.400081720430107453e+02
6.194051003344482069e+02 7.404983277591973092e+02
6.208036529680365447e+02 7.405454545454545041e+02
6.215006231823847429e+02 7.404399667636060940e+02
6.208113684210526344e+02 7.400336842105263031e+02
6.195178047758693083e+02 7.402781734394637851e+02
6.179169164882226823e+02 7.399944325481798160e+02
6.165320866978325967e+02 7.401691457713557156e+02
6.155260924904539479e+02 7.399864234196012376e+02
6.149771255934398368e+02 7.397112645662494970e+02
6.154769874476987752e+02 7.400610878661087781e+02
6.164052478134110515e+02 7.401878384006663509e+02
6.176294289287202446e+02 7.402271779908295457e+02
6.188833196384551911e+02 7.401195562859491019e+02
6.193214581607290938e+02 7.400339685169842596e+02
6.190913956360642487e+02 7.402943598188554688e+02
6.181152400835072740e+02 7.398308977035491125e+02
6.167774001699235669e+02 7.396529311809686078e+02
6.148998272884283551e+02 7.392305699481864849e+02
6.136788635385278212e+02 7.393099440378820191e+02
6.146489547038327146e+02 7.388601916376306917e+02
6.160335804622765181e+02 7.389188835586568302e+02
6.173029259896729855e+02 7.393584337349398083e+02
6.176382890365448475e+02 7.398675249169434665e+02
6.180451719850808558e+02 7.397393286365520453e+02
6.178366927190456863e+02 7.399432332373509098e+02
6.169899581589958188e+02 7.397765690376569410e+02
6.152095077829196725e+02 7.399680269246949820e+02
6.140173434856176300e+02 7.402872250423012019e+02
6.130916880891173832e+02 7.399764353041988443e+02
6.126573248407643177e+02 7.399010615711252967e+02
6.129733562526859032e+02 7.397211001289213073e+02
6.139660873251377780e+02 7.400750317931326663e+02
6.155866108786610766e+02 7.400451882845188720e+02
6.170960334029227852e+02 7.407194154488518052e+02
6.171855541718555287e+02 7.412494811124947773e+02
6.167092827004219089e+02 7.414502109704641271e+02
6.160752100840336425e+02 7.415609243697479087e+02
6.158047945205479436e+02 7.413077910958903658e+02
6.153422733077906059e+02 7.413226905065985193e+02
6.152753999135321692e+02 7.407077388672719280e+02
6.150572062084256686e+02 7.401188470066518903e+02
6.150776053215078036e+02 7.401769401330376468e+02
6.150229175848390923e+02 7.403556632877920265e+02
6.157105374523910086e+02 7.410427422767668304e+02
6.170454159592529777e+02 7.412164685908319370e+02
6.187973661852166742e+02 7.414460492778249545e+02
