6.455387878787878435e+02 7.563127272727273294e+02
6.224436619718310340e+02 7.498445287107258537e+02
5.973361204013377801e+02 7.399481605351170401e+02
5.741770956316411230e+02 7.310850059031877208e+02
5.522190954773869862e+02 7.239281407035175562e+02
5.269839115133232781e+02 7.170180995475112695e+02
5.090386904761904816e+02 7.111726190476190368e+02
4.936832641770400869e+02 7.060682342093130046e+02
4.812802491103203124e+02 7.005017793594306568e+02
4.747976459936622859e+02 6.955305568130376059e+02
4.721535500427715988e+02 6.927189905902480405e+02
4.733566128328241120e+02 6.895028371890003882e+02
4.767027972027972282e+02 6.884624125874125866e+02
4.819607843137254690e+02 6.884618736383441728e+02
4.914541577825160061e+02 6.901206823027719111e+02
5.016495023799221258e+02 6.922527044569450254e+02
5.127813953488372363e+02 6.955775898520084866e+02
5.288638245033112071e+02 7.018530629139072516e+02
5.435682624113475185e+02 7.059933510638297776e+02
5.592645547945205635e+02 7.118193493150685072e+02
5.804658981748318638e+02 7.178189241114313290e+02
6.008494949494948969e+02 7.247732323232323779e+02
6.220712554532234435e+02 7.319539505574406348e+02
6.467352941176470722e+02 7.410315126050420531e+02
6.898457529963523029e+02 7.576675351745700482e+02
7.118328189300411850e+02 7.677484567901234414e+02
7.271476190476190595e+02 7.744021164021163486e+02
7.408239921337266196e+02 7.813697148475908989e+02
7.498540387340576672e+02 7.866443079829948601e+02
7.541291547958214778e+02 7.894420702754035801e+02
7.560620853080569077e+02 7.908260663507109030e+02
7.544733867169099994e+02 7.920725388601035775e+02
7.499648876404494331e+02 7.915795880149812547e+02
7.419479713603818709e+02 7.903264916467780949e+02
7.314652509652510162e+02 7.882890926640926637e+02
7.206592741935484128e+02 7.852802419354839003e+02
7.061812149055640475e+02 7.811771311893822940e+02
6.875176918889493436e+02 7.747245508982035744e+02
6.704440974391005739e+02 7.670162398500937115e+02
6.501948130277443170e+02 7.599782870928829652e+02
6.254405637254901649e+02 7.507175245098038658e+02
6.041441831683168857e+02 7.434870049504950202e+02
5.802774227902023085e+02 7.358146964856230170e+02
5.566127895266868109e+02 7.266681772406848268e+02
5.362843765401676137e+02 7.202957121734845032e+02
5.151685714285714539e+02 7.132228571428571513e+02
4.968344007319304865e+02 7.076880146386093884e+02
4.768485401459853961e+02 6.981833941605839300e+02
