6.207921468203157929e+02 7.395924029022620516e+02
6.198652917946467369e+02 7.392527424308907484e+02
6.180416119141480067e+02 7.395168637757336683e+02
6.172852878464818787e+02 7.398857142857142435e+02
6.176169197396963000e+02 7.395167028199566630e+02
6.178201438848921043e+02 7.401895895048667171e+02
6.177938931297709360e+02 7.399113655640372826e+02
6.173126050420167985e+02 7.396617647058823195e+02
6.161531342027766414e+02 7.397846024400504348e+02
6.157916841663167133e+02 7.397102057958841215e+02
6.166663829787233908e+02 7.393634042553190966e+02
6.167526697992310574e+02 7.393818880820161894e+02
6.165528804815132844e+02 7.392330180567497564e+02
6.163429061294471012e+02 7.393193313330475576e+02
6.167486033519553530e+02 7.393412118607649290e+02
6.174746700723711683e+02 7.396462324393359040e+02
6.186085653104925086e+02 7.398346895074946588e+02
6.190306960657155742e+02 7.398240380458279333e+02
6.183848112006788824e+02 7.404811200678828982e+02
6.181887668918918735e+02 7.404404560810810381e+02
6.192297471067295191e+02 7.402490355765108916e+02
6.185057471264367450e+02 7.397837377607492044e+02
6.171141025641026090e+02 7.395662393162392618e+02
6.157716875269745742e+02 7.391989641778161513e+02
6.148654822335025756e+02 7.397326565143823700e+02
6.150115384615384073e+02 7.395209401709402073e+02
6.163941855493800404e+02 7.397216759298845545e+02
6.171599147121535225e+02 7.398673773987206914e+02
6.168078547297296836e+02 7.402445101351351013e+02
6.175649789029536123e+02 7.401717299578059510e+02
6.180322580645160997e+02 7.401854838709676869e+02
6.195527871621621898e+02 7.406520270270269748e+02
6.208236531986532327e+02 7.407230639730639723e+02
6.209755274261602835e+02 7.405734177215190357e+02
6.196672443674176520e+02 7.404220103986135655e+02
6.190259291270526774e+02 7.406287813310285628e+02
6.192751821688813152e+02 7.401868838405486031e+02
6.191319473907509519e+02 7.403122613491726725e+02
6.183556679308891262e+02 7.403506110408765153e+02
6.171569282136895254e+02 7.400329716193656395e+02
