6.208513689700130271e+02 7.391764450239026019e+02
6.194664948453607849e+02 7.394394329896907720e+02
6.172328589909443508e+02 7.396188012074169364e+02
6.159361518550474557e+02 7.398481449525453399e+02
6.159803166452717278e+02 7.398973042362002843e+02
6.172323943661971271e+02 7.390924295774648272e+02
6.188351223701159824e+02 7.391300987548304420e+02
6.190669856459329594e+02 7.386411483253588131e+02
6.184259896729776074e+02 7.388700516351118495e+02
6.174128639721859599e+02 7.389017818339851829e+02
6.169126297577854530e+02 7.392249134948096980e+02
6.168551604509973458e+02 7.394900260190806875e+02
6.170421372719374631e+02 7.397163336229365314e+02
6.173405172413793025e+02 7.398685344827586050e+02
6.171323846485554441e+02 7.401854247520483341e+02
6.169814655172414177e+02 7.401370689655171873e+02
6.170275624461670532e+02 7.400658914728682021e+02
6.171316129032258004e+02 7.399638709677419683e+02
6.176700854700854961e+02 7.395594017094017545e+02
6.186910327241819232e+02 7.394271143221419607e+02
6.201139078498293884e+02 7.397103242320819163e+02
6.201048801369862531e+02 7.398630136986300840e+02
6.190116029222174348e+02 7.397094972067038725e+02
6.171989686291361750e+02 7.402900730554362099e+02
