6.246254997778764846e+02 7.406979120390936941e+02
6.303422319474835831e+02 7.412533916849015441e+02
6.341842221242837923e+02 7.414332304980167692e+02
6.341200527704485239e+02 7.413447669305188583e+02
6.311923076923077360e+02 7.411693191865605286e+02
6.256236842105263349e+02 7.404245614035087328e+02
6.204468546637743884e+02 7.403930585683297068e+02
6.155570060922541415e+02 7.398294168842471663e+02
6.113530427276650698e+02 7.397885196374622865e+02
6.101818570817287082e+02 7.397347026101839447e+02
6.113859118409679922e+02 7.398859118409679922e+02
6.142192442882248997e+02 7.404529876977153435e+02
6.181972015741146151e+02 7.408237866200262260e+02
6.218550411077455919e+02 7.418048463868454974e+02
6.251377969762419298e+02 7.424704103671706434e+02
6.227311258278145942e+02 7.420366445916114344e+02
6.182882843352347209e+02 7.415068012286089925e+02
6.136642429426860872e+02 7.410260906757912380e+02
6.087166152490083277e+02 7.402578228294403289e+02
6.031904127829560593e+02 7.393493120284065299e+02
6.007060379021595509e+02 7.393494931687968119e+02
6.006166740185267372e+02 7.387410674900750109e+02
6.024980097302078548e+02 7.390769570986288954e+02
6.070952380952380736e+02 7.397164700742682726e+02
6.134205856255546223e+02 7.397648624667258446e+02
6.210461056401073847e+02 7.403299015219337207e+02
6.276540540540540860e+02 7.408481981981982472e+02
6.323525305410122428e+02 7.415667539267016082e+02
6.347545414266725174e+02 7.416025697828976035e+02
6.329827662395050538e+02 7.414109589041096342e+02
6.231692844677137373e+02 7.403922338568935402e+02
