6.148473913043478660e+02 7.388230434782608427e+02
6.148364752301622502e+02 7.385431828145550526e+02
6.148936542669583787e+02 7.383781181619256131e+02
6.155830030823425432e+02 7.379550858652576153e+02
6.166944930069929569e+02 7.380297202797203227e+02
6.177825531914893418e+02 7.390234042553191784e+02
6.197697811447811773e+02 7.397950336700337175e+02
6.220906026127264568e+02 7.401592920353982663e+02
6.240824656393169789e+02 7.408250728862973347e+02
6.252341052631578577e+02 7.409212631578947139e+02
6.255796422487222799e+02 7.408973594548551773e+02
6.251920444824636434e+02 7.408443113772455035e+02
6.239775377969762076e+02 7.406444924406047221e+02
6.229729032258064763e+02 7.408451612903226078e+02
6.219019097222221717e+02 7.404388020833333712e+02
6.204276257722859782e+02 7.398843777581641916e+02
6.191552795031055894e+02 7.399259094942324282e+02
6.178288793103448597e+02 7.399581896551724185e+02
6.168177589852008396e+02 7.400494714587738372e+02
6.162379725085910422e+02 7.396898625429553249e+02
6.158478077571669473e+02 7.395417369308599973e+02
6.166087505258728925e+02 7.393803113167858783e+02
6.175887265135698954e+02 7.394012526096033753e+02
6.181630388390951794e+02 7.389393939393939945e+02
6.177492662473794098e+02 7.391672955974843262e+02
6.171475967673330842e+02 7.393977031050616233e+02
6.167128421052631211e+02 7.396968421052631584e+02
6.160206896551724185e+02 7.395646551724138362e+02
6.161055166374781038e+02 7.398130472854641084e+02
6.163873395307658711e+02 7.394687915006639969e+02
6.166970227670752820e+02 7.396383537653240410e+02
6.165385942216472586e+02 7.402686502802932864e+02
6.163156316916488322e+02 7.404479657387580573e+02
6.157058322690506884e+02 7.407892720306513183e+02
6.157234672304439300e+02 7.410684989429175857e+02
6.158518518518518476e+02 7.408282828282827950e+02
6.156870037609694464e+02 7.408704554951942782e+02
6.150700797314309511e+02 7.403562736046999362e+02
6.140146689019279620e+02 7.403403185247275360e+02
6.128415463041631028e+02 7.396818181818181301e+02
6.118915871639202351e+02 7.388213356461404828e+02
6.093509761388286279e+02 7.384642082429501215e+02
6.095284658843980878e+02 7.386227727075184930e+02
6.101286956521738603e+02 7.386343478260869233e+02
6.101335034013605991e+02 7.391224489795918089e+02
6.101090448013525247e+02 7.397016060862214317e+02
6.107363788767812594e+02 7.400523889354568610e+02
6.120495382031906502e+02 7.403408900083962862e+02
6.131398340248962313e+02 7.406618257261410463e+02
6.138728565453784540e+02 7.408716018402342343e+02
6.142746655518394618e+02 7.406555183946488796e+02
6.144473574698293987e+02 7.407299209321681701e+02
6.139323308270676307e+02 7.406069340016708793e+02
6.128966397277754368e+02 7.406852403232667257e+02
6.127016788635385183e+02 7.406104175634955027e+02
6.130366537300560594e+02 7.404877102199224055e+02
6.140199134199134505e+02 7.401268398268398414e+02
6.148716948417858248e+02 7.406246207195491706e+02
6.155806589644844280e+02 7.409559264013693110e+02
6.169425237683664136e+02 7.406184096802073782e+02
6.181121535181237050e+02 7.408460554371001763e+02
6.189490683229813612e+02 7.413950310559006311e+02
6.195428931875525222e+02 7.411400336417157177e+02
6.200619208087615561e+02 7.409806234203875874e+02
6.198158557046980377e+02 7.409677013422818845e+02
6.190054875474884284e+02 7.408720979316167359e+02
6.170537542662116266e+02 7.404923208191125923e+02
6.157280625543006636e+02 7.404092093831451393e+02
6.153877909530083343e+02 7.395898111550285421e+02
6.153610867659947417e+02 7.390468886941279152e+02
6.155551724137931160e+02 7.391741379310344655e+02
6.161880811496196202e+02 7.396546914623837665e+02
6.179355946758265645e+02 7.393009875483039650e+02
6.191363440860214951e+02 7.394881720430107634e+02
6.210278598564794947e+02 7.403596454200084054e+02
6.232086300795978104e+02 7.409807289484708690e+02
6.254525329927628263e+02 7.410349084716900734e+02
6.269945263157894715e+02 7.415599999999999454e+02
6.273212478920742114e+02 7.416357504215851577e+02
6.271124787775891036e+02 7.414227504244481679e+02
6.258647260273972961e+02 7.413270547945205635e+02
6.246697207678882933e+02 7.407024432809772634e+02
6.224882301656494974e+02 7.405396687009590551e+02
