6.302189597315435776e+02 7.397361577181208077e+02
6.296793248945148207e+02 7.395244725738397165e+02
6.286540722082283992e+02 7.393820319059614121e+02
6.277212837837837469e+02 7.387521114864864558e+02
6.269710391822827660e+02 7.381631175468484116e+02
6.264416135881103855e+02 7.380284501061571518e+02
6.256442470389171149e+02 7.380300338409475671e+02
6.247963512940177679e+02 7.383279592702588161e+02
6.248189948892675147e+02 7.389122657580919622e+02
6.253100775193798881e+02 7.387661498708010868e+02
6.256314432989690886e+02 7.389557560137457131e+02
6.252086361693030767e+02 7.394672937152629402e+02
6.246187772925763966e+02 7.387737991266375275e+02
6.242618243243243796e+02 7.395278716216216708e+02
6.236668083297917065e+02 7.391274968125796931e+02
6.232808602150537354e+02 7.387819354838709387e+02
6.228831615120275274e+02 7.390270618556701265e+02
6.226805084745762997e+02 7.389838983050847219e+02
6.228230050933785833e+02 7.389885398981324443e+02
6.234165605095541878e+02 7.391464968152865822e+02
6.237773019271949124e+02 7.390873661670235606e+02
6.234933103150625584e+02 7.390371169615882536e+02
6.232282051282051043e+02 7.394756410256410391e+02
6.229064377682403801e+02 7.391854077253218520e+02
6.222011245674740394e+02 7.389930795847750460e+02
6.215688390159689334e+02 7.389978420371169250e+02
6.204487951807228683e+02 7.390008605851979837e+02
6.205612157534246762e+02 7.392123287671232674e+02
6.212127659574467771e+02 7.390243161094224433e+02
6.222409638554216826e+02 7.389191049913941924e+02
6.234570578231292757e+02 7.388852040816326507e+02
6.241787216148023845e+02 7.390008410428931711e+02
6.247666385846672483e+02 7.392320977253580168e+02
6.243186026936026565e+02 7.394225589225588919e+02
6.236565014824227546e+02 7.393896653960185859e+02
6.223302637086646882e+02 7.398560066973628864e+02
6.212112676056337932e+02 7.397631241997439702e+02
6.199431962696057781e+02 7.396612971598134436e+02
6.185025662959794772e+02 7.397112917023097225e+02
6.174308216262239739e+02 7.398727117922520620e+02
6.170502793296088839e+02 7.397026214009454179e+02
6.177161070973226060e+02 7.398601784955376388e+02
6.179135750421585271e+02 7.400383642495784215e+02
6.174258714825703009e+02 7.400982780344393177e+02
6.160736040609136808e+02 7.396941624365482539e+02
6.145309473684210388e+02 7.399600000000000364e+02
6.126421671566569103e+02 7.396438471230575260e+02
6.108285351397121303e+02 7.401405588484335567e+02
6.092827938671209722e+02 7.402137989778534575e+02
6.083017277707542689e+02 7.408158449220395596e+02
6.082065491183878976e+02 7.411095717884130636e+02
6.088313508920986123e+02 7.411206457094307325e+02
6.104179041154009155e+02 7.408837505303351918e+02
6.113477523324851290e+02 7.408138252756573365e+02
6.117341402337228828e+02 7.408230383973289008e+02
6.113211125158028381e+02 7.406026127265065497e+02
6.105161702127659282e+02 7.401506382978723195e+02
6.094839812046134284e+02 7.400572404955147476e+02
6.084711661683041939e+02 7.400392994446817738e+02
6.081977975434137988e+02 7.402350698856416784e+02
6.086797138047138560e+02 7.404292929292929557e+02
6.097068172312839351e+02 7.407013801756587554e+02
6.109872448979591582e+02 7.398086734693877133e+02
6.115231759656652457e+02 7.395253218884120088e+02
6.132970168612191628e+02 7.404137483787288829e+02
6.133060271646859292e+02 7.405997453310695846e+02
6.132779906343124594e+02 7.405623669646657845e+02
6.122311241610738080e+02 7.408867449664429614e+02
6.122498950020999473e+02 7.405800083998319678e+02
6.124917337855023334e+02 7.402772361169987789e+02
6.128805216659654889e+02 7.403302482120319610e+02
6.135919225915018842e+02 7.401914177534707733e+02
6.138972431077694409e+02 7.400923141186299290e+02
6.144896437448218194e+02 7.400944490472245434e+02
6.147221750212404459e+02 7.395505522514868062e+02
6.143878406708595321e+02 7.401882599580712849e+02
6.140138888888889142e+02 7.403522727272727479e+02
6.129503784693018815e+02 7.405025231286795133e+02
6.125886584849766905e+02 7.401650444350401585e+02
6.117641791044776483e+02 7.399321961620469210e+02
6.114839255499153978e+02 7.399107445008460218e+02
6.120795892169447825e+02 7.398635002139494645e+02
6.131275684931506476e+02 7.397868150684931834e+02
6.145155201342281543e+02 7.402260906040268083e+02
6.156020108923335101e+02 7.404658567239212061e+02
6.160647993311036998e+02 7.404481605351170401e+02
6.161343408900083887e+02 7.407334172963895753e+02
6.159326077856843540e+02 7.407429886982000653e+02
6.159318278653599918e+02 7.404247976139753291e+02
6.153389902418327893e+02 7.404132371658888587e+02
6.154530785562632218e+02 7.403707006369427290e+02
6.161049913941479872e+02 7.402917383820998793e+02
6.175960884353740994e+02 7.397580782312925294e+02
6.192840034217280163e+02 7.395256629597946585e+02
6.211614827439284454e+02 7.394861525351512910e+02
6.229244966442953455e+02 7.397806208053691535e+02
6.241981411068863963e+02 7.395872412336290154e+02
6.256753412969283090e+02 7.392615187713311116e+02
6.254233853946813042e+02 7.395432672013507727e+02
6.244611111111111086e+02 7.392098290598290760e+02
6.235131133671742418e+02 7.394179357021996566e+02
6.234843750000000000e+02 7.394776182432432279e+02
6.238143939393939945e+02 7.394524410774411081e+02
6.248772593526691708e+02 7.395060949978982308e+02
6.255334174022698335e+02 7.397894073139974580e+02
6.266597192683964295e+02 7.399094002552105849e+02
6.287607959356477068e+02 7.401486028789162219e+02
6.297216148023549067e+02 7.399188393608073966e+02
6.295776371308016905e+02 7.400248945147678796e+02
6.286215306980656123e+02 7.396497056349874129e+02
6.275151387720774210e+02 7.394886459209419627e+02
6.267824606215410768e+02 7.390779054916986297e+02
6.258657917019475008e+02 7.387667231160033907e+02
6.254121621621621898e+02 7.390097128378378102e+02
6.252545375972342754e+02 7.387683664649956654e+02
6.256258561643835492e+02 7.390736301369862531e+02
6.260004199916002108e+02 7.399059218815623353e+02
6.261348739495798554e+02 7.399180672268907983e+02
6.255755119453924635e+02 7.396075085324232532e+02
6.247482225010455750e+02 7.401447093266415322e+02
6.243580246913579685e+02 7.395142613878246038e+02
6.236050847457627242e+02 7.394114406779660840e+02
6.231565253881661874e+02 7.396093159882501595e+02
6.224953897736797899e+02 7.395129924559932988e+02
6.223941943626419970e+02 7.394080774084981158e+02
6.229588581024348741e+02 7.392544080604534429e+02
6.235732430143946203e+02 7.390190516511430587e+02
6.240029749256268587e+02 7.391963450913726774e+02
6.235851788756388032e+02 7.393415672913117760e+02
