6.198235796668091098e+02 7.395540367364374106e+02
6.196738945578231323e+02 7.399761904761904816e+02
6.194719626168224522e+02 7.395263381478334850e+02
6.201460914139256602e+02 7.394075181546347721e+02
6.207568728522336414e+02 7.391228522336770084e+02
6.214594127806562938e+02 7.387905872193437062e+02
6.217863359442993669e+02 7.388768494342906479e+02
6.226841201716738396e+02 7.393781115879828576e+02
6.234230442176871065e+02 7.397491496598639742e+02
6.232613684657883368e+02 7.402035699107522078e+02
6.228721934369602877e+02 7.404917962003454477e+02
6.230878090366580864e+02 7.412173913043478706e+02
6.225570756733646931e+02 7.414027362120564248e+02
6.224055532183424475e+02 7.419251156920488484e+02
6.222982015892931713e+02 7.421250522793810660e+02
6.219724692926725993e+02 7.415772977551885106e+02
6.220423908435777776e+02 7.411114879186095550e+02
6.218748957464554223e+02 7.403098415346121328e+02
6.215241495170096186e+02 7.397030659386812204e+02
6.214843881856539838e+02 7.396843881856540293e+02
6.212069689336691454e+02 7.397514693534844810e+02
6.211053518752634091e+02 7.398824273072060578e+02
6.204976344086021527e+02 7.395346236559139470e+02
6.188999144568007296e+02 7.398579982891360487e+02
6.178040395358831347e+02 7.395827245380318118e+02
6.161177739430543170e+02 7.391574633304572899e+02
6.147730496453900741e+02 7.380966312056737024e+02
6.137857762359063827e+02 7.384947961838681749e+02
6.122203090507725847e+02 7.377231788079469652e+02
6.099212389380530794e+02 7.378473451327433850e+02
6.077528285465622275e+02 7.386357702349869214e+02
6.059536595928973384e+02 7.392576873105240338e+02
6.051283491789109803e+02 7.399135695764908860e+02
6.047157667386609319e+02 7.404159827213823064e+02
6.053412073490814009e+02 7.404540682414698267e+02
6.061396338867602935e+02 7.404129416773095045e+02
6.073268085106383296e+02 7.402608510638298185e+02
6.089449462365591899e+02 7.396511827956989009e+02
6.107614991482112146e+02 7.402086882453152157e+02
6.124118887015176824e+02 7.410012647554806335e+02
6.138309682804674594e+02 7.419866444073455796e+02
6.154947633012149026e+02 7.421411813992459656e+02
6.169073920265781226e+02 7.423197674418604493e+02
6.180271531607976385e+02 7.412617734408146362e+02
6.192219409282699871e+02 7.402687763713080358e+02
6.198497835497835240e+02 7.389787878787878981e+02
6.203010471204188434e+02 7.385754799301919320e+02
6.206449525452976559e+02 7.388330457290768436e+02
6.207979495941905270e+02 7.388615976078598351e+02
6.205135708227311397e+02 7.397938931297709360e+02
6.203292372881355732e+02 7.400432203389830192e+02
6.204539219888555408e+02 7.397629661380196922e+02
6.213044232437121082e+02 7.388928881179531345e+02
6.222464758650149861e+02 7.391268688594617515e+02
6.233786701208980503e+02 7.392124352331605905e+02
6.237860243055555429e+02 7.392243923611110858e+02
6.243946459412780996e+02 7.396878238341969336e+02
6.250803689064558739e+02 7.398212560386473342e+02
6.248308823529412166e+02 7.409982698961937331e+02
