6.109145516074449915e+02 7.409335871404399541e+02
6.105778977980888840e+02 7.396476942251765649e+02
6.105012679628064234e+02 7.379256128486897524e+02
6.105932482503087613e+02 7.367348703170029012e+02
6.105669291338582525e+02 7.359270617488602966e+02
6.105429524603836171e+02 7.346359466221852017e+02
6.101499176276771550e+02 7.346519769357496443e+02
6.100868127325340993e+02 7.345307978503514050e+02
6.101866501854141234e+02 7.345603625875567104e+02
6.100766652702136525e+02 7.348613322161709220e+02
6.093657142857142617e+02 7.364869387755102252e+02
6.081363823650597169e+02 7.371034198599093088e+02
6.072351495288816068e+02 7.388152396558787132e+02
6.067531645569620196e+02 7.393624472573840194e+02
6.067307692307692832e+02 7.410538461538461661e+02
6.072130584192440210e+02 7.416941580756014218e+02
6.081029728565273444e+02 7.430715208961654525e+02
6.089160536564257882e+02 7.441921246213760242e+02
6.107380952380951840e+02 7.451160173160172917e+02
6.122506654835847257e+02 7.451184560780834545e+02
6.134571051473823218e+02 7.456937967443906246e+02
6.143728668941979549e+02 7.456258532423207726e+02
6.143421501706484378e+02 7.454082764505119485e+02
6.143103302286198186e+02 7.439263336155800062e+02
6.143271028037382848e+02 7.423113848768053913e+02
6.141818181818181301e+02 7.406773784355179941e+02
6.139217644610903335e+02 7.396254681647940288e+02
6.136963394342761831e+02 7.377067387687187647e+02
6.135701934952655847e+02 7.369781803211197939e+02
6.127861842105263577e+02 7.360974506578946830e+02
6.116916155419222605e+02 7.359509202453987200e+02
6.108255670103093280e+02 7.358131958762886597e+02
6.103804392871943492e+02 7.356808951512639396e+02
6.107779156327543433e+02 7.361836228287841095e+02
6.117426804123711008e+02 7.367946391752577711e+02
6.129543946932006975e+02 7.377089552238805936e+02
6.136200417536534815e+02 7.391194154488517825e+02
6.138982112436116267e+02 7.397316865417376448e+02
6.140756159728122157e+02 7.412480883602379436e+02
6.142851027397259713e+02 7.424486301369862531e+02
6.147373565660858503e+02 7.435945601359966304e+02
6.152706032285472020e+02 7.445118946474086670e+02
6.156249449096518447e+02 7.445363596297928552e+02
6.154643628509719520e+02 7.455369330453563634e+02
6.151637931034482563e+02 7.455465517241378848e+02
6.148721030042918301e+02 7.451493562231759142e+02
6.145023574796399544e+02 7.446266609515645314e+02
6.140974468085106537e+02 7.433400000000000318e+02
6.131592844974446734e+02 7.418769165247018691e+02
6.130372565622353704e+02 7.406786621507196742e+02
6.130371607515658070e+02 7.397068893528183935e+02
6.131520395550061266e+02 7.383588792748248579e+02
6.131939319393194410e+02 7.372091020910208954e+02
6.131130756578946830e+02 7.357865953947368780e+02
6.128710073710074084e+02 7.352624897624897358e+02
6.129438248657579607e+02 7.348541924824452281e+02
6.132309917355371454e+02 7.347871900826446563e+02
6.133963265306122139e+02 7.354587755102040774e+02
6.134733824733824576e+02 7.364778869778870103e+02
6.136213671715104283e+02 7.373679901760131088e+02
6.135898734177214919e+02 7.382489451476793647e+02
6.136273187183811615e+02 7.394418212478921077e+02
6.140191489361702679e+02 7.404442553191489651e+02
6.160220713073005072e+02 7.414257215619694534e+02
6.181216503615482907e+02 7.424202467035304380e+02
6.198970650786899341e+02 7.432390472139514941e+02
6.213663535439794714e+02 7.441831767719897925e+02
6.217631923244657628e+02 7.437051897078063121e+02
6.226315331010453065e+02 7.444729965156794833e+02
6.243601713062098497e+02 7.443794432548179429e+02
6.256554549374729959e+02 7.442604570935748143e+02
6.265952483801295330e+02 7.431023758099352108e+02
6.271792777300086073e+02 7.416822871883060770e+02
6.274590451160753446e+02 7.400315374507226807e+02
6.278393626184323466e+02 7.385607235142118725e+02
6.276238993710692284e+02 7.373685534591195392e+02
6.264370643706437249e+02 7.362812628126281425e+02
6.248089068825911454e+02 7.353352226720647877e+02
6.229511201629327388e+02 7.346346232179225808e+02
6.218913223140496029e+02 7.337123966942149309e+02
6.213787251655629689e+02 7.338369205298013185e+02
6.212428274428274335e+02 7.336715176715176767e+02
6.208559704554780865e+02 7.345806319244973110e+02
6.209193881769326708e+02 7.352749069863580189e+02
6.209057394218684749e+02 7.358835358190196985e+02
6.211464753060363364e+02 7.367724778387505467e+02
6.219787414965986727e+02 7.379153911564625332e+02
6.221406991799741490e+02 7.390858869227449759e+02
6.230560000000000400e+02 7.401720000000000255e+02
6.239824253075571505e+02 7.411291739894552393e+02
6.246213425129087682e+02 7.429040447504303302e+02
6.248937389770723030e+02 7.430308641975308319e+02
6.246840034965034647e+02 7.440292832167832557e+02
6.243244308231173818e+02 7.432832749562171557e+02
6.237541703248463136e+02 7.428327480245829975e+02
6.228425643262102085e+02 7.420811164413431698e+02
6.231199134199134733e+02 7.409865800865800338e+02
6.226340734415030056e+02 7.398343296327924463e+02
6.225701606086221318e+02 7.389323753169907150e+02
6.223814609141392111e+02 7.374985049124305760e+02
6.217070279424216324e+02 7.359000846740050292e+02
6.217057346169945049e+02 7.356747593135203260e+02
6.213091286307053451e+02 7.352473029045643216e+02
6.217324542747767282e+02 7.340195661420672195e+02
6.224386038687972587e+02 7.340710681244743228e+02
6.236645911166459655e+02 7.347061021170610502e+02
6.245492957746479306e+02 7.351772990886495336e+02
6.253038651315789593e+02 7.359046052631579187e+02
6.264739057239057729e+02 7.368034511784511551e+02
6.272662173546756321e+02 7.376760741364785190e+02
6.281086769759450590e+02 7.382710481099655908e+02
6.288005977796755133e+02 7.400140905209223092e+02
6.291178494623655979e+02 7.410589247311827421e+02
6.292574385510996535e+02 7.418374299266924936e+02
6.293175704989154156e+02 7.432373101952277921e+02
6.295592017738358663e+02 7.435720620842572544e+02
6.302768828907270517e+02 7.439743143230300575e+02
6.309628334062090289e+02 7.437835592479229945e+02
6.319706666666667161e+02 7.435906666666667206e+02
6.329518019973946821e+02 7.435436387320885387e+02
6.339727154612386357e+02 7.427648332611520345e+02
6.337116616830414841e+02 7.422563007261853727e+02
6.326764083015671076e+02 7.412681067344345820e+02
6.306896842105263659e+02 7.395995789473683999e+02
6.288211586901762757e+02 7.383089840470192939e+02
6.270591237771161559e+02 7.374053594215228031e+02
6.259633638634471708e+02 7.366777685262281921e+02
6.253221113881961628e+02 7.361483790523690232e+02
6.241541632316570940e+02 7.361347897774113562e+02
6.223398502495840603e+02 7.354887687188020209e+02
6.210725642070933645e+02 7.361712189156135082e+02
6.202397540983606632e+02 7.370372950819671587e+02
6.202281573498964917e+02 7.378078674948239950e+02
6.204677824267782853e+02 7.388937238493723498e+02
6.215344974446337574e+02 7.397150766609880748e+02
6.227719224283305266e+02 7.414388701517706295e+02
6.239810181190681533e+02 7.419892148403796455e+02
6.244052287581699829e+02 7.438274509803922001e+02
6.244856020942407895e+02 7.446967713787086041e+02
6.244123488773748250e+02 7.453916234887738028e+02
6.246362439666520459e+02 7.458688021061868767e+02
6.247839859216893501e+02 7.460136383633963533e+02
6.249048031155343779e+02 7.455088706187797243e+02
6.244776378636561276e+02 7.444767694311767627e+02
6.236556437389771190e+02 7.426525573192240017e+02
6.229860200961118153e+02 7.414010484927915741e+02
6.220966010733452549e+02 7.396766547406082282e+02
6.209355257464301303e+02 7.387529208135006229e+02
6.197997427101200856e+02 7.373370497427100645e+02
6.194462809917355344e+02 7.371491735537190380e+02
6.195449275362318531e+02 7.363469979296065731e+02
6.196821963394343129e+02 7.355461730449251263e+02
6.198529900332225679e+02 7.354547342192690849e+02
6.199958350687213624e+02 7.356243231986671844e+02
6.203354088833540345e+02 7.359190535491904939e+02
6.210172124265322964e+02 7.363887489504618316e+02
6.214695727233491880e+02 7.368083728959861674e+02
6.218501920614596656e+02 7.376833119931711735e+02
6.222106392106392150e+02 7.390574860574860168e+02
6.220456874466268573e+02 7.405661827497865488e+02
6.218736170212765728e+02 7.416025531914893918e+02
6.214940867279894974e+02 7.420687691633814893e+02
6.211328701693443008e+02 7.434172818063395880e+02
6.204097130242826097e+02 7.438503311258277790e+02
6.194641443026836214e+02 7.446190057193136909e+02
6.180873533246414127e+02 7.449274228596262901e+02
6.169470459518599910e+02 7.443347921225382606e+02
6.156704545454545041e+02 7.435528846153846416e+02
6.144081543182815039e+02 7.426891714160456104e+02
6.142922134733158828e+02 7.419531933508311567e+02
6.138355263157894797e+02 7.406907894736841627e+02
6.136303056027164757e+02 7.394664685908319370e+02
6.133143100511073271e+02 7.379390971039182432e+02
6.126928512053200393e+02 7.366325852036575270e+02
6.118301425661913981e+02 7.359845213849287120e+02
6.104624325446243347e+02 7.350182648401826100e+02
6.089225438238891002e+02 7.350407664084793851e+02
6.069979244499792230e+02 7.345691158156911342e+02
6.057298874531054480e+02 7.350383493122134269e+02
6.050229837024655808e+02 7.353280401170079585e+02
6.056934548467273771e+02 7.362249378624688916e+02
6.066090794451449710e+02 7.369546027742749175e+02
6.082562189054726787e+02 7.382918739635157408e+02
6.091228741496598786e+02 7.392172619047619264e+02
6.095263157894736423e+02 7.403323429541595715e+02
6.106389008158007528e+02 7.413653928724775142e+02
6.119294623655913483e+02 7.429780645161290522e+02
6.125943029779888320e+02 7.437440656020716006e+02
6.138067043970396526e+02 7.445629081410535264e+02
6.138069948186528109e+02 7.453104490500863903e+02
6.141402070750647226e+02 7.454680759275237278e+02
6.143608923884514752e+02 7.447003499562554225e+02
6.144624728850325255e+02 7.438151843817787494e+02
6.143162830349531305e+02 7.428350383631714067e+02
6.134865327062847200e+02 7.408529286019665960e+02
6.124726810673442969e+02 7.391817026683609129e+02
6.120096882898062631e+02 7.381339511373209916e+02
6.119597039473684390e+02 7.368922697368420813e+02
6.116958143389971383e+02 7.354724409448818960e+02
6.110718096019696759e+02 7.350804267542059733e+02
6.102036885245901203e+02 7.349049180327868953e+02
6.097619439868204836e+02 7.347821252059308108e+02
6.097206726825266969e+02 7.349696472518457995e+02
6.105020678246485204e+02 7.357307692307692832e+02
6.113563786008230636e+02 7.364991769547325475e+02
6.125737085258294883e+02 7.371037379252414894e+02
6.136951781970649336e+02 7.388465408805031984e+02
6.149001243265644234e+02 7.400087028595110041e+02
6.157055417700579483e+02 7.412903225806451246e+02
6.158770562770562265e+02 7.417766233766233199e+02
6.153037809647979657e+02 7.425180356366796559e+02
6.144702864471996691e+02 7.434852501068833135e+02
6.136678260869565520e+02 7.443195652173913004e+02
6.129655322862129196e+02 7.442443280977312270e+02
6.125594925634295578e+02 7.444339457567804175e+02
6.121189655172413495e+02 7.441504310344827218e+02
6.120144619310931375e+02 7.433802637175670043e+02
6.116028728348120467e+02 7.424579636670891887e+02
6.115613430908308601e+02 7.405957813172622082e+02
6.115327972915785040e+02 7.395619974608548546e+02
6.117871434653044389e+02 7.377002979991485745e+02
6.119277661795407539e+02 7.368860125260960103e+02
6.119657731958762952e+02 7.355167010309278339e+02
6.121110652353427213e+02 7.344723369116433105e+02
6.121589679567207440e+02 7.337399084477735869e+02
6.120877626699628991e+02 7.339695096827358611e+02
6.124716356107660431e+02 7.338480331262940126e+02
6.126584158415842012e+02 7.344438943894389240e+02
6.121744234800838740e+02 7.353878406708595321e+02
6.111235632183908137e+02 7.363711001642036535e+02
6.099015215553677081e+02 7.371728655959425396e+02
6.093910497699707776e+02 7.384700961940610568e+02
6.092539750752041527e+02 7.390300816501934378e+02
6.092417677642980607e+02 7.404627383015597388e+02
6.100977086035451293e+02 7.418473843493299000e+02
6.112138200782268314e+02 7.430204259017817776e+02
6.127860892388451930e+02 7.434190726159230280e+02
6.141202475685233821e+02 7.438859416445623083e+02
6.148672254080282755e+02 7.444071460079400140e+02
6.149912510936133003e+02 7.444243219597550478e+02
6.151504273504273215e+02 7.437388888888889369e+02
6.153577201190983033e+02 7.428783496384517093e+02
6.154847457627118956e+02 7.410610169491525312e+02
6.156980491942324534e+02 7.392913486005088544e+02
6.156091806091806120e+02 7.375255255255254951e+02
6.147913369429404611e+02 7.366476468138275777e+02
6.139684778100373705e+02 7.355819162173371524e+02
6.131487603305785115e+02 7.348173553719008169e+02
6.123244370308590305e+02 7.340312760633861444e+02
6.113057404326123105e+02 7.339068219633943500e+02
6.106777915121549540e+02 7.342142562834775390e+02
6.107294745484400664e+02 7.347192118226600996e+02
6.118015644298064899e+02 7.357398106216550104e+02
6.127715588723051496e+02 7.364407131011608953e+02
6.137752951096121024e+02 7.374397133220910519e+02
6.143347386172006281e+02 7.392845699831366346e+02
6.147365977205571426e+02 7.404065006331785526e+02
6.160600522193211646e+02 7.408720626631853747e+02
6.174760051880674609e+02 7.426381322957198563e+02
6.180805283340434926e+02 7.435730720068172559e+02
6.188348544111255478e+02 7.444910908300738583e+02
6.188354430379746418e+02 7.448694893059798687e+02
