6.335180356366796559e+02 7.340382442416340609e+02
6.280239651416121660e+02 7.346832244008714952e+02
6.217248468941381816e+02 7.348062117235346022e+02
6.171751536435469916e+02 7.354468832309042909e+02
6.126886543535620149e+02 7.363438874230430429e+02
6.079407923378319083e+02 7.366817588158467061e+02
6.051863539445629385e+02 7.381535181236673679e+02
6.027307370184254296e+02 7.398040201005024983e+02
5.996174384647475790e+02 7.409407592824363746e+02
5.976100707449022593e+02 7.416129837702870873e+02
5.958486486486486911e+02 7.427879417879418043e+02
5.947849150435142747e+02 7.440613344384584025e+02
5.942240506329113714e+02 7.448143459915611402e+02
5.925891213389121503e+02 7.454079497907949872e+02
5.899804587935428799e+02 7.456945624468988854e+02
5.874643799472295314e+02 7.459503078276164842e+02
5.870670731707317600e+02 7.464529616724738617e+02
5.878188073394495632e+02 7.454247706422017927e+02
5.907051056338028729e+02 7.465070422535211492e+02
5.934129116117851481e+02 7.462954939341420868e+02
5.958698868581375336e+02 7.458955613577023769e+02
5.987924610051993568e+02 7.451217504332755652e+02
6.028915355168013548e+02 7.455806039982985567e+02
6.096568668626626959e+02 7.450634187316253474e+02
6.208235053235052874e+02 7.440941850941851499e+02
6.251900167785234999e+02 7.426304530201342686e+02
6.268563440860215223e+02 7.414477419354839185e+02
6.295136778115501102e+02 7.400651324359531600e+02
6.329991503823279118e+02 7.392221750212404459e+02
6.361791373239436780e+02 7.372680457746479306e+02
6.378669928825622719e+02 7.359844306049822080e+02
6.392574877067501120e+02 7.351010281627179666e+02
6.393483455882352473e+02 7.340238970588235361e+02
6.402134387351778742e+02 7.344488361879666627e+02
6.412551107325383555e+02 7.347908858603066165e+02
6.426967005076141959e+02 7.343396785109982829e+02
6.436633123689726972e+02 7.344201257861635668e+02
6.429111759799833408e+02 7.344153461217681524e+02
6.411866048862679008e+02 7.340240101095198497e+02
6.386840753424658033e+02 7.341652397260273801e+02
6.351040068201193662e+02 7.348367433930093284e+02
6.306709956709956941e+02 7.347034632034632295e+02
6.249773814702044774e+02 7.352866463679861226e+02
6.192036379769299401e+02 7.356131322094055349e+02
6.145199999999999818e+02 7.362498876404494013e+02
6.104518388791593679e+02 7.369238178633975167e+02
6.063604701784936424e+02 7.382494558119285557e+02
6.035992317541613374e+02 7.392492530943235352e+02
5.977265170407315509e+02 7.421263507896924239e+02
