6.310907526881720742e+02 7.415152688172042872e+02
6.293629310344828127e+02 7.405737068965516983e+02
6.272947952218430601e+02 7.391787542662116266e+02
6.251046363249680553e+02 7.377809442790302228e+02
6.223743718592965024e+02 7.371172529313232644e+02
6.194313395113731531e+02 7.355930918281381992e+02
6.172626050420168440e+02 7.352008403361344335e+02
6.156504937741519825e+02 7.343920137398024508e+02
6.146608040201004997e+02 7.347893634840870618e+02
6.140158730158730123e+02 7.349732664995823370e+02
6.137348484848484986e+02 7.359364478114478061e+02
6.138732394366197695e+02 7.366999573196756046e+02
6.143575731497418246e+02 7.373833907056798580e+02
6.156199913830245123e+02 7.389017664799655449e+02
6.175649017933390041e+02 7.402984628522630146e+02
6.197879692832764249e+02 7.414470989761092596e+02
6.213414425949637234e+02 7.428971404182672131e+02
6.220972812234494995e+02 7.435866610025489081e+02
6.223340545218520674e+02 7.438554738208567869e+02
6.221609987085664670e+02 7.442539819199311069e+02
6.220924956369982510e+02 7.440780977312390405e+02
6.218405228758169869e+02 7.428514161220043661e+02
6.211806034482758605e+02 7.422849137931034420e+02
6.192665549036044013e+02 7.417669740150880671e+02
6.170437925170067501e+02 7.406139455782313235e+02
6.134562231759656470e+02 7.387660944206008935e+02
6.104989535370448266e+02 7.388568438677270933e+02
6.082507349853002552e+02 7.377547249055019165e+02
6.050506756756756204e+02 7.360979729729730252e+02
6.037459459459458913e+02 7.362199584199584024e+02
6.028485973597360044e+02 7.362277227722772750e+02
6.024889904445367392e+02 7.360141254673867479e+02
6.026782718120805384e+02 7.360625000000000000e+02
6.044290388548057535e+02 7.368723926380367857e+02
6.067096097356273958e+02 7.369454469156524965e+02
6.098413562159900039e+02 7.378057764755127437e+02
6.131214043993231826e+02 7.384682741116751004e+02
6.161477369769428378e+02 7.393044406490179199e+02
6.190631214872460077e+02 7.400544747081712558e+02
6.220990566037735334e+02 7.411732418524870809e+02
6.248045080190723866e+02 7.422384048547897919e+02
6.275017137960583113e+02 7.433693230505570000e+02
6.301000000000000227e+02 7.437086206896551630e+02
6.313423110338835613e+02 7.439231103388358406e+02
6.322076526225279167e+02 7.434948409286328115e+02
6.321856467554791834e+02 7.432587021916631329e+02
6.311907439446366652e+02 7.426829584775086914e+02
6.303720328010358571e+02 7.416512731981009665e+02
6.290473397570171983e+02 7.413766233766233427e+02
6.268498322147651152e+02 7.400545302013422315e+02
6.247488352393054356e+02 7.388805590851334273e+02
6.223545799915576708e+02 7.373406500633178666e+02
6.194269893355209433e+02 7.368527481542247415e+02
6.169373949579832015e+02 7.355655462184873841e+02
6.145981308411214741e+02 7.348585386576040719e+02
6.134456155143338947e+02 7.349544688026981021e+02
6.130079932688262261e+02 7.358233066891039016e+02
