6.221035375323555172e+02 7.401402070750647226e+02
6.219066780821917746e+02 7.402773972602740287e+02
6.208035102739726199e+02 7.403497431506849580e+02
6.195985463873449817e+02 7.408294142796066808e+02
6.176042462845010732e+02 7.405070063694267901e+02
6.156055084745762542e+02 7.409110169491525539e+02
6.146362858365425836e+02 7.411086863500213440e+02
6.139822710004220880e+02 7.413322076825664908e+02
6.142997459779847986e+02 7.414462320067739256e+02
6.150567226890756274e+02 7.419319327731092244e+02
6.159424703891709214e+02 7.421243654822335429e+02
6.174770484770484700e+02 7.417794937794938051e+02
6.193330522765598971e+02 7.418174536256324245e+02
6.213440170940170901e+02 7.410004273504273442e+02
6.230334476843910352e+02 7.402032590051458101e+02
6.233483333333333576e+02 7.401141666666666197e+02
6.229723404255319110e+02 7.392344680851064140e+02
6.220507246376811281e+02 7.385895140664961218e+02
6.207960220059246694e+02 7.384460431654675858e+02
6.195981308411214741e+02 7.387527612574341447e+02
6.179233361415332411e+02 7.388525695029486542e+02
6.166556543837357367e+02 7.391876323591698110e+02
6.154305960817007417e+02 7.400637765735723406e+02
6.149371838111298985e+02 7.405801011804384189e+02
6.149201698513800238e+02 7.408747346072186701e+02
6.156428571428571104e+02 7.410239520958083403e+02
6.162863869863014088e+02 7.408745719178082254e+02
6.162582019599489058e+02 7.410545377077120293e+02
6.159658659924147059e+02 7.410109565950274373e+02
6.157913188647746665e+02 7.403535058430717299e+02
6.155291878172588440e+02 7.395093062605752721e+02
6.151688699360340706e+02 7.390882729211087963e+02
6.148675525075010455e+02 7.387908272610372933e+02
6.150012695725772573e+02 7.387617435463394031e+02
6.155772011909825778e+02 7.387430880476392758e+02
6.157627475769069179e+02 7.393805309734513003e+02
6.161838392475416413e+02 7.399696451474989090e+02
6.176185567010309114e+02 7.405176116838488269e+02
6.190429737859905117e+02 7.410313708637730770e+02
6.200197424892703566e+02 7.416875536480686151e+02
6.201692896639727905e+02 7.427435133985537732e+02
6.201217649554517948e+02 7.430254560882477790e+02
6.201896258503401214e+02 7.430437925170067501e+02
6.200318606627017743e+02 7.426512319456244313e+02
6.197031712473573180e+02 7.419471458773784889e+02
6.187833474936278435e+02 7.410671197960917880e+02
6.180211954217888888e+02 7.401038575667655550e+02
6.179738534076296901e+02 7.392717531075868465e+02
6.182579564489112727e+02 7.395234505862646301e+02
6.187491423670669519e+02 7.386110634648370024e+02
6.190077386070507828e+02 7.386779879621667533e+02
6.193797953964194676e+02 7.390191815856777566e+02
6.190148872820076349e+02 7.395219055720970118e+02
6.184667524667524958e+02 7.396404976404976424e+02
6.169337889790688223e+02 7.403695002135839331e+02
6.150500863557858793e+02 7.402202072538859738e+02
6.134491272882077055e+02 7.402907620263941908e+02
6.121858108108108354e+02 7.399869087837837469e+02
6.118462510530749796e+02 7.401145745577084654e+02
6.115113160100586356e+02 7.396098072087174842e+02
6.118088607594936548e+02 7.392210970464135471e+02
6.135254022015241162e+02 7.386841659610499846e+02
6.157948283170835566e+02 7.378516320474777785e+02
6.176777493606138023e+02 7.376027280477408112e+02
6.195745501285347245e+02 7.372994858611825748e+02
6.212429866206301767e+02 7.375412170910660734e+02
6.225236051502146211e+02 7.378742489270385931e+02
6.228659265584969944e+02 7.389214346712211636e+02
6.221312607944731781e+02 7.388000863557858793e+02
6.214555984555984196e+02 7.396314886314886508e+02
6.202326989619376718e+02 7.401868512110726215e+02
6.187898305084745516e+02 7.413699152542372985e+02
6.177411964361476748e+02 7.418744166313109645e+02
6.165156912637828555e+02 7.421000848176420277e+02
6.168690273037542511e+02 7.420000000000000000e+02
6.176624365482233543e+02 7.422280033840947908e+02
6.190241275312365588e+02 7.420762602326583419e+02
6.207399065023374760e+02 7.420607734806629878e+02
6.209695431472081282e+02 7.417220812182740701e+02
6.216900292031706385e+02 7.420179390905298078e+02
6.217224318658280708e+02 7.417320754716980673e+02
6.212267564156500157e+02 7.414429953723180233e+02
6.200635665529010794e+02 7.414219283276451051e+02
6.191359931359930897e+02 7.411728871728871582e+02
6.171828908554572308e+02 7.418255372945637873e+02
6.156863500213949010e+02 7.421078305519897640e+02
6.149276174062904374e+02 7.422283498492029139e+02
6.149692107545533872e+02 7.423243712055507331e+02
6.154787052810902424e+02 7.428283645655877763e+02
6.165515021459227682e+02 7.432862660944206254e+02
6.174256233877902105e+02 7.431220980223559991e+02
6.193211488250652792e+02 7.427615317667537056e+02
6.212966425839354088e+02 7.427862303442414031e+02
6.228881209503239234e+02 7.416453563714902657e+02
6.241404682274247762e+02 7.413336120401337439e+02
