6.110573028866867844e+02 7.387074536837569667e+02
6.104560274560274138e+02 7.388768768768768496e+02
6.099270072992700307e+02 7.388578789179905471e+02
6.103791161178509128e+02 7.386048526863085044e+02
6.110394451668834108e+02 7.385314260944950320e+02
6.121035386631716619e+02 7.386028833551769139e+02
6.130639210639210432e+02 7.391977691977691620e+02
6.140691283812794836e+02 7.392576212966938556e+02
6.156272921108742366e+02 7.395718550106610110e+02
6.185635888501742556e+02 7.395000000000000000e+02
6.210736936132201436e+02 7.390102724430549870e+02
6.230677361853832963e+02 7.388801247771835961e+02
6.247082053532251393e+02 7.389627029398859577e+02
6.262939393939393540e+02 7.397935064935064702e+02
6.273330411919368998e+02 7.394715162138475080e+02
6.276064204045734414e+02 7.394591029023746387e+02
6.269395796847635438e+02 7.396024518388791194e+02
6.249655913978494937e+02 7.394352688172042463e+02
6.232582724538032153e+02 7.395053717232487998e+02
6.218116197183098848e+02 7.387416373239436780e+02
6.198824553765781502e+02 7.389943404440574568e+02
6.179753779697624623e+02 7.390596112311014849e+02
6.159908893709327913e+02 7.385956616052060326e+02
6.139582436504520047e+02 7.390266896254843232e+02
6.125490026019081142e+02 7.387263660017346183e+02
6.115585083583368942e+02 7.391714530647235506e+02
6.102409995764506903e+02 7.393041084286319347e+02
6.098039552880482006e+02 7.387644024075666493e+02
6.092994350282485811e+02 7.387170795306388982e+02
6.108186167899086740e+02 7.386350587211830998e+02
