6.190582683627410461e+02 7.410422650800163638e+02
6.186887500000000273e+02 7.407612500000000182e+02
6.170279720279720550e+02 7.406273138626079344e+02
6.153642131979695478e+02 7.399365482233502007e+02
6.138872881355931668e+02 7.395593220338982974e+02
6.117447983014861848e+02 7.391167728237792289e+02
6.095763589301121783e+02 7.389525452976704400e+02
6.081225806451612925e+02 7.391238709677419365e+02
6.080012853470436767e+02 7.393517566409597066e+02
6.089297863061491398e+02 7.390763192324466218e+02
6.091946702800361209e+02 7.386680216802168388e+02
6.102402334979793750e+02 7.393183655141446025e+02
6.137222940922811176e+02 7.403294523501509730e+02
6.168619948409286735e+02 7.409398108340499221e+02
6.198075789473683699e+02 7.417541052631578395e+02
6.216024818142918775e+02 7.418682071031236092e+02
6.243366379310344882e+02 7.422383620689655572e+02
6.271187019641332654e+02 7.425303159692570034e+02
6.312824171212756710e+02 7.421351237935375593e+02
6.338317407561279424e+02 7.423531366846697210e+02
6.338450353136685180e+02 7.421175737432488404e+02
6.309198152812762146e+02 7.416544920235096470e+02
6.272681564245809795e+02 7.409596046411688803e+02
6.245576839355680931e+02 7.401097083151937568e+02
6.229575021682567240e+02 7.399965307892454121e+02
6.211477469670710434e+02 7.393123916811091476e+02
6.185353176366060097e+02 7.386610395379831289e+02
6.156119068934646066e+02 7.380461056401073847e+02
6.140470852017937204e+02 7.377318385650223718e+02
6.128365514144588815e+02 7.378361023798833003e+02
6.118434589800443746e+02 7.380337028824833396e+02
6.117692652329749308e+02 7.379551971326164903e+02
6.132519788918206132e+02 7.384630606860158650e+02
6.150239338555265931e+02 7.392271540469973843e+02
6.165492835432045240e+02 7.394350846721667949e+02
6.191983613626563283e+02 7.402005174644243652e+02
6.217819924968737269e+02 7.413693205502293040e+02
6.227571308724832306e+02 7.417651006711408854e+02
6.224845961698584915e+02 7.419092422980849051e+02
6.207561388653683707e+02 7.418073666384419766e+02
6.194949706621961241e+02 7.421735121542329807e+02
6.187207130730050721e+02 7.418382852292020289e+02
6.187686787674124389e+02 7.417526382439848476e+02
6.183389544688027399e+02 7.416901349072512630e+02
6.162543972543973041e+02 7.412355212355212188e+02
6.114906997342781096e+02 7.402595217006199846e+02
6.071534271448025493e+02 7.396831593281888217e+02
6.059067081297200730e+02 7.396983562860950769e+02
6.067473913043478433e+02 7.391808695652173355e+02
6.074013810962451316e+02 7.391350884764782450e+02
6.068523748395379016e+02 7.394471544715447635e+02
6.068123938879456318e+02 7.394019524617996240e+02
6.067665016501649689e+02 7.400156765676567829e+02
6.070783107831077814e+02 7.401627716277163245e+02
6.081339576547230763e+02 7.405223941368078613e+02
6.090679062247372713e+02 7.408694421988682279e+02
6.096822810590631434e+02 7.409319755600814688e+02
6.101043549712408094e+02 7.413097781429745510e+02
6.115891406584009928e+02 7.403907652843095093e+02
6.143731085170774122e+02 7.404846519671422129e+02
6.166380708493384191e+02 7.408378147673922740e+02
6.165572552447551971e+02 7.404208916083915710e+02
6.154285714285714448e+02 7.405621406457320290e+02
6.152834751455441165e+02 7.403694581280788043e+02
6.161828145550197178e+02 7.410732135028496259e+02
6.185098988121425236e+02 7.413453585569731104e+02
6.219066029539530973e+02 7.413197219808861291e+02
6.227572278911565036e+02 7.413090986394557831e+02
6.220608108108108354e+02 7.416807432432432279e+02
6.198558020477815944e+02 7.411062286689419807e+02
6.194521186440678093e+02 7.408605932203389557e+02
6.194276288659793863e+02 7.414540206185566831e+02
6.192402783462955540e+02 7.414997953336062437e+02
6.184897119341563894e+02 7.408534979423868663e+02
6.176537499999999454e+02 7.403937499999999545e+02
6.155873083475297562e+02 7.395856047700170848e+02
6.134419396001701443e+02 7.392739259889408459e+02
6.108949167022640268e+02 7.390452797949594697e+02
6.087912326388889142e+02 7.389396701388889142e+02
6.089899122807017875e+02 7.391649122807017420e+02
6.095854203935599571e+02 7.390617173524150303e+02
6.100917050691243730e+02 7.392064516129032654e+02
6.117652254765225734e+02 7.389632728963273394e+02
6.144773735581188703e+02 7.402519964507541772e+02
6.202781343602910056e+02 7.424920838682071462e+02
