6.126858704793944526e+02 7.398885618166526683e+02
6.118892190152801049e+02 7.396116298811544993e+02
6.115288178376104042e+02 7.396647034076567024e+02
6.110243589743589609e+02 7.394410256410255897e+02
6.108106382978722877e+02 7.393910638297871856e+02
6.113381725021349666e+02 7.393864218616566859e+02
6.115974736842105131e+02 7.393566315789473720e+02
6.117165056698866010e+02 7.392771944561109194e+02
6.118013496415014743e+02 7.391687051876845089e+02
6.115712484237074023e+02 7.390970996216898357e+02
6.104993689524610545e+02 7.390471182162389141e+02
6.093100511073254211e+02 7.389011925042589155e+02
6.087043701799485689e+02 7.388440445586975329e+02
6.080817186183655849e+02 7.392156697556865765e+02
6.083880152996175639e+02 7.394764130896727465e+02
6.092457627118643586e+02 7.395457627118644268e+02
6.096986991187578724e+02 7.396546370121695873e+02
6.098387505276488127e+02 7.396471084845926498e+02
6.096007556675062915e+02 7.398778337531485931e+02
6.090649565577161866e+02 7.402474141497724531e+02
6.089764072847682428e+02 7.400413907284768129e+02
6.089659185369908982e+02 7.397689110556940477e+02
6.089312080536913072e+02 7.395931208053691535e+02
6.084113533525297726e+02 7.401098313451254853e+02
6.082246346555323271e+02 7.397052192066805674e+02
6.081921618204803508e+02 7.394369995785924630e+02
6.082284003421727903e+02 7.392784431137724823e+02
6.086779298545765187e+02 7.391197604790419291e+02
6.093768865890469897e+02 7.386645105648987055e+02
6.102624203821656010e+02 7.392360934182589745e+02
6.108256212510710839e+02 7.391311053984576347e+02
6.112798649219080289e+02 7.394563106796116472e+02
6.110232952138924247e+02 7.395400254129606310e+02
6.111632047477744436e+02 7.397761763459093345e+02
6.111039396479463903e+02 7.401466890192791652e+02
6.114562499999999545e+02 7.403116666666666106e+02
6.118602105263157682e+02 7.401082105263158155e+02
6.126877370417192878e+02 7.400598398651495700e+02
6.128988954970263876e+02 7.397689039932030255e+02
6.130578303081468903e+02 7.397636133389615907e+02
6.133184713375795809e+02 7.395600849256900347e+02
6.133025316455696156e+02 7.396645569620253582e+02
6.134840493407060649e+02 7.397086346235644214e+02
6.135298349555649793e+02 7.399335590351248584e+02
6.136063157894736833e+02 7.402425263157895188e+02
6.135741989881955760e+02 7.401812816188870556e+02
6.139316561844864282e+02 7.401970649895177985e+02
6.141530698065600973e+02 7.402363330529857421e+02
6.143423913043478706e+02 7.403147993311036998e+02
6.146103404791929279e+02 7.401088692728036449e+02
6.145852631578947012e+02 7.399010526315789775e+02
6.143752115059221524e+02 7.397999153976311391e+02
6.141200167855644168e+02 7.401095258078053121e+02
6.142187761944677504e+02 7.401165129924560233e+02
6.140910240202275645e+02 7.399911504424778741e+02
6.140854483925550085e+02 7.399606598984771608e+02
6.138901006711408854e+02 7.398989093959731917e+02
6.137411167512690326e+02 7.395972927241962225e+02
6.137906779661017254e+02 7.393949152542372758e+02
6.139755377477857792e+02 7.396765078026148785e+02
6.150407734342160211e+02 7.396258932324506077e+02
6.162645962732918861e+02 7.402836438923395690e+02
6.166855006231824063e+02 7.401616119651017698e+02
6.167414736842105185e+02 7.401103157894737024e+02
6.166737677527150936e+02 7.404419381787803331e+02
6.162245069240452722e+02 7.403990767939571924e+02
6.157402542372881271e+02 7.403330508474575709e+02
6.153281512605042280e+02 7.404222689075630797e+02
6.158692178301093918e+02 7.402598822539949879e+02
6.166238919375264231e+02 7.400975094976784021e+02
6.174294142435735466e+02 7.396708807416772515e+02
6.185705931495405139e+02 7.398876357560568522e+02
6.188150770512286272e+02 7.400953769262806645e+02
6.186777685262281921e+02 7.399983347210658167e+02
6.182868442964196447e+02 7.399679433805162034e+02
6.181627132750728606e+02 7.397981689554723062e+02
6.182244306418219821e+02 7.399018633540372321e+02
6.187174273858921651e+02 7.398668049792530610e+02
6.192895816242821638e+02 7.398580803937653627e+02
6.200058675607712075e+02 7.395607711651299496e+02
6.213491379310345337e+02 7.386693965517241622e+02
6.221059771089444439e+02 7.389152183128444449e+02
6.222973661852166742e+02 7.390785896346643540e+02
6.235975660931599123e+02 7.394532102391942772e+02
6.244338422391857648e+02 7.393367260390160709e+02
6.245483596080101734e+02 7.392526629740093540e+02
6.244774083546461725e+02 7.392693947144075537e+02
6.244764130896727465e+02 7.392494687632809018e+02
6.243848421052631465e+02 7.392404210526316319e+02
6.244304384485666333e+02 7.392870994940977880e+02
6.245915966386554601e+02 7.393361344537814830e+02
6.247825349724460011e+02 7.392428995337006654e+02
6.250283298097251645e+02 7.393327695560253687e+02
6.248910093299406299e+02 7.392120441051738453e+02
6.245099787685775254e+02 7.392509554140127648e+02
6.242917202917202530e+02 7.389755469755469903e+02
6.240213857998288631e+02 7.390192472198459654e+02
6.236724576271186606e+02 7.391987288135593417e+02
6.235693215339233575e+02 7.392671723556679808e+02
6.235344974446337574e+02 7.389467632027257196e+02
6.235082872928177267e+02 7.389400764980875920e+02
6.241142250530785986e+02 7.389991507430997899e+02
6.244897348160820911e+02 7.386740804106073028e+02
6.247580782312925294e+02 7.387640306122449374e+02
6.251796075085323992e+02 7.388558020477815944e+02
6.248229299363057407e+02 7.388891719745222417e+02
6.245868725868725733e+02 7.387048477048476798e+02
6.242082623509369341e+02 7.391980408858603369e+02
6.238661821291150318e+02 7.390739632321505042e+02
6.237760372565622902e+02 7.392510584250635475e+02
6.238175618073315718e+02 7.391040068201193662e+02
6.236298673513050517e+02 7.389572100984167946e+02
6.237015684612123323e+02 7.391691394658753325e+02
6.237486128894579451e+02 7.391203585147246713e+02
6.239572466866181912e+02 7.390940572894398883e+02
6.248339719029373782e+02 7.392332907620263995e+02
6.258259023354564761e+02 7.394938428874734200e+02
6.260775646371976109e+02 7.400825688073394986e+02
6.263453027139875076e+02 7.401002087682671799e+02
6.259349559378933918e+02 7.399857322702475813e+02
6.249702928870292453e+02 7.399158995815899971e+02
6.245738325620529849e+02 7.396302061421960161e+02
6.238909932659933020e+02 7.397348484848484986e+02
6.243578637510513545e+02 7.398200168208578589e+02
6.247655922980326295e+02 7.398363331938049896e+02
6.249696714406065894e+02 7.397978096040437777e+02
6.251057529610828851e+02 7.397813028764805949e+02
6.251843881856540293e+02 7.400232067510548859e+02
6.248510727808161391e+02 7.399638199411022015e+02
6.248503937007874356e+02 7.402005801906340139e+02
6.250216396171451834e+02 7.401019558884727303e+02
6.260557172557172407e+02 7.398927234927234622e+02
6.272421580928481717e+02 7.398686741948974941e+02
6.286018287614297151e+02 7.398765586034912758e+02
6.302274476271910544e+02 7.396006840530141062e+02
6.307761194029850458e+02 7.396443496801705351e+02
6.306486486486486456e+02 7.395199485199485707e+02
6.294627568493150420e+02 7.398347602739726199e+02
6.283005510809665566e+02 7.398245019075880009e+02
6.273198970840480797e+02 7.397397084048027409e+02
6.263118957545186731e+02 7.400731399747793375e+02
6.249603141794129897e+02 7.405564282761471304e+02
6.244705638474295029e+02 7.404987562189054415e+02
6.242559670781893146e+02 7.404748971193415628e+02
6.242966942148760836e+02 7.406851239669421147e+02
6.241885856079404675e+02 7.406889991728701261e+02
6.241159299416179920e+02 7.407806505421184511e+02
6.240142857142857338e+02 7.405369747899159165e+02
6.233916737468139218e+02 7.401125743415462921e+02
6.229064989517819413e+02 7.404033542976939088e+02
6.226154811715481401e+02 7.402979079497907833e+02
6.221124111993314045e+02 7.402310906811533187e+02
6.219195111672987650e+02 7.400151706700379464e+02
6.216923076923077360e+02 7.399694816053511204e+02
6.217870722433459605e+02 7.398086185044360263e+02
6.218811040339702458e+02 7.398335456475583669e+02
6.219808592088472778e+02 7.399787324542747911e+02
6.219744027303754592e+02 7.399974402730375687e+02
6.217506276150627400e+02 7.402606694560669212e+02
6.215010624734381963e+02 7.402656183595410084e+02
6.207764656263179859e+02 7.401914803880218869e+02
6.202332912988650833e+02 7.399319041614123762e+02
6.198216398985629212e+02 7.398710904480135468e+02
6.196789184621884488e+02 7.393933248838192185e+02
6.196873417721518535e+02 7.393101265822784853e+02
6.193373185311698990e+02 7.391588385994875807e+02
6.195662701784196997e+02 7.393160577740017061e+02
6.196171941830624519e+02 7.392553464499571874e+02
6.196308351177730174e+02 7.393571734475374342e+02
6.200094461142120963e+02 7.392279948475741094e+02
6.207973773265651971e+02 7.395850253807107038e+02
6.213579351535836395e+02 7.396412116040955880e+02
6.213117048346056208e+02 7.396433418150975285e+02
6.208781638781638321e+02 7.390265980265979806e+02
6.198736707783921247e+02 7.393700552956188403e+02
6.194342273307790947e+02 7.394278416347382290e+02
6.193209718670076427e+02 7.395063938618925476e+02
6.196002532714225026e+02 7.397112705783031288e+02
6.201505922165820266e+02 7.396218274111674873e+02
6.202087771623348544e+02 7.398287175117170591e+02
6.203103302286198186e+02 7.397485182049110790e+02
6.204556213017751816e+02 7.397400676246829789e+02
6.204803714647530342e+02 7.396572393414943463e+02
6.206334610472541726e+02 7.395602383993189051e+02
6.209455319148936496e+02 7.399800000000000182e+02
6.210921775898519854e+02 7.399873150105707964e+02
6.213518518518518476e+02 7.399848484848484986e+02
6.214445388865278801e+02 7.398172545686358035e+02
6.213387441264417248e+02 7.395420760358821326e+02
6.206694772344013700e+02 7.400071669477234764e+02
6.195832618025750662e+02 7.396506437768240403e+02
6.179623126338329939e+02 7.395845824411135254e+02
6.164942528735632550e+02 7.394363558961259741e+02
6.154918454935622094e+02 7.391781115879828121e+02
6.153171247357294078e+02 7.394596194503171773e+02
6.155650510204081911e+02 7.395182823129251801e+02
6.158893563315102710e+02 7.397147665124106197e+02
6.160638569604086570e+02 7.396475095785440317e+02
6.163438685208597008e+02 7.400859671302149536e+02
6.162031118587048013e+02 7.403376787216147932e+02
6.162630912162162531e+02 7.402884290540540633e+02
6.162087542087541578e+02 7.404924242424242493e+02
6.159348465741908285e+02 7.403476250525430942e+02
6.157742071881606307e+02 7.398917547568710233e+02
6.149336170212766319e+02 7.397599999999999909e+02
6.141216216216216708e+02 7.402001689189189619e+02
6.137123576549978452e+02 7.401779839730071444e+02
6.135527871621621898e+02 7.402491554054054177e+02
6.136675180928054942e+02 7.403392933163048610e+02
6.137664418212478949e+02 7.402301854974705293e+02
6.142316971713810290e+02 7.408223793677204867e+02
6.147896277708072148e+02 7.404491844416562571e+02
6.147658148303310099e+02 7.401105990783410107e+02
6.148323504633530092e+02 7.397565290648693690e+02
6.146805497709287920e+02 7.400029154518950918e+02
6.143737965676015165e+02 7.401368773545416389e+02
6.140854063018242641e+02 7.401662520729685184e+02
6.140697577276524726e+02 7.401900584795321265e+02
6.142947589098532717e+02 7.400050314465408974e+02
6.143435789473684281e+02 7.399056842105262604e+02
6.141622306717363244e+02 7.397638360794254595e+02
6.141429182712879538e+02 7.397869062901155530e+02
6.142945205479452397e+02 7.398095034246575779e+02
6.145549915397631366e+02 7.398718274111674873e+02
6.148027038445289918e+02 7.397684833122095824e+02
6.149162829635830576e+02 7.399300962745918468e+02
6.149193682460515902e+02 7.401197007481297305e+02
6.148514522821576520e+02 7.404531120331949978e+02
6.144764877236787015e+02 7.405239284228048291e+02
6.138569636135507608e+02 7.403513174404015444e+02
6.131527032604209353e+02 7.406636401155592466e+02
6.131340292275574484e+02 7.405327766179540276e+02
6.131218592964823983e+02 7.403174204355109396e+02
6.131487394957982815e+02 7.401231092436975132e+02
6.132678194854491949e+02 7.400552509489666591e+02
6.130557885906040383e+02 7.398439597315435776e+02
6.123839697859840498e+02 7.397922786403693181e+02
6.118126315789473892e+02 7.396938947368421395e+02
6.111277047093763031e+02 7.393521425540941436e+02
6.109882055602358832e+02 7.395838247683235522e+02
6.110882974228982221e+02 7.396814533164342720e+02
6.115331083930831255e+02 7.395158161113454298e+02
6.115303220409870164e+02 7.396905060644081686e+02
6.116100208768267521e+02 7.395665970772442961e+02
6.108498748957464386e+02 7.391680567139283085e+02
6.102393952120958147e+02 7.391604367912641464e+02
6.091498302207130564e+02 7.388650254668930302e+02
6.080038151759220000e+02 7.387414158541754432e+02
6.074050255536626537e+02 7.389518739352640750e+02
6.077052318162484426e+02 7.393585708209272980e+02
6.083961393201846022e+02 7.397754930759547278e+02
6.091646418098031290e+02 7.399350649350649292e+02
6.095205821205821621e+02 7.400790020790020662e+02
6.093807947019867015e+02 7.401088576158940668e+02
6.091419753086420315e+02 7.401806584362140029e+02
6.090254829428688481e+02 7.402564734895190668e+02
6.093348547717841939e+02 7.399983402489626769e+02
6.095263601855757543e+02 7.395588359342049216e+02
6.094158995815899971e+02 7.398041841004184107e+02
6.088338192419824964e+02 7.400333194502291008e+02
6.086327896277707623e+02 7.395687996654119161e+02
6.084836303356817098e+02 7.397496891835888846e+02
6.088058499364137788e+02 7.394090716405256671e+02
6.094235588972430833e+02 7.396896407685881059e+02
6.104400504838031338e+02 7.394934791754311618e+02
6.109966708281315277e+02 7.396662505201830982e+02
6.113594989561586317e+02 7.396931106471815838e+02
6.113860016764459715e+02 7.397590108968985305e+02
6.114101595298068332e+02 7.400533165407221077e+02
6.113401587964897317e+02 7.402143752611784748e+02
6.114161101836393755e+02 7.403301335559265226e+02
6.116502298370246535e+02 7.403109068115336413e+02
6.120457790844183137e+02 7.403238135237295410e+02
6.125924831081081265e+02 7.400903716216216708e+02
6.129209087084560679e+02 7.402002524190155555e+02
6.131808287986605137e+02 7.403436584344914309e+02
6.133637120266333795e+02 7.404739908447774042e+02
6.136783157894736860e+02 7.407216842105262913e+02
6.137436868686868365e+02 7.407655723905724017e+02
6.137947855340622709e+02 7.407804878048780211e+02
6.139418653283145204e+02 7.408762024257632675e+02
6.142336134453781824e+02 7.408546218487394981e+02
6.147504237288135300e+02 7.406411016949152781e+02
