6.118936542669583787e+02 7.406161925601750227e+02
6.134349717268377162e+02 7.410239234449760488e+02
6.154280865507000726e+02 7.411107339838778216e+02
6.168245466048081198e+02 7.414390552509489680e+02
6.169775233248515178e+02 7.410360474978795082e+02
6.169550561797752835e+02 7.409196837286724531e+02
6.165742616033754757e+02 7.400493670886075961e+02
6.162275374376040418e+02 7.399363560732113001e+02
6.155044062106588854e+02 7.396353336130927119e+02
6.140331914893616840e+02 7.393200000000000500e+02
6.130658783783783292e+02 7.391233108108108354e+02
6.122449850618864957e+02 7.389240290226205161e+02
6.119186956521739376e+02 7.388152173913043725e+02
6.118835794960903058e+02 7.389639443961772258e+02
6.120537029016890074e+02 7.393235166738847965e+02
6.121052401746725309e+02 7.392676855895196013e+02
6.121061598951507676e+02 7.394595893403233049e+02
6.124214912280701810e+02 7.394140350877192986e+02
6.128433682373472493e+02 7.396915357766142733e+02
6.135004291845493753e+02 7.397351931330472325e+02
6.137004273504273897e+02 7.394747863247863506e+02
6.156757562846186147e+02 7.394618662121857824e+02
6.183377063055437475e+02 7.392082099026661126e+02
6.214348561759729819e+02 7.389450084602368634e+02
6.251720520352496351e+02 7.389739823751573340e+02
6.276625999158603690e+02 7.386958350862431644e+02
6.291142857142857565e+02 7.382678038379531245e+02
6.290902511707109852e+02 7.387837377607492044e+02
6.282758322524859977e+02 7.386532641591007859e+02
6.262382198952880117e+02 7.386806282722512833e+02
6.224584249890012870e+02 7.384628244610646561e+02
6.190937363118703161e+02 7.384406482698203718e+02
6.157259423503326161e+02 7.386731707317072733e+02
6.138172905525847227e+02 7.384875222816399400e+02
6.130917594654788445e+02 7.388766146993318671e+02
6.141753681392235649e+02 7.391164658634538682e+02
6.165064358632934045e+02 7.396178428761651276e+02
6.195500655881066905e+02 7.397599475295146476e+02
6.232375762859634278e+02 7.397048823016565393e+02
6.269204788371098402e+02 7.398358272766139407e+02
6.293754251700680697e+02 7.396615646258503602e+02
6.302110927152317572e+02 7.400215231788079109e+02
6.296842542584129205e+02 7.396202742002492414e+02
6.276244761106454462e+02 7.386978206202850288e+02
6.247332479726845804e+02 7.383504054630815290e+02
6.206975335352660750e+02 7.378827347468628659e+02
6.170761531766753478e+02 7.380156657963445923e+02
6.135050772626931348e+02 7.378573951434879064e+02
6.102219836839844902e+02 7.388033490768569891e+02
6.090086505190311073e+02 7.390540657439446477e+02
6.086468048359240584e+02 7.394676165803108461e+02
6.085728621291448235e+02 7.400100349040139918e+02
6.089727232732071798e+02 7.402212934447866246e+02
6.100538057742782030e+02 7.404623797025371914e+02
6.123918860595597380e+02 7.405110056107034779e+02
6.149751308900523554e+02 7.405030541012216645e+02
6.161375527426159806e+02 7.409763713080168372e+02
6.162435146443514213e+02 7.408221757322176018e+02
6.164186143572620722e+02 7.401882303839732913e+02
6.159078838174274324e+02 7.398033195020747144e+02
6.151095137420718402e+02 7.393792811839323349e+02
6.136308016877636646e+02 7.394396624472574331e+02
6.106328024106758221e+02 7.390404649160568624e+02
