6.269892933618843927e+02 7.392903640256959079e+02
6.280175664095972934e+02 7.394083119108826168e+02
6.290422778257118352e+02 7.394417601380500855e+02
6.293337606837607154e+02 7.402914529914529567e+02
6.294484797297296836e+02 7.410705236486486456e+02
6.294183199662304560e+02 7.410890671169270263e+02
6.285523889354568610e+02 7.414358759430008377e+02
6.281717299578059510e+02 7.408611814345991888e+02
6.275700894759266930e+02 7.403165743502343048e+02
6.269893977947413077e+02 7.399397794741306598e+02
6.270029661016949376e+02 7.400127118644068105e+02
6.275231732776618401e+02 7.400542797494780416e+02
6.287910008410428873e+02 7.395126156433977940e+02
6.298608990670059029e+02 7.391539440203562208e+02
6.300639386189258175e+02 7.389156010230178708e+02
6.300644197952218519e+02 7.390349829351536073e+02
6.299914929817099392e+02 7.397413866439812864e+02
6.300180645161290158e+02 7.396262365591397838e+02
6.291996557659208520e+02 7.400180722891566347e+02
6.280161427357688808e+02 7.402264231096006597e+02
6.273119026933101168e+02 7.397037358818419079e+02
6.266252658443215751e+02 7.395874096129306281e+02
6.262341356673961172e+02 7.388967177242888056e+02
6.259232758620689765e+02 7.391211206896551857e+02
6.260952996981457090e+02 7.396364812419145665e+02
6.268438566552900966e+02 7.399594709897611438e+02
6.275732181425486260e+02 7.400825053995680491e+02
6.281935760171305674e+02 7.401987152034261044e+02
6.287442466348240941e+02 7.401250542770300171e+02
6.295072649572649652e+02 7.403782051282050816e+02
6.304013519222644391e+02 7.407896070975918974e+02
6.309204255319149297e+02 7.409463829787233635e+02
6.309794117647059011e+02 7.410525210084033461e+02
6.306459127488352578e+02 7.406886912325286403e+02
6.294202105263158273e+02 7.403650526315789193e+02
6.280741371964209065e+02 7.397950575202386290e+02
6.267222460351479185e+02 7.394492070295756321e+02
6.258219354838710160e+02 7.390748387096774650e+02
6.257277419354838912e+02 7.391156989247311913e+02
6.258331900257953748e+02 7.390709372312983305e+02
6.259669243986254514e+02 7.393260309278350633e+02
6.261743938749468725e+02 7.395567843470863636e+02
6.266531210724758694e+02 7.399279430247172513e+02
6.271946082561078128e+02 7.398525695029486542e+02
6.273218537414966249e+02 7.400471938775509670e+02
6.265626079447323491e+02 7.398821243523316298e+02
6.255802522836015669e+02 7.398107872988256304e+02
6.243779019776440009e+02 7.396887360275150058e+02
6.235376297577854530e+02 7.395666089965397987e+02
6.224888220120378719e+02 7.395472914875322203e+02
6.219589041095890707e+02 7.398107876712329016e+02
6.219405014874628250e+02 7.399328516787080616e+02
6.220375485541649141e+02 7.402710401381095835e+02
6.220120068610634689e+02 7.405763293310462814e+02
6.221260611205433406e+02 7.409125636672325754e+02
6.219864864864864558e+02 7.411376689189189619e+02
6.221120067882901594e+02 7.409584217225286693e+02
6.218898269311946478e+02 7.409172646686365624e+02
6.214070204763894480e+02 7.406393648140409596e+02
6.209646761984861314e+02 7.402253994953742904e+02
6.197623224728488367e+02 7.399995822890559793e+02
6.188408333333333076e+02 7.397470833333333076e+02
6.171770395290159286e+02 7.395698065601345661e+02
6.147656182679879748e+02 7.388087031451960911e+02
6.125629194630872689e+02 7.393498322147651152e+02
6.116430990685859115e+02 7.393492802709567968e+02
6.105922783198981278e+02 7.396788290199406219e+02
6.099336756525459577e+02 7.398480958493795470e+02
6.096172734970364218e+02 7.402104149026248479e+02
6.095040237187632783e+02 7.402770012706480429e+02
6.088915611814345539e+02 7.396409282700421954e+02
6.080363790186124788e+02 7.395448392554991415e+02
6.072462333189840820e+02 7.392087817477399767e+02
6.065027345393352789e+02 7.398809423643248238e+02
6.059784719290839803e+02 7.402608695652173765e+02
6.050484822934232625e+02 7.406045531197302125e+02
6.047027253668762796e+02 7.406876310272537012e+02
6.048151085141903422e+02 7.407792153589315376e+02
6.052405797101449707e+02 7.407660455486542332e+02
6.064470588235294599e+02 7.404189075630251864e+02
6.073634453781512548e+02 7.407210084033613384e+02
6.086225469728601638e+02 7.411862212943632358e+02
6.093637123745819508e+02 7.412846989966554929e+02
6.098459897610921416e+02 7.404697098976108691e+02
6.098355291117721890e+02 7.397730556736081553e+02
6.097083508182962532e+02 7.398128409567772223e+02
6.096682066358672500e+02 7.395812683746324865e+02
6.096276008492568508e+02 7.392373673036092896e+02
6.085247068676717390e+02 7.397303182579564691e+02
6.071920473773266167e+02 7.395274957698815115e+02
6.060711849957374397e+02 7.396538789428815335e+02
6.058432708688245611e+02 7.396298977853492715e+02
6.059708654670093892e+02 7.397832047986289581e+02
6.061189351653069934e+02 7.400665521683125689e+02
6.071409921671017855e+02 7.402223672758921111e+02
6.086371142981312232e+02 7.400864841373315812e+02
6.101104925053533634e+02 7.406685224839400234e+02
6.108122308354866163e+02 7.404272179155900631e+02
6.109884318766066826e+02 7.403431876606683772e+02
6.109815292096219537e+02 7.402229381443298735e+02
6.101241408934707806e+02 7.405871993127148016e+02
6.097551972846839590e+02 7.411591005515485904e+02
6.090649572649572292e+02 7.413333333333333712e+02
6.084535031847133268e+02 7.416636942675158934e+02
6.084249053428691241e+02 7.419280605805637379e+02
6.090233248515691002e+02 7.412739609838846491e+02
6.102587737843551849e+02 7.413285412262156342e+02
6.114269377382464654e+02 7.410906395595086451e+02
6.125711270578302674e+02 7.409113550021105539e+02
6.133024142312578988e+02 7.408339686573485778e+02
6.136280050611555907e+02 7.407853226486714675e+02
6.141183431952662204e+02 7.400688926458157084e+02
6.136955611390284275e+02 7.400268006700167689e+02
6.129409531843103878e+02 7.400927878532264685e+02
6.114256410256409708e+02 7.401529914529915004e+02
6.098453478625314119e+02 7.408868398994131894e+02
6.092244281398360499e+02 7.409123867069486096e+02
6.083878684322938852e+02 7.410909867577958039e+02
6.078565908115070897e+02 7.406444826105624770e+02
6.075219260533103807e+02 7.402368873602752046e+02
6.076592155208772965e+02 7.400788696752424585e+02
6.089505448449287996e+02 7.403650461022632498e+02
6.109657762938230690e+02 7.402570951585976218e+02
6.122828367603860897e+02 7.413264792278640698e+02
6.131776176345908880e+02 7.412115303094531100e+02
6.140734557595993692e+02 7.413956594323873333e+02
6.152463095740193921e+02 7.411294812315478566e+02
6.156001655629139577e+02 7.413617549668873608e+02
6.157573099415204751e+02 7.410659983291561730e+02
6.165072825634623541e+02 7.409929255097794112e+02
6.169674864526886040e+02 7.413818257607335909e+02
6.180352941176470267e+02 7.412386554621848518e+02
6.191339511373209916e+02 7.406866048862679008e+02
6.202068095838587851e+02 7.401988230348886191e+02
6.213825503355704996e+02 7.397806208053691535e+02
6.233900589721988581e+02 7.395703454085930844e+02
6.246277989015632102e+02 7.394681030840727090e+02
6.258916952054794365e+02 7.392992294520547603e+02
6.263040308747855534e+02 7.394052315608919344e+02
6.263167459974037001e+02 7.394954565123323391e+02
6.259794432548179657e+02 7.396762312633833290e+02
6.254155348047538610e+02 7.399626485568760472e+02
6.249627276577721204e+02 7.400025412960609401e+02
6.249042372881356187e+02 7.401360169491525767e+02
6.251753191489361825e+02 7.402514893617021698e+02
6.253768545994065562e+02 7.400033912674862222e+02
6.256268467707893706e+02 7.402220346137610250e+02
6.262831820146994914e+02 7.395339386078685493e+02
6.275832974601808019e+02 7.395583297460181029e+02
6.283011484474691315e+02 7.395644406635474297e+02
6.290552251486831210e+02 7.399672897196261374e+02
6.295406197654941707e+02 7.407546063651591339e+02
6.297103505843072071e+02 7.408764607679465826e+02
6.293002927645336513e+02 7.410326223337515330e+02
6.284403516115529555e+02 7.406906655504394621e+02
6.279122217555649286e+02 7.400289794204115879e+02
6.273340301003344166e+02 7.397826086956521294e+02
6.269301255230125207e+02 7.397853556485355284e+02
6.269695833333333894e+02 7.397491666666666106e+02
6.276561181434599348e+02 7.393438818565400652e+02
6.288406104281475564e+02 7.390373039423484443e+02
6.292582557154953520e+02 7.386295512277730495e+02
6.295099957464908584e+02 7.386074011059123450e+02
6.296283524904214346e+02 7.388284376330353780e+02
6.295590618336887019e+02 7.390699360341151305e+02
6.293164665523156600e+02 7.391535162950257245e+02
6.284315476190475920e+02 7.395871598639455442e+02
6.272681682957926341e+02 7.395584360390989787e+02
6.262389006342494895e+02 7.393268498942917404e+02
6.259185501066098141e+02 7.387202558635394780e+02
6.254040360669815755e+02 7.386947187634177681e+02
6.253324775353016776e+02 7.387317073170731874e+02
6.253702127659574899e+02 7.391497872340426056e+02
6.262039045553145797e+02 7.391652928416485793e+02
6.267505312367190982e+02 7.397764555886102471e+02
6.271825902335456249e+02 7.398789808917197206e+02
6.290992268041237594e+02 7.396993127147766245e+02
