6.157206390328151429e+02 7.409572538860103350e+02
6.141176975945016920e+02 7.408745704467354471e+02
6.146432246998284654e+02 7.408220411663808136e+02
6.164118651301749878e+02 7.397353819889031001e+02
6.179424853064651870e+02 7.397094878253568595e+02
6.191039241052177431e+02 7.389598965071151042e+02
6.197638169257339769e+02 7.390582901554404316e+02
6.195472424112869021e+02 7.390175288584865712e+02
6.187833763996554808e+02 7.393251507321274403e+02
6.168375374091492631e+02 7.395835827276613372e+02
6.153257019438444786e+02 7.395382289416846788e+02
6.135413276231263353e+02 7.401661670235546353e+02
6.127863359442993669e+02 7.404847693646648850e+02
6.136588486140724399e+02 7.406422174840084836e+02
6.149497206703911161e+02 7.405857327030511215e+02
6.159747863247863506e+02 7.408978632478632562e+02
6.166686669524217450e+02 7.406138019717102452e+02
6.177856220404648866e+02 7.400822212656048578e+02
6.191682363013699160e+02 7.397247431506849580e+02
6.192818299525248449e+02 7.389745360379801014e+02
6.184016428880241847e+02 7.386277561608301312e+02
6.182634756360499750e+02 7.385398878827080580e+02
6.181173688736027998e+02 7.384363714531384630e+02
6.183255208333333712e+02 7.388480902777778283e+02
6.194062101233517978e+02 7.394823479370480754e+02
6.208081196581196082e+02 7.402376068376067906e+02
6.223885047536732600e+02 7.405194468452895080e+02
6.235244060475162087e+02 7.411952483801295557e+02
6.238435228730226072e+02 7.417409149209063344e+02
6.229081939081938799e+02 7.418781638781638321e+02
6.210536170212766365e+02 7.422068085106383251e+02
6.192468817204301104e+02 7.420498924731182342e+02
6.181075174825174372e+02 7.410034965034965353e+02
6.189152981849611024e+02 7.408902333621434764e+02
6.199324497648567558e+02 7.404330910645575159e+02
6.220822269807280236e+02 7.395820128479657569e+02
6.229773617762298272e+02 7.391663038746190750e+02
6.237684391080617843e+02 7.396719554030875088e+02
