6.191811414392059305e+02 7.401497105045492617e+02
6.179092093831451393e+02 7.389947871416160297e+02
6.173479758828596005e+02 7.388320413436692888e+02
6.176876640419947080e+02 7.386552930883639192e+02
6.184038545773105398e+02 7.384686815593516940e+02
6.195203078238563421e+02 7.389910218041898133e+02
6.207081400253057382e+02 7.391729228173766160e+02
6.216208350906790656e+02 7.392108814846056930e+02
6.223173322005097816e+02 7.388538657604078708e+02
6.221752885848653705e+02 7.390795211628901598e+02
6.212341337907375873e+02 7.390656089193824982e+02
6.198090082286704501e+02 7.390324815937635776e+02
6.180216731686172125e+02 7.387342869527525409e+02
6.163223972003499966e+02 7.388079615048119422e+02
6.158501529051987973e+02 7.389580602883355596e+02
6.170338101430429560e+02 7.387178153446034230e+02
6.183774468085106264e+02 7.391855319148936587e+02
6.203802935010481860e+02 7.396050314465409201e+02
6.223245142620917250e+02 7.396130632492765926e+02
6.233520066889632290e+02 7.391392140468227581e+02
6.236706961233846869e+02 7.392530220925385720e+02
6.229186483103879937e+02 7.390801001251564912e+02
6.219878682842287390e+02 7.380831889081455301e+02
6.207586947187634223e+02 7.382344353799913961e+02
6.194243860404998259e+02 7.381085738905644575e+02
6.184298941798941769e+02 7.381309523809524080e+02
6.178241949521323022e+02 7.381718885987814929e+02
6.180495006513243652e+02 7.385110725141120156e+02
6.188290893396633692e+02 7.385619335347431615e+02
6.191216041397153731e+02 7.384976282880552390e+02
6.194508372692142757e+02 7.387496779733791072e+02
6.190851426138782472e+02 7.386032354193273477e+02
6.183092914722104751e+02 7.386130674586338500e+02
6.165993179880647403e+02 7.385976129582268186e+02
6.150038543897215959e+02 7.384299785867237915e+02
6.137994037478705422e+02 7.382721465076660934e+02
6.137926306769494431e+02 7.383650385604113353e+02
6.142045260461144380e+02 7.386417591801878189e+02
6.152835183603757514e+02 7.385145175064047862e+02
6.171465263157895151e+02 7.386884210526316110e+02
6.185333896872358537e+02 7.386568047337277676e+02
6.196687683900798902e+02 7.385439260193357995e+02
6.201103650860260359e+02 7.382224087284935194e+02
6.198485989125888409e+02 7.384926808866582633e+02
6.189199828840393138e+02 7.387543859649123306e+02
6.169065058164584343e+02 7.386251615682895135e+02
6.147152717860224129e+02 7.387860224331319614e+02
6.141231295425395729e+02 7.391701581872595170e+02
6.136487179487179446e+02 7.391217948717949184e+02
6.142962644911979169e+02 7.389828252468870460e+02
6.157372881355931895e+02 7.393453389830508513e+02
6.170902192242832598e+02 7.397040472175378909e+02
6.175578118524657611e+02 7.400882718607542756e+02
6.178329207920792214e+02 7.402495874587458502e+02
6.178765586034912758e+02 7.402971737323358639e+02
6.174882943143812781e+02 7.398570234113711876e+02
6.166468138275718047e+02 7.400104123281965940e+02
6.163522012578616796e+02 7.396758909853249406e+02
6.167461973055193312e+02 7.387657540199912773e+02
6.170954248366012962e+02 7.389381263616558044e+02
6.175106022052586923e+02 7.394283290924512357e+02
6.180311965811965820e+02 7.393175213675214081e+02
6.185679063936481725e+02 7.399373171750939946e+02
6.188239230447511545e+02 7.395667084901714361e+02
6.187223147377185342e+02 7.396702747710241965e+02
6.177732945091514694e+02 7.397570715474209919e+02
6.168755203996669252e+02 7.400782681099084357e+02
6.158460891505467316e+02 7.397947855340622709e+02
6.148744752308983834e+02 7.400931989924433765e+02
6.144662104362703303e+02 7.404281437125748653e+02
6.153020833333333712e+02 7.399696180555555429e+02
6.165899705014749088e+02 7.399511167298777536e+02
6.189749894022891112e+02 7.397829588808817789e+02
6.203373294749897013e+02 7.401864406779660612e+02
6.214544324772161872e+02 7.398893951946976131e+02
6.222848309975267966e+02 7.399760923330585456e+02
6.222154742096505515e+02 7.399688019966722550e+02
6.213979678238780480e+02 7.394932260795935690e+02
6.205882097962721673e+02 7.388378846987429824e+02
6.192913315460232297e+02 7.383342269883825111e+02
6.186018766756031937e+02 7.384307417336907520e+02
6.185840707964601961e+02 7.384924778761062498e+02
6.188770851624232137e+02 7.386589113257243753e+02
6.195709995709995610e+02 7.389914199914200026e+02
6.206707679253288461e+02 7.392868052609248934e+02
6.212462184873949127e+02 7.397516806722688898e+02
6.212268768145997910e+02 7.400551638324346868e+02
6.203538398018166617e+02 7.402076796036333235e+02
6.192299042065806134e+02 7.401724281549354600e+02
6.178091828138163919e+02 7.398660488626790084e+02
6.172310889443059523e+02 7.398940149625934737e+02
6.176740331491712368e+02 7.395303867403314371e+02
6.180251599147121624e+02 7.394963752665245238e+02
6.187879049676025716e+02 7.390496760259179609e+02
6.196578394283312718e+02 7.393556116015132602e+02
6.202908483075636923e+02 7.396205599665692034e+02
6.210367553865652326e+02 7.393612167300379951e+02
6.209545071609098841e+02 7.393984835720302726e+02
6.203642887294216735e+02 7.392477838750527326e+02
6.185154819014392160e+02 7.384134321849105618e+02
6.169305496378354974e+02 7.389488708990199939e+02
6.150133448127421616e+02 7.388415841584157988e+02
6.137196870925683925e+02 7.384332898739678512e+02
6.141292725679228397e+02 7.383913234005258346e+02
6.159397590361445509e+02 7.390623924268502378e+02
6.201168996188056326e+02 7.393960186361711067e+02
