6.168563628727425794e+02 7.400146997060058993e+02
6.159161676646706383e+02 7.398964927288280933e+02
6.161274298056155203e+02 7.401110151187905331e+02
6.159347269624573755e+02 7.402965017064846052e+02
6.161986093003042697e+02 7.399513255106475071e+02
6.160494836488812780e+02 7.404586919104991694e+02
6.141387945670628596e+02 7.402826825127334587e+02
6.116936860068259421e+02 7.406275597269624313e+02
6.101056572379367253e+02 7.412146422628951541e+02
6.098829742289818796e+02 7.407004647232784009e+02
6.101918158567774526e+02 7.400903665814151964e+02
6.119442332065906385e+02 7.402429235318969631e+02
6.135726890756302510e+02 7.404920168067227451e+02
6.144849000425350596e+02 7.404359846873670676e+02
6.148563991323210303e+02 7.404281995661605151e+02
6.157762596071733014e+02 7.407830913748932744e+02
6.153238176395398114e+02 7.412036642522368766e+02
6.144839262751821707e+02 7.412880411487354877e+02
6.155030329289428437e+02 7.405693240901213130e+02
6.173952401189969805e+02 7.403123671908202823e+02
6.198132196162047194e+02 7.396443496801705351e+02
6.239062772449868817e+02 7.387881429816914078e+02
6.257844568484327965e+02 7.391404036066981007e+02
6.254473347547974527e+02 7.392767590618336726e+02
6.242377711612080020e+02 7.393636750319012663e+02
6.242548015364916409e+02 7.392125480153649733e+02
6.251152688172043099e+02 7.390765591397849903e+02
6.250282118055555429e+02 7.388532986111110858e+02
6.259970238095238528e+02 7.396879251700680697e+02
6.273924660534385112e+02 7.390105124835741890e+02
6.273875326939843262e+02 7.394433304272014311e+02
6.257907077724706824e+02 7.395540599218410307e+02
6.242983870967741495e+02 7.396455857385399213e+02
6.229671855279764259e+02 7.397513672696676394e+02
6.206289228159457707e+02 7.398994910941476064e+02
6.187719077568134480e+02 7.399509433962264211e+02
6.179816317812900479e+02 7.399175565997436479e+02
6.177874416631310623e+02 7.405112431056427340e+02
6.178324022346369020e+02 7.405221314997851323e+02
6.174560135996599683e+02 7.407726306842329222e+02
6.171357504215851577e+02 7.407959527824621091e+02
6.155484963998305830e+02 7.404858110969928475e+02
6.106906598114824192e+02 7.402382176520993653e+02
