6.171325510647544661e+02 7.388361581920903518e+02
6.178222126560482366e+02 7.389397331037451977e+02
6.186678200692041401e+02 7.388477508650519212e+02
6.190912190963341573e+02 7.394087809036658427e+02
6.186963373083475517e+02 7.398560477001703930e+02
6.177139775668680386e+02 7.395711820534943399e+02
6.169302822925577630e+02 7.394995722840034205e+02
6.163398804440648746e+02 7.392083689154568447e+02
6.157230902777778283e+02 7.384921875000000000e+02
6.157484848484848499e+02 7.386489177489177109e+02
6.166329442282749369e+02 7.388504107220060177e+02
6.174499564838990864e+02 7.390883376849434399e+02
6.178037021093413159e+02 7.393805424020663395e+02
6.181286701208980503e+02 7.391886873920552716e+02
6.179918419922713611e+02 7.392374409617862057e+02
6.177493517718236262e+02 7.389485738980121141e+02
6.179606571552096739e+02 7.388560311284046520e+02
6.182322440087145878e+02 7.388971677559912905e+02
6.185383955383955481e+02 7.397357357357357159e+02
6.186950323974082266e+02 7.398155507559395119e+02
6.191146193771626258e+02 7.396284602076124202e+02
6.192867711053089579e+02 7.389595300261096327e+02
6.200340370529944494e+02 7.390891856958207882e+02
6.207263703064306810e+02 7.391091929218817995e+02
6.211626609442059817e+02 7.404360515021459150e+02
