6.105301573426573896e+02 7.400979020979020788e+02
6.114036043587594804e+02 7.408143336127409384e+02
6.122492765605621798e+02 7.408048780487804379e+02
6.124175553732567323e+02 7.409327317473338326e+02
6.120081866557511603e+02 7.408104789193614579e+02
6.105739669421487861e+02 7.408818181818181756e+02
6.083058873720136717e+02 7.400563139931740579e+02
6.065485375158965553e+02 7.400601949978804441e+02
6.058551724137930705e+02 7.397659482758621152e+02
6.067230371009491137e+02 7.394788610871440824e+02
6.087969283276451051e+02 7.395503412969283090e+02
6.107479131886477717e+02 7.402917362270450212e+02
6.126811235026848408e+02 7.405675340768277692e+02
6.136370767960363537e+02 7.404058629232039266e+02
6.140572251955537695e+02 7.404322766570604699e+02
6.136393713813068871e+02 7.401989247311828422e+02
6.127274659863945772e+02 7.392806122448979522e+02
6.121695727986050315e+02 7.386665213600697371e+02
6.127779712668698266e+02 7.387692642577275137e+02
6.163299013299013041e+02 7.390300300300300478e+02
6.204354430379746645e+02 7.390666666666667197e+02
6.235261615738802448e+02 7.395081624110506482e+02
6.247719445611087394e+02 7.392977740445190875e+02
6.251155311045281451e+02 7.394227676682183983e+02
6.255133305120609748e+02 7.395247566652560636e+02
6.255681147195276708e+02 7.397304934626739623e+02
6.252958579881657215e+02 7.394742180896026866e+02
6.256879523201362190e+02 7.396164325244784550e+02
6.272165660051769009e+02 7.397791199309749572e+02
6.293176114236260901e+02 7.398109043704024543e+02
6.326986475063398530e+02 7.400211327134403518e+02
6.331646808510638493e+02 7.401514893617021471e+02
6.311596461668070788e+02 7.400164279696714402e+02
6.275815811606391890e+02 7.397363330529857421e+02
6.249261315115286379e+02 7.395503842869342179e+02
6.231918930573523312e+02 7.394894351013367668e+02
6.230043290043289517e+02 7.389982683982683511e+02
6.229238754325259606e+02 7.390592560553633348e+02
6.226188245315162249e+02 7.392082623509369341e+02
6.230605675561203043e+02 7.393185091063108985e+02
6.230400505902192663e+02 7.394650084317031542e+02
6.217970464135021302e+02 7.395641350210970586e+02
6.182362473347548075e+02 7.387671641791044976e+02
6.145056472632493296e+02 7.381407471763683361e+02
6.113092695429303376e+02 7.392913284920973638e+02
6.103072939145446298e+02 7.388683642641346978e+02
6.105968089693833463e+02 7.388693402328590309e+02
6.113789161727349892e+02 7.391414055884843037e+02
6.122041407867494627e+02 7.397478260869564792e+02
6.121524239934265097e+02 7.395603944124896998e+02
6.118157460840890280e+02 7.397951360263808738e+02
6.104022277227722952e+02 7.399748349834983401e+02
6.080921810699588832e+02 7.398687242798354191e+02
6.055428321678322163e+02 7.387473776223775985e+02
6.054351972258343721e+02 7.390437798006068988e+02
