6.209332184403274368e+02 7.376859112451529654e+02
6.174367864693446109e+02 7.349818181818181984e+02
6.141976840363937526e+02 7.325856079404466072e+02
6.112170283806343605e+02 7.303226210350584324e+02
6.096994097807756816e+02 7.289106239460370489e+02
6.088275862068965125e+02 7.287923015236567608e+02
6.084321039396479591e+02 7.289543168482816782e+02
6.077487745098038658e+02 7.299003267973856737e+02
6.073906765676567829e+02 7.313968646864686889e+02
6.079802354920101379e+02 7.340668629100084672e+02
6.100029648454044491e+02 7.360660736975858072e+02
6.135270211846087705e+02 7.384837872892347832e+02
6.186780035335689263e+02 7.415768551236749317e+02
6.221452538631347124e+02 7.442693156732891566e+02
6.240128831630386230e+02 7.464211461572634789e+02
6.254096703296703481e+02 7.483692307692307395e+02
6.259842105263157919e+02 7.505377192982456336e+02
6.266859060402684918e+02 7.509803131991051259e+02
6.255762711864406356e+02 7.510312221231043850e+02
6.238312666076174082e+02 7.509393268379096753e+02
6.217198335644937970e+02 7.489546925566343134e+02
6.183555653710246816e+02 7.480198763250883758e+02
6.158150110375275972e+02 7.450710816777042282e+02
6.131429188255613099e+02 7.430323834196891539e+02
6.102036959260814228e+02 7.403296934061319234e+02
6.081576519916142161e+02 7.375220125786163408e+02
6.058556149732620497e+02 7.349724393253804919e+02
6.042725030826140937e+02 7.316531031648171393e+02
6.046978653530377414e+02 7.293719211822659645e+02
6.060928629359286788e+02 7.285300081103000593e+02
6.094718875502007904e+02 7.279060240963855222e+02
6.119086419753086830e+02 7.280777777777777828e+02
6.147666382252559742e+02 7.289296075085323992e+02
6.194467005076141959e+02 7.311785109983079565e+02
6.242417629439452185e+02 7.334809584937954696e+02
6.284927474402730923e+02 7.362811433447099034e+02
6.333296943231440537e+02 7.392004366812227545e+02
6.379909008189263204e+02 7.412629663330300218e+02
6.425237455197133158e+02 7.435407706093189972e+02
6.455759493670885831e+02 7.460908679927666753e+02
6.477918424753868294e+02 7.469840600093764351e+02
6.480864422202001833e+02 7.489836214740673768e+02
6.457393472348140904e+02 7.487325475974614619e+02
6.418699867783163882e+02 7.488193036579991713e+02
6.366649282920469659e+02 7.480699695784441019e+02
6.302313336210617081e+02 7.468420371169615919e+02
6.243663066954643455e+02 7.453248380129589350e+02
6.162212041884816927e+02 7.429956369982547812e+02
6.080616293794849980e+02 7.410181511186154921e+02
6.013309168443496446e+02 7.386221748400853357e+02
5.956583229036294824e+02 7.366307884856070132e+02
5.901757476444080339e+02 7.350172060630889064e+02
5.862098360655737679e+02 7.334844262295082444e+02
5.837340382269214842e+02 7.329853599023992956e+02
5.820106035889069744e+02 7.327667210440456529e+02
5.832051177904143060e+02 7.335231519090170877e+02
5.858401471790679125e+02 7.343912510220768581e+02
5.910229132569558033e+02 7.362974631751227435e+02
5.968808922558922632e+02 7.378952020202019639e+02
6.033231365790607015e+02 7.392649719948298070e+02
6.107271948608137109e+02 7.416214132762312374e+02
6.177127476313522720e+02 7.438031869078380396e+02
6.230072340425531365e+02 7.459770212765957922e+02
6.290544982698961576e+02 7.478217993079584858e+02
6.335911674682990906e+02 7.490153038915609613e+02
6.370729895104894922e+02 7.496590909090908781e+02
6.403362483602973043e+02 7.499763882815916531e+02
6.418488168273444217e+02 7.497879053461875856e+02
6.412752735229759082e+02 7.489680525164113760e+02
6.385794392523364422e+02 7.471633288829550565e+02
6.348393805309734717e+02 7.451601769911504789e+02
6.302146257031588448e+02 7.427572479446126863e+02
6.248687958567112446e+02 7.397975830815710196e+02
6.205125585355469866e+02 7.370693912303107709e+02
6.165469798657718457e+02 7.350113255033556925e+02
6.127708420611646716e+02 7.324155844155843624e+02
6.098752598752598715e+02 7.307804573804573920e+02
6.083556366585563637e+02 7.301674776966747231e+02
6.072805466237941801e+02 7.295176848874598363e+02
6.072628824476651062e+02 7.300406602254428208e+02
6.073672000000000253e+02 7.312960000000000491e+02
6.080903251706141646e+02 7.334945804897631660e+02
6.106157312576813183e+02 7.357505120852109712e+02
6.124718632763651840e+02 7.378399333055439229e+02
6.163145780051150950e+02 7.405592497868713053e+02
6.208971477960242282e+02 7.436875540190146694e+02
6.258955357142857565e+02 7.482700892857143344e+02
