6.169364664926022215e+02 7.391414273281113765e+02
6.167678417884781084e+02 7.395872742906276471e+02
6.170730853391685287e+02 7.388989059080962534e+02
6.179896507115136046e+02 7.393014230271668339e+02
6.190128095644747646e+02 7.392604611443210842e+02
6.207147160068847143e+02 7.395563683304646929e+02
6.219042690815006154e+02 7.393954290642518572e+02
6.233062526584432135e+02 7.399744789451297038e+02
6.227344081459482368e+02 7.399605430632159369e+02
6.216057733735458442e+02 7.393653597587247077e+02
6.203765781454070520e+02 7.390574662603395382e+02
6.188486298390604361e+02 7.389665071770334634e+02
6.156710934041611836e+02 7.381978751660026319e+02
6.153032570422535628e+02 7.384238556338028729e+02
6.155039577836411127e+02 7.383856640281442196e+02
6.157972735268249380e+02 7.384670184696569777e+02
6.166190061028770515e+02 7.382537053182214777e+02
6.165490797546012800e+02 7.382304995617879513e+02
6.161823788546255400e+02 7.380982378854625949e+02
6.163647686832740646e+02 7.377798042704625914e+02
6.166637089618456002e+02 7.380212954747116783e+02
6.162676483326115431e+02 7.385928973581636683e+02
6.169351446099911982e+02 7.380039439088518520e+02
6.171089577950043576e+02 7.383527131782946071e+02
6.191660899653978731e+02 7.385432525951557636e+02
