6.158177468464549520e+02 7.400987385819921656e+02
6.158813043478261307e+02 7.397843478260869006e+02
6.159248152976966821e+02 7.398400695349847638e+02
6.158541846419326475e+02 7.396859361518550031e+02
6.163399745654938897e+02 7.394802882577363334e+02
6.175157715260016857e+02 7.397480818414322812e+02
6.184899357601713064e+02 7.394299785867237915e+02
6.195242553191488923e+02 7.395778723404255288e+02
6.203395191902151282e+02 7.397119358920286913e+02
6.205639830508474688e+02 7.395461864406779569e+02
6.200325900514579871e+02 7.394914236706689508e+02
6.194698331193837930e+02 7.393333333333333712e+02
6.186559691912708558e+02 7.394548566538296654e+02
6.176802750322303837e+02 7.392303394929093656e+02
6.168357235984354929e+02 7.390108648413732908e+02
6.159991408934707806e+02 7.392452749140893502e+02
6.160768234786361290e+02 7.391476046611998072e+02
6.163015665796344820e+02 7.393833768494342848e+02
6.166841426729695286e+02 7.396605070906747414e+02
6.169874567474048490e+02 7.399714532871972779e+02
6.167228448275861865e+02 7.397594827586207202e+02
6.161721595836946790e+02 7.395286209887250379e+02
6.159634879725085739e+02 7.393243127147766245e+02
6.161426729694885580e+02 7.393528147829823638e+02
6.164349851757730221e+02 7.395972045743328636e+02
