6.168733624454148412e+02 7.392882096069869249e+02
6.165975715524717771e+02 7.390745880312229019e+02
6.172527754056361573e+02 7.397186165670367473e+02
6.185072525597269077e+02 7.399377133105801931e+02
6.183515151515151729e+02 7.393887445887445438e+02
6.182081703607127565e+02 7.393546284224249803e+02
6.182036238136324755e+02 7.395772217428817612e+02
6.186066552901023670e+02 7.396979522184300322e+02
6.190392491467576974e+02 7.397819965870306760e+02
6.192518201284796078e+02 7.397695931477516069e+02
6.190064075181546741e+02 7.402041862451943643e+02
6.187741237559498586e+02 7.398554738208567869e+02
6.180884800700832784e+02 7.401371003066141157e+02
6.177799394725465163e+02 7.402460008646778533e+02
6.179095217578629899e+02 7.401331322705730145e+02
6.180900473933648982e+02 7.400112020680741125e+02
6.195663527397259713e+02 7.396857876712329016e+02
6.205744315744316282e+02 7.398678678678678580e+02
6.195323895323895158e+02 7.398026598026598322e+02
6.180565463244888633e+02 7.396685515441496364e+02
6.174041994750656386e+02 7.396045494313210611e+02
6.174604569420034750e+02 7.397029876977153435e+02
6.182340702210663039e+02 7.400455136540962258e+02
6.175935596170583040e+02 7.402445604873803404e+02
