6.180151057401812977e+02 7.403111782477341194e+02
6.173473729917499213e+02 7.400538428137211895e+02
6.173666234327713482e+02 7.404561175961954405e+02
6.183243704652155657e+02 7.406308151941955202e+02
6.193884861407249218e+02 7.409513859275053846e+02
6.193026146592370651e+02 7.408756965280754230e+02
6.192004228329809621e+02 7.407644820295982981e+02
6.190761187787536528e+02 7.408176495190297146e+02
6.183469910371318292e+02 7.398104993597951307e+02
6.178462203023758548e+02 7.396699784017279171e+02
6.170396722725312202e+02 7.396571798188874709e+02
6.163067406143344442e+02 7.399402730375426245e+02
6.169357080799304640e+02 7.399921807124239876e+02
6.178904578519469624e+02 7.398699186991869965e+02
6.185872340425531775e+02 7.396595744680851112e+02
6.186484641638224957e+02 7.396207337883959099e+02
6.178521066208082857e+02 7.393645743766121541e+02
6.160966350301983994e+02 7.391199309749783879e+02
6.152939406961753548e+02 7.393635582294799633e+02
6.154622641509433834e+02 7.394939965694683224e+02
6.160098670098669800e+02 7.394371514371514422e+02
6.162451445835131381e+02 7.389490720759603164e+02
6.169354424967934847e+02 7.391945275758871503e+02
6.185514893617021244e+02 7.392063829787233544e+02
6.194004255319149479e+02 7.393838297872340490e+02
6.192025157232704942e+02 7.397266247379454853e+02
6.184670940170940412e+02 7.395256410256409936e+02
6.170939086294416711e+02 7.394894247038917001e+02
6.165966494845361012e+02 7.393908934707903882e+02
6.168298880275624470e+02 7.393871662360033952e+02
6.181729193617939018e+02 7.395532557136697278e+02
6.194238524238523951e+02 7.396799656799656759e+02
6.205853970964986956e+02 7.398206660973527278e+02
6.214955070603338072e+02 7.394698331193837930e+02
6.216574190836486196e+02 7.399461958806220991e+02
6.208113287904599247e+02 7.401286201022146543e+02
6.190505617977528345e+02 7.402013828867761731e+02
6.173323353293412765e+02 7.403083832335329362e+02
6.169176724137930705e+02 7.403767241379309780e+02
6.173534482758620925e+02 7.405581896551724412e+02
6.182123258758970223e+02 7.410308146897425559e+02
6.190517313308301937e+02 7.412574050896954532e+02
6.191338057523968246e+02 7.413251354731138463e+02
6.184995780590717231e+02 7.407759493670886286e+02
