6.168372395833333712e+02 7.408072916666666288e+02
6.194065244667502839e+02 7.415662902551233628e+02
6.208365546218487907e+02 7.419806722689075968e+02
6.217158562367865215e+02 7.422105708245243250e+02
6.215495798319327605e+02 7.421567226890756501e+02
6.206938000843525742e+02 7.419232391396035382e+02
6.181288681644764438e+02 7.413187791437050009e+02
6.152508517887563357e+02 7.406848381601363371e+02
6.134614729672200610e+02 7.401919965942954605e+02
6.121003013344812871e+02 7.395794231597072894e+02
6.110499569336778904e+02 7.390960378983635337e+02
6.105739020270269748e+02 7.394290540540540633e+02
6.112601800257180003e+02 7.392713244749249952e+02
6.130820960698689532e+02 7.387877729257642159e+02
6.155286151157711174e+02 7.389724770642201293e+02
6.197512045554095721e+02 7.395974594831362765e+02
6.232109479305740933e+02 7.396858032932799460e+02
6.262287351256060219e+02 7.401348611723226441e+02
6.296752098983649830e+02 7.405276182059213852e+02
6.324469323779668457e+02 7.415606806986116908e+02
6.338894382022472200e+02 7.419038202247190839e+02
6.337950200088928341e+02 7.421178301467318761e+02
6.322177738671359748e+02 7.414029916410030410e+02
6.298039809606231074e+02 7.416633491994807628e+02
6.271140651801028980e+02 7.410240137221269379e+02
6.238921775898520536e+02 7.408215644820295438e+02
6.209207708779442783e+02 7.400179871520342658e+02
6.179594127806562938e+02 7.389680483592400151e+02
6.169591126576772240e+02 7.387816441931274767e+02
6.169875322441960179e+02 7.389471195184867156e+02
6.179683516483516996e+02 7.386993406593406917e+02
6.192151675485008582e+02 7.391754850088183275e+02
6.209066840277778283e+02 7.402426215277778283e+02
6.235411919368974623e+02 7.406454864154250117e+02
6.262913763066202364e+02 7.412896341463414274e+02
6.281632204135503343e+02 7.415257369115705615e+02
6.290021872265966749e+02 7.416434820647418746e+02
6.291297180043384287e+02 7.412524945770064733e+02
6.288445028471309115e+02 7.407936925098554184e+02
6.274364736387208268e+02 7.401862575626620355e+02
6.245370843989769583e+02 7.392438192668371357e+02
6.214335162515830007e+02 7.390624736175601583e+02
6.167363751584283591e+02 7.380954795099281682e+02
6.132939932318105321e+02 7.368950930626057243e+02
6.101506450270495634e+02 7.368297960882230200e+02
6.065780984719864364e+02 7.365581494057724967e+02
6.048542188805346314e+02 7.367322472848788948e+02
6.044110222970130053e+02 7.367084560370215058e+02
6.053642467477968694e+02 7.375874947545111127e+02
6.067162731871837877e+02 7.383385328836425288e+02
6.087534188034187537e+02 7.392747863247863052e+02
6.118650489570029549e+02 7.402120051085568093e+02
6.152636518771331566e+02 7.410959897610921416e+02
6.176241496598639742e+02 7.413788265306122867e+02
6.190513900589721743e+02 7.422927548441449517e+02
6.195744769874477242e+02 7.424983263598326175e+02
6.195553677092138969e+02 7.418816568047337796e+02
6.183704325913481625e+02 7.416740865182696325e+02
6.161380932022232173e+02 7.409106455750320492e+02
6.133952890792290873e+02 7.401122055674518379e+02
6.111481795088907347e+02 7.395389500423369782e+02
6.086728368489023069e+02 7.383990529487731465e+02
