6.577955801104972124e+02 1.229358563535911571e+03
6.583790994997220878e+02 1.229450806003335174e+03
6.581749028317601642e+02 1.229557468073292512e+03
6.571252068394925345e+02 1.229284611141754112e+03
6.564975261132490232e+02 1.229547003848268332e+03
6.566527929901424159e+02 1.229338444687842184e+03
6.575345113197129194e+02 1.229456653782440753e+03
6.578046744574290869e+02 1.229445742904841381e+03
6.575833333333333712e+02 1.229272075055187543e+03
6.563348164627363985e+02 1.229239154616240285e+03
6.555876232201533185e+02 1.229312705366922273e+03
6.555984682713348093e+02 1.229305798687089691e+03
6.571483333333333121e+02 1.229757222222222254e+03
6.580589543937708186e+02 1.229741379310344882e+03
6.576464148877942080e+02 1.229369458128078804e+03
6.567210958904109930e+02 1.229858082191780795e+03
6.556277412280701355e+02 1.230341557017543892e+03
6.550531506849315520e+02 1.230084383561643790e+03
6.552727774710104995e+02 1.229664273881833196e+03
6.565895027624309250e+02 1.229458011049723837e+03
6.566863611264494693e+02 1.229303147432357719e+03
6.562782079646017337e+02 1.229342920353982208e+03
6.550546056260342311e+02 1.229347490347490293e+03
6.538821271929824661e+02 1.229092105263157919e+03
