6.583690675600223585e+02 1.229187604690117269e+03
6.575996686913307485e+02 1.229169519602429546e+03
6.574171332586786320e+02 1.228945688689809685e+03
6.576234054353855072e+02 1.228937326677759302e+03
6.569718387631143059e+02 1.229259525124240781e+03
6.558024215740231284e+02 1.229348926802421602e+03
6.551542234332424641e+02 1.229598910081743952e+03
6.546202739726027175e+02 1.229456986301369852e+03
6.538723170060538905e+02 1.229600990643918522e+03
6.543087660524846569e+02 1.229606923506421026e+03
6.548542825361512314e+02 1.229566184649610705e+03
6.555106145251396583e+02 1.229662011173184283e+03
6.555607734806629878e+02 1.229378453038674024e+03
6.552916432978126977e+02 1.229620302860347692e+03
6.553620495495495106e+02 1.229787162162162076e+03
6.570472706809229066e+02 1.229658975801913357e+03
6.585515492957746346e+02 1.229064225352112771e+03
6.593810597519729981e+02 1.228863021420518635e+03
6.591098104793757102e+02 1.229001114827201718e+03
6.586965174129353500e+02 1.229372028745163107e+03
6.582524861878453066e+02 1.229481767955801160e+03
6.580077177508269415e+02 1.229503858875413471e+03
6.581238200999445098e+02 1.229711826762909595e+03
6.581419031719532313e+02 1.229910962715637197e+03
6.581487465181058951e+02 1.229921448467966684e+03
6.574726065301605331e+02 1.229606530160486955e+03
6.566714601769911042e+02 1.229623340707964644e+03
6.569855233853006666e+02 1.229667594654788445e+03
6.581656372824255641e+02 1.229670971364402021e+03
6.586814109742441588e+02 1.229389697648376341e+03
6.590448681996634832e+02 1.229350532809871083e+03
6.590539023020775176e+02 1.229492419988770280e+03
6.589592861126603793e+02 1.229531511433351852e+03
6.589170868347339365e+02 1.229499719887955280e+03
6.585835176991150774e+02 1.229225110619468978e+03
6.576522940851299381e+02 1.229218905472636834e+03
6.566401326699834726e+02 1.229281370923162058e+03
6.566417910447761415e+02 1.229254836926478674e+03
6.566281628162815878e+02 1.229195269526952643e+03
6.558210352422908045e+02 1.229354625550660785e+03
6.546041781198460967e+02 1.229221550302363994e+03
6.535592286501376975e+02 1.229178512396694259e+03
