6.848281690140845512e+02 1.225360563380281747e+03
6.814009009009008651e+02 1.224393581081081038e+03
6.764445076835514783e+02 1.223730221969265813e+03
6.701769452449567552e+02 1.223026512968299812e+03
6.643080407701019112e+02 1.222903171007927540e+03
6.591524459613196996e+02 1.222778156996587086e+03
6.540201845444059927e+02 1.222900230680507548e+03
6.489236947791164312e+02 1.222928858290304106e+03
6.430501691093573982e+02 1.222936865839909842e+03
6.385506508205999125e+02 1.223766836445953686e+03
6.347624371157071437e+02 1.224269424259362722e+03
6.312344363432417822e+02 1.225661245092540639e+03
6.285256049521665318e+02 1.226868317388857577e+03
6.266453229398663325e+02 1.227878619153674890e+03
6.258950930626057243e+02 1.228736040609137035e+03
6.254878048780487916e+02 1.229447893569844837e+03
6.251770601336303343e+02 1.230056792873051336e+03
6.249070407040703685e+02 1.230387788778877848e+03
6.255781858653310792e+02 1.230662771285475856e+03
6.278443948689347280e+02 1.230722253206915866e+03
6.313750000000000000e+02 1.230933295964125591e+03
6.350244735344336959e+02 1.231214001138303956e+03
6.392333709131905835e+02 1.232173618940247934e+03
6.515390713476783731e+02 1.234299546998867527e+03
6.568943226531758910e+02 1.234807195053400847e+03
6.624610644257703598e+02 1.235066106442576938e+03
6.669637599093997551e+02 1.234829558323895753e+03
6.709303761931498684e+02 1.234330713082537841e+03
6.752802476083286365e+02 1.233527855936972401e+03
6.782796181920269873e+02 1.232331836047164416e+03
6.809329234209055812e+02 1.231195640022358930e+03
6.833460459899046100e+02 1.230286595625350628e+03
6.853986599664991672e+02 1.229414293690675549e+03
6.867786472889882816e+02 1.228483510340972543e+03
6.876011204481792447e+02 1.228486834733893602e+03
6.877025669642856656e+02 1.228078125000000000e+03
6.874815642458100911e+02 1.227545810055866013e+03
6.858281075027995257e+02 1.226926651735722317e+03
6.837465103294249502e+02 1.226400335008375123e+03
6.811095426312817835e+02 1.225620553359683754e+03
6.765163841807909648e+02 1.225130508474576345e+03
6.711586128482092590e+02 1.224225696418419602e+03
6.651767068273092036e+02 1.223844520940906477e+03
6.589954337899542907e+02 1.223506278538812694e+03
6.532072275550536915e+02 1.222907396950875182e+03
6.490011415525113989e+02 1.222906392694063925e+03
6.395985482970407929e+02 1.222746510329424837e+03
