6.616957007258514523e+02 1.226939698492462412e+03
6.593898210290827819e+02 1.228232662192393718e+03
6.561226096737907483e+02 1.229002249718785151e+03
6.528366666666667015e+02 1.230154999999999973e+03
6.491331476323119887e+02 1.231198885793871796e+03
6.464076327433627966e+02 1.232198561946902601e+03
6.449183673469387941e+02 1.232336458907887391e+03
6.449111354909489364e+02 1.232504662643993470e+03
6.465143014301430640e+02 1.232391089108910819e+03
6.485222717149219989e+02 1.231849109131403111e+03
6.513128460686600647e+02 1.230984496124031011e+03
6.546804469273743052e+02 1.230039664804469339e+03
6.575817575083425481e+02 1.228754171301446149e+03
6.611681715575621183e+02 1.228129232505643358e+03
6.639757609921082349e+02 1.226793122886133006e+03
6.657757746478873742e+02 1.226668732394366089e+03
6.660691192865106132e+02 1.226401337792642153e+03
6.646339686098655193e+02 1.227083520179372272e+03
6.625142537730575896e+02 1.227384013415315849e+03
6.594116331096197428e+02 1.228170581655480873e+03
6.530944661822246644e+02 1.230769703745108927e+03
6.502409369771332877e+02 1.231295036252091450e+03
6.483798449612403374e+02 1.232219269102989983e+03
6.474518436984039909e+02 1.232317556411667510e+03
6.474079382579933508e+02 1.232342337375964689e+03
6.486631403118039998e+02 1.231918708240534443e+03
6.508870967741935374e+02 1.231195773081201423e+03
6.544277808522413125e+02 1.229852794687327105e+03
6.579663865546218631e+02 1.228926610644257607e+03
6.609289283731260412e+02 1.228062187673514700e+03
6.635312849162011162e+02 1.227330726256983326e+03
6.646623740201567898e+02 1.226878499440089627e+03
6.645518207282913181e+02 1.226740056022408908e+03
6.631028089887640817e+02 1.226663483146067392e+03
6.615016741071428896e+02 1.227633928571428669e+03
6.594294478527607453e+02 1.228497490239821445e+03
6.559766925638180055e+02 1.229371809100998917e+03
6.522359488035615414e+02 1.230510294936004357e+03
6.489123196448390445e+02 1.231340732519422772e+03
6.466114190687361543e+02 1.232371396895787029e+03
6.462959866220735421e+02 1.232471571906354484e+03
