6.590226895406751737e+02 1.229438295517432152e+03
6.591928176795580612e+02 1.229108839779005621e+03
6.589125683060109395e+02 1.228916939890710410e+03
6.588573779484366923e+02 1.228911135490948936e+03
6.587125617114646730e+02 1.229173889193636796e+03
6.581484716157204957e+02 1.229321506550218373e+03
6.576999454446263371e+02 1.229396617566830400e+03
6.570933767643865622e+02 1.229323561346362567e+03
6.567593406593406371e+02 1.229688461538461524e+03
6.569051014810751212e+02 1.229178277564454220e+03
6.566901098901098521e+02 1.228979120879120956e+03
6.565474090407938093e+02 1.228976846747519403e+03
6.555345016429354246e+02 1.228579956188389815e+03
6.548972826086956047e+02 1.228677717391304441e+03
6.543932092004381502e+02 1.229075027382256394e+03
6.542233809001097598e+02 1.229254116355653196e+03
6.542957435046987484e+02 1.229351022664455513e+03
6.539490690032858993e+02 1.229297371303395494e+03
6.542682926829268126e+02 1.229304878048780438e+03
6.545874241588527411e+02 1.228990071704357433e+03
6.549756771697070690e+02 1.228701492537313470e+03
6.556053935057788067e+02 1.228768299394606402e+03
6.559779735682819819e+02 1.228621696035242394e+03
6.565791208791208646e+02 1.228755494505494426e+03
6.566520787746170527e+02 1.228966083150984787e+03
6.573178036605656871e+02 1.229222961730449242e+03
6.577191256830601560e+02 1.229357377049180286e+03
6.582961325966850836e+02 1.229374585635359153e+03
6.582472345132742930e+02 1.229294247787610630e+03
6.582572062084257141e+02 1.229247228381374725e+03
6.582393114936146503e+02 1.228889505830094322e+03
6.581174200661521354e+02 1.228961411245865520e+03
6.579504950495049798e+02 1.228948844884488381e+03
6.579051014810751212e+02 1.229145364783324112e+03
6.566851040525739336e+02 1.229199890470974879e+03
