6.517992256637168111e+02 1.229201880530973540e+03
6.532101167315174735e+02 1.229585881045024962e+03
6.545783333333333758e+02 1.230253333333333330e+03
6.559527515286270045e+02 1.230408560311283964e+03
6.582959240647683146e+02 1.230254606365159134e+03
6.604349999999999454e+02 1.230362777777777865e+03
6.611965382467894869e+02 1.230346175321049714e+03
6.624017807456872333e+02 1.230383416805787419e+03
6.637321428571428896e+02 1.229922991071428669e+03
6.636775804661486973e+02 1.229748057713651406e+03
6.625002788622419985e+02 1.230127161182375858e+03
6.611003363228699072e+02 1.230256165919282466e+03
6.590122699386503200e+02 1.230230897936419296e+03
6.562825484764542807e+02 1.230483656509695265e+03
6.553181818181818699e+02 1.230977827050997803e+03
6.547904391328515885e+02 1.231330183435241906e+03
6.540232686980609742e+02 1.231432132963988806e+03
6.535647382920110431e+02 1.231072176308539838e+03
6.530969899665551566e+02 1.230708472686733558e+03
6.524245965498051874e+02 1.230029493600445221e+03
6.522059151785714448e+02 1.229417968750000000e+03
6.525063782584580849e+02 1.228892956184137574e+03
6.525255555555555702e+02 1.228380000000000109e+03
6.517892401552967385e+02 1.228083749306711070e+03
6.512148760330578625e+02 1.228309641873278224e+03
6.511159103335155578e+02 1.228438490978676782e+03
6.507772901810202484e+02 1.228735052111903542e+03
6.517432506887051886e+02 1.229161432506886968e+03
6.528725165562914299e+02 1.229447019867549670e+03
6.540190156599552438e+02 1.229993847874720359e+03
6.557671840354767028e+02 1.230279379157427911e+03
6.603340794627868036e+02 1.229812534974818163e+03
