6.546794231835829123e+02 1.228423738214087734e+03
6.540022484541877930e+02 1.229331084879145692e+03
6.533098125689084554e+02 1.229797684674751963e+03
6.530793825799338492e+02 1.230031973539139926e+03
6.534175458078844940e+02 1.229421987784564180e+03
6.546868070953436245e+02 1.229164079822616486e+03
6.559073251942286333e+02 1.228305771365149894e+03
6.568750690989496661e+02 1.226967938087341054e+03
6.572551647124511192e+02 1.225728643216080400e+03
6.572237723214285552e+02 1.225142857142857110e+03
6.570071942446043067e+02 1.224106253458771334e+03
6.561937812326485755e+02 1.223776235424764081e+03
6.550164654226125549e+02 1.223683863885839628e+03
6.537623490669593593e+02 1.224232711306256761e+03
6.530038272279933835e+02 1.224638053581191798e+03
6.526473799126637232e+02 1.224971069868995528e+03
6.519405670665212256e+02 1.225240458015267222e+03
6.518323353293412765e+02 1.225162765378334143e+03
6.527543668122270901e+02 1.224890283842794815e+03
6.541420824295011016e+02 1.223875271149674518e+03
6.549737561509020907e+02 1.223187534171678408e+03
6.558265642151482098e+02 1.222370472008781462e+03
6.567160021845985511e+02 1.221585472419443022e+03
6.568959823885525111e+02 1.221299394606494161e+03
6.566902173913043725e+02 1.221491304347826144e+03
6.559994565217391482e+02 1.222636413043478342e+03
6.561219912472647593e+02 1.223464989059081063e+03
6.559091903719912580e+02 1.224342450765864442e+03
6.550620915032679932e+02 1.225132897603485844e+03
6.543797947055645636e+02 1.225691518098325332e+03
6.540278688524590507e+02 1.226108196721311515e+03
6.545257731958762406e+02 1.225829083016820505e+03
6.558036303630362909e+02 1.225470847084708566e+03
6.572808864265928150e+02 1.225123545706371260e+03
6.590834260289210533e+02 1.224319243604004441e+03
6.605732378854625040e+02 1.223929515418502206e+03
6.610800000000000409e+02 1.223692222222222199e+03
6.609316804407714017e+02 1.223919559228650087e+03
6.605848017621145800e+02 1.224779185022026468e+03
6.597204595185995686e+02 1.225746717724288828e+03
6.585521405049396435e+02 1.226768386388584076e+03
6.577935022026431398e+02 1.227729074889867888e+03
6.577353266888150074e+02 1.228569213732004528e+03
6.578511111111110949e+02 1.229598333333333358e+03
6.584084033613445399e+02 1.229752941176470586e+03
6.591874647092038231e+02 1.229856013551665683e+03
6.596449071468767897e+02 1.229722003376477232e+03
6.596975692481628357e+02 1.229056529112492854e+03
6.601016467915957264e+02 1.228938103350369147e+03
6.605390625000000000e+02 1.228516741071428669e+03
6.609091425326519129e+02 1.229131743327654704e+03
6.606028248587571170e+02 1.229301129943502929e+03
6.599852607709750600e+02 1.230329365079365061e+03
6.596710376282782136e+02 1.231409920182440146e+03
6.596827195467421916e+02 1.232243059490084988e+03
6.590907016543069403e+02 1.234142042213348532e+03
6.593003452243958691e+02 1.234459723820483305e+03
6.595114416475972803e+02 1.234490274599542317e+03
6.590486270022882991e+02 1.234140160183066428e+03
6.589096626643796526e+02 1.233343053173241742e+03
6.591042516016307218e+02 1.232545136866627900e+03
6.596147161066048739e+02 1.231918887601390452e+03
6.600473988439306368e+02 1.231931791907514480e+03
6.599988512349224266e+02 1.231925330269959886e+03
6.593546884100175021e+02 1.232654047757716853e+03
6.584634005763688265e+02 1.233275504322766665e+03
6.576060779816514241e+02 1.233977064220183593e+03
6.569283651068745939e+02 1.235020219526285473e+03
6.569208381839348476e+02 1.235606519208381769e+03
6.571867364746946123e+02 1.235655031995346235e+03
6.574366685945633435e+02 1.235415268941584827e+03
6.577417867435158314e+02 1.234708933717579157e+03
6.582811408614668380e+02 1.233944121071012887e+03
6.583622001170275553e+02 1.233543592744294983e+03
6.585730791450029074e+02 1.232741767764298174e+03
6.590254482359745225e+02 1.232252747252747213e+03
6.590412550842532937e+02 1.232499709471237566e+03
6.582858796296296759e+02 1.232802662037036953e+03
6.574248853211008736e+02 1.232910550458715534e+03
6.567715269804822356e+02 1.233671641791044749e+03
6.561262135922330572e+02 1.234161621930325509e+03
6.554575981787137380e+02 1.233961866818440512e+03
6.549569213095921896e+02 1.234005743825387754e+03
6.551334478808705626e+02 1.233729667812141997e+03
6.555490084985835892e+02 1.232726345609065220e+03
6.553517359134889375e+02 1.231849743881616405e+03
6.553588732394366616e+02 1.230883380281690052e+03
6.557328027288232306e+02 1.229785673678226203e+03
6.562009029345372255e+02 1.229052483069977370e+03
6.560917378917379210e+02 1.228924216524216490e+03
6.560835702103468066e+02 1.228696418419556494e+03
6.562356257046222936e+02 1.229156144306651640e+03
6.558541899441340775e+02 1.229448044692737540e+03
6.550817469204927193e+02 1.230396416573348233e+03
6.544314049586777173e+02 1.230706336088154330e+03
6.540219058050383865e+02 1.230849397590361377e+03
6.543841463414634063e+02 1.230548780487804834e+03
6.553861111111110631e+02 1.229938888888888869e+03
6.558851463279955851e+02 1.229003313086692515e+03
6.561223698781838038e+02 1.227616832779623564e+03
6.559132596685083172e+02 1.226418784530386802e+03
6.557774122807018102e+02 1.225455592105263122e+03
6.550316939890710728e+02 1.224574316939890650e+03
6.538144499178981732e+02 1.224239737274220033e+03
6.528399781540141475e+02 1.224272528672856424e+03
6.518691384950926704e+02 1.224513631406761078e+03
6.516175836030205346e+02 1.225302588996763689e+03
6.517256925583922111e+02 1.225738185768604126e+03
6.516612466124661296e+02 1.225885094850948462e+03
6.516789989118607309e+02 1.225801414581066410e+03
6.535032894736841627e+02 1.224422697368421041e+03
