6.584805771365149667e+02 1.229084905660377444e+03
6.587272225289895005e+02 1.229396466040861469e+03
6.588371191135734080e+02 1.229294736842105294e+03
6.586948590381425674e+02 1.229141514648977363e+03
6.586974047487575490e+02 1.229143014908890109e+03
6.587034787410270837e+02 1.229159580342352228e+03
6.584341597796143333e+02 1.229196143250688692e+03
6.580294444444444935e+02 1.229493333333333339e+03
6.578315847598012169e+02 1.229342904472666987e+03
6.577228050800662231e+02 1.229325786858089486e+03
6.575501919912233006e+02 1.229247942951179311e+03
6.568333333333333712e+02 1.229317931793179241e+03
6.566115068493151057e+02 1.229395068493150575e+03
6.564815019326339325e+02 1.229220872446162275e+03
6.561967938087341281e+02 1.229354892205638407e+03
6.552957824639289584e+02 1.229492230854606078e+03
6.546442255062944469e+02 1.229401204159824829e+03
6.545825562260010884e+02 1.229455293472298308e+03
6.546646542261250943e+02 1.229345773874862743e+03
6.543830136986301795e+02 1.229419726027397246e+03
6.546375617792422190e+02 1.229459637561779346e+03
6.553563474387527776e+02 1.229340757238307333e+03
6.551406423034329691e+02 1.229412513842746421e+03
6.547914379802415397e+02 1.229309549945115350e+03
6.555732448866776849e+02 1.229628524046434450e+03
6.564655555555555111e+02 1.229784444444444489e+03
6.563830734966592217e+02 1.229875278396436443e+03
6.564069119286510841e+02 1.229750278706800373e+03
6.567493143170597705e+02 1.229467910038398259e+03
6.576027472527472355e+02 1.229873626373626394e+03
6.579108635097493334e+02 1.230197214484679762e+03
6.581893557422969252e+02 1.229796078431372507e+03
6.582247629670943070e+02 1.229579475738984911e+03
6.584288876591034523e+02 1.229448256779191979e+03
6.583514714047751113e+02 1.229394780677401513e+03
6.576034953577279794e+02 1.229379027853631897e+03
