6.557278688524589825e+02 1.228706010928961859e+03
6.561921590281611998e+02 1.228657095527333013e+03
6.569552980132450557e+02 1.228385209713024324e+03
6.575226383454444203e+02 1.228242034656232590e+03
6.576172566371681114e+02 1.228258849557522126e+03
6.576953642384105478e+02 1.228234547461368720e+03
6.577193849533223329e+02 1.228331136738056102e+03
6.582229084783829194e+02 1.229001684446939862e+03
6.591912751677851929e+02 1.229044183445190129e+03
6.595252357182473588e+02 1.229186356073211300e+03
6.599290465631928555e+02 1.229331485587583074e+03
6.600239154616240285e+02 1.229191323692992228e+03
6.576615469007131196e+02 1.228354909489851934e+03
6.575337726523888477e+02 1.228405820977484836e+03
6.566866081229418342e+02 1.228244785949505967e+03
6.568725868725869077e+02 1.228259238830667300e+03
6.571435698447893401e+02 1.228269955654101977e+03
6.569822123401889939e+02 1.228734296831573147e+03
6.563918547055585577e+02 1.228742982938910245e+03
6.562234513274336223e+02 1.229107853982300867e+03
6.559013774104682852e+02 1.229165289256198321e+03
6.561786310517529728e+02 1.228858653311074022e+03
6.566738056013180085e+02 1.228358594179022475e+03
6.574638720353005965e+02 1.228258687258687360e+03
6.574085365853658232e+02 1.228427383592017804e+03
