6.716653409090909008e+02 1.226322727272727207e+03
6.718356940509914921e+02 1.226159773371104848e+03
6.711559841179806654e+02 1.225967101531480466e+03
6.700885005636978349e+02 1.226211386696730642e+03
6.691348890153670936e+02 1.226994308480364225e+03
6.674428169014084915e+02 1.227975211267605573e+03
6.651711864406779569e+02 1.229020903954802179e+03
6.625014037057832184e+02 1.229733857383492477e+03
6.593018549747048382e+02 1.230802136031478312e+03
6.563431754874651460e+02 1.231396100278551557e+03
6.536217415418745986e+02 1.232383804769827975e+03
6.517767906718489712e+02 1.233033314825097250e+03
6.509194078947368780e+02 1.233598135964912217e+03
6.504683892248488064e+02 1.233554150632215396e+03
6.501511500547644573e+02 1.233721248630887203e+03
6.504980587909039969e+02 1.233675540765390906e+03
6.514615384615384528e+02 1.233057000553403441e+03
6.536206896551724412e+02 1.232450500556173438e+03
6.563447309417040287e+02 1.231624439461883412e+03
6.591255605381165878e+02 1.230818385650224172e+03
6.618635597978664009e+02 1.230274003368893773e+03
6.638119706380575735e+02 1.229092038396386215e+03
6.646770361990950278e+02 1.228365950226244422e+03
6.646661016949152554e+02 1.227334463276836232e+03
6.646107986501687037e+02 1.226357705286839064e+03
6.642970687711386972e+02 1.226122886133032807e+03
6.630853589598643794e+02 1.225936122102883019e+03
6.612338618346545900e+02 1.226087202718006893e+03
6.582601809954751388e+02 1.226189479638009061e+03
6.503284997211377458e+02 1.227515337423312985e+03
6.475209614309670769e+02 1.228367803242034597e+03
6.450328874024526158e+02 1.229734113712374665e+03
6.435041505257332801e+02 1.231470392916436140e+03
6.428289183222957490e+02 1.232512141280353262e+03
6.421111722619702959e+02 1.233542102366538302e+03
6.412441416893733503e+02 1.233894822888283443e+03
6.411781857451403539e+02 1.234019438444924390e+03
6.419405613648872304e+02 1.233502476609796304e+03
6.438359375000000000e+02 1.233593191964285779e+03
6.465000000000000000e+02 1.233050055617352655e+03
6.498466223698782187e+02 1.232569767441860449e+03
6.535170105967652034e+02 1.232430563301728853e+03
6.562597183098591813e+02 1.231547605633802732e+03
6.600310383747178093e+02 1.230170428893905182e+03
6.632455156950672972e+02 1.229145739910313978e+03
6.661764705882352473e+02 1.228269230769230717e+03
6.691223796033993949e+02 1.227204532577903592e+03
6.715152714932127083e+02 1.226729072398190056e+03
6.723864788732394118e+02 1.226352112676056322e+03
6.725070581592320877e+02 1.226106154714850391e+03
6.717802816901408960e+02 1.226146478873239403e+03
6.707719594594594810e+02 1.226533220720720692e+03
6.696888387824126312e+02 1.227290304396843339e+03
6.677295774647886901e+02 1.228192676056338087e+03
6.652431972789115662e+02 1.228908163265306030e+03
6.619305477131564430e+02 1.229910220214567971e+03
6.586453423120090065e+02 1.231010101010100925e+03
6.525671476137624722e+02 1.232663706992230800e+03
