6.552118691070438672e+02 1.229173044925124714e+03
6.589983425414365001e+02 1.229905524861878348e+03
6.617182866556836416e+02 1.230273476112026401e+03
6.634823399558498522e+02 1.230515452538631280e+03
6.642889755011135549e+02 1.231174276169265113e+03
6.646628162816281247e+02 1.231380638063806373e+03
6.642279452054795001e+02 1.231478356164383513e+03
6.635943293347874032e+02 1.231455288985823245e+03
6.629306389950846778e+02 1.231045330420535265e+03
6.622176308539944785e+02 1.230853443526170850e+03
6.606750409612234307e+02 1.230045876570180326e+03
6.586428181321682587e+02 1.229418350628072176e+03
6.563152053274139917e+02 1.228551609322974400e+03
6.534116675839295567e+02 1.227845899834892634e+03
6.500114879649891009e+02 1.227164113785557902e+03
6.476312910284464124e+02 1.227131838074398274e+03
6.464566885964911762e+02 1.226680372807017648e+03
6.464516657564172419e+02 1.226459858001092243e+03
6.466931447225244938e+02 1.226441784548422220e+03
6.476391304347826008e+02 1.226499456521739148e+03
6.485827850877193441e+02 1.227165021929824661e+03
6.495504385964911762e+02 1.227345394736842081e+03
6.509626373626373379e+02 1.228301648351648282e+03
6.533318534961154000e+02 1.228573251942286333e+03
6.560757324488668019e+02 1.229454947484798140e+03
6.594665561083471630e+02 1.230113875069098867e+03
6.620480662983425191e+02 1.230571270718231972e+03
6.645484581497797762e+02 1.231041299559471327e+03
