6.456024881516588039e+02 1.219323459715639729e+03
6.352382588774341912e+02 1.223317296678121465e+03
6.256230248306998192e+02 1.228011286681715546e+03
6.179844738355376421e+02 1.231577918343875808e+03
6.109988525530694687e+02 1.235281698221457191e+03
6.045824915824915706e+02 1.238777216610549885e+03
6.002853881278539347e+02 1.241152397260274029e+03
5.972743515850144149e+02 1.242443804034582172e+03
5.942459677419354875e+02 1.247463709677419274e+03
5.924759725400457455e+02 1.249604118993134989e+03
5.911764367816091408e+02 1.251531609195402325e+03
5.904764070494599082e+02 1.253029562251279231e+03
5.907216901408451122e+02 1.253669295774647935e+03
5.926514806378131652e+02 1.254039293849658407e+03
5.963981481481481524e+02 1.253711805555555657e+03
6.024325609031491240e+02 1.252422459893048199e+03
6.099268436578171304e+02 1.250886135693215238e+03
6.203032448377581431e+02 1.248621828908554562e+03
6.319839208410636502e+02 1.246142857142857110e+03
6.442212065813528170e+02 1.243486898232784824e+03
6.582926829268292295e+02 1.239607376561570391e+03
6.696241610738254622e+02 1.235895057962172132e+03
6.797101704879482895e+02 1.232215167548500858e+03
6.891817149346961742e+02 1.227425894378194243e+03
6.960138248847925979e+02 1.223171082949308811e+03
7.019478808705613346e+02 1.219183848797250903e+03
7.080499716070414706e+02 1.215162975582055651e+03
7.120678631519909914e+02 1.211835109366236793e+03
7.156633663366336577e+02 1.208547304730473115e+03
7.184619205298013185e+02 1.206188741721854285e+03
7.198246968026460308e+02 1.203987872105843508e+03
7.207426836002208574e+02 1.202489784649364992e+03
7.209009955752212591e+02 1.201658185840708029e+03
7.198277008310249130e+02 1.201203878116343503e+03
7.169338113623828121e+02 1.200682846111417575e+03
7.125112866817155464e+02 1.201525395033860150e+03
7.056838106370543073e+02 1.202531852717708944e+03
6.955491124260355491e+02 1.204292899408284029e+03
6.818550724637681242e+02 1.207804057971014572e+03
6.690818677986658258e+02 1.211249241964827206e+03
6.567791304347825871e+02 1.214688115942029071e+03
6.439758620689655118e+02 1.219502298850574789e+03
6.328508771929824661e+02 1.223564912280701719e+03
6.235943450663588692e+02 1.228076168493941168e+03
6.147446808510637766e+02 1.231945128779395191e+03
6.075429709732499077e+02 1.234252703471827090e+03
6.020765306122449374e+02 1.239089569160997826e+03
5.971806342015854625e+02 1.242823329558323849e+03
5.902729885057470938e+02 1.248461494252873536e+03
