6.510125435540069248e+02 1.235034843205574816e+03
6.509674220963172502e+02 1.236050991501416320e+03
6.506710893854748292e+02 1.235953212290502734e+03
6.504707581227436322e+02 1.237584115523465698e+03
6.501388888888889142e+02 1.237222934472934412e+03
6.504404145077720614e+02 1.238591413767579525e+03
6.507985185185185628e+02 1.238631851851851934e+03
6.512213967310549378e+02 1.238043090638930153e+03
6.523422619047619264e+02 1.238288690476190368e+03
6.534368340943683506e+02 1.238388888888888914e+03
6.539638554216867306e+02 1.238395331325301186e+03
6.541213915618060355e+02 1.237626943005181374e+03
6.543725202057311208e+02 1.237325495958853708e+03
6.542445573294629639e+02 1.236986937590711250e+03
6.536338837042354726e+02 1.237164393395549268e+03
6.521516894320632218e+02 1.237682242990654231e+03
6.503880379285193385e+02 1.237893508388037844e+03
6.488488372093023600e+02 1.240002325581395326e+03
6.466111111111110858e+02 1.239651651651651719e+03
6.448409947249434708e+02 1.240090429540316563e+03
6.440252486610557980e+02 1.240394032134659483e+03
6.437143922445935686e+02 1.239930648769574873e+03
6.437955223880596805e+02 1.239694029850746347e+03
6.447718910963943699e+02 1.239083149374540199e+03
6.460752373995617290e+02 1.238465303140978904e+03
6.470895848506919492e+02 1.238182083029861587e+03
6.480221904080171953e+02 1.237232641374373770e+03
6.489915014164306513e+02 1.235715297450424941e+03
6.496933427762039628e+02 1.235550991501416320e+03
6.497699175824176336e+02 1.234370192307692378e+03
6.497061994609164230e+02 1.233684636118598291e+03
6.488601070950468284e+02 1.232969210174029513e+03
6.482885538039753328e+02 1.233888279643591432e+03
6.466935804103243299e+02 1.232798808735936518e+03
6.453174061433446695e+02 1.234118771331058042e+03
6.437800829875518502e+02 1.234642461964038830e+03
6.416562291805463474e+02 1.233882744836775373e+03
6.408240165631469836e+02 1.235582470669427266e+03
6.405970772442589123e+02 1.236091162143354268e+03
6.407017167381974332e+02 1.237268955650929911e+03
6.410168869309839010e+02 1.238217327459618218e+03
6.422828358208955706e+02 1.238400746268656803e+03
6.439985107967237354e+02 1.238405063291139186e+03
6.459150579150579006e+02 1.238552895752895665e+03
6.475748324646314131e+02 1.237548026805658992e+03
6.498523636363636342e+02 1.236516363636363621e+03
6.521509846827133288e+02 1.235972283005105737e+03
6.543209606986899871e+02 1.235643377001455519e+03
6.561429587482218722e+02 1.234597439544807912e+03
6.572888418079096482e+02 1.234473870056497162e+03
6.578885774351787177e+02 1.234454099509460320e+03
6.578941093969144731e+02 1.234771388499298837e+03
6.569253628196267982e+02 1.235243953006219726e+03
6.556179378531073780e+02 1.236292372881355959e+03
6.538267045454545041e+02 1.236617187500000000e+03
6.524604150653343595e+02 1.238699461952344336e+03
6.508678678678678580e+02 1.238452702702702709e+03
6.490973782771535525e+02 1.239529588014981300e+03
6.484334600760456624e+02 1.239763498098859372e+03
6.481504629629629335e+02 1.240782407407407391e+03
6.482804399057345108e+02 1.241054202670856284e+03
6.481870615744348925e+02 1.240859703819173774e+03
6.485284489477786565e+02 1.240616523772408527e+03
6.490145371078806420e+02 1.239791889824024565e+03
6.497615384615384073e+02 1.239444615384615417e+03
6.499602102102102208e+02 1.239011261261261325e+03
6.498135349172066526e+02 1.237780417566594679e+03
6.495208791208791581e+02 1.238115018315018233e+03
6.488496683861459360e+02 1.238358142962417105e+03
6.478428262436914338e+02 1.237963950973323790e+03
6.472019635343618802e+02 1.237403927068723760e+03
6.468118741058655132e+02 1.238489985693848439e+03
6.459207708779442783e+02 1.238500356887937187e+03
6.457130559540889863e+02 1.238439741750358735e+03
6.458820101966496168e+02 1.238351784413692712e+03
6.470186846038864132e+02 1.239162929745889414e+03
6.480641672674837537e+02 1.237896178803172234e+03
6.497069571328179336e+02 1.236586085734364133e+03
6.515913902611150661e+02 1.236335215243472021e+03
6.531018518518518476e+02 1.236188034188034180e+03
6.542690140845070346e+02 1.235739436619718390e+03
6.550512649800266445e+02 1.233517976031957460e+03
6.556308219178082481e+02 1.234419863013698659e+03
6.556742896742896392e+02 1.234580041580041552e+03
6.548959183673468942e+02 1.233977551020408100e+03
6.540062197650311191e+02 1.235208707671043612e+03
6.528380622837370311e+02 1.235597923875432571e+03
6.515679513184584266e+02 1.235726166328600357e+03
6.508685512367491128e+02 1.237889752650176661e+03
6.502870919881305554e+02 1.239686943620177999e+03
6.499496296296296123e+02 1.239678518518518558e+03
6.502121673003802016e+02 1.241181749049429754e+03
6.509313501144164320e+02 1.241321128909229628e+03
6.518798798798799226e+02 1.240668168168168222e+03
6.536357615894039554e+02 1.239846210448859438e+03
6.554187265917603327e+02 1.240257677902621708e+03
6.573954198473282986e+02 1.240417557251908420e+03
6.589599395313681498e+02 1.240174603174603135e+03
6.597274758004467685e+02 1.238908413998510696e+03
6.605149700598802838e+02 1.238471556886227518e+03
6.604325309992706252e+02 1.237326768781910914e+03
6.600070323488045005e+02 1.236411392405063225e+03
6.589766001376463009e+02 1.235794218857536180e+03
6.578735314443676998e+02 1.236121630960608172e+03
6.566553867403314371e+02 1.235854972375690522e+03
6.547622720897616091e+02 1.236394810659186533e+03
6.522751396648044420e+02 1.236851256983240319e+03
6.500581478822684858e+02 1.237789662598707764e+03
6.483967431532198589e+02 1.239133974833456705e+03
6.467311111111110904e+02 1.239758518518518486e+03
6.454102373887239992e+02 1.239641691394658665e+03
6.452247605011053793e+02 1.239889462048636688e+03
6.457355072463767556e+02 1.238905072463768192e+03
6.468360655737704974e+02 1.238384176764076983e+03
6.481222459132907261e+02 1.237620469083155740e+03
6.495296167247387302e+02 1.235973519163763058e+03
6.512447988904299336e+02 1.235994452149791869e+03
6.529696765498651985e+02 1.234644878706199506e+03
6.540782726045883919e+02 1.233937921727395405e+03
6.548064076346284992e+02 1.233949556918882081e+03
6.551808219178082027e+02 1.234167808219178141e+03
6.554282814614343806e+02 1.233744925575101433e+03
6.552555780933063261e+02 1.234087897227856729e+03
6.552513812154695643e+02 1.235053867403314825e+03
6.557792114695340615e+02 1.236116845878136246e+03
6.560110864745010986e+02 1.237058388765705786e+03
6.564148094895758732e+02 1.236444284687275285e+03
6.570278174037090366e+02 1.236288873038516385e+03
6.584126984126984325e+02 1.236253246753246685e+03
6.594292857142856974e+02 1.235635714285714357e+03
6.610229459659511804e+02 1.236692820133234591e+03
6.623707210487982593e+02 1.235643845593590640e+03
6.640710144927536476e+02 1.235758695652173856e+03
6.649054441260744852e+02 1.235503581661891076e+03
6.652002881844380227e+02 1.235463976945244895e+03
6.651344902386117610e+02 1.236249457700650737e+03
6.648096987509184146e+02 1.236792064658339541e+03
6.639353846153845780e+02 1.238688461538461524e+03
6.622680334092634666e+02 1.238781321184510261e+03
6.609426356589146963e+02 1.239865116279069753e+03
6.596791104050834065e+02 1.240547259729944471e+03
6.582989771833201758e+02 1.240519276160503523e+03
6.577167859984089091e+02 1.240868735083532329e+03
6.571111981205951906e+02 1.241093187157400052e+03
6.574755520504731976e+02 1.241253154574132395e+03
6.582753164556961565e+02 1.240988132911392313e+03
6.592281825460368054e+02 1.241244195356284990e+03
6.602375690607734668e+02 1.240218626677190287e+03
6.614713275726629718e+02 1.239507462686567123e+03
6.624624715693707913e+02 1.237924943138741583e+03
6.635565610859728167e+02 1.237286576168929059e+03
6.636535087719298645e+02 1.235820906432748643e+03
6.637512839325017922e+02 1.235809244314013313e+03
6.627329956584659385e+02 1.234707670043415419e+03
6.615184411969380562e+02 1.234111343075852574e+03
6.599781690140845285e+02 1.234234507042253426e+03
6.585060584461867847e+02 1.235305060584461899e+03
6.567610241820767669e+02 1.235846372688477913e+03
6.557971428571428305e+02 1.236597142857142899e+03
6.550129672006102055e+02 1.238993897787948072e+03
6.541269956458635306e+02 1.238444847605225050e+03
6.542709104367135069e+02 1.239538860103627030e+03
6.543801344286781614e+02 1.239859596713965630e+03
6.546386363636363512e+02 1.239018939393939490e+03
6.553157110945644490e+02 1.238634400595681200e+03
6.569337395277989344e+02 1.238450875856816538e+03
6.586524566473988216e+02 1.236194364161849762e+03
6.608036496350365496e+02 1.236058394160583930e+03
6.633602719033232233e+02 1.236592145015105643e+03
6.656483594864479301e+02 1.235274607703280935e+03
6.670706293706293764e+02 1.233838461538461615e+03
6.679538904899135332e+02 1.233913544668587974e+03
6.682815249266861883e+02 1.234400293255132055e+03
6.679039017341040108e+02 1.234690028901734195e+03
6.678779443254818489e+02 1.235152748037116453e+03
6.673136810279667088e+02 1.236744520030234298e+03
6.652249240121579987e+02 1.238453647416413332e+03
6.649323308270676307e+02 1.238500751879699237e+03
6.652567049808428692e+02 1.239504980842911891e+03
6.654682352941176759e+02 1.240680000000000064e+03
6.663262243285939803e+02 1.240552132701421897e+03
6.672395256916995550e+02 1.240521739130434753e+03
6.672088752869166228e+02 1.239617444529456861e+03
6.667315827862873903e+02 1.238546316557257569e+03
6.667833456153279030e+02 1.238397936624907970e+03
6.667420058139534831e+02 1.237864825581395280e+03
6.660123816460305761e+02 1.238073561544064205e+03
6.653313432835821004e+02 1.238312686567164292e+03
6.640711692084240667e+02 1.238299927378358689e+03
6.628023862788963925e+02 1.239159582401193120e+03
6.615811437403400532e+02 1.239873261205564177e+03
6.599466463414634063e+02 1.239742378048780438e+03
6.588062256809338351e+02 1.240435797665369591e+03
6.579201228878648635e+02 1.240004608294930904e+03
6.572908672294704502e+02 1.240539524174980897e+03
6.569819819819820168e+02 1.239318318318318234e+03
6.574803921568627629e+02 1.238823529411764639e+03
6.585716395864105834e+02 1.237643279172821167e+03
6.596532846715329015e+02 1.237030656934306535e+03
6.611391304347826008e+02 1.236939130434782555e+03
6.621357498223169387e+02 1.235667377398720646e+03
6.632543675751222736e+02 1.234589098532494745e+03
6.639526098901098976e+02 1.233617445054945165e+03
6.642052002810962676e+02 1.234196064652143377e+03
6.641758474576271283e+02 1.234351694915254257e+03
6.636185495118550079e+02 1.234532078103207823e+03
6.628155825589707320e+02 1.235481772694781966e+03
6.614315561959654133e+02 1.236515129682997213e+03
6.601750741839762213e+02 1.238036350148368001e+03
6.584644927536231762e+02 1.238150724637681151e+03
6.572866568914955678e+02 1.239020527859237518e+03
6.568693467336682943e+02 1.238788944723617988e+03
6.569130752373995392e+02 1.239458728999269624e+03
6.571690458302028901e+02 1.239775356874530416e+03
6.588980392156862536e+02 1.240604705882352846e+03
6.599337748344370311e+02 1.238852832965415701e+03
6.612322485207100726e+02 1.238371301775147913e+03
6.626333583771599933e+02 1.238532682193839264e+03
6.636001523229246004e+02 1.238041127189642111e+03
6.642232866617538320e+02 1.236616064848931501e+03
6.648438848920862938e+02 1.235514388489208613e+03
6.655851216022889503e+02 1.235617310443490624e+03
6.656467661691542617e+02 1.235407960199004947e+03
6.656588151320485167e+02 1.235799428979300501e+03
6.647770515613652833e+02 1.236822803195352208e+03
6.630690909090909599e+02 1.237313454545454533e+03
6.614926144756277608e+02 1.238539881831610046e+03
6.593485540334855841e+02 1.239508371385083819e+03
6.575160513643659215e+02 1.241579454253611630e+03
6.557423510466989001e+02 1.242545893719806827e+03
6.539873817034700778e+02 1.241485804416403880e+03
6.529912140575079320e+02 1.242460063897763575e+03
6.524667182662539062e+02 1.242295665634674833e+03
6.524838709677419502e+02 1.242570416994492462e+03
6.527142857142856656e+02 1.241296703296703299e+03
6.533189522342064492e+02 1.240507704160246476e+03
6.538862629246676761e+02 1.238949778434268865e+03
6.545326560232221027e+02 1.237613933236574667e+03
6.547244212098580647e+02 1.237729648991784870e+03
6.541873684210526108e+02 1.235839999999999918e+03
6.536268861454046828e+02 1.235582304526748885e+03
6.528024776324845107e+02 1.235817618719889879e+03
6.526860304287690724e+02 1.236086445366528324e+03
6.527064917127071340e+02 1.236251381215469564e+03
6.527293546148507630e+02 1.236320610687022963e+03
6.527573221757322699e+02 1.236838912133891199e+03
6.527666433076384465e+02 1.236527680448493356e+03
6.534868327402135719e+02 1.237056939501779425e+03
6.543162027123482858e+02 1.236638829407565936e+03
6.555393982808022884e+02 1.236251432664756521e+03
6.564741064916119058e+02 1.236382202771699440e+03
6.580491803278688394e+02 1.236191019244476138e+03
6.590977175463623325e+02 1.235468616262482101e+03
6.600344332855092944e+02 1.234888091822094793e+03
6.612995658465990800e+02 1.235670767004341542e+03
6.620043541364295834e+02 1.236181422351233778e+03
6.620014184397163035e+02 1.235407092198581495e+03
6.615393338058114523e+02 1.236223954642097851e+03
6.605673758865248146e+02 1.236662411347517718e+03
6.596373467916366735e+02 1.237303532804614179e+03
6.581904411764705856e+02 1.238400735294117567e+03
6.567597014925372605e+02 1.239015671641790959e+03
6.557921874999999545e+02 1.240017187500000091e+03
6.549889502762431448e+02 1.240423046566693074e+03
6.545313225058005173e+02 1.240136890951276200e+03
6.549485116653257819e+02 1.241286403861625104e+03
6.553745019920319237e+02 1.240504382470119481e+03
6.567957244655582372e+02 1.240233570863024624e+03
6.581051829268292295e+02 1.238819359756097583e+03
6.597040662650601917e+02 1.237738704819277018e+03
6.606411411411411336e+02 1.237674174174174141e+03
6.606808199121522875e+02 1.236596632503660430e+03
6.600615942028985046e+02 1.235506521739130449e+03
6.588355776045358425e+02 1.235108433734939808e+03
6.574341917024320310e+02 1.235328326180257591e+03
6.555297918162240194e+02 1.235682699210337432e+03
6.536258018531717653e+02 1.235572344975053511e+03
6.518598195697431947e+02 1.235271339347675166e+03
6.503874643874644335e+02 1.236587606837606927e+03
6.483560393258427439e+02 1.236894662921348299e+03
6.468689704823614193e+02 1.238388768898488024e+03
6.451300353356890582e+02 1.237448763250883303e+03
6.443051224944321120e+02 1.239360801781737109e+03
6.433812316715542465e+02 1.238668621700879839e+03
6.432298358315489395e+02 1.237405424696645241e+03
6.442523985239852209e+02 1.238089298892988836e+03
6.454260994953136787e+02 1.236488824801730289e+03
6.467634482758620607e+02 1.235139310344827663e+03
6.487427184466019980e+02 1.234622746185852975e+03
6.510717329545454959e+02 1.235211647727272748e+03
6.529434092477570175e+02 1.233973775017253274e+03
6.543540502793296127e+02 1.234069134078212301e+03
6.551721027064538703e+02 1.234103400416377553e+03
6.553976964769648248e+02 1.233764905149051401e+03
6.554190410006949605e+02 1.234464906184850634e+03
6.546971691902567727e+02 1.233489795918367236e+03
6.541763104152485084e+02 1.235336963921034794e+03
6.533991769547325248e+02 1.235817558299039774e+03
6.528447678447678300e+02 1.236365211365211280e+03
6.526257928118393465e+02 1.236723749119097874e+03
6.529422799422799244e+02 1.237945887445887365e+03
6.534287759484609523e+02 1.237115962777379991e+03
6.537777777777778283e+02 1.237268398268398187e+03
6.538104956268221031e+02 1.237352769679300309e+03
6.536902718168812498e+02 1.237281831187410489e+03
6.539489942528736037e+02 1.237632183908046045e+03
6.540748546511628092e+02 1.237902616279069662e+03
6.539086924762600574e+02 1.238098612125639193e+03
6.532144970414201453e+02 1.238700443786982305e+03
6.522992647058823650e+02 1.238708823529411802e+03
6.513364894391842199e+02 1.238587764020393251e+03
6.501844512195121979e+02 1.240008384146341541e+03
6.489005397070161507e+02 1.240232074016962315e+03
6.478955108359133419e+02 1.240562693498452063e+03
6.466077712609970831e+02 1.239758064516129025e+03
6.456489283074648711e+02 1.240495195861049524e+03
6.455847589424572561e+02 1.241353810264385629e+03
6.455924207269914632e+02 1.241224284609435472e+03
6.456783536585365937e+02 1.240512957317073187e+03
6.460913107511045155e+02 1.238989690721649595e+03
6.473845582776540368e+02 1.238706013363028887e+03
6.485138686131386976e+02 1.237562773722627753e+03
6.490601398601398841e+02 1.235483216783216676e+03
6.497506944444444343e+02 1.235486111111111086e+03
6.498670798898072007e+02 1.234606060606060510e+03
6.496537940379404290e+02 1.234506097560975604e+03
6.481445702864756413e+02 1.233580946035976012e+03
6.462557226945716593e+02 1.233763897972531140e+03
6.444598786244099529e+02 1.235153742414025601e+03
6.425276417074877600e+02 1.236588523442967016e+03
6.409318996415770471e+02 1.237837275985663155e+03
6.397676056338028729e+02 1.237729577464788690e+03
6.398865143699337068e+02 1.239246868091378019e+03
6.403262307127112081e+02 1.239448934606906732e+03
6.413078034682081352e+02 1.239220375722543395e+03
6.425474860335195899e+02 1.237719273743016856e+03
6.441350574712644175e+02 1.238621408045976978e+03
6.453148404993065697e+02 1.237106796116504938e+03
6.473574593796159888e+02 1.238299113737075231e+03
6.495132496513249407e+02 1.236817294281729346e+03
6.516175839885632968e+02 1.236969978556111528e+03
6.531063238359972729e+02 1.235933981931897051e+03
6.547344827586207430e+02 1.235622068965517201e+03
6.560382475660640011e+02 1.235782336578581408e+03
6.568656182987848524e+02 1.236502501786990706e+03
6.566241134751772961e+02 1.236426241134751763e+03
6.555227750525577903e+02 1.236285914505956498e+03
6.544786386676321399e+02 1.237589427950760410e+03
6.526527472527473037e+02 1.238403663003663041e+03
6.507181952662722324e+02 1.239338017751479356e+03
6.485034168564919810e+02 1.239842065299924116e+03
6.457902985074626940e+02 1.240335074626865662e+03
