6.537666666666666515e+02 1.228692896174863336e+03
6.529551912568306307e+02 1.228149726775956196e+03
6.518249452954048593e+02 1.227625820568927793e+03
6.507038649972781741e+02 1.227385955362003187e+03
6.497660152008686509e+02 1.227279587404994572e+03
6.490396954866774877e+02 1.227324632952691672e+03
6.489301948051947875e+02 1.227235930735930651e+03
6.497940217391304714e+02 1.227330978260869642e+03
6.515858475041140991e+02 1.227828304991771802e+03
6.529484083424807750e+02 1.228289791437980284e+03
6.545203296703297156e+02 1.228474725274725188e+03
6.559176728869374529e+02 1.229322722283205167e+03
6.580221361372440469e+02 1.230408411732152672e+03
6.597364939360529661e+02 1.230136163175303182e+03
6.606937877954920850e+02 1.230352391423859217e+03
6.607089511257551067e+02 1.231057660626029701e+03
6.607378215654077849e+02 1.231145046524356758e+03
6.606951754385964932e+02 1.231144736842105203e+03
6.603337034980565932e+02 1.231031649083842240e+03
6.599325657894736423e+02 1.230866228070175339e+03
6.588502468458584644e+02 1.230257816785518344e+03
6.568876159301690905e+02 1.229948172394980929e+03
6.547485029940120285e+02 1.229404463799673294e+03
6.529867914144193719e+02 1.229337369290038623e+03
6.517328618063112344e+02 1.228309031556039145e+03
6.506943539630835858e+02 1.228142779587404902e+03
6.488357644516477194e+02 1.227394381415451107e+03
