6.591622073578595291e+02 1.230702341137123767e+03
6.566539944903581727e+02 1.230104683195592315e+03
6.544744645799011096e+02 1.229354750137287283e+03
6.533302146395157024e+02 1.229015410016510714e+03
6.527032786885246196e+02 1.228245901639344311e+03
6.516176470588235361e+02 1.227339324618736327e+03
6.504127332601536864e+02 1.227142700329308354e+03
6.486745334796926272e+02 1.226972008781558770e+03
6.484161593801881054e+02 1.226903707802988265e+03
6.489048404840483499e+02 1.226814081408140737e+03
6.503947951273532908e+02 1.227024363233665554e+03
6.515220264317180181e+02 1.227271475770925008e+03
6.526262403528114646e+02 1.227832414553472972e+03
6.535249169435215890e+02 1.228557032115171751e+03
6.552411308203991211e+02 1.229488913525498901e+03
6.577738359201773619e+02 1.230030487804878021e+03
6.597012061403509051e+02 1.230305372807017648e+03
6.605801652892562288e+02 1.231305785123966871e+03
6.603750000000000000e+02 1.231533185840708029e+03
6.603160535117057179e+02 1.231993311036789237e+03
6.601804553026096301e+02 1.232247640199889020e+03
6.603320312500000000e+02 1.231845424107142890e+03
6.599819277108433653e+02 1.231262322015334121e+03
6.587820583379196933e+02 1.231195376995046672e+03
6.563878787878787762e+02 1.230389531680440768e+03
6.542090707964601961e+02 1.230146017699114964e+03
6.526102340772999924e+02 1.228488840500816650e+03
