6.606893854748603871e+02 1.226318435754189977e+03
6.603444816053511204e+02 1.226177814938684605e+03
6.591989966555183855e+02 1.226191750278706877e+03
6.571860335195531206e+02 1.226442458100558724e+03
6.555490848585690173e+02 1.227336661120355075e+03
6.544925455549420121e+02 1.227574268360022188e+03
6.538782122905028018e+02 1.228139664804469248e+03
6.535769445998880656e+02 1.229026860660324473e+03
6.535608938547486559e+02 1.229894413407821276e+03
6.537189760712298039e+02 1.230339454646633385e+03
6.547744276940256896e+02 1.230762702400893431e+03
6.566058558558559071e+02 1.230739864864864785e+03
6.590321852060982337e+02 1.230332580463015347e+03
6.617881690140844739e+02 1.229832676056337959e+03
6.635504225352112826e+02 1.229785915492957656e+03
6.645455053042992404e+02 1.229441094360692432e+03
6.652404063205417515e+02 1.228878103837471826e+03
6.655870422535210764e+02 1.228649577464788763e+03
6.648780623608017777e+02 1.228264476614699333e+03
6.635403450194769448e+02 1.227795770728992693e+03
6.621269751693001808e+02 1.228130925507900656e+03
6.593367174280880363e+02 1.228190073322052967e+03
6.564238521836506379e+02 1.228309070548712270e+03
6.539944165270798067e+02 1.228385259631490726e+03
6.523973436635307053e+02 1.228949640287769853e+03
6.513240689271817701e+02 1.229350750416898336e+03
6.503618677042801437e+02 1.229287381878821634e+03
6.498468819599108883e+02 1.229643095768374224e+03
6.498495821727019575e+02 1.229622841225626644e+03
6.507985531441290732e+02 1.229668892598775756e+03
6.521731194690265738e+02 1.229122787610619525e+03
6.544272930648769488e+02 1.229072706935123051e+03
6.568881355932203405e+02 1.228603389830508377e+03
6.587029592406477150e+02 1.228758235622557322e+03
6.595494938132733296e+02 1.228834645669291376e+03
6.600022560631697388e+02 1.228805414551607555e+03
6.604431239388794666e+02 1.228786644029428317e+03
6.596361079865016563e+02 1.229074803149606396e+03
6.578996006845408147e+02 1.229042783799201288e+03
6.555960784313725753e+02 1.229383193277310966e+03
6.529876265466816676e+02 1.229614735658042719e+03
6.481330734966592217e+02 1.230232739420935332e+03
6.465951327433627966e+02 1.230138274336283075e+03
6.454147286821705620e+02 1.229689368770764077e+03
6.438240843507213640e+02 1.229712541620421689e+03
6.433792723263505877e+02 1.229568357221609631e+03
6.438491091314031110e+02 1.229331848552338442e+03
6.457569367369588917e+02 1.228539400665926678e+03
6.476677796327212491e+02 1.228355036171396705e+03
6.492919254658385171e+02 1.228080745341614829e+03
6.512744656917885777e+02 1.227480877390326214e+03
6.525159842961301138e+02 1.227417835109366251e+03
6.526414988814317439e+02 1.227510067114093999e+03
6.527835281023928928e+02 1.227824707846410774e+03
6.534561598224195222e+02 1.228334073251942300e+03
6.537262168141593293e+02 1.228969026548672673e+03
6.524233536247925258e+02 1.229399557277255099e+03
6.504045379081350120e+02 1.230317100166020964e+03
6.491624309392265104e+02 1.230508839779005484e+03
6.482068965517241850e+02 1.230877085650723075e+03
6.475697609783212556e+02 1.231351306281267398e+03
6.479722693831353126e+02 1.230970005659309663e+03
6.494301738642736836e+02 1.230845765563656869e+03
6.509691184727680593e+02 1.230192588433464380e+03
6.518613750698714284e+02 1.229873672442705356e+03
6.521878515185601373e+02 1.229228346456692861e+03
6.536661073825503081e+02 1.228463087248322154e+03
6.552273743016759227e+02 1.227884916201117221e+03
6.562053721320648947e+02 1.227250139899272426e+03
6.564700950251536824e+02 1.226910564561207366e+03
6.563083379966424218e+02 1.226649692221600390e+03
6.550094339622640973e+02 1.226815205327413878e+03
6.529172222222222217e+02 1.227211666666666588e+03
6.515330372015547482e+02 1.227689061632426501e+03
6.504583103257868970e+02 1.228401987852015509e+03
6.497793296089384967e+02 1.228874860335195535e+03
6.494903154399556797e+02 1.229483674598782500e+03
6.493559888579387689e+02 1.230256824512534877e+03
6.499020705092333401e+02 1.230416899832120862e+03
6.511252808988764400e+02 1.230582022471910022e+03
6.529283314669652327e+02 1.230473124300111976e+03
6.556535874439462077e+02 1.230174327354260186e+03
6.596250000000000000e+02 1.229376116071428669e+03
