6.504723451327433850e+02 1.229139380530973540e+03
6.500233203775679840e+02 1.229223764575235919e+03
6.498854919399666414e+02 1.229227348526959531e+03
6.499244863964464685e+02 1.229243753470294223e+03
6.498565047459519519e+02 1.229201005025125596e+03
6.498982102908277056e+02 1.229238255033557152e+03
6.497931034482758150e+02 1.229349833147942263e+03
6.499653824678949832e+02 1.229097710776102758e+03
6.499201117318435763e+02 1.229280446927374214e+03
6.497414469994391766e+02 1.229067863151991105e+03
6.498658057271195503e+02 1.229154969118472764e+03
6.500582959641255911e+02 1.229293721973094080e+03
6.501979809310151950e+02 1.229277061132921972e+03
6.503810584958217760e+02 1.229250696378830071e+03
6.508334271243669491e+02 1.229047833427124260e+03
6.513612359550561450e+02 1.228955056179775283e+03
6.515539407490217627e+02 1.229267188373392855e+03
6.522268156424580638e+02 1.229463128491620182e+03
6.527606263982103201e+02 1.229510626398210206e+03
6.530961754780652200e+02 1.229683914510686236e+03
6.526629588431591174e+02 1.229767519466073509e+03
6.530520425293788094e+02 1.229937325125909410e+03
6.540735955056179591e+02 1.229851685393258322e+03
6.541884464385866522e+02 1.229772293886707757e+03
6.545287929125138362e+02 1.229535437430786260e+03
6.550455824423185049e+02 1.229483398987056944e+03
6.553981016192071820e+02 1.229488553880513791e+03
6.557460850111856416e+02 1.229472595078299719e+03
6.561916336913510577e+02 1.229591859807801029e+03
6.565275152862701589e+02 1.229750972762645915e+03
6.567021751254879973e+02 1.229940323480200732e+03
6.566977133296152260e+02 1.230118795315114312e+03
6.567610027855153021e+02 1.230149860724234031e+03
6.567615341856586610e+02 1.229941078376876021e+03
6.568805136795086810e+02 1.229566722501395816e+03
6.569692737430167426e+02 1.229482681564245922e+03
6.568322222222221853e+02 1.229126111111111186e+03
6.567947719688543202e+02 1.229081757508342662e+03
6.567790178571428896e+02 1.228944754464285779e+03
6.571423747889701872e+02 1.229320202588632583e+03
6.574588696138780506e+02 1.229442641298265244e+03
6.575389755011135549e+02 1.229478285077951114e+03
6.576176470588235361e+02 1.229521087680355095e+03
6.573364640883977472e+02 1.229404419889502833e+03
6.571518704634282813e+02 1.229433277498604184e+03
6.567071269487751124e+02 1.229277282850779557e+03
6.563259423503326389e+02 1.229242239467849231e+03
6.560401337792642380e+02 1.229230769230769283e+03
6.554755011135857785e+02 1.229090757238307333e+03
6.549911553344388722e+02 1.228717523493642830e+03
6.542992741485203396e+02 1.228917922948073738e+03
6.542495821727019347e+02 1.228992200557103160e+03
6.543088975937324676e+02 1.229092893116955793e+03
6.538085224128390109e+02 1.229120641947980175e+03
6.535793871866295603e+02 1.229171030640668505e+03
6.528233351678591134e+02 1.228604843148046257e+03
6.519207756232686961e+02 1.228494182825484813e+03
6.515522388059702052e+02 1.228393587617468256e+03
6.514250967385295326e+02 1.228199557766721910e+03
6.513384785005512185e+02 1.228324696802646031e+03
6.510249169435215890e+02 1.228350498338870466e+03
6.511143808995002473e+02 1.228573570238756247e+03
6.508425976884975626e+02 1.228500825536598768e+03
6.505881702598120455e+02 1.228533996683250507e+03
6.505511898173768941e+02 1.228434975096845619e+03
6.505738793580520678e+02 1.228428334255672326e+03
6.505698447893570346e+02 1.228366407982261535e+03
6.504465270121279445e+02 1.228623484013230382e+03
6.503650000000000091e+02 1.228701111111111004e+03
6.504329099944782229e+02 1.228689122032026489e+03
6.502857935627081361e+02 1.228598779134295228e+03
6.503641940881204846e+02 1.228880646960401464e+03
6.506737668161434840e+02 1.229242152466367770e+03
