6.576838032061912145e+02 1.229715865118850161e+03
6.575998890122086777e+02 1.229873473917868978e+03
6.573804226918798577e+02 1.229640711902113480e+03
6.569194961664841230e+02 1.229409090909090992e+03
6.558606692265495894e+02 1.229724081184860097e+03
6.548792535675082718e+02 1.229719538968166944e+03
6.539500822819528594e+02 1.229869445968184209e+03
6.528041804180418239e+02 1.229803080308030758e+03
6.527613009922822584e+02 1.230049062844542505e+03
6.537451630735213257e+02 1.229730237700386851e+03
6.550644086618544861e+02 1.229699611327040429e+03
6.558509454949944484e+02 1.229607897664071288e+03
6.558739542665922500e+02 1.229611823759063100e+03
6.560000000000000000e+02 1.229772215973003313e+03
6.567023542600896917e+02 1.230011771300448345e+03
6.577849162011173121e+02 1.229558659217876993e+03
6.596311702717692924e+02 1.229399334442595773e+03
6.608304323413811971e+02 1.229100505334082072e+03
6.602217270194986440e+02 1.229173259052924777e+03
6.588505810736027115e+02 1.229410625345877179e+03
6.576392543859649322e+02 1.229611293859649095e+03
6.575814977973568602e+02 1.229803964757709309e+03
6.579473684210526017e+02 1.230278275475923920e+03
6.577260798250409835e+02 1.229420448332421984e+03
6.572323008849557482e+02 1.229519911504424726e+03
6.557495899398578558e+02 1.229502460360852865e+03
6.555668859649123306e+02 1.229731359649122851e+03
6.558463656387665424e+02 1.229824889867841421e+03
6.571899943788645260e+02 1.229651489600899367e+03
6.585274049217001675e+02 1.229706375838926078e+03
6.590534308211473444e+02 1.229414510686164249e+03
6.592878787878787534e+02 1.229377665544332103e+03
6.594247491638795964e+02 1.229437569676700150e+03
6.594039106145251026e+02 1.229278212290502779e+03
6.590005583472919852e+02 1.229556672250139627e+03
6.576980716253443688e+02 1.229463911845730081e+03
6.575201323772752176e+02 1.229625482625482618e+03
6.573812672176308070e+02 1.229463911845730081e+03
6.570560747663550956e+02 1.229637163276525598e+03
6.559274017467248541e+02 1.229655021834061245e+03
6.546604292790314048e+02 1.229915795266923396e+03
6.520811258278146170e+02 1.230370309050772676e+03
