6.538156146179402413e+02 1.229297342192691076e+03
6.525922865013774299e+02 1.228987327823691430e+03
6.508947368421053170e+02 1.229186703601108093e+03
6.489628808864265466e+02 1.229408310249307533e+03
6.480306748466257432e+02 1.229326268823201417e+03
6.471191536748330009e+02 1.229526169265033332e+03
6.464168048645660747e+02 1.229575456053067910e+03
6.466513048306496785e+02 1.229411438089950025e+03
6.472360178970917559e+02 1.229131431767337745e+03
6.472837235228539612e+02 1.229219620958751420e+03
6.478190423162583329e+02 1.229027839643652669e+03
6.476992813709231314e+02 1.229294085129906080e+03
6.471830829159711129e+02 1.229481357818586503e+03
6.471978818283166675e+02 1.229637123745819508e+03
6.476346474181010535e+02 1.229481954469739094e+03
6.483871866295264681e+02 1.229361559888579450e+03
6.498120805369127311e+02 1.229178411633109590e+03
6.514510022271714433e+02 1.228878062360801778e+03
6.526722314969393892e+02 1.228966054535336752e+03
6.537119021134593595e+02 1.228815906562847658e+03
6.545016648168701749e+02 1.228640954495005644e+03
6.546040268456375770e+02 1.228958053691275154e+03
6.557556306306306624e+02 1.229084459459459367e+03
6.568485360360360801e+02 1.229037162162162076e+03
6.580807174887892188e+02 1.229179372197309476e+03
6.596855381165919425e+02 1.228936659192825118e+03
6.618625486922649088e+02 1.228834168057874194e+03
6.648272574312956067e+02 1.228782950084127833e+03
6.656516164994426390e+02 1.228804905239687741e+03
6.656992733370598216e+02 1.229121296813862500e+03
6.655301003344482069e+02 1.229476031215161584e+03
6.655633017289459303e+02 1.229495259341885003e+03
6.656608646827625080e+02 1.229439640651319451e+03
6.661123658949745732e+02 1.229417278373800173e+03
6.665364758698092373e+02 1.228874298540965128e+03
6.658192972671499774e+02 1.229163970998326931e+03
6.648001116694583743e+02 1.228968732551647236e+03
6.642745535714285552e+02 1.228825334821428669e+03
6.623492152466367315e+02 1.229017376681614451e+03
6.603015075376883942e+02 1.229034059184813032e+03
6.587469204927211877e+02 1.229178051511758213e+03
6.573932773109244181e+02 1.229182072829131585e+03
6.566256267409470411e+02 1.229263509749303694e+03
6.564296745725316669e+02 1.228784886927744083e+03
6.565496688741721982e+02 1.228459713024282564e+03
6.557627677100493884e+02 1.228432729269632091e+03
6.548705555555555975e+02 1.228383333333333439e+03
6.531947835738068306e+02 1.228441176470588289e+03
6.514739467849224184e+02 1.229185144124168573e+03
6.503892282065519339e+02 1.229294280955024988e+03
6.495917914586799498e+02 1.229151414309484153e+03
6.487813021702837659e+02 1.229212020033389081e+03
6.490117056856187219e+02 1.229374024526198355e+03
6.494759002770083498e+02 1.228952908587257525e+03
6.501898096304590808e+02 1.229100783874579975e+03
