6.453257238307350008e+02 1.229919265033407555e+03
6.461270194986072966e+02 1.229861838440111342e+03
6.465939933259177224e+02 1.229907119021134577e+03
6.484780920687742309e+02 1.230003882418192006e+03
6.505440931780366327e+02 1.230030504714364952e+03
6.537270225646669815e+02 1.229351678591084237e+03
6.581615819209039273e+02 1.229333898305084858e+03
6.615047196002220744e+02 1.229314825097168296e+03
6.637153123272526045e+02 1.229495301271420658e+03
6.653443820224719047e+02 1.229842696629213378e+03
6.671198439241917413e+02 1.229934225195094768e+03
6.684634551495016694e+02 1.229380952380952294e+03
6.690628126737076400e+02 1.229303501945525340e+03
6.691152561247215544e+02 1.229251670378619110e+03
6.682077267637178011e+02 1.228838185890257591e+03
6.623137254901961342e+02 1.228985434173669546e+03
6.594399105645611598e+02 1.229141419787590849e+03
6.567146005509641782e+02 1.229039118457300219e+03
6.543404255319148888e+02 1.229093505039193815e+03
6.513221663874929845e+02 1.229039084310441012e+03
6.484479108635097191e+02 1.228922005571030695e+03
6.462105849582172823e+02 1.229349860724234077e+03
6.442476349471340882e+02 1.229755703951029545e+03
6.440584666298951788e+02 1.229638168781026025e+03
6.453060200668896869e+02 1.229712931995540657e+03
6.466409691629955887e+02 1.229606277533039702e+03
6.473404017857143344e+02 1.229992187500000000e+03
6.484764019988895143e+02 1.229765685730149926e+03
6.505458078845085765e+02 1.229544697390338797e+03
6.573361486486486456e+02 1.228868243243243342e+03
