6.544942020982882696e+02 1.228172280508006679e+03
6.545477109762823602e+02 1.228107556536127959e+03
6.562711111111111677e+02 1.228480555555555611e+03
6.576050884955752736e+02 1.228788716814159216e+03
6.577062706270627359e+02 1.228604510451045144e+03
6.568350742166024929e+02 1.228269928532160520e+03
6.556548672566372034e+02 1.228074668141592838e+03
6.536982475355969200e+02 1.227641292442497161e+03
6.526531728665207766e+02 1.227907549234135558e+03
6.528886450905101810e+02 1.228061437191442565e+03
6.552349696635410510e+02 1.228561500275786102e+03
6.572629815745393671e+02 1.228939698492462412e+03
6.572422048997773345e+02 1.228834632516703778e+03
6.549107338444688367e+02 1.228700438116100713e+03
6.529740474875759446e+02 1.228884041965764709e+03
6.525236799129014571e+02 1.228569406641262958e+03
6.543653846153846416e+02 1.228746703296703345e+03
6.571022790439133132e+02 1.228974986103390847e+03
6.588215469613260211e+02 1.228630939226519331e+03
6.585421286031041745e+02 1.228582039911308129e+03
6.566663007683863498e+02 1.228313391877058166e+03
6.557217343578485043e+02 1.228175631174533464e+03
6.557896760021966429e+02 1.228246567819879147e+03
6.572643294379521421e+02 1.228622148024485341e+03
6.587401315789473983e+02 1.229408442982456108e+03
