6.579223897264098468e+02 1.230050251256281399e+03
6.593249158249158199e+02 1.229709876543209930e+03
6.606646375207526489e+02 1.229327061427780791e+03
6.607058171745152322e+02 1.229294736842105294e+03
6.591411111111110586e+02 1.229082777777777665e+03
6.558312048861743051e+02 1.228875069405885597e+03
6.515707236842105203e+02 1.229415021929824661e+03
6.481497005988023830e+02 1.229530212302667451e+03
6.461924119241192557e+02 1.229686720867208578e+03
6.457739837398373766e+02 1.230075880758807671e+03
6.471050626020686423e+02 1.229786064235166123e+03
6.491331133113311580e+02 1.229506600660065942e+03
6.513185349611542279e+02 1.228966148723640345e+03
6.545121681415929515e+02 1.228536504424778741e+03
6.564625137816979077e+02 1.228605292171995643e+03
6.571181410974244272e+02 1.228760918253079581e+03
6.571878144214645090e+02 1.229021799888205805e+03
6.564893267651888209e+02 1.229319649698960120e+03
6.559708310401761082e+02 1.229456246560264162e+03
6.567376594564614152e+02 1.229504159733776987e+03
6.585030269675288537e+02 1.229303247110621896e+03
6.600000000000000000e+02 1.229510497237569098e+03
6.602406387665198508e+02 1.229563325991189458e+03
6.596262349066959132e+02 1.229680570801317344e+03
6.580859924283396367e+02 1.229628988642509512e+03
6.565821955215728849e+02 1.230346805024576724e+03
6.563342511013215699e+02 1.230237334801762017e+03
6.577370473537604312e+02 1.230439554317548755e+03
6.597544642857143344e+02 1.230177455357142890e+03
6.612790439132851361e+02 1.229706503613118457e+03
6.625091210613599060e+02 1.229425096738529646e+03
6.618195904814609776e+02 1.229177089097952376e+03
6.555610834715312194e+02 1.228655058043117833e+03
