6.483684794672585667e+02 1.229546614872363989e+03
6.478301462317210735e+02 1.230685601799774986e+03
6.471934225195094541e+02 1.231500557413600973e+03
6.467388641425390006e+02 1.232255567928730443e+03
6.467164261931187639e+02 1.232336293007769200e+03
6.468256983240223690e+02 1.232263687150837995e+03
6.475180255130338765e+02 1.231305047143649517e+03
6.484369794558579088e+02 1.230613548028872856e+03
6.494977753058954022e+02 1.229570634037819900e+03
6.506974416017797012e+02 1.228867074527252498e+03
6.526310190369540578e+02 1.227986562150055988e+03
6.547614015572859216e+02 1.227427141268075729e+03
6.559792717086834273e+02 1.227490196078431381e+03
6.566214405360134378e+02 1.227232272473478588e+03
6.569659788064695931e+02 1.227290016731734568e+03
6.571224719101123810e+02 1.228176966292134921e+03
6.576021205357143344e+02 1.229079241071428669e+03
6.574166666666666288e+02 1.230202460850111947e+03
6.569921524663676564e+02 1.231161995515695025e+03
6.566362126245846866e+02 1.232236434108527192e+03
6.562160044767766749e+02 1.233200335758254141e+03
6.563301675977653531e+02 1.233181005586592164e+03
6.574787946428571104e+02 1.233238281250000000e+03
6.589960629921259851e+02 1.232349831271091034e+03
6.598251396648045102e+02 1.231206703910614578e+03
6.608206128133704169e+02 1.230396657381615569e+03
6.624474123539232551e+02 1.228529215358931651e+03
6.635867861142216952e+02 1.227140537513997742e+03
6.647888268156424374e+02 1.225929608938547517e+03
6.654554176072234668e+02 1.225125282167042997e+03
6.646550757150869231e+02 1.225199102636006728e+03
6.630671178793006675e+02 1.226746192893401030e+03
6.622453257790368752e+02 1.228093484419263405e+03
6.610508762012436819e+02 1.229206896551724185e+03
6.591102362204724159e+02 1.230861079865016791e+03
6.571823297692740198e+02 1.232347777152504250e+03
6.552748049052396482e+02 1.232430880713489387e+03
6.534352678571428896e+02 1.232820870535714221e+03
6.531371780515117962e+02 1.232709406494960831e+03
6.533367003367003463e+02 1.231989898989899075e+03
6.536826547685443529e+02 1.230739542665922954e+03
6.548410485220300643e+02 1.229252091466815500e+03
6.557562884292900662e+02 1.228230855226383483e+03
6.566277901785714448e+02 1.226925781250000000e+03
6.575608938547486559e+02 1.226043016759776492e+03
6.576967488789238132e+02 1.225716928251121089e+03
6.570867117117117004e+02 1.225416103603603688e+03
6.564231414197876120e+02 1.226067635550586829e+03
6.557853170189099501e+02 1.226391546162402619e+03
6.545585284280936094e+02 1.227938684503901868e+03
6.531187394485086770e+02 1.228944288126055199e+03
6.517098937954164057e+02 1.230173281162660714e+03
6.505699105145413341e+02 1.231196868008948513e+03
6.493630751964085448e+02 1.232218294051627481e+03
6.490241573033707709e+02 1.232713483146067347e+03
6.493882022471909750e+02 1.232396067415730386e+03
6.502241086587436030e+02 1.232167515563101233e+03
6.518788049605411743e+02 1.231394588500563714e+03
6.531472564389697482e+02 1.230412653975364037e+03
6.543637892376681293e+02 1.229502802690582939e+03
6.558037904124860233e+02 1.228399108138238489e+03
6.580594837261503471e+02 1.227224466891133488e+03
