6.611950113378684364e+02 1.231046485260771078e+03
6.625520951302378307e+02 1.231168742921857302e+03
6.642047646057856127e+02 1.231086783891094683e+03
6.656163841807909876e+02 1.230549717514124268e+03
6.670507411630558181e+02 1.230261687571265611e+03
6.684428086070215613e+02 1.230177236693091800e+03
6.696617730095990737e+02 1.229709768492377179e+03
6.701045714285713757e+02 1.229619428571428671e+03
6.700371004566210331e+02 1.229647260273972506e+03
6.687733934611048880e+02 1.229833709131905380e+03
6.671930325528269350e+02 1.230083952027412806e+03
6.656568848758464583e+02 1.230373589164785471e+03
6.640039705048213818e+02 1.230224617129892295e+03
6.628043721973093625e+02 1.230473094170403556e+03
6.625795644891122720e+02 1.230737018425460747e+03
6.631318181818181756e+02 1.230808522727272702e+03
6.647660056657223322e+02 1.230841359773371096e+03
6.666629086809469982e+02 1.230310597519729527e+03
6.688947068867387316e+02 1.229979510529311256e+03
6.701973908111174296e+02 1.229501985252410577e+03
6.703951890034363714e+02 1.229329896907216607e+03
6.694433802816901107e+02 1.229059154929577517e+03
6.678342728297632220e+02 1.229354002254791340e+03
6.661107921928817177e+02 1.229638920780711715e+03
6.634367555303459767e+02 1.229733408961996702e+03
6.612518309859154897e+02 1.230196619718309876e+03
6.601996606334841999e+02 1.230378393665158455e+03
6.599569351230425127e+02 1.230498322147650924e+03
6.605725490196078908e+02 1.230352941176470495e+03
6.618400226116450540e+02 1.230355002826455575e+03
6.638843115124153655e+02 1.229975733634311609e+03
6.656041666666666288e+02 1.229600225225225131e+03
6.670450913242009392e+02 1.229571917808219268e+03
6.679891614375356994e+02 1.229437535653165924e+03
6.684149117814456531e+02 1.229394422310756909e+03
6.683656462585033751e+02 1.229287414965986500e+03
6.670490867579908354e+02 1.229151826484018329e+03
6.654132509825940360e+02 1.229494104435710369e+03
6.636608744394618498e+02 1.229794843049327255e+03
6.615991066443327782e+02 1.230117811278615363e+03
6.605758426966292518e+02 1.230750000000000000e+03
6.600891144952058767e+02 1.230668358714043961e+03
6.600668915120854763e+02 1.230573917931422102e+03
6.609696458684654772e+02 1.230262507026419371e+03
6.625155631013016091e+02 1.230007357102433616e+03
6.643740845070421983e+02 1.229494084507042317e+03
6.661011363636363285e+02 1.229528409090909008e+03
6.673605442176871065e+02 1.229596938775510125e+03
6.675782312925169890e+02 1.229904195011337833e+03
6.660103270223752361e+02 1.230009179575444705e+03
6.633628620102214200e+02 1.229997160704145472e+03
6.605575418994413894e+02 1.230493854748603326e+03
6.583267494356658744e+02 1.230643905191873500e+03
6.563955732122587960e+02 1.230880817253121450e+03
6.552501414827390818e+02 1.230887379739671815e+03
6.552097230073487708e+02 1.230855850763143053e+03
6.560285551113648808e+02 1.230653340948029609e+03
6.574870203160270421e+02 1.230454853273137587e+03
6.587229461756373894e+02 1.230092917847025547e+03
6.594199207696660778e+02 1.229720996038483236e+03
6.598679567444507938e+02 1.229315310187820160e+03
6.592940180586907672e+02 1.229568848758465037e+03
6.580445205479452397e+02 1.229328196347031962e+03
6.566183035714285552e+02 1.229332589285714221e+03
6.551200686106346893e+02 1.229804459691252077e+03
6.530984162895927057e+02 1.230171945701357572e+03
6.506193946188341215e+02 1.230403587443946208e+03
6.485167410714285552e+02 1.230456473214285779e+03
6.469259052924791149e+02 1.230532033426183943e+03
6.464693080357143344e+02 1.230277343750000000e+03
6.465590416428979097e+02 1.230670849971477537e+03
6.473602484472049809e+02 1.229810276679841991e+03
6.483864788732394118e+02 1.229268169014084606e+03
6.493843537414966249e+02 1.229285714285714221e+03
6.500409457900807411e+02 1.229915224913494740e+03
6.501596351197263175e+02 1.229384264538198295e+03
6.491692133559705553e+02 1.229525749858517202e+03
6.475560538116592397e+02 1.229687219730941706e+03
6.452314237095858971e+02 1.230082813386273301e+03
6.431429381735678135e+02 1.230423709585933011e+03
6.417524024872809605e+02 1.230910118711136192e+03
6.417885811192763867e+02 1.230955907292255461e+03
6.425014148273910450e+02 1.231097906055461181e+03
6.436052927927927385e+02 1.230817567567567494e+03
6.457173303421200217e+02 1.230229388670779599e+03
6.480525114155251458e+02 1.230174086757990835e+03
6.497430985915492556e+02 1.229948732394366289e+03
6.504577226606538716e+02 1.229498872604284088e+03
6.504561403508771491e+02 1.229880022637238199e+03
6.498444948921679725e+02 1.230032917139614028e+03
6.483544733861834857e+02 1.230071913929784841e+03
6.465413407821229157e+02 1.230264804469273713e+03
6.449560563380281337e+02 1.230386478873239412e+03
6.435800889877641566e+02 1.230472747497219189e+03
6.424552071668532562e+02 1.230733482642777062e+03
6.420180180180179832e+02 1.231124436936936945e+03
6.422181303116146864e+02 1.231194334277620328e+03
6.431295454545454504e+02 1.231111363636363649e+03
6.445709459459459367e+02 1.230578265765765764e+03
6.463278873239436280e+02 1.230467042253521186e+03
6.480480549199085090e+02 1.230176201372997639e+03
6.492206385404789444e+02 1.230021094640821048e+03
6.500910131654264887e+02 1.230037779049799610e+03
6.496330172894589623e+02 1.230158951477969822e+03
6.484296962879640205e+02 1.230136670416198058e+03
6.464631401238041235e+02 1.230127743387732153e+03
6.443262331838565160e+02 1.230219170403587441e+03
6.428066704352742136e+02 1.230699265121537564e+03
6.417460407239818778e+02 1.231062782805429833e+03
6.422058990357345465e+02 1.230748723766307421e+03
6.438028089887640135e+02 1.230524157303370885e+03
6.460515580736544052e+02 1.230048725212464660e+03
6.481515323496026895e+02 1.230099886492622090e+03
6.502324660633483973e+02 1.229813914027149394e+03
6.521073672187321790e+02 1.229628212450028514e+03
6.524018109790605422e+02 1.229808149405772383e+03
6.521317873303167971e+02 1.229628393665158455e+03
6.506649916247906731e+02 1.229673925181462891e+03
6.488217097862767559e+02 1.230243532058492747e+03
6.470180586907449651e+02 1.230165349887133289e+03
6.450055865921788154e+02 1.230418435754189886e+03
6.440599208592425384e+02 1.230738270209157690e+03
6.439881889763779554e+02 1.230850393700787436e+03
6.442459108855048271e+02 1.230935138183869185e+03
6.450743051616562980e+02 1.230853658536585272e+03
6.466493288590603470e+02 1.230435123042505666e+03
6.487200000000000273e+02 1.230356619718309958e+03
6.507337845459672963e+02 1.230203609701071628e+03
6.525503699487762788e+02 1.229739897552646653e+03
6.537566048341765281e+02 1.229741989881956215e+03
6.540444951511693716e+02 1.229572162007986208e+03
6.538844192634560386e+02 1.229886685552407926e+03
6.530969560315670606e+02 1.230270011273957152e+03
6.523240223463686789e+02 1.230484916201117358e+03
6.514839797639123162e+02 1.230919617762787993e+03
6.510508187464708953e+02 1.230910220214567971e+03
6.512020606754435903e+02 1.231120778477389877e+03
6.523995485327313872e+02 1.230448645598194162e+03
6.547390326209223304e+02 1.230397637795275614e+03
6.580941446613088601e+02 1.230158438576348999e+03
6.610887743413516091e+02 1.230029209621993232e+03
6.632863585118376477e+02 1.229625140924464404e+03
6.647099322799097081e+02 1.229404063205417515e+03
6.652539772727272975e+02 1.229334090909090946e+03
6.643391945547361956e+02 1.229452070334656810e+03
6.625652418447693890e+02 1.230055680539932609e+03
6.610615819209039046e+02 1.230346327683615755e+03
6.601452702702703164e+02 1.230550675675675620e+03
6.598031407739764518e+02 1.230694896242288223e+03
6.601981828506529837e+02 1.230762634866553071e+03
6.617409090909090992e+02 1.231195454545454595e+03
6.637902217168846164e+02 1.230950540079590610e+03
6.654022598870056981e+02 1.230555932203389830e+03
6.669345475241889289e+02 1.230189527603870147e+03
6.684892290249432563e+02 1.229385487528344584e+03
6.697032404775441137e+02 1.229062535531551930e+03
6.704109589041096342e+02 1.229206621004566159e+03
6.703527065527065361e+02 1.229152136752136812e+03
6.693768444948921115e+02 1.229275822928490243e+03
6.676437816544738553e+02 1.229323016319639919e+03
6.660823395797841613e+02 1.229645655877342506e+03
6.646500280426247400e+02 1.229725743129557031e+03
6.632914058053499957e+02 1.229958451906659093e+03
6.628961840628506934e+02 1.230268237934904619e+03
6.633137032842581675e+02 1.230229331823329630e+03
6.649977129788450156e+02 1.230356203544882874e+03
6.671532304173813372e+02 1.230124642652944431e+03
6.690539609644087022e+02 1.229963834672789972e+03
6.706818950930626215e+02 1.229254371122391376e+03
6.710717978173463507e+02 1.228839747271682882e+03
6.701710526315789593e+02 1.229084096109839720e+03
6.686549971767362877e+02 1.228999435347261397e+03
6.668167895632444697e+02 1.229140102098695479e+03
6.645339750849377651e+02 1.229665911664779060e+03
6.621302378255945769e+02 1.230327859569649036e+03
6.608002250984806096e+02 1.230595948227349481e+03
6.606761904761905271e+02 1.230546218487394981e+03
6.612365286443562127e+02 1.230276233692569576e+03
6.645336728919071447e+02 1.230305036785512129e+03
