6.628507546115148443e+02 1.230727780883175001e+03
6.614215522054718122e+02 1.230588498045784490e+03
6.605608671484158094e+02 1.230359088382434720e+03
6.595477777777778101e+02 1.229987222222222272e+03
6.586204419889502333e+02 1.229343646408839732e+03
6.578900669642856656e+02 1.229295200892857110e+03
6.575058107360265467e+02 1.228708356391809730e+03
6.571392617449664613e+02 1.228437919463087155e+03
6.560875139353399845e+02 1.228229096989966592e+03
6.543904071388733428e+02 1.227945900725041838e+03
6.532424581005586788e+02 1.227796089385474943e+03
6.532344711807498925e+02 1.227517067711247819e+03
6.534672222222221762e+02 1.227535000000000082e+03
6.531022471910112017e+02 1.227875280898876326e+03
6.521815642458100228e+02 1.228212290502793394e+03
6.512453987730061726e+02 1.228438929168990626e+03
6.507487437185930048e+02 1.229047459519821359e+03
6.505105204872646709e+02 1.229305094130675570e+03
6.500486305198435275e+02 1.230272219116824999e+03
6.493973582828838289e+02 1.230336818932305960e+03
6.488929359823399636e+02 1.230662803532008866e+03
6.484922651933701445e+02 1.230908839779005575e+03
6.484129353233830670e+02 1.231307352128247658e+03
6.483837209302325846e+02 1.231105204872646709e+03
6.484913552704963422e+02 1.230961517010596708e+03
6.488171745152354788e+02 1.230372853185595659e+03
6.494336677814939094e+02 1.230029542920847234e+03
6.494541899441341002e+02 1.229494972067039043e+03
6.495063571033720109e+02 1.228603648424543962e+03
6.501714285714285779e+02 1.228204481792717161e+03
6.515406006674082846e+02 1.227759733036707530e+03
6.522925055928411666e+02 1.227714205816554795e+03
6.525274356103024047e+02 1.227414893617021335e+03
6.537004429678847828e+02 1.227373200442967800e+03
6.556585365853658232e+02 1.227486696230598682e+03
6.578125000000000000e+02 1.227445312500000000e+03
6.602655367231637911e+02 1.227608474576271192e+03
6.619545709478406934e+02 1.228403252944475526e+03
6.623397075365579667e+02 1.228719910011248658e+03
6.627397644419518201e+02 1.229276500280426262e+03
6.639759103641456477e+02 1.229810084033613521e+03
6.653845723868082587e+02 1.230211850195639954e+03
6.662224706539966519e+02 1.230446059250978124e+03
6.664616246498599139e+02 1.230645378151260502e+03
6.668034811903424952e+02 1.231052779337450829e+03
6.666594202898551202e+02 1.231219063545150448e+03
6.651311936936937173e+02 1.230990427927927840e+03
6.638746486790331574e+02 1.230902754356380001e+03
6.624662576687117053e+02 1.230777467930842249e+03
6.613255425709515976e+02 1.230421814134668921e+03
6.603611111111110858e+02 1.230240555555555602e+03
6.593109010011123701e+02 1.229705784204671772e+03
6.584168514412416471e+02 1.229190687361419123e+03
6.576016666666666879e+02 1.229140555555555466e+03
6.568118369625907462e+02 1.228715801228363944e+03
6.558565096952908107e+02 1.228376177285318590e+03
6.529994453688296971e+02 1.228029950083194763e+03
