6.796410256410256352e+02 1.234867236467236580e+03
6.728617932609937498e+02 1.235187321530554073e+03
6.661082175925926094e+02 1.234817129629629562e+03
6.586308840413317967e+02 1.233969575200918598e+03
6.499503990877992692e+02 1.232961231470923622e+03
6.430056818181818699e+02 1.232166477272727207e+03
6.356986222732491569e+02 1.231978185993111310e+03
6.275122786978869271e+02 1.231869788692175916e+03
6.216358024691357969e+02 1.231553310886644113e+03
6.166347537354731685e+02 1.231158826784725989e+03
6.131740801757275676e+02 1.231683141131246657e+03
6.114275482093663641e+02 1.231651790633608925e+03
6.103703703703703241e+02 1.231556661138750769e+03
6.101097694840834720e+02 1.231137211855104169e+03
6.106705685618728694e+02 1.230298773690077951e+03
6.122462973121229197e+02 1.229390565002742733e+03
6.142519294377067354e+02 1.226528665931642763e+03
6.175687919463086928e+02 1.225933445190156590e+03
6.218467072495849379e+02 1.224411732152739432e+03
6.267601784718349336e+02 1.220552704963747829e+03
6.322640449438201813e+02 1.222228651685393288e+03
6.382345403899721532e+02 1.222300835654596085e+03
6.455551782682513249e+02 1.222455008488964268e+03
6.611482122260669030e+02 1.223983852364475297e+03
6.705442020665901737e+02 1.224633754305395996e+03
6.773302857142857647e+02 1.225186857142857207e+03
6.836516533637400244e+02 1.225826111744583841e+03
6.896637781629116262e+02 1.225891392258809901e+03
6.940360411899313249e+02 1.225449656750572103e+03
6.974837976122796590e+02 1.224913018760659497e+03
7.001398521887435891e+02 1.224259238203524774e+03
7.016795454545454049e+02 1.223865909090909099e+03
7.020147142048670048e+02 1.224112054329371858e+03
7.013471121177802843e+02 1.225078708946772394e+03
6.998867605633803350e+02 1.226099154929577480e+03
6.977095505617977551e+02 1.227415730337078685e+03
6.942890140845070164e+02 1.229427042253521222e+03
6.902256964184196022e+02 1.231081864695849845e+03
6.852001146788991264e+02 1.232468463302752298e+03
6.795016968325792277e+02 1.233433257918552044e+03
6.738877374784110543e+02 1.233487046632124247e+03
6.665937680323139602e+02 1.233038084246970584e+03
6.579205069124424199e+02 1.232831221198156754e+03
6.509788933257273129e+02 1.232483742156303379e+03
6.439195205479452397e+02 1.231515410958904113e+03
6.353325791855203306e+02 1.231434389140271605e+03
6.232254464285714448e+02 1.231504464285714221e+03
