6.561995565410200015e+02 1.230501108647450110e+03
6.582617187500000000e+02 1.230025111607142890e+03
6.605135734072022160e+02 1.229177285318559598e+03
6.612333709131905835e+02 1.228912063134160007e+03
6.583973063973063518e+02 1.228778900112233487e+03
6.542603121516165174e+02 1.228984392419175038e+03
6.499748358862144642e+02 1.229349562363238419e+03
6.468097826086956275e+02 1.229897826086956456e+03
6.453783342406096608e+02 1.230157866086009790e+03
6.465046524356869213e+02 1.229637110016420365e+03
6.496003316749585110e+02 1.229454947484798140e+03
6.527416294642856656e+02 1.229198102678571331e+03
6.559231632080762893e+02 1.228711160964666306e+03
6.570599775784753547e+02 1.228653587443946208e+03
6.567265711135611355e+02 1.229074972436604185e+03
6.548287746170677792e+02 1.229930525164113760e+03
6.527644492911668976e+02 1.230956379498364186e+03
6.540450549450549715e+02 1.231241208791208692e+03
6.573418141592920847e+02 1.230703539823008896e+03
6.600510543840177888e+02 1.230494450610432750e+03
6.612335562987736921e+02 1.230425863991081314e+03
6.607306637410861185e+02 1.230280855732309419e+03
6.597746014293568351e+02 1.230356789444749893e+03
6.568885209713024551e+02 1.230598233995584906e+03
6.538301369863013406e+02 1.230845479452054860e+03
6.535492028587135565e+02 1.231222649807586549e+03
6.547323709050527896e+02 1.230964464186562964e+03
6.571473214285714448e+02 1.230471540178571331e+03
6.591355455568053685e+02 1.230263217097862707e+03
6.608311977715877674e+02 1.229254038997214593e+03
6.597061111111111131e+02 1.228857222222222163e+03
6.517270718232043691e+02 1.229219337016574627e+03
