6.534917218543046147e+02 1.229131898454746079e+03
6.528228822882288114e+02 1.229515951595159549e+03
6.528320484581497567e+02 1.229439977973568375e+03
6.528991643454038467e+02 1.229368802228412278e+03
6.535392320534223245e+02 1.229469671675013842e+03
6.539206527855936883e+02 1.229591446257737744e+03
6.539645270270269748e+02 1.229695945945946050e+03
6.540045300113250732e+02 1.230020951302378307e+03
6.547155605131065386e+02 1.230204684885666438e+03
6.552320316921335461e+02 1.230417657045840315e+03
6.555311457174638008e+02 1.230677419354838776e+03
6.560085178875639258e+02 1.231031232254400948e+03
6.559198645598194162e+02 1.230926636568848835e+03
6.548974215246636277e+02 1.231081838565022508e+03
6.535103641456582864e+02 1.231232492997198960e+03
6.524464985994397921e+02 1.231083473389355731e+03
6.514725950782998325e+02 1.231085011185682333e+03
6.504997202014549202e+02 1.231130386121992160e+03
6.502820224719100679e+02 1.231251685393258413e+03
6.500620767494356187e+02 1.231238148984198688e+03
6.497194645844953129e+02 1.231424986056887974e+03
6.492346996069624083e+02 1.231299270072992613e+03
6.486382860322760280e+02 1.231135225375626078e+03
6.481818181818181301e+02 1.231558282208588935e+03
6.482075681691708269e+02 1.231574290484140192e+03
6.486511111111111632e+02 1.231376666666666779e+03
6.490414537194775448e+02 1.231514480408858617e+03
6.493203389830508740e+02 1.231168361581920863e+03
6.499009111617311873e+02 1.231167425968109228e+03
6.507346132128741374e+02 1.231031620553359744e+03
6.516681489716509077e+02 1.230545858810450227e+03
6.527106288258207769e+02 1.230197551474680040e+03
6.541397970687711450e+02 1.230087373167981923e+03
6.549145251396647609e+02 1.229694413407821230e+03
6.563666112035496099e+02 1.229400443704936151e+03
6.571949295774647908e+02 1.229480563380281637e+03
6.578821548821548504e+02 1.229101010101010161e+03
6.586168067226890344e+02 1.229185994397759032e+03
6.591590524534686892e+02 1.229042301184433200e+03
6.595790067720090519e+02 1.228911399548532700e+03
6.601382618510158409e+02 1.228682844243792260e+03
6.608947072072072615e+02 1.228545608108108127e+03
6.612907961603614240e+02 1.228305477131563975e+03
6.617540525433203129e+02 1.228276690888764733e+03
6.619102132435465364e+02 1.228225028058361431e+03
6.621269841269840981e+02 1.228057823129251801e+03
6.618484679665738213e+02 1.228191086350974956e+03
6.614291272929405068e+02 1.228305169538632526e+03
6.612279618192027328e+02 1.228087029758562494e+03
6.615559932470455351e+02 1.228062464828362408e+03
6.623525098702763216e+02 1.227517202481669528e+03
6.629842164599774605e+02 1.227627395715896228e+03
6.632957110609480651e+02 1.227462189616252772e+03
6.638167509836987392e+02 1.227634626194491375e+03
6.641456692913385496e+02 1.227444881889763792e+03
6.640290665176075890e+02 1.227259362772498662e+03
6.642959641255605447e+02 1.227560538116591943e+03
6.644753639417692739e+02 1.227352743561030138e+03
6.645880044843049745e+02 1.227264573991031284e+03
6.648041997729852710e+02 1.227287173666288254e+03
6.647939189189189619e+02 1.227275337837837924e+03
6.642903770399549330e+02 1.227470455824423198e+03
6.636689000558346834e+02 1.227504187604690060e+03
6.628465401785714448e+02 1.227564174107142890e+03
6.623096304591265380e+02 1.227584546472564398e+03
6.618879598662207400e+02 1.227569676700111586e+03
6.611364918217709601e+02 1.227644106034968900e+03
6.598194986072423944e+02 1.227683008356545997e+03
6.582911748173130491e+02 1.227699831365936006e+03
6.567157134925041646e+02 1.227778456413103868e+03
6.552776840921866324e+02 1.228262507026419371e+03
6.541769960915689808e+02 1.228583472920156282e+03
6.536920919798093337e+02 1.229009534492428429e+03
6.534213451917731845e+02 1.229131183991106127e+03
6.530397091722595633e+02 1.229376957494407179e+03
6.527351955307262870e+02 1.229527374301675991e+03
6.521844011142061390e+02 1.229933147632312057e+03
6.516003335186214827e+02 1.230400778210116641e+03
6.509839601769911042e+02 1.230480641592920392e+03
6.509116997792494885e+02 1.230412251655629234e+03
6.508816303740926514e+02 1.230223338916806142e+03
6.517052572706935507e+02 1.230725950782997870e+03
6.520648833238474253e+02 1.230706317586795649e+03
6.521687358916478843e+02 1.230673814898419778e+03
6.523254371122391149e+02 1.230960518894529059e+03
6.529548787366046554e+02 1.230830795262267429e+03
6.536593959731543464e+02 1.230989373601789794e+03
6.541145124716553028e+02 1.231554421768707471e+03
6.546814897165091907e+02 1.231413007226236687e+03
6.546841517857143344e+02 1.231490513392857110e+03
6.534170378619153325e+02 1.231615812917594667e+03
6.516969026548672446e+02 1.231503318584070712e+03
6.498250696378829616e+02 1.231742618384401112e+03
