6.553851687880464851e+02 1.227492529053680073e+03
6.542512451577199499e+02 1.228341449916989404e+03
6.539575289575290071e+02 1.229143960286817446e+03
6.547869492470719024e+02 1.229670384829893919e+03
6.557107023411371074e+02 1.230248606465997682e+03
6.561452702702703164e+02 1.230663288288288186e+03
6.566753897550111105e+02 1.231038418708240442e+03
6.577134078212289978e+02 1.230955307262569931e+03
6.576445682451253560e+02 1.230938161559888613e+03
6.575337016574585505e+02 1.230139226519336944e+03
6.593696259073143437e+02 1.229316024567280920e+03
6.603487723214285552e+02 1.228294642857142890e+03
6.602583148558758239e+02 1.227237804878048792e+03
6.591862258953168521e+02 1.226371349862258967e+03
6.582284459088413087e+02 1.226141131246567738e+03
6.572760330578512367e+02 1.226197245179063430e+03
6.563177826564215138e+02 1.226294731064763937e+03
6.561139867841409341e+02 1.226912444933920597e+03
6.556140736668498903e+02 1.227637713029136876e+03
6.549310535024820865e+02 1.228698290126861593e+03
6.537780821917808680e+02 1.230423561643835683e+03
6.537292696320703271e+02 1.230688083470620541e+03
6.546442468037798790e+02 1.230945525291828744e+03
6.555190502484814488e+02 1.230833241303147361e+03
6.559678670360110573e+02 1.230806648199446045e+03
6.565874861572535792e+02 1.230317275747508347e+03
6.571801552106429654e+02 1.229407982261640882e+03
6.578517490283176130e+02 1.228383675735702354e+03
6.576810154525386451e+02 1.227394039735099341e+03
6.564212860310420865e+02 1.227243348115299341e+03
6.555525013743815634e+02 1.226445849367784604e+03
6.567724024189114971e+02 1.226322155030236445e+03
6.568413223140495347e+02 1.226305785123966871e+03
6.559638157894736423e+02 1.227001096491228054e+03
6.549130672498632748e+02 1.227767632586112541e+03
6.536826608505997456e+02 1.228558887677208304e+03
6.534136413641364243e+02 1.229451595159516046e+03
6.536083838940982105e+02 1.230166023166023251e+03
6.543458771444383046e+02 1.231040951853901561e+03
6.546703478741027311e+02 1.231553837658752173e+03
6.559939226519337581e+02 1.231545303867403391e+03
