6.595219874357510434e+02 1.227292975442604302e+03
6.654458041958041576e+02 1.224963869463869514e+03
6.697411078717201462e+02 1.223230903790087496e+03
6.731476079346557526e+02 1.221558343057176216e+03
6.752740524781340810e+02 1.220506122448979568e+03
6.761087962962963047e+02 1.219880787037036953e+03
6.758301337987202260e+02 1.219832460732984373e+03
6.741538461538461888e+02 1.220459790209790299e+03
6.720283893395132964e+02 1.221266512166859684e+03
6.682454128440366503e+02 1.222986238532110065e+03
6.633816618911174601e+02 1.224953581661891121e+03
6.585542986425339222e+02 1.227117647058823422e+03
6.532993235625704074e+02 1.229926155580608793e+03
6.486189674523008080e+02 1.232817059483726098e+03
6.458172103487064533e+02 1.235329021372328498e+03
6.432659217877095443e+02 1.237674860335195490e+03
6.416877076411959706e+02 1.239219822812846132e+03
6.409650000000000318e+02 1.240315000000000055e+03
6.415723868082727677e+02 1.240962548910005580e+03
6.437770949720670615e+02 1.240549162011173166e+03
6.471721967963386533e+02 1.239299771167047993e+03
6.521976013706453159e+02 1.237391776127926960e+03
6.580842956120092140e+02 1.234580831408776021e+03
6.636766570605187781e+02 1.231655331412103806e+03
6.695921658986175089e+02 1.228630760368663687e+03
6.749843114468332033e+02 1.225512492736781041e+03
6.792651869158878526e+02 1.223130257009345769e+03
6.830497109826590076e+02 1.220934104046242737e+03
6.854073213248111642e+02 1.219191748983149409e+03
6.861467517401391660e+02 1.218401972157772661e+03
6.854510144927536430e+02 1.217774492753623235e+03
6.833221515326778217e+02 1.218636205899363858e+03
6.805727699530516475e+02 1.219781103286384905e+03
6.766840896036760569e+02 1.221282596209075336e+03
6.719032069970845669e+02 1.223760349854227343e+03
6.672227351413733913e+02 1.226624927870744386e+03
6.621215059897318724e+02 1.229624643468340082e+03
6.565858757062146651e+02 1.232905649717514052e+03
6.526819196428571104e+02 1.235278459821428669e+03
6.487961002785515348e+02 1.237792757660167126e+03
6.460245261984392755e+02 1.239889632107023317e+03
6.447885364496382863e+02 1.240820812465219888e+03
6.445269360269360277e+02 1.241088664421997692e+03
6.452932584269663039e+02 1.240241011235955057e+03
6.471694144400227060e+02 1.239110858442296831e+03
6.507358066329398980e+02 1.237104553119730099e+03
6.559948126801152739e+02 1.234365417867435099e+03
6.612951289398280323e+02 1.231869914040114509e+03
6.670309988518944238e+02 1.229481056257175624e+03
6.729614485981308007e+02 1.226582943925233621e+03
6.774134727061556305e+02 1.224074912891986060e+03
6.813100864553314295e+02 1.222365417867435099e+03
6.841366531557614508e+02 1.220880138969311020e+03
6.851292004634993873e+02 1.219880069524913097e+03
6.851676300578034216e+02 1.219831791907514344e+03
6.833879656160457898e+02 1.219846418338108833e+03
6.810226744186046517e+02 1.220581976744186022e+03
6.773878260869564656e+02 1.221829565217391291e+03
6.725579793340987180e+02 1.223885763490241061e+03
6.680456911509543261e+02 1.225964141122035926e+03
6.625715909090909008e+02 1.228610227272727343e+03
6.565226757369614461e+02 1.231632086167800480e+03
6.518164196123146894e+02 1.234318129988597548e+03
6.477627118644068105e+02 1.237196610169491578e+03
6.445368063420158933e+02 1.239625707814269617e+03
6.426698808848553881e+02 1.240659103800340290e+03
6.419178311906092631e+02 1.240638904415874777e+03
6.425744318181817789e+02 1.240756818181818289e+03
6.446215297450424941e+02 1.239919546742209604e+03
6.477767653758542110e+02 1.238736902050113940e+03
6.528826210826210854e+02 1.236116809116809009e+03
6.583331408775981117e+02 1.233965357967667387e+03
6.643251428571428505e+02 1.231627428571428482e+03
6.703909774436090174e+02 1.228698669751301395e+03
6.747228915662650479e+02 1.225699368904188077e+03
6.781718390804597902e+02 1.223651149425287258e+03
6.814889277389277140e+02 1.221657342657342724e+03
6.832054398148147811e+02 1.219958912037036953e+03
6.837222541690626940e+02 1.218882116158711824e+03
6.825899653979238337e+02 1.218573817762399131e+03
6.803312138728323362e+02 1.218764161849710945e+03
6.763749271137025971e+02 1.219640816326530512e+03
6.709674657534246762e+02 1.221359589041095887e+03
6.660282352941176214e+02 1.223762941176470576e+03
6.605385934819896647e+02 1.226487135506003369e+03
6.548514513375071147e+02 1.230051792828685166e+03
6.501349658314351245e+02 1.232691343963553436e+03
6.456882681564245559e+02 1.235915083798882733e+03
6.419708520179372044e+02 1.238731502242152374e+03
6.400390407138872888e+02 1.240461238148354823e+03
6.392502768549280745e+02 1.241373754152823949e+03
6.395376404494381859e+02 1.241528651685393243e+03
6.408994946659180414e+02 1.241001684446939862e+03
6.437331838565022508e+02 1.239221973094170380e+03
6.474530706836616218e+02 1.237199304750869032e+03
6.516978335233751523e+02 1.234326681870011498e+03
6.567376209447922975e+02 1.231385885031303360e+03
6.627075256556441900e+02 1.228424173318129988e+03
6.671305361305361430e+02 1.225615384615384528e+03
6.719044879171461844e+02 1.223415995397008146e+03
6.752690763052208922e+02 1.220971887550200790e+03
6.767753917585606587e+02 1.219680789320951817e+03
6.765008635578583380e+02 1.218632700057570446e+03
6.744716106604867036e+02 1.218991888760139091e+03
6.708015133876600657e+02 1.219903376018626204e+03
6.657171543316121642e+02 1.221434308663224328e+03
6.607972270363951566e+02 1.222989023685730899e+03
6.549524082568807444e+02 1.225739678899082492e+03
6.485794871794871597e+02 1.228727065527065633e+03
6.433016853932584809e+02 1.231220224719101225e+03
6.383108866442199769e+02 1.234453423120089838e+03
6.339190848214285552e+02 1.237077566964285779e+03
6.313904071388733428e+02 1.238969882877858254e+03
6.296158160403813326e+02 1.240431295569265330e+03
6.288136261261261097e+02 1.240807432432432506e+03
6.295749010740531730e+02 1.240305822498586849e+03
6.316039215686274702e+02 1.238992156862745105e+03
6.347372262773723151e+02 1.236828747894441221e+03
6.382338108882521510e+02 1.234850429799427047e+03
6.427567567567567721e+02 1.232469031531531527e+03
6.485116411130039751e+02 1.229625212947189084e+03
6.538097731239092809e+02 1.227339150668993625e+03
6.585575931232091307e+02 1.225307163323782333e+03
6.630496249278706955e+02 1.223225620311598277e+03
6.660484988452656125e+02 1.221865473441108634e+03
6.679861591695502057e+02 1.221031141868512123e+03
6.686526739505462729e+02 1.220395629672225368e+03
6.679503464203232852e+02 1.220525981524249346e+03
6.657624277456646951e+02 1.221008092485549241e+03
6.618306544202066561e+02 1.221706084959816280e+03
6.573430063842135951e+02 1.223074869413813076e+03
6.522289017341040562e+02 1.224964161849710990e+03
6.463229284903518419e+02 1.227396708286038574e+03
6.415881346263548721e+02 1.229867084997147685e+03
6.374608843537414486e+02 1.232872448979591809e+03
6.337616926503341119e+02 1.235949331848552447e+03
6.312289950576606543e+02 1.238330587589236757e+03
6.293824346859366869e+02 1.239806559199555295e+03
6.286433721575152731e+02 1.241924015529672715e+03
6.294775280898876417e+02 1.241909550561797687e+03
6.315902192242832598e+02 1.241006183249016203e+03
6.352125494629734703e+02 1.239210853589598628e+03
6.393977272727272521e+02 1.237066477272727298e+03
6.440384180790960045e+02 1.234371186440678002e+03
6.495695402298850922e+02 1.231109195402298838e+03
6.549877835951134557e+02 1.228424665503199549e+03
6.600582468281430693e+02 1.225991349480968893e+03
6.650414746543779074e+02 1.223096198156682021e+03
6.681696377228291794e+02 1.220991374353076480e+03
6.703375430539609852e+02 1.219812284730195188e+03
6.711753881541116016e+02 1.218949971247843678e+03
6.702316933638444425e+02 1.218907894736842081e+03
6.682943548387096371e+02 1.219252880184331843e+03
6.651350574712644175e+02 1.220925862068965444e+03
6.611840277777778283e+02 1.222877893518518476e+03
6.565019988577955701e+02 1.224663620788121079e+03
6.505931151241535417e+02 1.227278216704288980e+03
6.455465380249715963e+02 1.229477298524403977e+03
6.405875070343274729e+02 1.232320202588632583e+03
6.362408759124087965e+02 1.235280179674340161e+03
6.334025755879059716e+02 1.237769876819708770e+03
6.309104903078676898e+02 1.239852337514253122e+03
6.297161040398450496e+02 1.240376314333148912e+03
6.298218262806235543e+02 1.240362472160356447e+03
6.315095398428732096e+02 1.239415263748596999e+03
6.347921568627450597e+02 1.238014565826330454e+03
6.387801699716713983e+02 1.235928045325779067e+03
6.433049199084667862e+02 1.233856979405034281e+03
6.494153846153845961e+02 1.230755555555555475e+03
6.549562211981566406e+02 1.227764400921658989e+03
6.606742857142857019e+02 1.225170857142857130e+03
6.667793862188766525e+02 1.223014475969889872e+03
6.708863109048724027e+02 1.221566125290023137e+03
6.738808535862477811e+02 1.221069353882631958e+03
6.758511764705882570e+02 1.220259999999999991e+03
6.762773255813953028e+02 1.219557558139534876e+03
6.756163194444444571e+02 1.219891203703703695e+03
6.735942693409741651e+02 1.220821203438395514e+03
6.709602763385146318e+02 1.221906160046056357e+03
6.672672018348623624e+02 1.223797591743119256e+03
6.623364215402432364e+02 1.226793283149971103e+03
6.571750585480093605e+02 1.228960772833723695e+03
6.526962457337883734e+02 1.230883390216154794e+03
6.481542344363432449e+02 1.233428491306786327e+03
6.449201331114808227e+02 1.235952856350526872e+03
6.427902684563758839e+02 1.238045861297539204e+03
6.412999999999999545e+02 1.239753888888888923e+03
6.407390338700721486e+02 1.240779011660188871e+03
6.417268673355630426e+02 1.241016722408026681e+03
6.441960563380281428e+02 1.240258028169014096e+03
6.478476783691959326e+02 1.238774065685164260e+03
6.521566609491137569e+02 1.236807890222984497e+03
6.581734635267088152e+02 1.233616886846639773e+03
6.638827988338192654e+02 1.230726530612244915e+03
6.688093607305936530e+02 1.227937785388127850e+03
6.740975043528728747e+02 1.224843296575739942e+03
6.785455079271873728e+02 1.222683499706400426e+03
6.816406250000000000e+02 1.220742476851851961e+03
6.835868436237738024e+02 1.219147720715522155e+03
6.839994209612043505e+02 1.218571511291256456e+03
6.831603276770041475e+02 1.218289057928613147e+03
6.807755337564916545e+02 1.219289671090594311e+03
6.779276620370370665e+02 1.220803819444444343e+03
6.694129069103369147e+02 1.225468303826384954e+03
