6.547883251500272763e+02 1.229131478450627355e+03
6.543768513439385970e+02 1.229234777838727268e+03
6.545046935394809680e+02 1.229437327443401500e+03
6.540147864184008313e+02 1.229456188389923227e+03
6.530693069306930738e+02 1.229309130913091394e+03
6.530398471615720837e+02 1.228301310043668082e+03
6.538282716731088158e+02 1.228270016565433480e+03
6.549536167863059291e+02 1.228031474323578095e+03
6.558439402324294178e+02 1.228183729939125669e+03
6.556097963676389782e+02 1.228737479361584974e+03
6.556081229418222165e+02 1.229289242590559752e+03
6.564831211953513730e+02 1.229359158826784778e+03
6.559756771697070690e+02 1.230311774461028108e+03
6.559198682766191268e+02 1.230119648737651005e+03
6.561202426916712511e+02 1.229517374517374492e+03
6.557317207256734264e+02 1.229074216602528850e+03
6.557569939659900911e+02 1.228078990674712031e+03
6.552220394736841627e+02 1.228300438596491176e+03
6.548083470620538264e+02 1.228175178473366259e+03
6.557519251925192521e+02 1.228195819581958176e+03
6.565516483516483959e+02 1.228430219780219886e+03
6.558349834983498567e+02 1.229146864686468689e+03
6.552009911894273273e+02 1.229412444933920597e+03
6.545536105032822434e+02 1.229334792122538374e+03
6.526236263736263936e+02 1.228753296703296655e+03
