6.717057497181510826e+02 1.229984216459977461e+03
6.720318906605922393e+02 1.229822323462414488e+03
6.732886247877759160e+02 1.229959252971137630e+03
6.742918088737201288e+02 1.230245164960182137e+03
6.751822297679683516e+02 1.229713638936049847e+03
6.753462414578588096e+02 1.229586560364464731e+03
6.750505334081976798e+02 1.229291409320606363e+03
6.738995510662177821e+02 1.229019640852974135e+03
6.727842809364548202e+02 1.228448160535117040e+03
6.727952008928571104e+02 1.228472098214285779e+03
6.731928733031674028e+02 1.228722285067873372e+03
6.733222159412097199e+02 1.228767100056529216e+03
6.734842342342342363e+02 1.228416103603603688e+03
6.733050847457626560e+02 1.228544067796610079e+03
6.724461279461279446e+02 1.228193041526374827e+03
6.714491287240022075e+02 1.228331646992692413e+03
6.707300000000000182e+02 1.228207222222222299e+03
6.706855555555555384e+02 1.228252777777777737e+03
6.709185850645704932e+02 1.228220662549129656e+03
6.710649859943977162e+02 1.228460504201680578e+03
6.715644171779141516e+02 1.228502509760178555e+03
6.713556933483653211e+02 1.228619503945885072e+03
6.707123745819397982e+02 1.228522296544035726e+03
6.701557054525013655e+02 1.228825182686902735e+03
6.698233983286908142e+02 1.228354874651810633e+03
6.696179087875417508e+02 1.228673526140155673e+03
6.688572225320691587e+02 1.228443390964863283e+03
6.686185968819598884e+02 1.228577394209354225e+03
6.683664630760688397e+02 1.228402554136590879e+03
6.680767077267637433e+02 1.228438409854423298e+03
6.676341059602649466e+02 1.228281456953642419e+03
6.675464663327768449e+02 1.228476905954368476e+03
6.669594669627985013e+02 1.228465297057190355e+03
6.658033519553072210e+02 1.228341899441340729e+03
6.644841225626740879e+02 1.228418384401114281e+03
6.634204927211645781e+02 1.228332586786114234e+03
6.628982671883734383e+02 1.228178311906092858e+03
6.629628796400450028e+02 1.228140607424071959e+03
6.632163841807910103e+02 1.228527683615819114e+03
6.634014598540145471e+02 1.228951151038742182e+03
6.626180904522612991e+02 1.229134561697375830e+03
6.611567415730337416e+02 1.229450561797752698e+03
6.604542410714285552e+02 1.229473772321428669e+03
6.601346478873239221e+02 1.229480563380281637e+03
6.597548746518106100e+02 1.229425069637883098e+03
6.594630350194552193e+02 1.229625903279599697e+03
6.587002237136465510e+02 1.230190715883668872e+03
6.574974902398215590e+02 1.230330172894590078e+03
6.555837988826815490e+02 1.230229608938547472e+03
6.535798319327731178e+02 1.230185434173669364e+03
6.518095768374164436e+02 1.229621937639198222e+03
6.504471771939630571e+02 1.229686416992733484e+03
6.492747068676717390e+02 1.229615298715801146e+03
6.482111731843575626e+02 1.229478770949720683e+03
6.466020122973728803e+02 1.229330352152040177e+03
6.443197278911565036e+02 1.229254535147392289e+03
6.417493036211699291e+02 1.228681894150417747e+03
6.400953984287317553e+02 1.228529180695847344e+03
6.388127109111361506e+02 1.228781777277840320e+03
6.391795454545454049e+02 1.229107954545454504e+03
6.399859471613266351e+02 1.229288926363125256e+03
6.406323447118074910e+02 1.229034135422495865e+03
6.402028011204481572e+02 1.229416246498599548e+03
6.393637873754153134e+02 1.229436323366555825e+03
6.388337066069428829e+02 1.229501679731243030e+03
6.385723025583981780e+02 1.229615684093437039e+03
6.393230163196398053e+02 1.229909960607765925e+03
6.406762065095398384e+02 1.229966891133557738e+03
6.421603399433428194e+02 1.230165439093484338e+03
6.423639932697700488e+02 1.230065058889512102e+03
6.418938798427849406e+02 1.229996069623806761e+03
6.417152391546162562e+02 1.230296440489432598e+03
6.415099999999999909e+02 1.230351111111111095e+03
6.415153203342617871e+02 1.230283565459609918e+03
6.423763320246774811e+02 1.230439147504206403e+03
6.430463015245624092e+02 1.230167137210615465e+03
6.436505617977528573e+02 1.229898876404494331e+03
6.436575418994412985e+02 1.229586592178770843e+03
6.439588732394365707e+02 1.229388732394366116e+03
6.441716713881020269e+02 1.229551841359773334e+03
6.442984234234234009e+02 1.229492680180180287e+03
6.443843995510661671e+02 1.229625701459034872e+03
6.446812570145903010e+02 1.229667227833894458e+03
6.449915158371040889e+02 1.229557692307692378e+03
6.455109612141652633e+02 1.229627880831927996e+03
6.462606741573033560e+02 1.229514044943820181e+03
6.473269770050476382e+02 1.229326416152551928e+03
6.480801569506726310e+02 1.229465246636771326e+03
6.485335570469799222e+02 1.229720917225950870e+03
6.486543830262422716e+02 1.229882188721384637e+03
6.488129213483146032e+02 1.230033146067415828e+03
6.489892655367231100e+02 1.230092090395480227e+03
6.494620573355817896e+02 1.230186621697582950e+03
6.505531914893616658e+02 1.229996640537513940e+03
6.515137254901960659e+02 1.229883473389355686e+03
6.524417557681485960e+02 1.229776027011817632e+03
6.526603032004492206e+02 1.229577203818079624e+03
6.526874651810585419e+02 1.229303621169916369e+03
6.526648044692736903e+02 1.229082122905027973e+03
6.526051167964404840e+02 1.228886540600667331e+03
6.532830613393359727e+02 1.228901519414743916e+03
6.547487437185930048e+02 1.228400335008375123e+03
6.561147356580427186e+02 1.228496062992125871e+03
6.574097807757167402e+02 1.228667228780213691e+03
6.581451247165532550e+02 1.228632653061224573e+03
6.585171830985915449e+02 1.228441126760563293e+03
6.597895622895622409e+02 1.228163299663299767e+03
6.624938132733408338e+02 1.228382452193475729e+03
6.655016872890888635e+02 1.228481439820022388e+03
6.681927437641722918e+02 1.228943877551020478e+03
6.705162023877203410e+02 1.229055144968732293e+03
6.713436970039570042e+02 1.229164499717354374e+03
6.712177100958826941e+02 1.229152284263959473e+03
6.706951901565995513e+02 1.229326062639820975e+03
6.714589887640449888e+02 1.229547752808988662e+03
6.728178228990411753e+02 1.229478285391990994e+03
6.742297220646624965e+02 1.229604651162790788e+03
6.748231981981981562e+02 1.229342905405405418e+03
6.749792134831460544e+02 1.229298314606741542e+03
6.744437570303712164e+02 1.229163667041619874e+03
6.733680360157568430e+02 1.228993247045582393e+03
6.725426487093153582e+02 1.229089225589225634e+03
6.726632996632996537e+02 1.228966329966330022e+03
6.729175607001693606e+02 1.228988142292490011e+03
6.730233219567691094e+02 1.228947098976109146e+03
6.730580535002845863e+02 1.228822993739328467e+03
6.726681539319575904e+02 1.228655326268823273e+03
6.717642458100558542e+02 1.228406145251396538e+03
6.706655537006121222e+02 1.228340011129660525e+03
6.701148002250985201e+02 1.228589758019133342e+03
6.701803370786516325e+02 1.228626966292134739e+03
6.705870173475097999e+02 1.229340235030777876e+03
6.709502543810061752e+02 1.229265121537591767e+03
6.712260820045557921e+02 1.229509681093393965e+03
6.701962669683257445e+02 1.229516968325791822e+03
