6.486655290102388562e+02 1.231507963594994408e+03
6.485816326530612059e+02 1.231544784580498799e+03
6.485416430594900703e+02 1.231581303116147410e+03
6.485149802148106346e+02 1.231664782362916867e+03
6.484365395560614616e+02 1.231570859419465023e+03
6.484393424036280749e+02 1.231611111111111086e+03
6.484175576814856186e+02 1.231183455261676954e+03
6.479354120267261123e+02 1.231075167037862002e+03
6.476610831937465491e+02 1.230790619765494057e+03
6.475808988764044898e+02 1.230871910112359501e+03
6.475507002801120962e+02 1.230731092436974677e+03
6.475451486259113381e+02 1.230758272574312969e+03
6.480106861642294689e+02 1.230703037120360023e+03
6.488125000000000000e+02 1.231590856481481524e+03
6.497252559726962318e+02 1.231352104664391391e+03
6.504183381088824945e+02 1.231699713467048696e+03
6.515977401129943019e+02 1.231145197740112962e+03
6.526166477916194708e+02 1.231622876557191375e+03
6.533438576349024061e+02 1.231770378874856533e+03
6.543358208955223745e+02 1.232169345579793344e+03
6.554810126582278826e+02 1.232594936708860814e+03
6.567000572409845063e+02 1.232601602747567313e+03
6.578123184195235353e+02 1.232609529343405029e+03
6.584772857964347850e+02 1.232274295572167830e+03
6.588741991846243309e+02 1.232295282469423455e+03
6.587133794694348126e+02 1.232374855824682754e+03
6.584184845005740954e+02 1.232459816303099842e+03
6.580227143668370218e+02 1.231935831913685433e+03
6.571916236374067921e+02 1.232351118760757345e+03
6.563005181347150483e+02 1.232554404145077797e+03
6.555779554540263234e+02 1.232631639063392413e+03
6.551407322654462178e+02 1.232562356979404967e+03
6.545426445334859409e+02 1.232824270177447033e+03
6.540326460481099957e+02 1.232586483390607100e+03
6.532327586206896513e+02 1.232295977011494188e+03
6.524852856318523209e+02 1.232279284477784131e+03
6.519736103312745854e+02 1.231379562043795659e+03
6.510805254140491343e+02 1.231906910336950205e+03
6.508117580553985135e+02 1.231685698134539280e+03
6.504135554279149574e+02 1.232210798391728986e+03
6.499853768278965163e+02 1.231442069741282239e+03
6.494556451612903629e+02 1.232203341013824911e+03
6.495332575326890492e+02 1.231773735076748153e+03
6.497009719839908257e+02 1.231725557461406424e+03
6.502859579306424394e+02 1.231624218305855493e+03
6.508936781609195350e+02 1.231770689655172418e+03
6.517874285714285634e+02 1.231609142857142842e+03
6.526838193253287272e+02 1.231416809605488879e+03
6.535422096317280420e+02 1.231397733711048204e+03
6.544977116704804985e+02 1.231090389016018207e+03
6.555002852253279571e+02 1.230948659440958409e+03
6.564394721744118897e+02 1.230620195065978123e+03
6.573231742380678497e+02 1.230561242093157034e+03
6.576412607449856296e+02 1.230431518624641740e+03
6.583044469783352497e+02 1.230540478905359123e+03
6.585365714285713921e+02 1.230622857142857129e+03
6.586305475504323113e+02 1.230810374639769407e+03
6.589247126436781627e+02 1.230859195402298838e+03
6.596789625360230502e+02 1.231364841498559144e+03
6.604079401611047615e+02 1.231375719217491451e+03
6.613048991354467034e+02 1.231427665706051812e+03
6.620299022426681859e+02 1.231428982173662916e+03
6.628235632183908592e+02 1.231551724137930933e+03
6.633726525821596169e+02 1.231799295774647817e+03
6.635641618497110130e+02 1.231822543352601087e+03
6.639050925925926094e+02 1.231740740740740648e+03
6.645043885313048122e+02 1.232187829139847963e+03
6.652810304449649266e+02 1.232188524590163979e+03
6.659246376811594246e+02 1.232204057971014436e+03
6.664698654183732742e+02 1.232566413107080052e+03
6.669825682742591653e+02 1.232721673445671058e+03
6.671659871869539984e+02 1.232623179965055442e+03
6.672172131147541450e+02 1.232629391100702605e+03
6.669613832853026452e+02 1.232429394812680130e+03
6.665978009259259807e+02 1.232145833333333258e+03
6.660432276657060129e+02 1.231702017291066340e+03
6.652598740698340407e+02 1.231391528334287386e+03
6.645525714285714685e+02 1.231364000000000033e+03
6.639128919860627320e+02 1.231225319396051191e+03
6.634389959136018433e+02 1.231437244600116856e+03
6.626850574712643720e+02 1.231077011494252929e+03
6.618286693318103744e+02 1.230890919474585871e+03
6.606496266513497631e+02 1.231608845491097100e+03
6.597168294083859337e+02 1.231786329695577251e+03
6.591589366515837582e+02 1.231352941176470495e+03
6.591673261729790738e+02 1.231184850197851802e+03
6.593691084611016322e+02 1.231150482680295227e+03
6.595914598961338697e+02 1.231923831506058832e+03
6.602433371958285306e+02 1.231440324449594527e+03
6.609070847851335202e+02 1.231444250871080158e+03
6.614470314318975852e+02 1.231726426076833604e+03
6.621651108518086630e+02 1.231722287047841291e+03
6.625008547008546884e+02 1.231067806267806191e+03
6.630222984562607280e+02 1.231196112064036697e+03
6.632803684513529561e+02 1.231412780656303994e+03
6.635567190226876164e+02 1.231311227457824316e+03
6.643477508650519212e+02 1.231335640138408280e+03
6.651104046242774075e+02 1.231121965317919148e+03
6.654697754749568048e+02 1.231345998848589488e+03
6.658183921341816358e+02 1.231569115095430789e+03
6.663310023310023098e+02 1.231359557109557045e+03
6.666173054587688966e+02 1.231365272938443695e+03
6.670979591836734244e+02 1.230958600583090401e+03
6.672852133255406670e+02 1.230945061367621292e+03
6.672569605568445468e+02 1.230650232018561383e+03
6.668126450116009210e+02 1.231244779582366618e+03
6.663668399768919244e+02 1.231288272674754580e+03
6.660652801848642639e+02 1.231307336799537779e+03
6.658629587155962781e+02 1.231345756880733916e+03
6.656871412169920177e+02 1.231827210103329435e+03
6.655154994259471550e+02 1.231982204362801440e+03
6.654760254188330464e+02 1.232313691507798922e+03
6.656017291066282269e+02 1.232382708933717595e+03
6.658593750000000000e+02 1.232502893518518476e+03
6.665123919308357472e+02 1.232377521613832869e+03
6.676073478760046100e+02 1.232508036739380032e+03
6.682245491564863187e+02 1.232253635834787701e+03
6.681946697566628472e+02 1.231581112398609548e+03
6.674740783410138647e+02 1.231968894009216683e+03
6.671242129364625271e+02 1.231383514596451050e+03
6.666188034188033953e+02 1.231643874643874597e+03
6.658357183743560199e+02 1.231559244419004017e+03
6.651614942528735810e+02 1.231388505747126374e+03
6.643444508338125161e+02 1.231379528464634859e+03
6.637269605037206475e+02 1.231311963365769998e+03
6.631351351351351013e+02 1.231006900517538725e+03
6.624971493728620544e+02 1.230657354618015916e+03
6.615508913168487197e+02 1.230448533640023015e+03
6.607890271493212140e+02 1.229751131221719561e+03
6.598665145464917714e+02 1.229608100399315390e+03
6.587889647326506974e+02 1.229666097838452743e+03
6.583853989813243288e+02 1.229835880022637184e+03
6.578706945228684617e+02 1.229888763410502634e+03
6.577413499716392380e+02 1.230237663074305146e+03
6.576018150879183395e+02 1.230588201928530907e+03
6.575832853025937084e+02 1.231219596541786814e+03
6.579586919104991694e+02 1.231481353987378043e+03
6.585609896432681580e+02 1.231897008055235801e+03
6.592788732394366207e+02 1.231312112676056358e+03
6.597356125356125176e+02 1.231700284900284942e+03
6.602804878048780211e+02 1.232117886178861681e+03
6.611510957324105675e+02 1.231797001153402562e+03
6.618424697057126878e+02 1.232049624927870809e+03
6.626938300349243036e+02 1.232231082654249121e+03
6.635588914549653055e+02 1.231793879907621204e+03
6.642863714778608255e+02 1.231331799884991369e+03
6.643414776032576583e+02 1.231415939499709111e+03
6.643560606060606233e+02 1.231493589743589837e+03
6.639336793540945791e+02 1.231788927335640210e+03
6.633205054566341232e+02 1.232106260769672645e+03
6.628599537037036953e+02 1.232155671296296305e+03
6.625048822515796019e+02 1.232289488799540550e+03
6.622132097334878154e+02 1.232312862108922445e+03
6.617352259559675076e+02 1.232313441483198176e+03
6.615306479859895035e+02 1.232336252189141760e+03
6.612692085499711538e+02 1.231633160023108076e+03
6.609411764705882888e+02 1.231831603229527218e+03
6.603493071593533159e+02 1.231998267898383347e+03
6.596074712643678595e+02 1.231977586206896603e+03
6.591219792865362024e+02 1.232056962025316352e+03
6.586055776892429776e+02 1.232454183266932205e+03
6.580681167716085156e+02 1.232547223812249513e+03
6.576480736055203806e+02 1.232848763657274276e+03
6.571242807825086629e+02 1.232911967779056340e+03
6.566356367789834394e+02 1.233077098800685235e+03
6.557570200573065904e+02 1.233035530085959863e+03
6.547147727272727025e+02 1.232580113636363649e+03
6.537762557077625161e+02 1.232501141552511399e+03
6.528364672364672288e+02 1.232353276353276442e+03
6.518833619210977304e+02 1.232109777015437430e+03
6.511602052451539748e+02 1.231570695553021778e+03
6.505128792215226667e+02 1.231611333714939974e+03
6.496781869688385314e+02 1.230824929178470256e+03
6.486621392190153301e+02 1.230498585172608955e+03
6.478455882352941444e+02 1.230426470588235361e+03
6.468477895914941200e+02 1.230215444879686629e+03
6.459499146272054304e+02 1.230954467842914028e+03
6.456722158438576571e+02 1.231452927669345627e+03
6.457158438576349226e+02 1.231312284730195188e+03
6.456701149425286985e+02 1.231480459770114976e+03
6.460250998288647679e+02 1.230972047917855207e+03
6.467362068965517210e+02 1.231265517241379257e+03
6.474511494252873263e+02 1.231537931034482654e+03
6.478522139160437519e+02 1.231795284646348364e+03
6.486814357823892578e+02 1.231296690970274767e+03
6.493096885813148447e+02 1.232066320645905535e+03
6.501885057471264417e+02 1.232175862068965444e+03
6.510424068767907784e+02 1.232329512893982837e+03
6.520309101316543092e+02 1.232305666857469987e+03
6.528541068351522654e+02 1.232897759908098806e+03
6.538134243458475794e+02 1.232546075085324219e+03
6.545682210708117736e+02 1.232914219919401376e+03
6.552596876807402850e+02 1.232664545980335561e+03
6.558217592592592382e+02 1.232405092592592609e+03
6.564713707345285911e+02 1.232318102949681816e+03
6.564589877835951484e+02 1.232133216986620027e+03
6.561828143021914457e+02 1.231311995386389754e+03
6.554936562860438016e+02 1.231178777393310156e+03
6.551729541497388709e+02 1.231254788160185626e+03
6.543946316390633910e+02 1.231041690462592896e+03
6.536559448592762465e+02 1.231245835726593896e+03
6.528879954049397156e+02 1.231265364732912076e+03
6.518873563218390927e+02 1.231255747126436745e+03
6.508010262257696468e+02 1.231390535917901843e+03
6.497606199770378907e+02 1.231546498277841465e+03
6.486474614945807389e+02 1.231527096406160808e+03
6.479704713231118376e+02 1.231428165814877957e+03
6.475595708639186796e+02 1.231359683794466491e+03
6.474786568013660144e+02 1.231749573136027266e+03
6.476385404789053837e+02 1.231816419612314803e+03
6.478563218390804650e+02 1.231724137931034420e+03
6.482146566647431882e+02 1.231704558568955463e+03
6.484615825688073301e+02 1.231744839449541359e+03
6.484601719197708007e+02 1.231767335243552907e+03
6.483358166189111671e+02 1.231672206303725034e+03
6.480405714285714112e+02 1.231587999999999965e+03
6.480325342465753238e+02 1.231643835616438309e+03
6.480473744292237370e+02 1.231662671232876619e+03
6.479971815107102202e+02 1.230887824126268242e+03
6.478302207130730039e+02 1.230868138087153284e+03
6.475348571428571631e+02 1.230702285714285608e+03
6.475673998871968706e+02 1.229989283699943599e+03
6.474696539988656241e+02 1.229886557005105033e+03
6.474278409090909463e+02 1.229819886363636442e+03
6.473297142857143172e+02 1.229703428571428503e+03
6.477440811724915193e+02 1.229431792559188352e+03
6.485238636363636715e+02 1.229902272727272702e+03
6.491990794016110158e+02 1.230415420023015031e+03
6.499827487061529609e+02 1.230612995974698151e+03
6.512373563218391155e+02 1.230837931034482835e+03
6.520814220183485759e+02 1.231256880733944854e+03
6.528220436280138301e+02 1.231501722158438497e+03
6.537888127853881315e+02 1.231889840182648413e+03
6.549844649021864598e+02 1.232363636363636260e+03
6.561977077363897024e+02 1.232269914040114600e+03
6.574589316484779147e+02 1.232362435381964360e+03
6.582771990740740193e+02 1.232387731481481524e+03
6.585707710011507743e+02 1.232285960874568445e+03
6.585262550490479043e+02 1.232216387766878142e+03
6.584556962025316125e+02 1.232169735327963281e+03
6.583839953943580667e+02 1.232255037420840608e+03
6.576685945633314532e+02 1.232186234817813784e+03
6.569615608619685645e+02 1.232299941758881687e+03
6.566630247268544736e+02 1.231847613571017746e+03
6.561291596164692237e+02 1.230958826847151613e+03
6.555413793103448370e+02 1.231415517241379348e+03
6.548249856073690580e+02 1.230885434657455335e+03
6.540285714285714675e+02 1.230403999999999996e+03
6.532199430199430026e+02 1.230394871794871733e+03
6.523426294820717430e+02 1.230363688104723906e+03
6.515037292025243687e+02 1.230416523235800241e+03
6.507467124070897171e+02 1.230212121212121247e+03
6.503602272727272293e+02 1.230598863636363603e+03
6.494670828603859718e+02 1.230607264472190764e+03
6.486582857142857392e+02 1.231461142857142931e+03
