6.541325167037862229e+02 1.228875278396436443e+03
6.552152317880794499e+02 1.228562362030904978e+03
6.558421342134213319e+02 1.228215621562156230e+03
6.559390109890109670e+02 1.228015934065934061e+03
6.555212121212121019e+02 1.228065013774104727e+03
6.553968957871396697e+02 1.228368070953436700e+03
6.554256495301270888e+02 1.228345494748479723e+03
6.562410171365395399e+02 1.228484245439469305e+03
6.573001113585745543e+02 1.228672605790645775e+03
6.578187845303867789e+02 1.228376243093922540e+03
6.575332966428178452e+02 1.228417721518987264e+03
6.561886376172089967e+02 1.228492002206287907e+03
6.555949227373068879e+02 1.228678256070640145e+03
6.547315585135884248e+02 1.228799223516361508e+03
6.538716401535930345e+02 1.229051014810751440e+03
6.539176728869374529e+02 1.229208013172338042e+03
6.544902939545202116e+02 1.229678313921242307e+03
6.547614879649891009e+02 1.229315645514223206e+03
6.546211044286495735e+02 1.229222525970475772e+03
6.538435632808256059e+02 1.229208039109179708e+03
6.535421424687330045e+02 1.229343121261555098e+03
6.539945533769063104e+02 1.229159586056644912e+03
6.552297752808988207e+02 1.229567977528089841e+03
6.561258933479933830e+02 1.228475536008796098e+03
6.559382513661201983e+02 1.228191256830601105e+03
