6.501407035175878946e+02 1.226350083752093724e+03
6.496787678767876741e+02 1.226265126512651250e+03
6.500139043381534520e+02 1.226543381535038861e+03
6.510856183547845148e+02 1.227169557918298779e+03
6.518197997775305339e+02 1.227080088987764157e+03
6.530602342442833788e+02 1.227312883435582762e+03
6.553604060913705780e+02 1.227650310208685823e+03
6.578507546115148443e+02 1.227397428731134823e+03
6.603278965129359221e+02 1.227507311586051856e+03
6.613219954648526482e+02 1.228353174603174693e+03
6.605811489124372429e+02 1.228336865588399405e+03
6.586941176470588744e+02 1.229165266106442687e+03
6.567498610339076777e+02 1.229491384102278971e+03
6.554515590200445558e+02 1.230017260579064668e+03
6.542776219854177953e+02 1.230363432417274225e+03
6.535496098104794100e+02 1.230350613154960911e+03
6.532863534675615256e+02 1.230499440715883566e+03
6.528084868788386075e+02 1.230699609156895576e+03
6.533376696832579000e+02 1.230777149321266961e+03
6.552055968018274825e+02 1.231059965733866420e+03
6.575195911413969725e+02 1.230834185122089821e+03
6.592105263157894797e+02 1.230578375286041137e+03
6.596621315192743396e+02 1.230119614512471571e+03
6.592218449349179537e+02 1.230468024900962064e+03
6.579858517260894359e+02 1.230740803621958094e+03
6.567220338983050851e+02 1.230605649717514098e+03
6.555462753950338310e+02 1.230545711060948179e+03
6.540530773574251953e+02 1.230179559570863830e+03
6.526248593925758996e+02 1.230070303712036093e+03
6.516249294980259492e+02 1.230554991539763023e+03
6.514833050367855094e+02 1.231096208262591972e+03
6.526005633802816419e+02 1.230989295774647871e+03
6.550384615384615472e+02 1.231004592422502810e+03
6.580507789959607408e+02 1.231162723600692516e+03
6.599542072123640537e+02 1.231290784201488350e+03
6.607376209447922975e+02 1.231912919749573120e+03
6.606848691695107618e+02 1.232554038680318627e+03
6.604778660612939802e+02 1.232903518728717472e+03
6.597963698241633210e+02 1.232910947249007449e+03
6.589038680318543584e+02 1.233336177474402803e+03
6.576035934868051527e+02 1.233285233015159974e+03
6.560466858789625348e+02 1.233425936599423721e+03
6.543791927231382033e+02 1.233604320636725333e+03
6.537651386530843638e+02 1.233516129032258050e+03
6.543778280542986749e+02 1.232918552036199117e+03
6.558849658314351245e+02 1.232006264236902098e+03
6.574076834862385113e+02 1.231969610091743107e+03
6.588243320068220328e+02 1.231052870949403086e+03
6.595408805031446491e+02 1.230592910234419605e+03
6.601623785020011610e+02 1.229997141223556355e+03
6.603099715099715468e+02 1.230296296296296305e+03
6.601570294784580710e+02 1.229733560090702895e+03
6.591460928652321627e+02 1.230050396375990886e+03
6.574711864406779114e+02 1.230341807909604540e+03
6.555557432432432279e+02 1.230689752252252219e+03
6.540593220338982974e+02 1.230988700564971850e+03
6.535490196078430927e+02 1.231198319327731042e+03
6.543955431754874326e+02 1.230500835654596131e+03
6.554439461883407603e+02 1.230338565022421562e+03
6.567470422535211583e+02 1.230012394366197213e+03
6.581035267349260494e+02 1.229581911262798712e+03
6.593581081081081265e+02 1.229462837837837924e+03
6.602694271128757464e+02 1.229516165626772590e+03
6.604600225225225358e+02 1.229354729729729797e+03
6.594430095451992884e+02 1.229132509825940588e+03
6.572003338898163065e+02 1.229082359488035536e+03
6.552000000000000455e+02 1.229151260504201673e+03
6.529497206703911161e+02 1.229099441340782050e+03
6.515321252059308108e+02 1.229107084019769445e+03
6.513168588687534566e+02 1.228858868753432262e+03
6.515052457205963492e+02 1.228297625621203679e+03
6.523787375415282668e+02 1.227882059800664365e+03
6.534122855561704455e+02 1.227324847814056511e+03
6.547408435072142083e+02 1.226677025527191972e+03
6.559076327433627966e+02 1.226496128318584169e+03
6.563275766016713533e+02 1.226121448467966502e+03
6.563359030837004866e+02 1.225606828193832598e+03
6.561244517543859729e+02 1.225658991228070136e+03
6.552714681440443201e+02 1.226086980609418333e+03
6.539349503858875323e+02 1.226448180815876412e+03
6.524983498349835145e+02 1.227158965896589734e+03
6.516772428884025885e+02 1.227567833698030654e+03
6.512678668848881216e+02 1.227742498636115670e+03
6.516282262493135704e+02 1.228155409115870498e+03
6.526888766519823548e+02 1.228333149779735777e+03
6.542537231108659626e+02 1.228585217870932183e+03
6.557585635359115486e+02 1.228480662983425418e+03
6.567632450331126392e+02 1.228399558498896340e+03
6.576438053097344891e+02 1.228175331858407162e+03
6.579757308328736372e+02 1.227580805295091068e+03
6.573822714681440402e+02 1.227537396121883603e+03
6.556611479028697431e+02 1.227331125827814503e+03
6.533168701442841666e+02 1.227376803551609328e+03
6.510305216426193056e+02 1.227521642619311933e+03
6.493717595146166559e+02 1.227495311638168687e+03
6.485552516411378292e+02 1.227601203501094005e+03
6.486934507429829182e+02 1.227624656026417142e+03
6.496077893582007619e+02 1.227732857926494717e+03
6.504618362831857894e+02 1.228169800884955748e+03
6.514852531997773895e+02 1.228393989983305573e+03
6.534922135706340214e+02 1.228332035595105708e+03
6.564473684210526017e+02 1.228306830907054973e+03
6.586601343784994924e+02 1.228138857782754712e+03
6.599067560022333510e+02 1.228391959798995003e+03
6.594770693512303978e+02 1.229246644295302076e+03
6.575479910714285552e+02 1.229468191964285779e+03
6.556527545909849550e+02 1.230103505843071844e+03
6.540222717149219989e+02 1.230380289532294000e+03
6.529322508398656737e+02 1.230777155655095157e+03
6.521840044742729106e+02 1.230839485458612899e+03
6.518344594594594810e+02 1.231099099099099021e+03
6.516948488241881705e+02 1.231215565509518456e+03
6.518884484711211371e+02 1.231154586636466547e+03
6.563211219232970279e+02 1.231406983400114541e+03
