6.635022471910112927e+02 1.229255056179775238e+03
6.680290990486849978e+02 1.228807498601007183e+03
6.712853123241418416e+02 1.228162633652222894e+03
6.731010158013543787e+02 1.228265801354401901e+03
6.742358276643990393e+02 1.227990362811791329e+03
6.743142214727374721e+02 1.228075885328836421e+03
6.729683684794672445e+02 1.228462819089900222e+03
6.707513842746401451e+02 1.228507751937984494e+03
6.667084257206208804e+02 1.228560421286030987e+03
6.626859366314619137e+02 1.229006670372429198e+03
6.584093959731543464e+02 1.229609619686800897e+03
6.537869034406215860e+02 1.230262486126526028e+03
6.497252808988763491e+02 1.230729213483146168e+03
6.459883333333333439e+02 1.230875000000000000e+03
6.420243767313019134e+02 1.231339058171745137e+03
6.393695175438596152e+02 1.231565241228070136e+03
6.373727422003283891e+02 1.232345374931581773e+03
6.368326015367728132e+02 1.232490669593852999e+03
6.376536343612334576e+02 1.232209801762114466e+03
6.396894273127753650e+02 1.231877202643171813e+03
6.425312672938572405e+02 1.231417266187050473e+03
6.456202109938923286e+02 1.231368128817323623e+03
6.495069715560513259e+02 1.230949247071946502e+03
6.545055803571428896e+02 1.230494419642857110e+03
6.592828685258964470e+02 1.230202048947068761e+03
6.642683063163779025e+02 1.229709334823923882e+03
6.681740845070422665e+02 1.228731267605633775e+03
6.709282934963869138e+02 1.228237354085603101e+03
6.731257685858021205e+02 1.228525992174399107e+03
6.735622578859988607e+02 1.228740453790813490e+03
