6.548588687534321480e+02 1.229056013179571664e+03
6.537607260726072127e+02 1.229480198019801946e+03
6.535820484581497567e+02 1.230154185022026468e+03
6.547220693450742601e+02 1.230253714914694456e+03
6.556238986784140934e+02 1.229743392070484560e+03
6.560632981676845930e+02 1.229078845086063211e+03
6.568256070640176176e+02 1.228066777041942714e+03
6.574345898004434048e+02 1.228060975609756042e+03
6.579657458563535783e+02 1.228298342541436568e+03
6.572497255762898476e+02 1.228427552140504986e+03
6.561031659388646631e+02 1.228953602620087395e+03
6.561725274725274630e+02 1.229251098901098885e+03
6.565565361279647050e+02 1.228838389409818092e+03
6.571583937534858251e+02 1.228805354155047326e+03
6.580280528052804812e+02 1.228743674367436824e+03
6.593144444444444616e+02 1.228333333333333258e+03
6.602668508287292752e+02 1.227749171270718307e+03
6.603107810781077660e+02 1.227222772277227705e+03
6.596578512396694123e+02 1.226818181818181756e+03
6.585411111111111495e+02 1.227372222222222263e+03
6.575126651982378689e+02 1.227479074889867888e+03
6.559112814895947849e+02 1.228271084337349293e+03
6.545947136563876256e+02 1.229209801762114466e+03
6.538301051466519311e+02 1.229756502490315370e+03
6.544549474847982538e+02 1.230180762852404541e+03
6.561718232044198658e+02 1.229664640883977881e+03
