6.592625070264193710e+02 1.228934232715008420e+03
6.582059651097355299e+02 1.228764209341587048e+03
6.552987158012283544e+02 1.228754885538805183e+03
6.523177777777777919e+02 1.229083888888888850e+03
6.498701949860724199e+02 1.229091364902506939e+03
6.490313199105145259e+02 1.228984899328859001e+03
6.488319374651032376e+02 1.228927414852038055e+03
6.494089651355837987e+02 1.229063641394576734e+03
6.502154017857143344e+02 1.229119977678571331e+03
6.506408685968820009e+02 1.228898106904231554e+03
6.500615640599002063e+02 1.229290072102052136e+03
6.487388919363686455e+02 1.229368074602303977e+03
6.475490088105726727e+02 1.229183920704845832e+03
6.466219646799116845e+02 1.229183222958057286e+03
6.461647254575707393e+02 1.229451469772601286e+03
6.466101223581757722e+02 1.229463848720800797e+03
6.479682451253481759e+02 1.229254596100278604e+03
6.495792106725958774e+02 1.229057254030016566e+03
6.510229178311906253e+02 1.229135271101173885e+03
6.516538037486218400e+02 1.229162072767364862e+03
6.521868008948546276e+02 1.229292505592841053e+03
6.521114206128133901e+02 1.229132033426183852e+03
6.514256495301270888e+02 1.229186843559977888e+03
6.516694725028058883e+02 1.228987654320987758e+03
6.527125210555867625e+02 1.228855699045480151e+03
6.541570155902004444e+02 1.228536748329621332e+03
6.562969966629588043e+02 1.228376529477196982e+03
6.608920422927100162e+02 1.228620478575403467e+03
6.623093363329584236e+02 1.228954443194600572e+03
6.622981471083660381e+02 1.229062886019090456e+03
6.619414062500000000e+02 1.229396763392857110e+03
6.613537604456824965e+02 1.229506963788300936e+03
6.612905215928210509e+02 1.229581604038138039e+03
6.617934298440980001e+02 1.229586302895322888e+03
6.635814732142856656e+02 1.229582031250000000e+03
6.651879572312886921e+02 1.229484524479459651e+03
6.660443820224719502e+02 1.229601123595505669e+03
6.655351562500000000e+02 1.229268415178571331e+03
6.637628923766816342e+02 1.229454035874439569e+03
6.616127037661607346e+02 1.229748173130972418e+03
6.583601575689364154e+02 1.230073719752391753e+03
6.560631991051453724e+02 1.229579418344519127e+03
6.552895322939866674e+02 1.229507238307349553e+03
6.555002773155850946e+02 1.229347753743760450e+03
6.561748603351954898e+02 1.229173743016759772e+03
6.563941605839415843e+02 1.228914654688377368e+03
6.564718349135526978e+02 1.228831567205800411e+03
6.548681564245810023e+02 1.229275977653631344e+03
6.522024677509814410e+02 1.229323051037577216e+03
6.491750278706800827e+02 1.229510590858416890e+03
6.476427378964941681e+02 1.229476905954368476e+03
6.472769744160177652e+02 1.229325361512791915e+03
6.474930824571111998e+02 1.229231322634200296e+03
6.484789356984479127e+02 1.229261640798226153e+03
6.496976229961304625e+02 1.229326699834162582e+03
