6.618054626532887141e+02 1.229835005574135948e+03
6.617154742096505515e+02 1.230139212423738172e+03
6.616722037652269819e+02 1.230271871539313452e+03
6.617184734513274407e+02 1.230248893805309763e+03
6.619700831024930494e+02 1.230301385041551157e+03
6.623829309376754964e+02 1.229998315553060138e+03
6.630767519466073736e+02 1.229155728587319345e+03
6.635030846887268581e+02 1.229102636006730336e+03
6.628710217755443637e+02 1.228811836962590633e+03
6.609175428887658654e+02 1.229051466519092401e+03
6.582255176273083634e+02 1.229473978735310538e+03
6.563257238307350008e+02 1.230226057906458891e+03
6.549390581717451596e+02 1.230404432132964075e+03
6.544864715626725911e+02 1.230320265046935447e+03
6.539850249584026187e+02 1.230374930671103812e+03
6.532587841606246002e+02 1.230330172894590078e+03
6.524107538802660429e+02 1.230136363636363740e+03
6.514617092119866584e+02 1.230191453940066594e+03
6.501001124859392348e+02 1.230268841394825586e+03
6.486521017699114964e+02 1.229929203539822993e+03
6.473841022790438728e+02 1.229824346859366415e+03
6.470768367919237107e+02 1.229413348289399892e+03
6.485521642619312388e+02 1.229229744728079822e+03
6.502713091922005333e+02 1.229334261838440170e+03
6.517092829349638805e+02 1.229293496386881543e+03
6.524233576642335493e+02 1.229556990454800598e+03
6.527797552836484556e+02 1.229643492769744171e+03
6.532389726409826380e+02 1.230327191513121079e+03
6.535376940133037351e+02 1.230374722838137359e+03
6.542045580878266264e+02 1.230488048916064372e+03
6.548116666666666106e+02 1.230321111111111122e+03
6.564693080357143344e+02 1.229914062500000000e+03
6.592734946539110297e+02 1.229435565559932456e+03
6.612523997741388939e+02 1.229024280067758355e+03
6.622012471655328909e+02 1.229031179138321932e+03
6.624425863991081087e+02 1.229397993311036771e+03
6.623542825361512314e+02 1.229987208008898733e+03
6.620545961002785589e+02 1.230184401114206139e+03
6.622302558398220071e+02 1.230336484983314904e+03
6.622544444444444025e+02 1.230238888888888823e+03
6.627943143812708513e+02 1.230132664437012181e+03
6.633852596314908396e+02 1.229785594639866076e+03
6.636721126760563720e+02 1.229127323943662077e+03
