6.570718629076837942e+02 1.230572139303482572e+03
6.592491601343784851e+02 1.230353863381858901e+03
6.607802319160684874e+02 1.229336278299282185e+03
6.602732782369146207e+02 1.228803856749311308e+03
6.579385722191477726e+02 1.228135583840619802e+03
6.551011608623548454e+02 1.227907683803206282e+03
6.530154696132597110e+02 1.228670165745856366e+03
6.518710208562019943e+02 1.228446212952799215e+03
6.523076923076922640e+02 1.229171428571428578e+03
6.533472987872105477e+02 1.230168687982359415e+03
6.546380741560598153e+02 1.230262866629773043e+03
6.562028089887639908e+02 1.229937078651685397e+03
6.565453539823008668e+02 1.229474557522123860e+03
6.563922005571030240e+02 1.229036768802228380e+03
6.554046434494196092e+02 1.228546158098396972e+03
6.540677225559803674e+02 1.227945931185144673e+03
6.533420908593321883e+02 1.228514504652435789e+03
6.532713896457765941e+02 1.228732425068119937e+03
6.530332969432314485e+02 1.229346069868995528e+03
6.531472053126728952e+02 1.230412838959601459e+03
6.534529444138689769e+02 1.230186571271326329e+03
6.533263621353879671e+02 1.229398458998348815e+03
6.537460142935678959e+02 1.228542056074766379e+03
6.549296316657504349e+02 1.227261682242990673e+03
6.551563357103675571e+02 1.227148656061437123e+03
6.548898534997287015e+02 1.227062398263700516e+03
6.540382932166302226e+02 1.227315098468271344e+03
6.528278688524590052e+02 1.228522950819672133e+03
6.517990142387732249e+02 1.230156078860898106e+03
6.516134732192158481e+02 1.231158475980121466e+03
6.525392641405820768e+02 1.231648544755628791e+03
6.547067254685777016e+02 1.231855016538037489e+03
6.574193370165745591e+02 1.231260773480662920e+03
6.595362637362637770e+02 1.230408241758241729e+03
6.601500833796553707e+02 1.229730961645358548e+03
6.578877777777777283e+02 1.228836111111111222e+03
6.555684326710817231e+02 1.228613134657836554e+03
6.518756815703380880e+02 1.228824427480916029e+03
