6.589550997782705508e+02 1.228087028824833624e+03
6.590792951541850471e+02 1.228197136563876711e+03
6.584944567627494507e+02 1.228442350332594287e+03
6.566355604638321211e+02 1.228890115958034130e+03
6.557601536772776853e+02 1.229131174533479680e+03
6.560638888888888687e+02 1.229531666666666752e+03
6.566576774903687692e+02 1.229749587231700616e+03
6.566412924424972744e+02 1.229539430449068959e+03
6.565638356164383822e+02 1.229513424657534188e+03
6.566784335355763460e+02 1.230008825151682231e+03
6.565546357615894522e+02 1.229696467991170039e+03
6.565853926414058606e+02 1.229421746293245405e+03
6.576662989520132214e+02 1.229241036955322670e+03
6.588890122086570500e+02 1.229129300776914533e+03
6.598566703417860708e+02 1.228400220507166523e+03
6.598113311331132991e+02 1.228401540154015493e+03
6.593245614035088238e+02 1.228410635964912217e+03
6.584256381798002167e+02 1.228241398446170933e+03
6.580077050082553569e+02 1.228250963126031820e+03
6.578275482093663413e+02 1.228376308539944830e+03
6.559917491749174587e+02 1.229374037403740431e+03
6.553200883002207320e+02 1.229640176600441464e+03
6.547758996728462080e+02 1.230009269356597542e+03
6.544876577070762096e+02 1.230021393307734570e+03
6.538180821917808316e+02 1.230221369863013706e+03
6.537916897506925125e+02 1.230357894736842127e+03
6.548678414096916640e+02 1.229938876651982355e+03
6.562331288343558526e+02 1.229441717791411065e+03
6.574587053571428896e+02 1.229379464285714221e+03
6.573712374581939457e+02 1.229120401337792600e+03
6.569060955518945093e+02 1.228258649093904523e+03
6.571439688715953480e+02 1.228337965536409229e+03
6.578338870431894065e+02 1.228237541528239262e+03
6.579402654867257070e+02 1.228115044247787637e+03
6.581128318584070485e+02 1.228366150442477874e+03
6.581398446170920806e+02 1.229083240843507156e+03
6.571277901785714448e+02 1.229494977678571331e+03
6.557530319735391231e+02 1.230132855567806018e+03
6.549234581497797762e+02 1.230404735682819364e+03
6.547904919845218501e+02 1.230694859038142567e+03
6.552178988326847957e+02 1.230457476375764372e+03
