6.516914893617021107e+02 1.229374580067189299e+03
6.521116096466629415e+02 1.229559730790801950e+03
6.523503649635036936e+02 1.229251544076361597e+03
6.526586726157278235e+02 1.229359732292247600e+03
6.528671875000000000e+02 1.229426897321428669e+03
6.534296171171171181e+02 1.229084459459459367e+03
6.538051511758118295e+02 1.228914893617021335e+03
6.546520289049472012e+02 1.229375764313507489e+03
6.551542761319172996e+02 1.229491335941866964e+03
6.559315144766146659e+02 1.229687639198218221e+03
6.561087936865840220e+02 1.229940811724915420e+03
6.567063447501403743e+02 1.229976979225154309e+03
6.572766554433220563e+02 1.229592592592592609e+03
6.577286995515695480e+02 1.229376121076233176e+03
6.584409448818897772e+02 1.229176040494938206e+03
6.585329206527856059e+02 1.229170512099043435e+03
6.586208053691275381e+02 1.229286912751677846e+03
6.591422172452407722e+02 1.229444568868980923e+03
6.592514124293785471e+02 1.229728813559322134e+03
6.593730337078651473e+02 1.230037078651685306e+03
6.594418212478921077e+02 1.230254075323215375e+03
6.593931767337807059e+02 1.229703579418344589e+03
6.594019058295964442e+02 1.229368834080717534e+03
6.596388109927089545e+02 1.228920919798093109e+03
6.598111612175873688e+02 1.228966178128523097e+03
6.598125000000000000e+02 1.229041103603603688e+03
6.598288439955106242e+02 1.229787317620651038e+03
6.597063093243997400e+02 1.230010050251256189e+03
6.594910614525139181e+02 1.230311731843575444e+03
6.594573340769659353e+02 1.230253206915783494e+03
6.596580717488789105e+02 1.229899663677130093e+03
6.596659217877095216e+02 1.229433519553072529e+03
6.595002791736460495e+02 1.229388051367950766e+03
6.587540435025097167e+02 1.229216397099832648e+03
6.585826815642458314e+02 1.229606145251396583e+03
6.581105499438832567e+02 1.229762626262626327e+03
6.576914477361654008e+02 1.230126886528787054e+03
6.573383500557413299e+02 1.229700668896321076e+03
6.569546472564389887e+02 1.230069988801791624e+03
6.562599663110612482e+02 1.229979786636720974e+03
6.555575418994413894e+02 1.229493296089385467e+03
6.552193620593172909e+02 1.229359820928931185e+03
6.551194196428571104e+02 1.229295758928571331e+03
6.550161290322580498e+02 1.229281423804226961e+03
6.542264573991030829e+02 1.229415358744394553e+03
6.537154017857143344e+02 1.229694196428571331e+03
6.535228285077951114e+02 1.229746102449888667e+03
6.530764966740576938e+02 1.229612527716186150e+03
6.531298992161254091e+02 1.229604703247480302e+03
6.530194986072423262e+02 1.229711420612813299e+03
6.528487023743788313e+02 1.229595803423522966e+03
6.524634955752212591e+02 1.229565265486725593e+03
6.524601769911504334e+02 1.229622234513274407e+03
6.524880754298391139e+02 1.229406544647809142e+03
6.525915649278579167e+02 1.229275804661487200e+03
6.526280623608017777e+02 1.229478285077951114e+03
6.524370493621742071e+02 1.229506378258458199e+03
6.522037141249296610e+02 1.229957231288688718e+03
6.522372881355931895e+02 1.229946892655367265e+03
6.524331641285956493e+02 1.229820078962211028e+03
6.527958496915310889e+02 1.230066741446999458e+03
6.530771830985916040e+02 1.229805633802816828e+03
6.531957255343081670e+02 1.229731158605174414e+03
6.534529147982062796e+02 1.229771300448430566e+03
6.537873531057638274e+02 1.229627867935086670e+03
6.541562150055990514e+02 1.229438409854423298e+03
6.549260918253079353e+02 1.230025195968644994e+03
6.554365881032547350e+02 1.229998877665544342e+03
6.558906950672645735e+02 1.230165919282511140e+03
6.560804469273742825e+02 1.230482122905027836e+03
6.571464788732394027e+02 1.230189859154929536e+03
