6.548692438885730098e+02 1.232372939169983056e+03
6.562144082332761172e+02 1.232126929674099529e+03
6.577846240814019438e+02 1.231582249858677187e+03
6.591992009132419525e+02 1.231392123287671211e+03
6.597172923777019378e+02 1.231028441410693858e+03
6.603517045454545951e+02 1.230592045454545541e+03
6.607425014148274158e+02 1.230164685908319143e+03
6.616039548022598638e+02 1.229798870056497208e+03
6.619407407407406936e+02 1.229446723646723740e+03
6.622605714285714384e+02 1.229415428571428492e+03
6.626301524562394434e+02 1.229126482213438749e+03
6.629672601952900095e+02 1.228674325100516853e+03
6.634934621944286164e+02 1.228239909039226859e+03
6.638173076923077360e+02 1.227852941176470495e+03
6.641193344807802532e+02 1.227888697647733807e+03
6.645646527385657691e+02 1.227822134387351753e+03
6.647718006795016663e+02 1.227847678369195819e+03
6.649103369503141039e+02 1.227998286693318050e+03
6.647977401129943473e+02 1.228263841807909557e+03
6.647868852459016580e+02 1.228574335782928301e+03
6.652724157624214740e+02 1.228770988006853258e+03
6.663291855203619889e+02 1.228895927601809944e+03
6.671277809469480644e+02 1.228773531089560720e+03
6.673360184119677569e+02 1.229218066743383133e+03
6.668892674616695331e+02 1.229102214650766655e+03
6.658581962563811203e+02 1.229145774248440148e+03
6.648677546426561094e+02 1.229744513224535694e+03
6.639506522972206994e+02 1.230218377765173045e+03
6.630067643742953578e+02 1.230421082299887303e+03
6.620000000000000000e+02 1.231180778032036642e+03
6.616438586651710239e+02 1.231019629837352795e+03
6.617929465301479013e+02 1.231189988623435738e+03
6.619685174585002869e+02 1.231249570692615862e+03
6.621481481481481524e+02 1.231145299145299077e+03
6.622888252148997026e+02 1.231005157593123158e+03
6.624382470119521713e+02 1.231085941946499815e+03
6.628044596912521911e+02 1.231076043453402008e+03
6.626146067415730840e+02 1.231028651685393243e+03
6.621224489795918089e+02 1.231318027210884338e+03
6.612005649717514189e+02 1.231298870056497208e+03
6.610563697857948000e+02 1.231390642615558136e+03
6.615831913685406107e+02 1.231375922771152773e+03
6.627154977375565750e+02 1.231344457013574583e+03
6.639312714776632447e+02 1.231338487972508574e+03
6.655185396463206189e+02 1.231044495151169485e+03
6.672267806267806236e+02 1.230104843304843371e+03
6.685463858850313272e+02 1.229332953898690903e+03
6.690529344073647735e+02 1.229218066743383133e+03
6.690854010386613027e+02 1.229101557991921482e+03
6.687202718006794839e+02 1.229027180067950212e+03
6.677531214528944474e+02 1.228713393870601521e+03
6.663248299319727721e+02 1.228268707482993250e+03
6.651121177802943976e+02 1.228152887882219602e+03
6.641200453001132473e+02 1.228044733861834629e+03
6.635418994413407745e+02 1.227774860335195626e+03
6.634272009029344872e+02 1.227610045146726861e+03
6.636394825646793834e+02 1.227022497187851513e+03
6.638171007927519440e+02 1.226689694224235609e+03
6.638799999999999955e+02 1.226243943661971798e+03
6.636505346088913484e+02 1.226432189082723653e+03
6.633870786516854423e+02 1.226717415730337052e+03
6.630068298235628390e+02 1.227044963005122327e+03
6.622867605633803123e+02 1.227475492957746383e+03
6.618960227272726797e+02 1.228067045454545450e+03
6.622083568605307846e+02 1.228415584415584362e+03
6.626194539249146374e+02 1.229143344709897519e+03
6.620102564102563747e+02 1.229293447293447343e+03
6.608959864330130358e+02 1.229503674392311950e+03
6.602512619181155742e+02 1.229613011777902329e+03
6.598488437676254534e+02 1.230296672306824576e+03
6.596166759932848436e+02 1.230612758813654182e+03
6.592183058555997377e+02 1.231158044343377014e+03
6.582354601919819288e+02 1.231516657255787777e+03
6.574226689000557826e+02 1.231662758235622505e+03
6.569212155317951556e+02 1.231815981992121579e+03
6.568942632170978868e+02 1.232187289088863963e+03
6.569650829994276364e+02 1.232254149971379547e+03
6.567913832199546960e+02 1.232095804988662167e+03
6.566941775014132645e+02 1.231912945166760892e+03
6.566363122171945861e+02 1.231760746606334806e+03
6.560045146726862413e+02 1.231705981941309346e+03
6.549311512415349625e+02 1.231963882618510070e+03
6.539111361079865219e+02 1.232070303712036093e+03
6.535399325084364364e+02 1.232104049493813363e+03
6.536739618406285217e+02 1.231702020202020094e+03
6.545464265616207058e+02 1.231288688801350645e+03
6.553147410358566276e+02 1.230990324416619160e+03
6.561343198634035616e+02 1.230459874786567980e+03
6.570360824742267596e+02 1.230151202749140793e+03
6.574652345958168098e+02 1.229791407574901086e+03
6.574796380090497223e+02 1.229356334841628950e+03
6.569590909090909463e+02 1.229228409090909054e+03
6.561546742209632157e+02 1.229135410764872631e+03
6.548077790304396331e+02 1.229251972942502789e+03
6.537368421052631220e+02 1.229101867572156152e+03
6.526027011817669745e+02 1.229037703995498077e+03
6.517127539503386515e+02 1.229038939051918760e+03
6.509764969222160289e+02 1.228522104085058800e+03
6.512649572649572747e+02 1.229014814814814827e+03
6.513834459459459367e+02 1.228386824324324380e+03
6.508449438202246711e+02 1.227924719101123628e+03
6.498451576576576372e+02 1.228021396396396312e+03
6.487214765100670775e+02 1.228063199105145486e+03
6.473804713804713629e+02 1.228791245791245728e+03
6.453290067720090519e+02 1.229263544018058610e+03
6.440982594048286956e+02 1.229667040988208782e+03
6.433506787330317138e+02 1.229899886877828067e+03
6.428466703973139147e+02 1.230393956351427050e+03
6.428175182481751335e+02 1.230837170129140986e+03
6.436851015801354379e+02 1.231285553047404164e+03
6.445265237020315681e+02 1.231342550790067662e+03
6.456957746478873332e+02 1.231389859154929582e+03
6.466550757150869231e+02 1.231809871003925991e+03
6.472950819672131502e+02 1.232286602600339165e+03
6.475983050847457889e+02 1.232278531073446402e+03
6.476267566048342132e+02 1.232368746486790315e+03
6.476028169014084597e+02 1.232956056338028247e+03
6.480638176638176446e+02 1.232842165242165265e+03
6.481207784773897629e+02 1.233089295935890050e+03
6.481407491486946810e+02 1.232618615209988548e+03
6.482829654782116222e+02 1.232142614601018749e+03
6.488695163104612220e+02 1.231660292463442147e+03
6.491601139601139039e+02 1.231335042735042634e+03
6.487995482778090945e+02 1.231253529079616101e+03
6.485918023582256637e+02 1.231182481751824753e+03
6.487144469525959494e+02 1.231032731376975107e+03
6.493264604810996161e+02 1.230729095074455927e+03
6.500871794871794691e+02 1.230049002849002818e+03
6.506483762597983969e+02 1.229442889137737893e+03
6.512712344280860179e+02 1.229208380520951323e+03
6.517573033707865306e+02 1.228715730337078639e+03
6.525420403587444298e+02 1.228463004484304975e+03
6.530421412300682960e+02 1.228092824601366829e+03
6.531877481565513790e+02 1.228258650028360762e+03
6.531841359773370641e+02 1.228295750708215337e+03
6.528676388109927302e+02 1.228206393718452091e+03
6.528925154755205540e+02 1.228213280810354490e+03
6.527934721440630028e+02 1.228169949352841968e+03
6.527817772778403196e+02 1.228205286839145174e+03
6.527477678571428896e+02 1.228159040178571331e+03
6.530336565887050710e+02 1.228091842555618996e+03
6.533639455782313235e+02 1.228178004535147466e+03
6.532268099547511611e+02 1.227746606334841545e+03
6.524337281443880556e+02 1.228122391426959894e+03
6.510995449374288455e+02 1.228184300341296876e+03
6.499674523007856806e+02 1.228422558922558892e+03
6.484100394811055139e+02 1.229077834179357069e+03
6.470440180586907672e+02 1.229104401805868974e+03
6.460885005636978349e+02 1.229228297632469094e+03
6.457274247491639017e+02 1.229698439241917413e+03
6.457303370786517007e+02 1.230284831460674241e+03
6.460842283776145223e+02 1.230286602600339165e+03
6.470975747320925393e+02 1.230495769881556726e+03
6.482764639639639199e+02 1.230792792792792852e+03
6.490983419096626221e+02 1.231486563750714595e+03
6.500365923384791813e+02 1.231211549456832472e+03
6.508299435028249036e+02 1.231712429378531169e+03
6.507865990990991349e+02 1.231655405405405418e+03
6.506507847533632685e+02 1.232295403587443843e+03
6.505387205387205540e+02 1.232390011223344572e+03
6.507406779661016571e+02 1.232471751412429285e+03
6.516662908680947339e+02 1.232409244644870341e+03
6.522733485193622300e+02 1.232697608200455534e+03
6.536760563380281610e+02 1.231930140845070355e+03
6.555935556811757579e+02 1.231598643301300172e+03
6.570719217491368909e+02 1.231275604142692828e+03
6.580149855907781102e+02 1.230991930835734820e+03
6.588849858356940103e+02 1.230539943342776269e+03
6.592849829351536073e+02 1.230006825938566635e+03
6.601926815323041637e+02 1.229802172670097207e+03
6.607297908422838191e+02 1.229450537026568782e+03
6.608938103350369602e+02 1.229483248154457669e+03
6.610109195402299065e+02 1.229158620689655208e+03
6.612388228636106078e+02 1.228629315223542790e+03
6.617061826432218368e+02 1.228212705615428149e+03
6.620516351118760667e+02 1.228079173838209954e+03
6.624853273137697443e+02 1.227610609480812627e+03
6.627409502262443084e+02 1.227660633484162872e+03
6.630841442472810741e+02 1.227894676588437278e+03
6.630944476244991392e+02 1.228130509444762538e+03
6.628491525423728490e+02 1.228286440677966084e+03
6.627825842696629479e+02 1.228509550561797823e+03
6.630068925904652133e+02 1.228718552556002351e+03
6.638880045480386798e+02 1.228843092666287703e+03
6.646238687782805528e+02 1.228878393665158455e+03
6.648161180476730578e+02 1.228694097616345061e+03
6.646788939051918987e+02 1.228967832957110659e+03
6.638220101066816596e+02 1.229241998877035485e+03
6.633252399774138439e+02 1.229904573687182392e+03
6.627407614781634493e+02 1.230299552071668586e+03
6.620551136363636715e+02 1.230638068181818198e+03
6.616016806722689125e+02 1.230996078431372553e+03
6.615092957746478532e+02 1.231014647887323918e+03
6.615611957134799468e+02 1.231192329385222820e+03
6.616499436302142385e+02 1.231226042841037270e+03
