6.471875699888017834e+02 1.228632138857782820e+03
6.476637069922308001e+02 1.228504994450610411e+03
6.485548780487804379e+02 1.228381374722838245e+03
6.498727070594775341e+02 1.228428015564202269e+03
6.517673514714048224e+02 1.228302054414214354e+03
6.540173475097928986e+02 1.228418578623391113e+03
6.561629339305710573e+02 1.228299552071668586e+03
6.577787659811006051e+02 1.228474152306837141e+03
6.593530066815144437e+02 1.228211581291759558e+03
6.605993359158826479e+02 1.228243497509684630e+03
6.611851851851852189e+02 1.228332210998877599e+03
6.621394176931690936e+02 1.228309070548712270e+03
6.632869127516778462e+02 1.228441275167785307e+03
6.632758235622557095e+02 1.228414852037967648e+03
6.631190873678352773e+02 1.228499165275459063e+03
6.634314381270902459e+02 1.228802675585284305e+03
6.638289983397896776e+02 1.228475926950747180e+03
6.639233759022764616e+02 1.228622987229317005e+03
6.632513966480446470e+02 1.229150279329609020e+03
6.626001109262340378e+02 1.229175818080976114e+03
6.616127777777777510e+02 1.229032222222222117e+03
6.601779518746502617e+02 1.229172355903749349e+03
6.584075935231713856e+02 1.229170295924064703e+03
6.567637271214641714e+02 1.229211869107043867e+03
6.552825237297598733e+02 1.229183696259073031e+03
6.538932146829811245e+02 1.229325361512791915e+03
6.517629094947251360e+02 1.229329816768462024e+03
6.501572467823167472e+02 1.229377728035814243e+03
6.489501385041551202e+02 1.229413296398892044e+03
6.483261111111111177e+02 1.229221111111111213e+03
6.475706371191135986e+02 1.229286980609418379e+03
6.469589572933998625e+02 1.229304492512479101e+03
6.466162790697674154e+02 1.229241417497231396e+03
6.466718750000000000e+02 1.228936383928571331e+03
6.471936383928571104e+02 1.228795758928571331e+03
6.480106263982103201e+02 1.228805369127516769e+03
6.485466292134831292e+02 1.229039887640449479e+03
6.486644144144144093e+02 1.228990427927927840e+03
6.491856823266218726e+02 1.228440156599552665e+03
6.499165739710789467e+02 1.228614015572858762e+03
6.513934517203107362e+02 1.228314650388457267e+03
6.535321507760531858e+02 1.228282705099778241e+03
6.555347415230684192e+02 1.228428571428571331e+03
6.573528748590755413e+02 1.228886133032694488e+03
6.605603593486805494e+02 1.228989331836047086e+03
