6.796323699421965330e+02 1.231511560693641513e+03
6.786751990898748090e+02 1.231717292377701824e+03
6.778530913216109184e+02 1.231819058423142451e+03
6.777461406518010563e+02 1.231860491709548342e+03
6.774702517162471622e+02 1.232106979405034281e+03
6.763503148254150119e+02 1.232478534630795593e+03
6.741588571428571868e+02 1.232675428571428483e+03
6.711661923733637423e+02 1.232298235628912835e+03
6.678012528473803968e+02 1.232325170842824491e+03
6.636289772727272975e+02 1.232000000000000000e+03
6.600742009132419525e+02 1.231607305936073089e+03
6.571039182282794400e+02 1.231219193639977220e+03
6.538671133445002397e+02 1.230692908989391299e+03
6.505797991071428896e+02 1.230114397321428669e+03
6.472368715083798634e+02 1.229388826815642460e+03
6.435658482142856656e+02 1.229070870535714221e+03
6.407022943480693584e+02 1.229024622271964290e+03
6.380985442329226771e+02 1.228776595744680890e+03
6.359395936298736842e+02 1.228639209225700142e+03
6.348404605263158373e+02 1.228546600877192986e+03
6.338435114503816976e+02 1.227486913849509165e+03
6.324625813449023326e+02 1.226716919739696323e+03
6.316170559478543964e+02 1.226514937533949023e+03
6.314469820554649004e+02 1.227128330614464403e+03
6.323807189542483229e+02 1.227325708061002160e+03
6.365274423710208112e+02 1.227355104281009972e+03
6.388701369863014179e+02 1.227043287671232974e+03
6.414427227448810527e+02 1.227018815716657400e+03
6.439366041896361139e+02 1.227310363836824763e+03
6.472284292035398039e+02 1.227602323008849453e+03
6.500640668523676595e+02 1.228481337047353691e+03
6.533362831858406707e+02 1.229123340707964644e+03
6.576480446927374715e+02 1.229810614525139727e+03
6.617041855203619889e+02 1.229937782805429833e+03
6.651761395610579939e+02 1.229722003376477232e+03
6.681326530612244596e+02 1.230056122448979522e+03
6.698075850529838817e+02 1.230336307863915181e+03
6.714123006833713134e+02 1.230969817767653694e+03
6.738325791855203306e+02 1.231258484162895911e+03
6.761339031339031180e+02 1.231588034188034271e+03
6.776550939100740152e+02 1.232026750142287938e+03
6.786202964652223955e+02 1.232122006841505026e+03
6.781649601820250837e+02 1.231946530147895373e+03
6.773280272882319650e+02 1.231921546333143851e+03
6.771724530449630493e+02 1.232326124075128064e+03
6.767515598411797555e+02 1.232330119115144726e+03
6.759784213515048350e+02 1.232751277683134504e+03
6.742077625570776718e+02 1.232819634703196243e+03
6.713142045454545723e+02 1.232639204545454504e+03
6.646051743532058254e+02 1.231665916760405025e+03
