6.552686318131256940e+02 1.229310901001112370e+03
6.548132168214090143e+02 1.229327689787001646e+03
6.547606557377049512e+02 1.229681420765027269e+03
6.553511407902059318e+02 1.229821368948247027e+03
6.551340319911748793e+02 1.229944842801985715e+03
6.546834061135371030e+02 1.229399563318777382e+03
6.547870826491516709e+02 1.229305418719211730e+03
6.548196271929824661e+02 1.229285635964912217e+03
6.549188293760353190e+02 1.229501932633903834e+03
6.552559821925431152e+02 1.229238731218697922e+03
6.552416666666666742e+02 1.229527777777777828e+03
6.556290588882774273e+02 1.229454595487066626e+03
6.554892443463871814e+02 1.229459459459459367e+03
6.554401993355481864e+02 1.229691029900332296e+03
6.556256860592754947e+02 1.229790889132821121e+03
6.564160220994475594e+02 1.229738121546961338e+03
6.565101592531575534e+02 1.229431630971993400e+03
6.566071428571428896e+02 1.229404945054945074e+03
6.567457253171538696e+02 1.229477109762824057e+03
6.564680616740088226e+02 1.229362334801762017e+03
6.564603087100331322e+02 1.229362183020948123e+03
6.563219215902815904e+02 1.229418001104362247e+03
6.563281682346430443e+02 1.229682899833979036e+03
6.572367095691101895e+02 1.230337996642417465e+03
