6.620899062327633828e+02 1.184209045780474298e+03
6.614296788482835154e+02 1.183228682170542697e+03
6.597923799006074432e+02 1.184474875759249016e+03
6.577473625763465179e+02 1.188484730705163884e+03
6.537162764771460388e+02 1.195945930880713377e+03
6.498325917686318007e+02 1.204687430478309125e+03
6.473404023926046875e+02 1.215582925502990747e+03
6.472905516111414954e+02 1.226593118514472962e+03
6.485761407366685489e+02 1.235332600329851630e+03
6.517052280311456798e+02 1.244852614015572954e+03
6.538202433628318886e+02 1.253012168141592838e+03
6.537974543442169306e+02 1.257874377421140025e+03
6.545807174887892188e+02 1.262165358744394553e+03
6.567134862898712981e+02 1.264536094012311196e+03
6.624058459808881025e+02 1.261874086565486323e+03
6.669283699943598549e+02 1.257072194021432551e+03
6.714225113122172388e+02 1.251242647058823422e+03
6.747707076247943405e+02 1.242066374108612081e+03
6.757897350993378041e+02 1.232112582781456922e+03
6.738510875627440555e+02 1.221951477969882944e+03
6.682253136933987889e+02 1.210127659574467998e+03
6.630786334056399483e+02 1.198517353579175733e+03
6.608498630136986094e+02 1.190665753424657623e+03
6.609118136439267346e+02 1.185745978924015617e+03
6.601886792452829695e+02 1.183907325194228633e+03
6.589250832408434917e+02 1.185067702552719311e+03
6.570204307012700156e+02 1.188912203202650517e+03
6.495520891364902809e+02 1.204602785515320420e+03
