6.552086330935252363e+02 1.229433868289983366e+03
6.552293170460854981e+02 1.229248195446973796e+03
6.549129720853858316e+02 1.228799671592774985e+03
6.547947740881872960e+02 1.228385955362003187e+03
6.547631721890277277e+02 1.228526887561108197e+03
6.548984716157204957e+02 1.228602620087336163e+03
6.552540121748754700e+02 1.228933591588267745e+03
6.561240957150806707e+02 1.229141903171953345e+03
6.576097694840834720e+02 1.228884193194292038e+03
6.587038674033149164e+02 1.229102762430939265e+03
6.582263531984691554e+02 1.228902132312739241e+03
6.574360529217199201e+02 1.228667585446527028e+03
6.566989600437876788e+02 1.228452654625068362e+03
6.567381857686040121e+02 1.228557305812058758e+03
6.573237250554324191e+02 1.228606430155210546e+03
6.577889807162534908e+02 1.229004958677685863e+03
6.582869757174393044e+02 1.228608719646799045e+03
6.586015325670498441e+02 1.228422003284072161e+03
6.592824889867841875e+02 1.228805066079295102e+03
6.592889983579639193e+02 1.228794198139025639e+03
6.586026129559063520e+02 1.228664126292868787e+03
6.581845564074479853e+02 1.228701533406352610e+03
6.583803512623491088e+02 1.228947310647640052e+03
6.591922651933701900e+02 1.229000000000000000e+03
6.593712374581939457e+02 1.229035117056856279e+03
6.584200988467874822e+02 1.228696320702910498e+03
6.572744774477447436e+02 1.228623762376237664e+03
6.570097772949484352e+02 1.229024986420423602e+03
6.571302681992336829e+02 1.229110563765736288e+03
6.570501089324618533e+02 1.229156318082788630e+03
6.571142857142857565e+02 1.229371428571428623e+03
6.569550930996714442e+02 1.229343921139101894e+03
6.568909691629955887e+02 1.229132709251101232e+03
6.568318729463308046e+02 1.228811062431544315e+03
6.565917030567685515e+02 1.228404475982532858e+03
6.564762165117550694e+02 1.228342810278840943e+03
6.564152915291529098e+02 1.228805830583058196e+03
