6.741202247191010883e+02 1.228429213483145986e+03
6.741276115189158418e+02 1.228360813099943471e+03
6.742922732362821989e+02 1.228081187010078338e+03
6.744781634938409525e+02 1.228125419932810701e+03
6.743612506979341106e+02 1.228155220547180306e+03
6.739983202687569701e+02 1.228371780515117507e+03
6.733327749860412723e+02 1.228394193188162944e+03
6.724180602006689469e+02 1.228965440356744693e+03
6.715887902330744055e+02 1.229083240843507156e+03
6.713896976483762273e+02 1.229013437849944012e+03
6.710523059617547688e+02 1.229222722159729983e+03
6.707628062360802232e+02 1.229265590200445331e+03
6.705700000000000500e+02 1.229207222222222299e+03
6.702389135254989014e+02 1.229351995565410107e+03
6.697163434903046664e+02 1.229330193905817168e+03
6.693403781979977794e+02 1.229649054505005552e+03
6.686441988950276709e+02 1.229958563535911708e+03
6.676310517529215076e+02 1.230130217028380684e+03
6.666585094549499217e+02 1.230130144605116811e+03
6.661233802816901743e+02 1.229796056338028166e+03
6.655853658536585726e+02 1.229651884700665278e+03
6.650374720357941669e+02 1.229953020134228154e+03
6.640134680134680139e+02 1.230249158249158199e+03
6.620095505617977096e+02 1.230126966292134739e+03
6.593119777158774468e+02 1.230090250696378916e+03
6.563495798319328287e+02 1.230125490196078545e+03
6.545097060454797884e+02 1.230486966167498622e+03
6.527256983240223462e+02 1.230659776536312847e+03
6.503228169014084870e+02 1.231077183098591604e+03
6.482633652222847331e+02 1.231314575126617910e+03
6.462129213483145804e+02 1.231303370786516780e+03
6.443877094972067425e+02 1.231341340782122870e+03
6.426542316258352230e+02 1.231206013363028887e+03
6.408013355592654534e+02 1.231259321090706635e+03
6.388811659192824663e+02 1.231568385650224172e+03
6.373245810055865377e+02 1.231705027932961002e+03
6.363297872340425556e+02 1.231879059350503894e+03
6.355609756097560421e+02 1.231732261640798242e+03
6.351944134078212301e+02 1.231553631284916264e+03
6.350212765957446663e+02 1.231430011198208376e+03
6.348290502793296355e+02 1.231557541899441276e+03
6.346176795580111047e+02 1.231592817679558038e+03
6.343724291272928895e+02 1.231760978321289713e+03
6.336705490848585214e+02 1.231603438713255628e+03
6.333431426985008557e+02 1.231888395335924542e+03
6.331975446428571104e+02 1.231833705357142890e+03
6.333022346368715034e+02 1.231936312849162050e+03
6.335019564002235484e+02 1.231943543879262052e+03
6.337237136465324738e+02 1.231883668903803027e+03
6.341068571428571659e+02 1.232688000000000102e+03
6.346956521739130039e+02 1.232235228539576383e+03
6.351331058020477940e+02 1.232700796359499464e+03
6.353517163759144069e+02 1.232255486775464306e+03
6.353625698324021869e+02 1.232169832402234533e+03
6.350062287655719047e+02 1.232237259343148253e+03
6.349301801801801730e+02 1.232292229729729797e+03
6.354949267192785101e+02 1.232165727170236778e+03
6.364026996625422044e+02 1.232192913385826841e+03
6.372744656917885777e+02 1.232285151856018047e+03
6.375627118644067650e+02 1.232907909604519773e+03
6.382749719416385688e+02 1.232611111111111086e+03
6.385670391061452165e+02 1.232603351955307289e+03
6.389601820250284163e+02 1.232818543799772442e+03
6.387100723427935236e+02 1.232276015581524689e+03
6.386172222222222672e+02 1.232237222222222272e+03
6.386222841225626325e+02 1.232148746518105781e+03
6.390107587768969779e+02 1.232284258210645476e+03
6.397102017937219216e+02 1.232044282511210668e+03
6.406350526899611850e+02 1.231458125346644465e+03
6.413964065131948473e+02 1.231351487928130155e+03
6.415196408529741348e+02 1.231367003367003463e+03
6.415260796410543662e+02 1.231391475042064030e+03
6.415700672645739360e+02 1.231331838565022508e+03
6.418025944726451826e+02 1.231412859560067773e+03
6.423165059557571794e+02 1.231300056721497413e+03
6.427308558558559071e+02 1.231037162162162076e+03
6.432358916478555102e+02 1.230715011286681829e+03
6.435883681535855203e+02 1.231072275550536460e+03
6.442148106274731845e+02 1.230810062182023785e+03
6.446262053318207563e+02 1.231322745320476542e+03
6.447678070667413976e+02 1.230795849691531203e+03
6.448260135135135442e+02 1.230809684684684726e+03
6.451969611705120542e+02 1.230877884074282520e+03
6.461953958450309301e+02 1.230520494104435784e+03
6.475952248750694480e+02 1.230349250416435325e+03
6.492780269058296199e+02 1.230380044843049291e+03
6.506661064425770746e+02 1.230085154061624735e+03
6.518017917133258834e+02 1.229671892497200361e+03
6.530649350649350708e+02 1.229529644268774746e+03
6.543722098214285552e+02 1.229501116071428669e+03
6.556687185226636529e+02 1.229235590374930098e+03
6.574228827818284344e+02 1.229284352215367335e+03
6.591937500000000227e+02 1.229032954545454459e+03
6.613429541595925230e+02 1.229322014714204897e+03
6.637661971830985976e+02 1.228945352112676119e+03
6.666613636363636033e+02 1.228901704545454550e+03
6.690239179954442079e+02 1.228761958997722104e+03
6.715137717818998908e+02 1.228572793704328205e+03
6.732817460317460245e+02 1.228536848072562407e+03
6.747068676716918390e+02 1.228357342266890100e+03
6.756110174255200036e+02 1.228333333333333258e+03
6.758128523111612367e+02 1.228346674182638026e+03
6.762757062146893077e+02 1.228549717514124268e+03
6.774249578414840016e+02 1.228373805508712849e+03
6.785637998875772610e+02 1.228249016301292841e+03
6.792956472583380219e+02 1.228309779536461292e+03
6.795342696629213606e+02 1.228161797752808980e+03
6.795943820224719047e+02 1.227951685393258458e+03
6.796498599439776171e+02 1.228142296918767443e+03
6.796767507002800812e+02 1.228203921568627493e+03
6.795058889512058613e+02 1.228215367358384810e+03
6.785906793935990891e+02 1.228252667040988172e+03
6.780180586907449651e+02 1.227827878103837520e+03
6.779616469261139855e+02 1.227438804286520053e+03
6.784522328999435103e+02 1.227695873374788107e+03
6.792130211307824084e+02 1.228223300970873879e+03
6.792305065452476356e+02 1.227899829254410861e+03
6.787548964745383273e+02 1.227527140458869553e+03
6.776764869371872919e+02 1.227326848249027307e+03
6.768424004486820422e+02 1.226972518227706132e+03
6.764859708193041570e+02 1.227060606060606005e+03
6.762036199095022084e+02 1.227373303167420772e+03
6.758265249020705596e+02 1.227283715724678132e+03
6.755664804469273577e+02 1.227361452513966469e+03
6.753674157303370293e+02 1.227330898876404490e+03
6.753800675675676075e+02 1.227336148648648759e+03
6.754753639417692739e+02 1.227377379619260864e+03
6.748468819599108883e+02 1.227398663697104666e+03
6.740390934844192543e+02 1.227614164305949089e+03
6.734560224089635767e+02 1.227456022408963690e+03
6.728466292134831974e+02 1.227740449438202177e+03
6.725755555555555247e+02 1.227662777777777819e+03
6.725564245810055581e+02 1.227710055865921731e+03
6.725405254332029017e+02 1.227730016769144868e+03
6.721815642458100228e+02 1.228134078212290433e+03
6.716625835189310010e+02 1.228263919821826221e+03
6.713725599553820302e+02 1.228468488566648148e+03
6.707096952908586900e+02 1.228633795013850431e+03
6.702408759124087965e+02 1.229097697922515408e+03
6.701463276836158229e+02 1.228816384180790919e+03
6.702637862421830732e+02 1.229127345082433294e+03
6.702979201798763143e+02 1.228984822934232625e+03
6.697393469839513500e+02 1.228688433868290076e+03
6.692743461324429290e+02 1.228697829716193610e+03
6.686997755331088911e+02 1.229033108866442262e+03
6.680141402714932610e+02 1.229354638009049722e+03
6.673174692049271925e+02 1.229631019036954058e+03
6.666998880179171465e+02 1.229986562150055988e+03
6.657558922558922632e+02 1.230089225589225634e+03
6.652525423728814076e+02 1.229718644067796504e+03
6.650050904977375694e+02 1.229693438914027183e+03
6.647765300393037933e+02 1.229783829309376642e+03
6.644292929292929557e+02 1.230263748597081985e+03
6.632658797077009467e+02 1.230191118605958309e+03
6.605201567749160176e+02 1.230204927211646236e+03
6.554748883928571104e+02 1.230379464285714221e+03
