6.544503386004514596e+02 1.230983069977426567e+03
6.538874580067189299e+02 1.231114221724523986e+03
6.525741360089185719e+02 1.231224637681159493e+03
6.513886438809261108e+02 1.230500000000000000e+03
6.504880754298391139e+02 1.230546866333887920e+03
6.506524153248195717e+02 1.230694614103275853e+03
6.513706606942888584e+02 1.230811310190369568e+03
6.531345720720720465e+02 1.230900900900900979e+03
6.542154195011337379e+02 1.231024943310657591e+03
6.536981450252951618e+02 1.230988757729061263e+03
6.524791901012373501e+02 1.231025871766029240e+03
6.520239420935412227e+02 1.231250000000000000e+03
6.522565532626882714e+02 1.231071946458449474e+03
6.525164896590273429e+02 1.231029625489099999e+03
6.525841694537347166e+02 1.231054626532887369e+03
6.530134907251265304e+02 1.230756604834176414e+03
6.544587257617728255e+02 1.230201662049861397e+03
6.558239239798770086e+02 1.230418669647847992e+03
6.557515286270149772e+02 1.230566981656475718e+03
6.545144766146993334e+02 1.231001113585745998e+03
6.544076539101497474e+02 1.231255130338324989e+03
6.553002801120447884e+02 1.231062184873949491e+03
6.560935574229691838e+02 1.230522689075630296e+03
6.567242152466367315e+02 1.230278587443946208e+03
6.572414373947220838e+02 1.230382930937675383e+03
6.577997762863534490e+02 1.230378076062639821e+03
6.573079049198452140e+02 1.230325594250967470e+03
6.565489647453832731e+02 1.231070509233351913e+03
6.559323644494130576e+02 1.231144214645053125e+03
6.566222098214285552e+02 1.231055245535714221e+03
6.582829021372328953e+02 1.231141732283464535e+03
6.595758928571428896e+02 1.231400111607142890e+03
6.601953698475438159e+02 1.231501976284584998e+03
6.600592550790067889e+02 1.231248306997742702e+03
6.591873589164785017e+02 1.231316591422121974e+03
6.576837078651685715e+02 1.230933707865168572e+03
6.575269294836201652e+02 1.230560799555802305e+03
6.582249718785151344e+02 1.231110236220472416e+03
6.592193329564726128e+02 1.231170717919728759e+03
6.599758698092031182e+02 1.231142536475869747e+03
6.603877202956225574e+02 1.231160318362705993e+03
6.604114318053198076e+02 1.231052065647990958e+03
6.595130919220055148e+02 1.230570473537604357e+03
6.581602240896359035e+02 1.231041456582633145e+03
6.575160932297446834e+02 1.231323529411764639e+03
6.576424174594292253e+02 1.230991046446558585e+03
6.584498327759197309e+02 1.230787068004459343e+03
6.590445321307779523e+02 1.230716459977452132e+03
6.590230207748455769e+02 1.230376193149915707e+03
6.577855936972425752e+02 1.230311198649409107e+03
6.562634228187919234e+02 1.230934004474273024e+03
6.549304008908685546e+02 1.231101336302895334e+03
6.545709515859766725e+02 1.230681135225375556e+03
6.549219620958751875e+02 1.230386845039018908e+03
6.556720580033463648e+02 1.230233686558839963e+03
6.561572150477260266e+02 1.230229084783829421e+03
6.556614785992218231e+02 1.230341856586992662e+03
6.539349411104878982e+02 1.230831744251261853e+03
6.515885619100499753e+02 1.230591893392559768e+03
6.499698996655517931e+02 1.230883500557413527e+03
6.502172200337647610e+02 1.230892515475520440e+03
6.510867375489647202e+02 1.230396754336877393e+03
6.512950169875424535e+02 1.230506228765571905e+03
6.509708683473389783e+02 1.230303641456582682e+03
6.500790205898720160e+02 1.230386755703950939e+03
6.488690607734806690e+02 1.230349171270718216e+03
6.478676227247656243e+02 1.230463872035300710e+03
6.473296582138920030e+02 1.230464718853362683e+03
6.476243093922652179e+02 1.230622651933701718e+03
6.489149054505005552e+02 1.230457174638487231e+03
6.499048152295632690e+02 1.230479843225084096e+03
6.493027777777778056e+02 1.229947777777777674e+03
6.483129175946547775e+02 1.230057906458797333e+03
6.483104212860309872e+02 1.229995565410199561e+03
