6.517230854605993500e+02 1.229711986681465078e+03
6.516094870380584325e+02 1.229839492553778200e+03
6.507869396790259771e+02 1.229823464305478637e+03
6.503912087912087827e+02 1.229382417582417474e+03
6.505226269315672880e+02 1.229256622516556263e+03
6.506485285952248887e+02 1.229272071071626897e+03
6.505632630410655111e+02 1.229362930077691544e+03
6.502887052341598064e+02 1.229336088154269873e+03
6.506338888888889187e+02 1.229337777777777774e+03
6.503983516483516496e+02 1.229276373626373697e+03
6.496845898004434048e+02 1.229730044345898023e+03
6.499367369589344889e+02 1.229684239733629283e+03
6.507362576346474725e+02 1.229733481399222683e+03
6.510027824151363802e+02 1.229597106288258146e+03
6.507448810182622765e+02 1.229572772551189928e+03
6.509988901220865500e+02 1.229675915649278522e+03
6.516588759042849688e+02 1.229318308291597077e+03
6.516250000000000000e+02 1.229463333333333367e+03
6.516919247787610630e+02 1.229301438053097399e+03
6.526214128035320527e+02 1.229410044150110480e+03
6.532687637969095249e+02 1.229317328918322346e+03
6.527357970215113028e+02 1.229424158852730216e+03
6.527411894273127473e+02 1.229392070484581609e+03
6.537301939058171456e+02 1.229263157894736878e+03
6.539872364039955528e+02 1.229267480577136439e+03
6.545088888888889187e+02 1.229251666666666779e+03
6.550822607722440125e+02 1.229254057078903088e+03
6.557047461368653103e+02 1.229232339955849966e+03
6.561589255735869983e+02 1.229312814773363243e+03
6.563734739178689779e+02 1.229365704772475056e+03
6.567650969529086069e+02 1.229215512465373877e+03
6.568535634743875562e+02 1.229056236080178223e+03
6.568632049134561157e+02 1.229012283640424357e+03
6.567872222222222263e+02 1.228750555555555593e+03
6.568841059602649466e+02 1.228384657836644692e+03
6.570391717963066185e+02 1.228464465584778964e+03
6.580758928571428896e+02 1.228429687500000000e+03
6.581477146042363984e+02 1.228481605351170629e+03
6.581277189068599682e+02 1.228872838817624142e+03
6.581921348314606348e+02 1.228989887640449524e+03
6.586406950672645735e+02 1.229011771300448345e+03
6.586254847645429891e+02 1.228500277008310150e+03
6.584647964796479300e+02 1.228202970297029651e+03
6.586399999999999864e+02 1.228252222222222144e+03
6.586896168795113908e+02 1.227820099944475260e+03
6.582777161862527464e+02 1.228058203991130767e+03
6.578134657836644692e+02 1.227989514348785860e+03
6.575340285400658331e+02 1.228003841931942816e+03
6.570654464780920989e+02 1.228257903494176389e+03
6.567703296703297156e+02 1.228325274725274767e+03
6.564546952224052347e+02 1.228279516749038976e+03
6.564163466812946126e+02 1.228377948436643010e+03
6.565426356589147190e+02 1.228301218161683209e+03
6.563631868131867577e+02 1.228241208791208692e+03
6.563075233388248080e+02 1.228002196595277383e+03
6.555959651035987008e+02 1.227927480916030618e+03
6.548362734288864431e+02 1.227797133406835655e+03
6.544967248908296824e+02 1.227886462882096112e+03
6.544904528096017202e+02 1.228057828696126535e+03
6.544103695532267011e+02 1.228305019305019414e+03
6.540797783933518303e+02 1.228418282548476554e+03
6.539922865013774071e+02 1.228393388429752122e+03
6.536735135135135124e+02 1.228312432432432388e+03
6.527229437229436826e+02 1.228373376623376544e+03
6.524956427015250711e+02 1.228244008714596930e+03
6.526301742919389426e+02 1.228245642701524957e+03
6.528106607440311109e+02 1.227989450305385844e+03
6.524618809126321821e+02 1.228290484140233730e+03
6.526756604834176869e+02 1.228330522765598744e+03
6.530592885375493779e+02 1.228452286843591082e+03
6.525101258894362672e+02 1.228907498631636599e+03
6.522455947136563736e+02 1.229198788546255400e+03
6.538483080513418599e+02 1.228562427071178490e+03
