6.562251995438996346e+02 1.236517673888255331e+03
6.561851015801354379e+02 1.235565462753950442e+03
6.554983031674207723e+02 1.234394796380090611e+03
6.542526912181302805e+02 1.232825495750708114e+03
6.531166477916194708e+02 1.231180067950169814e+03
6.522471655328797624e+02 1.229582199546485299e+03
6.513792526491912440e+02 1.227544896820970507e+03
6.507127659574467771e+02 1.226151735722284457e+03
6.506536502546689462e+02 1.224947368421052715e+03
6.506864406779660612e+02 1.224154237288135619e+03
6.505845030881527009e+02 1.223229646266142709e+03
6.504378137200222909e+02 1.223092582264361454e+03
6.510471590909090764e+02 1.223950000000000045e+03
6.524509582863585138e+02 1.225027621195039501e+03
6.544944008958566428e+02 1.226231802911534260e+03
6.571138952164009197e+02 1.228283029612756309e+03
6.593095781071835972e+02 1.229676168757126561e+03
6.608339965889709902e+02 1.231460488914155803e+03
6.625928041119360614e+02 1.233374643061107918e+03
6.642604704532415099e+02 1.235155479059093523e+03
6.654616704805491736e+02 1.236291762013730022e+03
6.672079772079772511e+02 1.236805698005698105e+03
6.684672036823935741e+02 1.237239355581127711e+03
6.687962435970404158e+02 1.236869095048377858e+03
6.686904218928164028e+02 1.236011972633979440e+03
6.682385008517887854e+02 1.234938671209539962e+03
6.668614595210946163e+02 1.233957810718358132e+03
6.650220463538722697e+02 1.231997738835500286e+03
6.635282280603689742e+02 1.230185019564002232e+03
6.627212290502793621e+02 1.228342458100558588e+03
6.621098591549296088e+02 1.226328450704225361e+03
6.615193494111048267e+02 1.224726303982052741e+03
6.605730400451212745e+02 1.223214326001128029e+03
6.592498583569405355e+02 1.222455524079320185e+03
6.586134593993325552e+02 1.222282536151279146e+03
6.583834459459459367e+02 1.222864301801801730e+03
6.590345217883418627e+02 1.223097906055461181e+03
6.600231376975169724e+02 1.224146162528216792e+03
6.613086907449210230e+02 1.225135440180587011e+03
6.630242800677583546e+02 1.227272162619988649e+03
6.645659001682557800e+02 1.229348850252383727e+03
6.658404074702885964e+02 1.231389926428975741e+03
6.672289293849657952e+02 1.233376993166287093e+03
6.677007963594994635e+02 1.235170079635949833e+03
6.683108185460789628e+02 1.236107040641099047e+03
6.693350485991995811e+02 1.236807318467695723e+03
6.708360842344906132e+02 1.237075697211155330e+03
6.717641996557658786e+02 1.237195065978198500e+03
6.722583046964490450e+02 1.236298969072164937e+03
6.719491525423728717e+02 1.235390395480226061e+03
6.711882086167800026e+02 1.234153628117913740e+03
6.694940239043825159e+02 1.232765509391007299e+03
6.672129105322762825e+02 1.230885617214043123e+03
6.654525837592277639e+02 1.229283361726291787e+03
6.635622535211267632e+02 1.227100281690140946e+03
6.622962125494630072e+02 1.225565291124929445e+03
6.617550561797752380e+02 1.224171910112359456e+03
6.609065315315315274e+02 1.223225225225225131e+03
6.595882022471910204e+02 1.223127528089887619e+03
6.579762174405435644e+02 1.223135334088335185e+03
6.569205186020293468e+02 1.223934611048478018e+03
6.570688863375430628e+02 1.225510907003444345e+03
6.582749433106575907e+02 1.226535147392290355e+03
6.601747463359639596e+02 1.227713077790304396e+03
6.620080091533180848e+02 1.229503432494279195e+03
6.631567505720823874e+02 1.231132723112128133e+03
6.642759015455065992e+02 1.232915855752718926e+03
6.655204545454545269e+02 1.234551704545454641e+03
6.668731679819616147e+02 1.235953776775648294e+03
6.681725714285714730e+02 1.237016571428571524e+03
6.695240520656479930e+02 1.237620826259196292e+03
6.703371298405467087e+02 1.237558086560364472e+03
6.699020939445388194e+02 1.236935483870967801e+03
6.684761634506243126e+02 1.236234392735527763e+03
6.671492027334851400e+02 1.235042710706150274e+03
6.649852691218130758e+02 1.233286118980169931e+03
6.629260304912478432e+02 1.231425748164878542e+03
6.614926966292134694e+02 1.229671348314606803e+03
6.599869466515323211e+02 1.227455164585697958e+03
6.581044860874503684e+02 1.226139125496876886e+03
6.562827938671209722e+02 1.225057353776263426e+03
6.544795747062115652e+02 1.223972579742585367e+03
6.528916619398752346e+02 1.223996596710153199e+03
6.523561797752809071e+02 1.223692134831460635e+03
6.525198656966983890e+02 1.224318410744264156e+03
6.528898927159797267e+02 1.225360813099943471e+03
6.534713483146067574e+02 1.226820224719101134e+03
6.546868629671573672e+02 1.228578708946772394e+03
6.563528742174160016e+02 1.230261240751280639e+03
6.575715902659875383e+02 1.232238822863610721e+03
6.586395939086294220e+02 1.234027636773829727e+03
6.593392347230154655e+02 1.235600228440890987e+03
6.601264172335601188e+02 1.236912698412698319e+03
6.610130756111426535e+02 1.237201250710631030e+03
6.617488662131519277e+02 1.237539682539682644e+03
6.622741290691034237e+02 1.237719588806396359e+03
6.622815699658702897e+02 1.237001137656427773e+03
6.614932356257046422e+02 1.235976324689966077e+03
6.600804532577903956e+02 1.234783002832861257e+03
6.575937500000000000e+02 1.233192613636363603e+03
6.546146478873239403e+02 1.231331830985915531e+03
6.522613378684807230e+02 1.229891156462585059e+03
6.500221969265793405e+02 1.227950483779168962e+03
6.486426174496643853e+02 1.225807046979865845e+03
6.476868008948546276e+02 1.224244407158836793e+03
6.462390078917700293e+02 1.223217587373168044e+03
6.440622524052065501e+02 1.222872665534804810e+03
6.420613048368953741e+02 1.221131608548931354e+03
6.409201563372417922e+02 1.221092127303182679e+03
6.409598189020939571e+02 1.224592529711375164e+03
6.415264341957255283e+02 1.225772215973003313e+03
6.429548787366046554e+02 1.227944726452340774e+03
6.447117318435754214e+02 1.229318994413407836e+03
6.458054298642533695e+02 1.231161199095022539e+03
6.468353863381859128e+02 1.232603583426651767e+03
6.479384528514963222e+02 1.234138339920948511e+03
6.486906515580736823e+02 1.235117847025495848e+03
6.498322910744741421e+02 1.236044911881750977e+03
6.511770715096481581e+02 1.236315550510783169e+03
6.522321225879682061e+02 1.236461407491486852e+03
6.528711864406780023e+02 1.236184180790960454e+03
6.531409168081494272e+02 1.235445953593661670e+03
6.523292065278559448e+02 1.234220033764772097e+03
6.511477079796264889e+02 1.232791737408036170e+03
6.496601012943162914e+02 1.231262239729881912e+03
6.483141097424412465e+02 1.229530795072788351e+03
6.465089285714285552e+02 1.227526227678571331e+03
6.445245810055865832e+02 1.225661452513966424e+03
6.427000562746201240e+02 1.224655036578503086e+03
6.408364042434394605e+02 1.223696817420435536e+03
6.392924107142856656e+02 1.223056361607142890e+03
6.384354838709676869e+02 1.221360956618465025e+03
6.387752808988764173e+02 1.224132022471910204e+03
6.393977464788732732e+02 1.225196056338028257e+03
6.404063205417606923e+02 1.226427765237020367e+03
6.420388349514563515e+02 1.228115362649914232e+03
6.443401943967982106e+02 1.230110920526014979e+03
6.461821266968325972e+02 1.231780542986425417e+03
6.477972896668549083e+02 1.233659514398644887e+03
6.493874285714285861e+02 1.235377142857142871e+03
6.507862811791383137e+02 1.236163265306122412e+03
6.523537492844876624e+02 1.237090440755581085e+03
6.537495731360272657e+02 1.237228229937393280e+03
6.545054566341183317e+02 1.237040206777714047e+03
6.549943149516770973e+02 1.236059693007390479e+03
6.551276353276352893e+02 1.235201709401709422e+03
6.545627853881278497e+02 1.234191780821917746e+03
6.532390188248716640e+02 1.232252139189959962e+03
6.510311791383220452e+02 1.230554988662131564e+03
6.492716400911161827e+02 1.229085990888382639e+03
6.477587176602925183e+02 1.227397075365579212e+03
6.465185185185184764e+02 1.225618406285072979e+03
6.451694050991501399e+02 1.224322946175637298e+03
6.432516968325792277e+02 1.223328619909502322e+03
6.410218487394957947e+02 1.223038655462184806e+03
6.394691011235954647e+02 1.223038202247191066e+03
6.386415410385259293e+02 1.223331658291457188e+03
6.387252931323282610e+02 1.224449469570072552e+03
6.398507042253521604e+02 1.225855211267605682e+03
6.418011204481792902e+02 1.227543417366946869e+03
6.443773265651437896e+02 1.229404399323180996e+03
6.468079096045197502e+02 1.231307344632768263e+03
6.492582106455265603e+02 1.232787655719139366e+03
6.512164772727272748e+02 1.234321590909090901e+03
6.524757834757834871e+02 1.235341310541310577e+03
6.539659671015315325e+02 1.236066364152013648e+03
6.560011396011395846e+02 1.236565242165242125e+03
6.577227609811751563e+02 1.236670279520821396e+03
6.593358123569794316e+02 1.236115560640732156e+03
6.603152484294688520e+02 1.235165619645916649e+03
6.606009148084619937e+02 1.234133218982275594e+03
6.603621375781693814e+02 1.232294485503126680e+03
6.595876056338028093e+02 1.230357746478873196e+03
6.584994337485843516e+02 1.229005096262740608e+03
6.572471395881007084e+02 1.227239702517162414e+03
6.559578651685393424e+02 1.225297752808988662e+03
6.551625141562853969e+02 1.223996036240090689e+03
6.542543810062181819e+02 1.222982475975127272e+03
6.536672278338944579e+02 1.222686307519640877e+03
6.530067720090293051e+02 1.222383182844243720e+03
6.525348577802565160e+02 1.222911879531511431e+03
6.528075196408530019e+02 1.224420875420875518e+03
6.539443826473859644e+02 1.225530033370411502e+03
6.560400451212633470e+02 1.227328821206993780e+03
6.584237960339943356e+02 1.229441926345609090e+03
6.601875354107648946e+02 1.230892351274787643e+03
6.619627959413754752e+02 1.232970687711386745e+03
6.638866328257191753e+02 1.234799210377890631e+03
6.657266514806377700e+02 1.236251708428246047e+03
6.677153367289190555e+02 1.237044142614601014e+03
6.699738636363636033e+02 1.237186363636363694e+03
6.713041997729852710e+02 1.237068671963677616e+03
6.720175836642087006e+02 1.236440158820192892e+03
6.722982255294790548e+02 1.235037206639954320e+03
6.717310108509423117e+02 1.233621359223300942e+03
6.704925458715596278e+02 1.232098050458715534e+03
6.684390519187359132e+02 1.229942437923250509e+03
6.671022857142856992e+02 1.228490857142857067e+03
6.661254295532645529e+02 1.226927835051546481e+03
6.648638176638177129e+02 1.225137891737891778e+03
6.636929133858267278e+02 1.223754218222722102e+03
6.598964165733482332e+02 1.222412094064949542e+03
