6.738939307997731021e+02 1.229216676120249531e+03
6.750696744717304227e+02 1.229070816676185132e+03
6.750785876993165857e+02 1.229236902050113940e+03
6.745321408608160709e+02 1.229117384013415403e+03
6.743352144469525911e+02 1.229463318284424304e+03
6.742267343485617630e+02 1.229429780033840871e+03
6.732505656108597805e+02 1.229429864253393589e+03
6.723636363636363740e+02 1.229600568181818289e+03
6.712036097010716276e+02 1.229426395939086206e+03
6.696419336706014747e+02 1.229337830241708843e+03
6.674098639455781949e+02 1.229334467120181444e+03
6.644084507042254018e+02 1.229240000000000009e+03
6.614726452340665901e+02 1.229258883248730854e+03
6.591194790486975990e+02 1.228997168742921758e+03
6.568337078651685488e+02 1.229219101123595465e+03
6.542390326209223304e+02 1.228925759280090006e+03
6.512265317594153657e+02 1.229273187183811160e+03
6.475598885793872341e+02 1.229298607242339813e+03
6.447031684269038578e+02 1.229349638688159985e+03
6.431305075292805213e+02 1.229397657557166667e+03
6.419717451523545151e+02 1.229440443213296476e+03
6.407962451684152256e+02 1.229228602981778067e+03
6.395052573325954199e+02 1.228908688433868292e+03
6.386683277962347347e+02 1.229163344407530531e+03
6.376093663911846079e+02 1.229117355371900885e+03
6.368411214953271156e+02 1.229274876305662474e+03
6.382080796900941095e+02 1.229229109020476017e+03
6.398646408839779269e+02 1.229454696132596609e+03
6.414676258992806197e+02 1.229489208633093540e+03
6.427145232815964846e+02 1.229482261640798242e+03
6.441279910962715576e+02 1.229490261547022783e+03
6.461477146042363984e+02 1.229695094760312259e+03
6.488148354712772061e+02 1.229551031790295610e+03
6.512406476828587074e+02 1.229537688442210992e+03
6.545867261572783491e+02 1.229572783045175584e+03
6.578757729061270538e+02 1.229376053962900414e+03
6.605691876750699976e+02 1.229676190476190413e+03
6.632183455261676954e+02 1.229670793472144169e+03
6.657005617977528118e+02 1.230265730337078594e+03
6.674312184166199131e+02 1.230031443009545228e+03
6.691016467915957264e+02 1.230141964792731414e+03
6.712497162315549986e+02 1.229809307604994274e+03
6.730623569794050809e+02 1.229332951945080140e+03
6.738275862068965125e+02 1.229472583380440938e+03
6.735104697226938697e+02 1.229604980192416633e+03
6.732240406320541979e+02 1.229751693002257298e+03
6.733011911514463463e+02 1.229797504254112255e+03
6.734528514963297994e+02 1.229758328627893889e+03
6.729232938522278573e+02 1.229791878172588895e+03
6.719875635952515722e+02 1.229859807801017496e+03
6.685825352112675546e+02 1.229215211267605582e+03
