6.587359426681366585e+02 1.228345644983461852e+03
6.547343663530714366e+02 1.228460985058107326e+03
6.503136818687430605e+02 1.228688542825361537e+03
6.465204872646733065e+02 1.229017165005537208e+03
6.436160616061606561e+02 1.229915291529152910e+03
6.432579234972677114e+02 1.230328415300546339e+03
6.452237061769616275e+02 1.230454646633277662e+03
6.491619955156950255e+02 1.230241031390134594e+03
6.521771300448430111e+02 1.229614910313901419e+03
6.545911845730028062e+02 1.229246831955922971e+03
6.588425460636516391e+02 1.229016750418760466e+03
6.624586381541924993e+02 1.228977490151941538e+03
6.640603015075377016e+02 1.229098827470686729e+03
6.651177130044843580e+02 1.229803811659192888e+03
6.645171840354767028e+02 1.230046563192904614e+03
6.618069883527454067e+02 1.230510260676649978e+03
6.535975609756097811e+02 1.231226164079822638e+03
6.519046831955922698e+02 1.231125068870523364e+03
6.508347873500545120e+02 1.230544711014176755e+03
6.516688668866886474e+02 1.230360286028602786e+03
6.541076581576027138e+02 1.229845172031076572e+03
6.568971078976641138e+02 1.229184093437152342e+03
6.585883333333333667e+02 1.228934999999999945e+03
6.596049586776859996e+02 1.228673829201101853e+03
6.604550997782705508e+02 1.228490022172949011e+03
6.609955030916245278e+02 1.227806070826306950e+03
6.604479865771811546e+02 1.228161633109619743e+03
6.566796657381615887e+02 1.227943175487465169e+03
6.515660903513663698e+02 1.228286112660345680e+03
6.467901369863013770e+02 1.228688767123287562e+03
6.435877573131094778e+02 1.229496208017334766e+03
6.454551951621770058e+02 1.229582188015393058e+03
