6.586637217007178151e+02 1.228214798453892854e+03
6.585049559471365228e+02 1.228428964757709309e+03
6.576193619361936271e+02 1.228290979097909712e+03
6.567607260726072127e+02 1.228242024202420225e+03
6.558946212952798760e+02 1.227962129527991237e+03
6.555978021978022525e+02 1.227935164835164869e+03
6.547113176599234521e+02 1.228115910333515558e+03
6.546974835886214805e+02 1.228207330415754996e+03
6.554646799116998181e+02 1.228257174392935895e+03
6.565942668136714246e+02 1.228661521499448781e+03
6.569599777654252648e+02 1.228772095608671407e+03
6.557819879187260312e+02 1.228484349258648990e+03
6.542685745734727334e+02 1.228260319207484827e+03
6.540153508771929864e+02 1.228324013157894797e+03
6.552424749163880051e+02 1.228330546265328849e+03
6.574389013452914696e+02 1.228192264573990997e+03
6.579047356828193642e+02 1.228216409691629906e+03
6.571527854384996772e+02 1.228293987865416511e+03
6.555918933925596548e+02 1.228803997779011752e+03
6.553073951434878381e+02 1.228319536423841100e+03
6.558569856985698152e+02 1.228211221122112192e+03
6.566209944751381045e+02 1.228442541436464126e+03
6.565002748763056388e+02 1.228467839472237529e+03
6.557326350606394954e+02 1.228680264608599828e+03
6.544835526315789593e+02 1.228456140350877149e+03
