6.574991662034464071e+02 1.229529738743746520e+03
6.592424749163880051e+02 1.229282051282051270e+03
6.607859922178988654e+02 1.229235686492495915e+03
6.613159371492704395e+02 1.229200897867564436e+03
6.611492453884851557e+02 1.229277808831749553e+03
6.608740331491712823e+02 1.229467403314917192e+03
6.606472222222222399e+02 1.229852222222222281e+03
6.605767955801104563e+02 1.230146408839779042e+03
6.606307352128247885e+02 1.230205085682697700e+03
6.607531750414135558e+02 1.230246824958586330e+03
6.610409652076318707e+02 1.230313131313131407e+03
6.617741935483870748e+02 1.230085094549499445e+03
6.618133997785161000e+02 1.229780177187153868e+03
6.609977691020635575e+02 1.230166759620747371e+03
6.599416342412450831e+02 1.230176209005002875e+03
6.586526548672566150e+02 1.229798119469026460e+03
6.571594609769791759e+02 1.230151600224592812e+03
6.562290033594624674e+02 1.229960806270996727e+03
6.559393433500277979e+02 1.229835837506956068e+03
6.555906077348066674e+02 1.229877900552486153e+03
6.556092971776424747e+02 1.229784726065301584e+03
6.551795872838818013e+02 1.229888455103179012e+03
6.524026622296172491e+02 1.229505823627287782e+03
6.513844444444443980e+02 1.229549444444444362e+03
6.501471571906354256e+02 1.230124860646599700e+03
6.494144444444444844e+02 1.230282777777777710e+03
6.495133779264214127e+02 1.230275362318840507e+03
6.496373259052925278e+02 1.230023955431754985e+03
6.498992204899777789e+02 1.229909799554565780e+03
6.505965593784683278e+02 1.229628190899001083e+03
6.513441340782122779e+02 1.230204469273742916e+03
6.522608695652173765e+02 1.230344481605351120e+03
6.527885998893193573e+02 1.230361925843940298e+03
6.524843320505772226e+02 1.230301264431006075e+03
6.531340033500837308e+02 1.230334450027917455e+03
6.547934115019542105e+02 1.230217755443886062e+03
6.567161254199328368e+02 1.230254759238521729e+03
6.585573587017347563e+02 1.229758813654168989e+03
6.601477336317850586e+02 1.229330721880246301e+03
6.609670575097710525e+02 1.229294249022892245e+03
6.607351800554016563e+02 1.229285872576177326e+03
6.605539647577091955e+02 1.229365638766519851e+03
6.603992204899777789e+02 1.230012249443207111e+03
6.602374301675977222e+02 1.230339106145251435e+03
