6.310342696629213606e+02 1.236433707865168572e+03
6.298248461108001948e+02 1.237954113038612149e+03
6.293606741573033787e+02 1.239103370786516962e+03
6.293986332574031621e+02 1.240410592255125266e+03
6.298723041997729979e+02 1.241234392735527763e+03
6.306659205372131964e+02 1.241133184107442730e+03
6.317829282080271014e+02 1.241328434143583991e+03
6.336578503095104224e+02 1.241063590320765343e+03
6.365661133371494316e+02 1.240988551803091013e+03
6.397241972477064564e+02 1.240833142201834789e+03
6.435867816091954410e+02 1.240289655172413859e+03
6.468938002296210925e+02 1.239164753157290534e+03
6.493838209982787930e+02 1.238142857142857110e+03
6.522227324913892517e+02 1.237013777267508658e+03
6.548604651162791015e+02 1.235134429948950583e+03
6.572490051165434579e+02 1.233861284820920901e+03
6.598131682611142423e+02 1.231979741136747407e+03
6.625931344963421452e+02 1.230525042205965065e+03
6.650787221905304705e+02 1.228909868796349201e+03
6.674895539243365192e+02 1.227134952004517118e+03
6.692695800227014615e+02 1.225339387060158970e+03
6.706105144149237276e+02 1.224122668174109776e+03
6.716394825646793834e+02 1.222624859392575900e+03
6.722571912013536348e+02 1.221316976875352566e+03
6.720812780269058067e+02 1.220449551569506639e+03
6.706446927374302049e+02 1.219501675977653576e+03
6.683203828828828819e+02 1.219225788288288186e+03
6.656362107623318707e+02 1.218916479820627728e+03
6.625472859541130219e+02 1.218771124790151134e+03
6.592342442833240739e+02 1.218978806469604024e+03
6.562669278119753926e+02 1.219301063234471258e+03
6.531797440178074794e+02 1.219959376739009485e+03
6.508508287292817158e+02 1.221137569060773558e+03
6.491567205800334932e+02 1.222413831567205762e+03
6.469753501400559799e+02 1.224021288515406241e+03
6.449591950810508934e+02 1.225667970933482366e+03
6.434777142857143417e+02 1.227616571428571433e+03
6.420922636103151717e+02 1.229002865329512815e+03
6.408153153153152743e+02 1.230851914414414523e+03
6.391928123217342090e+02 1.232228180262407250e+03
6.373100907029478321e+02 1.233589569160997826e+03
6.353240793201133556e+02 1.235615864022662890e+03
6.343192804946598926e+02 1.236354693648116836e+03
6.340411731528482733e+02 1.238131979695431482e+03
6.348113314447591620e+02 1.238866288951841398e+03
6.359784883720930111e+02 1.240557558139534876e+03
6.377936781609195123e+02 1.240758620689655118e+03
6.399011428571428723e+02 1.240532571428571373e+03
6.422073732718894234e+02 1.240388824884792712e+03
6.450918727915194495e+02 1.240589517078916288e+03
6.491572002294893764e+02 1.239153757888697555e+03
6.528068767908309837e+02 1.238512893982808009e+03
6.564144661308840796e+02 1.237654420206659097e+03
6.592328375286041364e+02 1.237064073226544679e+03
6.611426086956521431e+02 1.236545507246376701e+03
6.633325608342989881e+02 1.235420625724217871e+03
6.656138049058756678e+02 1.233603536794067395e+03
6.681958525345621638e+02 1.232388248847926207e+03
6.713462204270051643e+02 1.230832083092902394e+03
6.738898401826484132e+02 1.228765410958904113e+03
6.756340206185567467e+02 1.227441580756013764e+03
6.775616207090602074e+02 1.224921215531795269e+03
6.787441860465115724e+02 1.223360748723766392e+03
6.793995485327313872e+02 1.222297968397291243e+03
6.794705215419501201e+02 1.221238095238095184e+03
6.795531552018192087e+02 1.220511085844229683e+03
6.793622361665716198e+02 1.219940673131774020e+03
6.779017603634298439e+02 1.219625212947189084e+03
6.755383314543404367e+02 1.219260428410372015e+03
6.723783173348390392e+02 1.219281197063805848e+03
6.689019718309858717e+02 1.220016901408450622e+03
6.660726662940189726e+02 1.220190609278926786e+03
6.635730274202574037e+02 1.220676552881925090e+03
6.608448753462604373e+02 1.221592243767312993e+03
6.582969457013574583e+02 1.223442307692307622e+03
6.558600111544897118e+02 1.224148912437256058e+03
6.533269447576099083e+02 1.226238444193912073e+03
6.507664772727272293e+02 1.228114772727272793e+03
6.485224559408754885e+02 1.229763501989766837e+03
6.469022857142857674e+02 1.231741142857142904e+03
6.456231386025200436e+02 1.233969644902634627e+03
6.441819757365684609e+02 1.235304448295782777e+03
6.424909194097616592e+02 1.236370034052213441e+03
6.412590257879655837e+02 1.238373065902578901e+03
6.411080928126768868e+02 1.238770232031692103e+03
6.416488332384747082e+02 1.240465566306203755e+03
6.431845272206303434e+02 1.240817191977077300e+03
6.453799772468714764e+02 1.241547212741751991e+03
6.479536878216123341e+02 1.241752429959977235e+03
6.508219257540603166e+02 1.242440835266821296e+03
6.536237738026543411e+02 1.242191575302942965e+03
6.567123287671232674e+02 1.241042808219178141e+03
6.593239355581127938e+02 1.239927502876869994e+03
6.614753722794960140e+02 1.238965635738831679e+03
6.644039999999999964e+02 1.237418285714285730e+03
6.661312607944731781e+02 1.236399539435808947e+03
6.673503401360544558e+02 1.235134353741496625e+03
6.691048752834467450e+02 1.233503401360544331e+03
6.712551252847380283e+02 1.232025056947608164e+03
6.732755102040816837e+02 1.230142290249433017e+03
6.757065462753949987e+02 1.228702031602708757e+03
6.782701934015926781e+02 1.226810011376564262e+03
6.797345890410958873e+02 1.225297945205479436e+03
6.816115189158667818e+02 1.223225861095426353e+03
6.830786199095022084e+02 1.221695701357466078e+03
6.836007950028392770e+02 1.220826802952867638e+03
6.835522894290559179e+02 1.220182023742227329e+03
6.828336134453782051e+02 1.219912044817927153e+03
6.808392156862745423e+02 1.219710364145658332e+03
6.778351093662366793e+02 1.220006730229949426e+03
6.744980392156862763e+02 1.220409523809523762e+03
6.709440402909905288e+02 1.220689423614997168e+03
6.669363274587833530e+02 1.221654349061966968e+03
6.636630558722919204e+02 1.222388825541619099e+03
6.614634009009008651e+02 1.222894707207207148e+03
6.585983002832861075e+02 1.224057223796033895e+03
6.557544543429844452e+02 1.224898663697104666e+03
6.532344363432417822e+02 1.226732473359506457e+03
6.504717194570135916e+02 1.228233031674208178e+03
6.482854739203589816e+02 1.229876051598429513e+03
6.462666666666666515e+02 1.231395518207282976e+03
6.443712676056337614e+02 1.233689014084507107e+03
6.417407195888064280e+02 1.237260422615648167e+03
6.406308915388983678e+02 1.238136286201022131e+03
6.401820224719101589e+02 1.239340449438202313e+03
6.403920000000000528e+02 1.240390857142857158e+03
6.416442199775533481e+02 1.240855218855218936e+03
6.437588532883642074e+02 1.241200674536256429e+03
6.459372862029646285e+02 1.241889395667046756e+03
6.487870528109028783e+02 1.242342986939239154e+03
6.517758128921848311e+02 1.241993154592127894e+03
6.542163543441226921e+02 1.241314593980692734e+03
6.569880478087649180e+02 1.240672737620944872e+03
6.593002865329513043e+02 1.239281948424068787e+03
6.614479585968947504e+02 1.238464059804485260e+03
6.641240666283745213e+02 1.236869615163699109e+03
6.662796757382744772e+02 1.235454545454545496e+03
6.681873215305539588e+02 1.233454026270702343e+03
6.699457933370977116e+02 1.231353472614342081e+03
6.710017271157167897e+02 1.230204951065054729e+03
6.728131054131054043e+02 1.228682051282051361e+03
6.748105802047781481e+02 1.226803185437997627e+03
6.764937712344280953e+02 1.224976217440543678e+03
6.774453302961275085e+02 1.223613325740318942e+03
6.775707788516202754e+02 1.221765207504263799e+03
6.769712999437253984e+02 1.220634777715250493e+03
6.758029279279279535e+02 1.219299549549549511e+03
6.737086206896551630e+02 1.219071264367816184e+03
6.709227298364354510e+02 1.218576988155668460e+03
6.680317902955939644e+02 1.218927495817066301e+03
6.647528216704289434e+02 1.219566591422121974e+03
6.612098138747884377e+02 1.220336153412295516e+03
6.577445008460236977e+02 1.220809362662154626e+03
6.542118644067796822e+02 1.221550847457627015e+03
6.509342030629608189e+02 1.222737946681792437e+03
6.484559909142532206e+02 1.223869960249857968e+03
6.462384960718294451e+02 1.225035914702581294e+03
6.435696489241223617e+02 1.226618346545866416e+03
6.413679138321995197e+02 1.228324829931972772e+03
6.388923163208075948e+02 1.229355580482333153e+03
6.359381033503691469e+02 1.231379329926178343e+03
6.337043378995433613e+02 1.233607876712328789e+03
6.314709203839638576e+02 1.234607001693958182e+03
6.295527354765933978e+02 1.236160744500846022e+03
6.284764309764309473e+02 1.237228956228956122e+03
6.278719101123595010e+02 1.238377528089887619e+03
6.278130945719082092e+02 1.239101846670397208e+03
6.287209695603156661e+02 1.239260428410372015e+03
6.306865503657850240e+02 1.239707371975239084e+03
6.337993177942012153e+02 1.239836839113132555e+03
6.368582721626199827e+02 1.239927724449463540e+03
6.402990919409761545e+02 1.240042565266742258e+03
6.436828716789146938e+02 1.239138496325607775e+03
6.463409742120344390e+02 1.238957020057306636e+03
6.492445838084378238e+02 1.237945838084378465e+03
6.518985915492958156e+02 1.236820845070422592e+03
6.541289218482601200e+02 1.235515116942384566e+03
6.564739524348810846e+02 1.233917893544733943e+03
6.586842406876791074e+02 1.232626934097421099e+03
6.606318464144551399e+02 1.230552795031055894e+03
6.624146892655367083e+02 1.229130508474576345e+03
6.640394366197183444e+02 1.227153239436619742e+03
6.649117147707979711e+02 1.225284097340124617e+03
6.658794567062818714e+02 1.223716468590831937e+03
6.666612083568605840e+02 1.222258046301524473e+03
6.670000000000000000e+02 1.221185875706214802e+03
6.663428411633109363e+02 1.219582774049217051e+03
6.648550000000000182e+02 1.218495555555555484e+03
6.632516891891891646e+02 1.218115427927927840e+03
6.608856981981981562e+02 1.218476351351351241e+03
6.582988313856427567e+02 1.218188647746243760e+03
6.559798206278027237e+02 1.218900784753363268e+03
6.537649336283185448e+02 1.219565818584070712e+03
6.511907931225734956e+02 1.220593455352190858e+03
6.485860155382907806e+02 1.221102663706992189e+03
6.457066961815163495e+02 1.222645268400664008e+03
6.428110497237569234e+02 1.224084530386740425e+03
6.410532381997804805e+02 1.225278265642151382e+03
6.395462091864969807e+02 1.227065855008301014e+03
6.378325966850828763e+02 1.229012707182320355e+03
6.360227021040974478e+02 1.230729235880398619e+03
6.336083333333333485e+02 1.232261111111111177e+03
6.312996065205171590e+02 1.233930297920179783e+03
6.296940463065050153e+02 1.235519845644983434e+03
6.285148127445499995e+02 1.237144773616545535e+03
6.277536231884057543e+02 1.238729654403567338e+03
6.279167597765363098e+02 1.240098882681564191e+03
6.286364145658263851e+02 1.240904761904761926e+03
6.295697544642856656e+02 1.241055245535714221e+03
6.307415730337078230e+02 1.241256741573033651e+03
6.328900169204737267e+02 1.241355329949238467e+03
6.361786529680365447e+02 1.241414383561643945e+03
6.393990929705215649e+02 1.241081632653061206e+03
6.429517319704713145e+02 1.240352640545144823e+03
6.464860398860398618e+02 1.239492877492877597e+03
6.489538198403648721e+02 1.238511972633979440e+03
6.515996573386636328e+02 1.237746430611079404e+03
6.545907553551296587e+02 1.235878804960541174e+03
6.570713476783691931e+02 1.234432049830124470e+03
6.594714204867005947e+02 1.232966044142614692e+03
6.623322033898305108e+02 1.231116949152542475e+03
6.646363125351321059e+02 1.229483417650365482e+03
6.667717818999437895e+02 1.227729061270376633e+03
6.686767847105114697e+02 1.225934232715008420e+03
6.702822535211267905e+02 1.224745352112676073e+03
6.715047941342357944e+02 1.223173152848279642e+03
6.723028089887640135e+02 1.221725842696629115e+03
6.723157006190208449e+02 1.220818795723128915e+03
6.713022994952327736e+02 1.219758833426808678e+03
6.687984144960362300e+02 1.219349943374858412e+03
6.665560563380281565e+02 1.219269859154929691e+03
6.634630152456239784e+02 1.219438170525127134e+03
6.599496080627100127e+02 1.219505599104143357e+03
6.569025755879059716e+02 1.220082306830907100e+03
6.540770089285714448e+02 1.220950334821428669e+03
6.514696040156162553e+02 1.221832682654768632e+03
6.493814547473625680e+02 1.223019433647973301e+03
6.469510294936004584e+02 1.224590428491931107e+03
6.448817679558011378e+02 1.226333701657458505e+03
6.434786229872293006e+02 1.228089950027762370e+03
6.423691796008869233e+02 1.229885254988913630e+03
6.410887142055025834e+02 1.232393037619315010e+03
6.398750700280112369e+02 1.233973669467787204e+03
6.364169927333706482e+02 1.236876467300167633e+03
