6.572376731301939117e+02 1.229558448753462699e+03
6.567207256734469638e+02 1.229882352941176578e+03
6.566160567995631254e+02 1.229566903331512776e+03
6.567693574958814224e+02 1.229424492037342134e+03
6.563466157205240279e+02 1.229278930131004472e+03
6.553827567270730015e+02 1.228864909390444836e+03
6.543748633879781664e+02 1.228845901639344220e+03
6.543560065825562333e+02 1.228860120680197497e+03
6.549486187845303675e+02 1.228596132596685038e+03
6.549023178807947261e+02 1.228465231788079564e+03
6.545722924683892643e+02 1.228428257284222127e+03
6.549338194054963651e+02 1.228588895120583175e+03
6.561781899943788403e+02 1.228828555368184425e+03
6.568531353135313111e+02 1.228775027502750163e+03
6.562317073170731874e+02 1.228812638580931207e+03
6.562884721456149464e+02 1.229056811913954789e+03
6.569754366812227317e+02 1.229186135371179034e+03
6.570621253405994366e+02 1.229256675749318902e+03
6.563621444201312443e+02 1.229342997811816304e+03
6.563302351011482187e+02 1.229342810278840943e+03
6.564552980132450557e+02 1.229192604856512162e+03
6.567337770382695226e+02 1.229113699389905605e+03
6.566383213694091410e+02 1.229306460519050233e+03
6.565093304061471144e+02 1.229293633369923100e+03
6.570055493895671361e+02 1.229283573806881350e+03
6.564149171270718170e+02 1.228549171270718261e+03
