6.541690767519465908e+02 1.229038932146829893e+03
6.554598337950138784e+02 1.228645429362880805e+03
6.560138427464008828e+02 1.228217054263565842e+03
6.560467445742905284e+02 1.228161936560934919e+03
6.560278706800445434e+02 1.228157190635451570e+03
6.558420762009939153e+02 1.228227498619547305e+03
6.558913165266106944e+02 1.228799439775910287e+03
6.566012201885746435e+02 1.228689406544647909e+03
6.566792873051224433e+02 1.228618040089086890e+03
6.563129516397998486e+02 1.228409672040022315e+03
6.552350332594235169e+02 1.228273281596452307e+03
6.548154696132596655e+02 1.227837569060773376e+03
6.526397583745194879e+02 1.228341570565623215e+03
6.526365131578946830e+02 1.228379385964912217e+03
6.532798216276477206e+02 1.228638238573021226e+03
6.536868070953436245e+02 1.228830931263858020e+03
6.541678750697155920e+02 1.228858337981037266e+03
6.535323741007193803e+02 1.228923630326507919e+03
6.526726874657908866e+02 1.229195949644225493e+03
6.533044444444444707e+02 1.229258333333333439e+03
6.546601562500000000e+02 1.229659598214285779e+03
6.557814569536424187e+02 1.228706401766004319e+03
6.563434343434342964e+02 1.228824915824915934e+03
6.561476769911504334e+02 1.228590707964601734e+03
6.562328690807798921e+02 1.228734261838440034e+03
