6.544473829201101580e+02 1.229173002754821027e+03
6.537399226946438375e+02 1.229295969077857535e+03
6.527134955752212591e+02 1.229314159292035356e+03
6.524389709906951111e+02 1.229481663929939714e+03
6.524936639118457151e+02 1.229290909090909054e+03
6.520185081323611485e+02 1.229589455973079112e+03
6.517617468214483551e+02 1.229313985627418560e+03
6.520774373259052936e+02 1.229334261838440170e+03
6.522956184137548235e+02 1.229205768164170877e+03
6.514462217319360207e+02 1.229298952013237795e+03
6.507580287929125689e+02 1.229251384274640031e+03
6.512526257600884492e+02 1.229251520176893337e+03
6.519988795518207780e+02 1.229229691876750621e+03
6.517766721945826021e+02 1.229419016030956300e+03
6.513430616740088226e+02 1.229236784140969121e+03
6.517849999999999682e+02 1.229187222222222317e+03
6.525995587424158657e+02 1.229240485383342502e+03
6.526869469026548813e+02 1.229332411504424726e+03
6.527317880794702205e+02 1.229348785871964765e+03
6.534958723170060466e+02 1.229390753990093572e+03
6.542725761772853730e+02 1.229151246537396219e+03
6.542259136212624071e+02 1.229225913621262407e+03
6.542070874861572065e+02 1.229101328903654576e+03
6.547433481152993409e+02 1.229120288248336919e+03
6.548739589117157038e+02 1.229182121043864527e+03
6.555553709856035312e+02 1.229226467331118556e+03
6.561992230854606305e+02 1.229137624861265294e+03
6.563817679558011378e+02 1.229285635359115986e+03
6.566083333333333485e+02 1.229201666666666597e+03
6.575604456824512454e+02 1.229129805013927580e+03
6.584035674470457025e+02 1.229031772575250898e+03
6.584504454342984445e+02 1.229021714922048886e+03
6.585566666666666151e+02 1.228522777777777719e+03
6.584829106945975354e+02 1.228326350606394726e+03
6.582396006655574183e+02 1.228343316694398254e+03
6.583687707641196312e+02 1.228249169435215890e+03
6.595679423183582912e+02 1.228628397115918006e+03
6.598341680578741943e+02 1.228884808013355496e+03
6.596594444444444889e+02 1.228942222222222199e+03
6.595925720620842867e+02 1.229083148558758239e+03
6.597030812324929911e+02 1.228977030812324983e+03
6.596759465478842230e+02 1.228792873051224888e+03
6.594828729281767892e+02 1.228581767955801070e+03
6.594704583103257391e+02 1.228301490889011575e+03
6.597986577181208077e+02 1.228385346756152103e+03
6.598346325167037776e+02 1.228253340757238220e+03
6.592965631929046140e+02 1.227972283813747254e+03
6.588084397556913245e+02 1.228223764575235919e+03
6.583703703703703241e+02 1.228063018242122780e+03
6.579538375973303346e+02 1.228374860956618477e+03
6.580757575757576205e+02 1.228324354657687991e+03
6.579464584495259487e+02 1.228315114333519205e+03
6.574619232907170954e+02 1.228120066703724206e+03
6.576840044742729106e+02 1.228067673378076051e+03
6.578137583892616931e+02 1.227883668903803027e+03
6.575635854341736604e+02 1.227538935574229754e+03
6.563574610244988889e+02 1.227750000000000000e+03
6.553841059602649466e+02 1.227496688741721755e+03
6.553776418242491673e+02 1.227625139043381523e+03
6.551338495575221259e+02 1.227711836283185903e+03
6.544373614190686794e+02 1.227884146341463520e+03
6.541806487695749865e+02 1.228113534675615256e+03
6.543892580287929377e+02 1.228153377630121895e+03
6.537770455793520341e+02 1.228285557386051551e+03
6.529823008849557482e+02 1.228356194690265511e+03
6.530088691796008789e+02 1.228308758314855822e+03
6.533018973214285552e+02 1.228188058035714221e+03
6.532006707657909601e+02 1.228285634432643974e+03
6.531807027328500226e+02 1.228331846068042296e+03
6.539592633928571104e+02 1.228370535714285779e+03
6.539596864501679647e+02 1.228316349384098658e+03
6.531033519553072892e+02 1.228470391061452574e+03
6.526131917272218743e+02 1.228847959754052454e+03
6.542995520716685860e+02 1.229179171332586748e+03
