6.526777899343544505e+02 1.228220459518599455e+03
6.518768472906403986e+02 1.227466338259441727e+03
6.514341889677771178e+02 1.226920262151829547e+03
6.513633387888706920e+02 1.226944353518821572e+03
6.512384069830878843e+02 1.227083469721767642e+03
6.515397260273972506e+02 1.227440000000000055e+03
6.526312017640573231e+02 1.227889195148842418e+03
6.537416162726773337e+02 1.227901044529961609e+03
6.544211391018619679e+02 1.227780394304490756e+03
6.553178294573643825e+02 1.228660575858250240e+03
6.570452766908887270e+02 1.229654555617663391e+03
6.589882418812990181e+02 1.230261478163493848e+03
6.600447177193963171e+02 1.230355505869200670e+03
6.596157253599113801e+02 1.230879844961240224e+03
6.588700440528634772e+02 1.230903634361233571e+03
6.583890109890110125e+02 1.231031318681318680e+03
6.584019769357496443e+02 1.231235035694673343e+03
6.571832971800433825e+02 1.231340021691974016e+03
6.554471101417666432e+02 1.230537622682660867e+03
6.549691558441558072e+02 1.230412337662337677e+03
6.547504087193460691e+02 1.229375476839237081e+03
6.545426695842451181e+02 1.228607221006564487e+03
6.534532531437944272e+02 1.228408419901585603e+03
6.524838356164383413e+02 1.228343013698630102e+03
6.519328235936646934e+02 1.227342435827416693e+03
6.516115342763873741e+02 1.227536996735582079e+03
