6.538516093835243055e+02 1.229471903982542244e+03
6.538450244698206006e+02 1.229541598694942877e+03
6.550552791597567648e+02 1.229425096738529646e+03
6.558264234383636904e+02 1.229044776119402968e+03
6.568323187603763245e+02 1.229032097399003987e+03
6.573653095370887058e+02 1.229050752928053498e+03
6.567045951859955721e+02 1.229291575492341281e+03
6.559670148433204986e+02 1.229577789994502382e+03
6.559972527472527872e+02 1.229346153846153811e+03
6.564900881057268407e+02 1.229272026431718132e+03
6.569977961432506390e+02 1.229385123966942047e+03
6.574741810105497279e+02 1.229635202665185943e+03
6.567808743169398440e+02 1.229369945355191248e+03
6.556153424657534288e+02 1.229253150684931597e+03
6.557814387699066856e+02 1.229259747391543215e+03
6.566461538461538794e+02 1.229193406593406507e+03
6.575974669603524490e+02 1.229251101321585793e+03
6.581203599550055969e+02 1.229332395950506225e+03
6.583676552881925090e+02 1.229215444879686629e+03
6.575529801324503296e+02 1.229130794701986815e+03
6.560819581958195386e+02 1.229232673267326845e+03
6.560317982456140271e+02 1.229257675438596380e+03
6.567021978021978157e+02 1.229180769230769329e+03
6.581523178807947261e+02 1.228442052980132530e+03
