6.462947427293064493e+02 1.230079977628635334e+03
6.477202680067001666e+02 1.230258514796203144e+03
6.505170486305198665e+02 1.229979318054779242e+03
6.541880630630630549e+02 1.229570945945946050e+03
6.581461756373937533e+02 1.229628895184135899e+03
6.620304054054054177e+02 1.229365990990990895e+03
6.642705749718151083e+02 1.229025930101465519e+03
6.644212309429700554e+02 1.228828345567475935e+03
6.644587570621469013e+02 1.229014124293785244e+03
6.638526315789473529e+02 1.229376177285318590e+03
6.633362979433018154e+02 1.229793218454697126e+03
6.635771365149834082e+02 1.229651498335183078e+03
6.640612131329994554e+02 1.229726210350584324e+03
6.650737430167597495e+02 1.229406145251396538e+03
6.670045045045045526e+02 1.229119932432432506e+03
6.690828603859250734e+02 1.228684449489216831e+03
6.706782065834279365e+02 1.228982406356413094e+03
6.707428896473264786e+02 1.228978953356086549e+03
6.695485327313770085e+02 1.229030474040632043e+03
6.674803149606299257e+02 1.229064679415073215e+03
6.640045095828635340e+02 1.229092446448703413e+03
6.606284429454749443e+02 1.229190556492411361e+03
6.588469217970049385e+02 1.229659456461453146e+03
6.573773161145423956e+02 1.230364402021336218e+03
6.571426972579743051e+02 1.229834359261331883e+03
6.571727630838491905e+02 1.229813168261114242e+03
6.577073170731707705e+02 1.229055986696230548e+03
6.577820299500831425e+02 1.228509706045479788e+03
6.568913649025070072e+02 1.228402228412256363e+03
6.551115448968209876e+02 1.228420524261015089e+03
6.514933110367893505e+02 1.228618171683389164e+03
6.481111738148983932e+02 1.228822234762979633e+03
6.447925264919130086e+02 1.229093139988845451e+03
6.423687982359426769e+02 1.229117971334068443e+03
6.414373274434013865e+02 1.229162341247929362e+03
6.419868059373281994e+02 1.229052776250687202e+03
6.440606904231625549e+02 1.228966592427616888e+03
6.455391449194892175e+02 1.228715158245419161e+03
6.469385817978783280e+02 1.228713567839196003e+03
6.478035417819590975e+02 1.228459324847814059e+03
6.478270300333704199e+02 1.228528364849833224e+03
6.478047830923247830e+02 1.228708565072302463e+03
6.476644332774985742e+02 1.229050251256281399e+03
6.476170921198668111e+02 1.229359600443951194e+03
6.479844617092120416e+02 1.229268590455049889e+03
6.495111234705227616e+02 1.229361512791991117e+03
6.521125492402926511e+02 1.229128868880135087e+03
6.555726303982053196e+02 1.228963544587773413e+03
6.597653975363941754e+02 1.229120940649496106e+03
6.633741610738254622e+02 1.228427293064876949e+03
6.660763615946098071e+02 1.228331836047164416e+03
6.664405829596412332e+02 1.228227578475336259e+03
6.661095505617977324e+02 1.229084831460674195e+03
