6.592939529675252288e+02 1.229422732362821989e+03
6.580156337241763822e+02 1.229132886655499760e+03
6.565030470914127818e+02 1.229284210526315746e+03
6.550386954118297353e+02 1.229375345494748444e+03
6.540858895705521263e+02 1.229440602342442844e+03
6.522732300884955521e+02 1.229287610619468978e+03
6.509545957918051045e+02 1.229385382059800577e+03
6.511016192071468822e+02 1.229349525404801852e+03
6.515629877369008227e+02 1.229332775919732512e+03
6.517749999999999773e+02 1.229480000000000018e+03
6.520603015075377016e+02 1.229421552205471698e+03
6.509833425874513750e+02 1.229415880066629597e+03
6.496828193832599254e+02 1.229594713656387739e+03
6.490927262631871599e+02 1.229484730705163884e+03
6.489707182320441916e+02 1.229440883977900512e+03
6.491708542713568022e+02 1.229369067560022359e+03
6.492541806020067270e+02 1.229335005574135948e+03
6.492869905080959825e+02 1.229260748185371313e+03
6.503067039106144875e+02 1.229126256983240182e+03
6.520421348314606576e+02 1.229232022471910113e+03
6.525691192865106132e+02 1.229021181716833780e+03
6.524600000000000364e+02 1.229043888888888887e+03
6.526173184357542141e+02 1.229137430167597813e+03
6.525971143174250528e+02 1.229240288568257483e+03
6.531124929338609491e+02 1.229044657998869525e+03
6.543141419787590394e+02 1.229096143096702008e+03
6.549621169916434837e+02 1.229249582172702048e+03
6.565236505286588908e+02 1.229261547022815876e+03
6.579738743746526097e+02 1.229492495831017322e+03
6.600027808676306904e+02 1.229465517241379303e+03
6.615837506956038396e+02 1.229317195325542571e+03
6.623073886068809770e+02 1.229774393683023163e+03
6.621626336522228939e+02 1.229993247045582393e+03
6.622959641255605447e+02 1.229903587443946208e+03
6.634161073825503081e+02 1.229963646532438588e+03
6.647597984322508182e+02 1.229930011198208376e+03
6.661236649803259979e+02 1.230175379426644213e+03
6.671537162162162531e+02 1.230136824324324380e+03
6.677016853932584581e+02 1.230148314606741678e+03
6.684560408394781916e+02 1.230116279069767415e+03
6.678995510662177821e+02 1.230144219977553348e+03
6.656293393057111416e+02 1.229964165733482560e+03
6.639536830357143344e+02 1.229820870535714221e+03
6.621261210762331757e+02 1.229679932735426064e+03
6.610478841870824454e+02 1.229643652561247109e+03
6.611526462395543149e+02 1.229206128133704624e+03
6.612063580591187701e+02 1.229199665365309556e+03
6.603561872909699559e+02 1.229258082497212854e+03
6.591310190369540578e+02 1.229277155655095157e+03
6.573661814109742636e+02 1.229083426651735635e+03
6.555694597574421323e+02 1.229148291069459674e+03
6.543087583148558224e+02 1.229223392461197363e+03
6.526297943301834721e+02 1.229485269594219062e+03
6.510016685205783915e+02 1.229624026696329338e+03
6.510005558643690620e+02 1.229646470261256354e+03
6.512551878855861105e+02 1.229754907459338256e+03
