6.585482625482625281e+02 1.229104798676227347e+03
6.587168774051676792e+02 1.229124793842770714e+03
6.586840946615300254e+02 1.229120528343423302e+03
6.583817381738173253e+02 1.228719471947194734e+03
6.584413716814159443e+02 1.228894911504424726e+03
6.586552296624239489e+02 1.229073602656336561e+03
6.584576923076923549e+02 1.229235164835164824e+03
6.577007658643326522e+02 1.229324945295404859e+03
6.574890350877193441e+02 1.229131030701754298e+03
6.572390702822357298e+02 1.228856668511344878e+03
6.569257641921396953e+02 1.228911572052401652e+03
6.566947023484434567e+02 1.228859093391589340e+03
6.565611745513866708e+02 1.228636215334420967e+03
6.560125614418350324e+02 1.228540141998907757e+03
6.553983516483516496e+02 1.228496153846153902e+03
6.546499727817092662e+02 1.228344583560152387e+03
6.539775956284153153e+02 1.228439890710382542e+03
6.540092592592592382e+02 1.228290849673202501e+03
6.543134328358208904e+02 1.228452736318407915e+03
6.540692853246044933e+02 1.228228041462084093e+03
6.540847921225382606e+02 1.228361050328227520e+03
6.548060273972603227e+02 1.228395616438356228e+03
6.553920922570016501e+02 1.228332235035694566e+03
6.549781420765027633e+02 1.228361748633879870e+03
6.548315158124318032e+02 1.228483097055616099e+03
6.552826207662409388e+02 1.228810660744031111e+03
6.559063876651982810e+02 1.229136013215859066e+03
6.562635658914729220e+02 1.229369324473975666e+03
6.569966759002769550e+02 1.229145152354570655e+03
6.579448428019857147e+02 1.229159404302261464e+03
6.583175487465181277e+02 1.229230640668523620e+03
6.589106052193226333e+02 1.229235980011104857e+03
6.589400998336107023e+02 1.229211869107043867e+03
6.585937328202309118e+02 1.228771302913688942e+03
6.585219538968167399e+02 1.228716794731064738e+03
6.584790286975717208e+02 1.229049668874172085e+03
