6.635627397260274165e+02 1.231293698630136987e+03
6.635082056892779292e+02 1.231381291028446412e+03
6.630602409638554491e+02 1.231461664841182937e+03
6.617192790824685744e+02 1.231337520480611602e+03
6.600851299060253723e+02 1.231367606412382429e+03
6.583498077979132859e+02 1.230801757276221906e+03
6.561148536720044149e+02 1.230496963003865176e+03
6.543737704918032705e+02 1.229649180327868862e+03
6.526816438356164554e+02 1.228809315068493106e+03
6.506661211129296589e+02 1.228346426623022353e+03
6.487587885343428979e+02 1.227802055164954027e+03
6.474188967777171229e+02 1.227378481703986836e+03
6.469711014176663184e+02 1.227364776444929021e+03
6.479901531728664850e+02 1.227407549234135558e+03
6.490544255085211489e+02 1.227428257284222127e+03
6.506661184210526017e+02 1.227552631578947285e+03
6.528723170060538905e+02 1.228173362685745815e+03
6.555063291139240391e+02 1.228572922399559729e+03
6.586433681893230414e+02 1.229184920198128793e+03
6.609602649006621959e+02 1.229715231788079564e+03
6.625401217487548138e+02 1.230112340896513615e+03
6.632366666666666788e+02 1.230714999999999918e+03
6.637066298342541586e+02 1.231104972375690522e+03
6.639977827050997803e+02 1.231395787139689673e+03
6.635756578947368780e+02 1.231331688596491176e+03
6.626628226249313229e+02 1.231292147171883471e+03
6.592921038100497526e+02 1.230553285477636564e+03
