6.594575707154741622e+02 1.228950083194675472e+03
6.595069175428888002e+02 1.229011621472053093e+03
6.591904231625835564e+02 1.228888641425389778e+03
6.586213538800220704e+02 1.228700055035773175e+03
6.582592797783933065e+02 1.228852077562326940e+03
6.577886313465783132e+02 1.228950331125827915e+03
6.571128233351678318e+02 1.228473307649972412e+03
6.566929003852503683e+02 1.228672537149147047e+03
6.563493377483443965e+02 1.228600993377483519e+03
6.559574468085106673e+02 1.228372613202400544e+03
6.559604395604395677e+02 1.228353846153846234e+03
6.558803278688524188e+02 1.228344808743169324e+03
6.561324903793292833e+02 1.228371632765255526e+03
6.563965896589659224e+02 1.228537953795379508e+03
6.569226946438432151e+02 1.228834897846493732e+03
6.573057254030017020e+02 1.228779321845469667e+03
6.576284606866001923e+02 1.228705426356589214e+03
6.582267115600449188e+02 1.228719977553310855e+03
6.587406387665198508e+02 1.228625550660792896e+03
6.593950892857143344e+02 1.228672991071428669e+03
6.594763231197771347e+02 1.228886908077994349e+03
6.597511086474501099e+02 1.228963968957871430e+03
6.604336877448237146e+02 1.228939563514269821e+03
6.599092409240923871e+02 1.229156765676567602e+03
6.601629588431591174e+02 1.229368743047831003e+03
6.607426674045378832e+02 1.229167127836192549e+03
6.601427783902977353e+02 1.229319184123484092e+03
6.597620879120879636e+02 1.229195604395604505e+03
6.596419549697968705e+02 1.229107084019769445e+03
6.587758904109589366e+02 1.229186849315068457e+03
6.586608122941821648e+02 1.229165751920965931e+03
6.584001103752759718e+02 1.229169426048565128e+03
6.576150466776496160e+02 1.229180669961559488e+03
6.570961857379768389e+02 1.229257048092868899e+03
6.557180471749862818e+02 1.229145913329676432e+03
