6.774708308780200241e+02 1.147401885680612850e+03
6.653514269725797021e+02 1.147846670397314028e+03
6.549610027855153476e+02 1.149389415041782740e+03
6.475891472868216852e+02 1.152244186046511686e+03
6.411125827814569220e+02 1.156745033112582860e+03
6.322439692982455881e+02 1.163181469298245702e+03
6.224788980070339903e+02 1.171763774912074950e+03
6.103152737752161556e+02 1.182537752161383196e+03
5.931460410557184559e+02 1.195672140762463414e+03
5.765052424639580977e+02 1.209927260812581835e+03
5.604157303370786849e+02 1.223122412773506767e+03
5.457715540911586913e+02 1.239319604612850071e+03
5.355296108291032624e+02 1.251440496333897272e+03
5.314869080779944852e+02 1.262621727019498621e+03
5.339228587634713676e+02 1.275225751559841228e+03
5.417960048426150479e+02 1.284850484261501151e+03
5.538613003095974818e+02 1.292149845201238350e+03
5.713654306220096259e+02 1.299117224880382764e+03
5.905935127674258638e+02 1.304754313319530638e+03
6.078888888888889142e+02 1.309185185185185219e+03
6.248108272506083267e+02 1.310882603406326098e+03
6.366043956043955632e+02 1.311479242979243054e+03
6.441212471131639177e+02 1.307535219399538164e+03
6.516852497096399475e+02 1.305434959349593555e+03
6.650160047421458103e+02 1.294002371072910591e+03
6.758225419664269111e+02 1.285098321342925601e+03
6.884681122448979522e+02 1.275786989795918316e+03
7.029764780673871201e+02 1.265502225047679531e+03
7.212141025641025180e+02 1.253066666666666606e+03
7.392838753387534325e+02 1.239317750677506865e+03
7.539686098654708530e+02 1.225592568866111378e+03
7.663593939393939536e+02 1.208227878787878808e+03
7.710468750000000000e+02 1.193584134615384528e+03
7.704044289044288689e+02 1.181642191142191223e+03
7.635620915032679932e+02 1.169732026143790790e+03
7.523429271279852628e+02 1.161053276178811984e+03
7.374805352798053946e+02 1.154537712895377126e+03
7.184474002418379541e+02 1.150050785973397751e+03
7.013198198198198270e+02 1.147818532818532731e+03
6.856584216725559600e+02 1.146914016489988171e+03
6.709216695254431215e+02 1.146374499714122294e+03
6.604419004006869045e+02 1.146774470520892919e+03
6.520724312184165683e+02 1.148633352049410405e+03
6.444140409065781796e+02 1.152033167495854059e+03
6.373627118644068332e+02 1.156889265536723087e+03
6.291342015855040017e+02 1.163780294450736164e+03
6.167944031981725175e+02 1.174177041690462602e+03
5.870023446658850617e+02 1.198334701055099686e+03
