6.599327354260090033e+02 1.228324551569506639e+03
6.600478334271243739e+02 1.228996060776589729e+03
6.601281038374718264e+02 1.229277088036117448e+03
6.602197055492638356e+02 1.230450169875424763e+03
6.598774703557312478e+02 1.231227555053641936e+03
6.595221536735838299e+02 1.231601233875490834e+03
6.586807563959955587e+02 1.231634037819799687e+03
6.580106981981981562e+02 1.231635698198198270e+03
6.581835121400338267e+02 1.230885375494071241e+03
6.589779036827195569e+02 1.230011898016997065e+03
6.590876201243640935e+02 1.229360655737704974e+03
6.589331444759206988e+02 1.228605099150141541e+03
6.589206974128234151e+02 1.228478627671541062e+03
6.582219069239500868e+02 1.228864926220204325e+03
6.573686583990980807e+02 1.229307779030439633e+03
6.568006737787759448e+02 1.229820325659741684e+03
6.567611358574609994e+02 1.230242204899777335e+03
6.566727676095396191e+02 1.230346644481419844e+03
6.566761268781301624e+02 1.230447968836950395e+03
6.569628378378378102e+02 1.230331644144144093e+03
6.569424379232505089e+02 1.230149548532731387e+03
6.567367540435025148e+02 1.229287228109313901e+03
6.567406989853438972e+02 1.228960541149943538e+03
6.568453781512605474e+02 1.228369747899159620e+03
6.569149177538287177e+02 1.228252410663641513e+03
6.568003384094754438e+02 1.228151156232374433e+03
6.566411111111110586e+02 1.228167777777777701e+03
6.564790151091214057e+02 1.228958030218242811e+03
6.565275459098497777e+02 1.229288814691151856e+03
6.567615558060879266e+02 1.229866403607666371e+03
6.569369724254361245e+02 1.230381541924592057e+03
6.566071428571428896e+02 1.230997767857142890e+03
6.563892916899052352e+02 1.230906302286670325e+03
6.562606263982103201e+02 1.230658277404921591e+03
6.565873192436040426e+02 1.230340378197997779e+03
6.571697478991596881e+02 1.229454901960784355e+03
6.580971751412429285e+02 1.228827683615819296e+03
6.582039325842696371e+02 1.228287640449438186e+03
6.577371937639197768e+02 1.228197104677060224e+03
6.570118510158013123e+02 1.228176072234763069e+03
6.560005561735260926e+02 1.228285317018909836e+03
6.555507166482910861e+02 1.228866041896361594e+03
6.556362625139042848e+02 1.229493882091212527e+03
6.554977777777777419e+02 1.230279444444444380e+03
6.552735849056604138e+02 1.230407325194228633e+03
6.552247629670943070e+02 1.230473508087005030e+03
6.548037589828634282e+02 1.230384742951907128e+03
6.546681440443213660e+02 1.230197229916897413e+03
6.545019412090960031e+02 1.230040488075429948e+03
6.541900503074343760e+02 1.229408608160983704e+03
6.539140321686078323e+02 1.228622850804215204e+03
6.543164983164982687e+02 1.228634118967452196e+03
6.552023608768971599e+02 1.228458122540753266e+03
6.555467263570229761e+02 1.228609401231113679e+03
6.560871275997751582e+02 1.229369308600337263e+03
6.567416107382550763e+02 1.230358501118568256e+03
6.565515117581187496e+02 1.230853303471444633e+03
6.562212189616252545e+02 1.231041196388261824e+03
6.553238255033556925e+02 1.230466442953020078e+03
6.543489026449071844e+02 1.230321328081035517e+03
6.534946897708216511e+02 1.229217439910564508e+03
6.527458471760796783e+02 1.228452380952380963e+03
6.524233128834355284e+02 1.228392638036809785e+03
6.523832035595105481e+02 1.227629032258064626e+03
6.526640625000000000e+02 1.227434151785714221e+03
6.533887339654211246e+02 1.227794199665365340e+03
6.542791736460078482e+02 1.228440536013400333e+03
6.547123595505618141e+02 1.229024157303370885e+03
6.547890625000000000e+02 1.229296875000000000e+03
6.547020681945220986e+02 1.229953046394633930e+03
6.547315436241610769e+02 1.230101230425055974e+03
6.553084745762712373e+02 1.230123163841807809e+03
6.557127659574467771e+02 1.229636618141097415e+03
6.564335389792485103e+02 1.229357263039820509e+03
6.565761663856098949e+02 1.228870151770657685e+03
6.565496651785714448e+02 1.228349330357142890e+03
6.561476510067113850e+02 1.228187919463087155e+03
6.557387437465258699e+02 1.228269038354641452e+03
6.557139689578714297e+02 1.228367516629711645e+03
6.560005611672278292e+02 1.228517396184062818e+03
6.562370495495495106e+02 1.229267454954954928e+03
6.566213808463252235e+02 1.229503340757238220e+03
6.569019165727170275e+02 1.229583427282976345e+03
6.568783783783783292e+02 1.229898648648648759e+03
6.567287946428571104e+02 1.230150111607142890e+03
6.568081655480984864e+02 1.229821029082773975e+03
6.567400782560089283e+02 1.229290665176076118e+03
6.566393718452046642e+02 1.228957375210319697e+03
6.577764771460423390e+02 1.228400780379041180e+03
6.587420814479637556e+02 1.228045248868778344e+03
6.595025153717160720e+02 1.227416992733370535e+03
6.601037204058624184e+02 1.227812852311161123e+03
6.601264755480607391e+02 1.228180438448566520e+03
6.601171524663676564e+02 1.228371076233183885e+03
6.602929178470254783e+02 1.229391501416430629e+03
6.600420454545454731e+02 1.230146590909090946e+03
6.593710128707331251e+02 1.230490766648013505e+03
6.589210822998873027e+02 1.230829763246899574e+03
6.583052455357143344e+02 1.230459821428571331e+03
6.581153846153846416e+02 1.230161764705882433e+03
6.582565974171814105e+02 1.229206625491297018e+03
6.584027855153203745e+02 1.228343175487465260e+03
6.585985482970407929e+02 1.227730318257956469e+03
6.588330532212885373e+02 1.227784873949579833e+03
6.586720670391061958e+02 1.227813966480446879e+03
6.581436588103255190e+02 1.228193041526374827e+03
6.580298591549295679e+02 1.228661971830985976e+03
6.583335220838051782e+02 1.228976217440543678e+03
6.586268156424581548e+02 1.229288268156424692e+03
6.594496908375491557e+02 1.229394603709949479e+03
