6.454264870931538098e+02 1.227642536475869747e+03
6.458535773710482317e+02 1.228472545757071657e+03
6.465120583286595775e+02 1.229012338754907432e+03
6.483170594837260978e+02 1.229193041526374827e+03
6.500937323546019115e+02 1.229221343873517753e+03
6.524309859154930109e+02 1.229093521126760606e+03
6.538341793570219806e+02 1.228870840383530776e+03
6.550436013590034463e+02 1.228435447338618360e+03
6.547835570469799222e+02 1.228206375838926078e+03
6.538683473389355640e+02 1.228290196078431336e+03
6.528920581655480646e+02 1.227656040268456309e+03
6.528430717863104746e+02 1.227333333333333258e+03
6.528972222222222399e+02 1.227359444444444534e+03
6.538638888888889369e+02 1.227342777777777883e+03
6.544085537422622565e+02 1.227840180078784442e+03
6.555344924284912622e+02 1.229166573191250791e+03
6.564994388327721708e+02 1.230360830527497228e+03
6.579681093394077607e+02 1.232210706150341593e+03
6.607875706214689444e+02 1.232990395480225970e+03
6.630854700854700923e+02 1.233644444444444389e+03
6.648552854720180676e+02 1.233665347654041852e+03
6.655344243792325187e+02 1.233191309255078977e+03
6.652768361581920544e+02 1.232414124293785335e+03
6.639908935685828055e+02 1.231299373932840126e+03
6.630458144796380111e+02 1.230373868778280439e+03
6.626842993809791551e+02 1.229750140686550367e+03
6.623461104847801835e+02 1.228978579481397901e+03
6.615014005602240559e+02 1.228164145658263351e+03
6.603161473087818649e+02 1.227409065155807411e+03
6.589502515371716527e+02 1.226139183901620981e+03
6.574132138857783048e+02 1.225721724524076080e+03
6.574656999442275946e+02 1.226305633017289438e+03
6.583400560224089304e+02 1.227509243697478951e+03
6.590022611644997141e+02 1.228995477671000572e+03
6.591402027027027088e+02 1.230728603603603688e+03
6.601166854565952917e+02 1.231319616685456594e+03
6.611084133258045767e+02 1.231830039525691745e+03
6.609779661016949603e+02 1.231344067796610261e+03
6.601670454545454731e+02 1.231064204545454459e+03
6.597021276595744439e+02 1.230256998880179253e+03
6.582497187851517992e+02 1.229897637795275614e+03
6.560497175141242678e+02 1.228943502824858797e+03
6.540388294879010118e+02 1.228250984805852568e+03
6.526724233983286467e+02 1.227381615598885901e+03
6.495408911449520701e+02 1.226892272983643579e+03
6.474535336672231551e+02 1.226371730662214759e+03
6.460316315205327555e+02 1.226197003329633844e+03
6.444723926380368084e+02 1.226693251533742341e+03
6.436938435940099907e+02 1.226911259012756545e+03
6.430916157690172668e+02 1.227950027762354239e+03
6.434796883695047427e+02 1.228609905397885314e+03
6.438270089285714448e+02 1.229293526785714221e+03
6.452252808988763491e+02 1.230027528089887710e+03
6.478089635854341850e+02 1.230486274509803934e+03
6.499699034639409092e+02 1.230926178307779765e+03
6.520773166571915453e+02 1.231085275724843768e+03
6.531313246162592350e+02 1.230598067083570186e+03
6.533553441522103640e+02 1.230360380526021345e+03
6.535841750841750581e+02 1.230117845117845036e+03
6.543221590909090537e+02 1.229602272727272748e+03
6.555955882352941444e+02 1.228616515837104089e+03
