6.486275055679287789e+02 1.231456013363028887e+03
6.524264622373651719e+02 1.230976717773992050e+03
6.567156585641605488e+02 1.230187111362351516e+03
6.620017113519680834e+02 1.229153451226468860e+03
6.670699658703072146e+02 1.228372582480091069e+03
6.704134780125642692e+02 1.227521416333523803e+03
6.724915254237288309e+02 1.226776836158192054e+03
6.725333710407239778e+02 1.226824660633484200e+03
6.710999432140829413e+02 1.227042021578648473e+03
6.671630804077010453e+02 1.227479614949037341e+03
6.616480855855855907e+02 1.228253941441441384e+03
6.566338028169013796e+02 1.229296901408450594e+03
6.515077951002226655e+02 1.230295100222717110e+03
6.473063616071428896e+02 1.230863839285714221e+03
6.449756502490315597e+02 1.231582733812949527e+03
6.444229050279329840e+02 1.232140223463687107e+03
6.462371076233183658e+02 1.231552690582959713e+03
6.492059651097355299e+02 1.231234665166010018e+03
6.532487309644669722e+02 1.230672306824591033e+03
6.588418657565415515e+02 1.229592150170648438e+03
6.632451317296678326e+02 1.228978235967926594e+03
6.671107325383304669e+02 1.227934128336172535e+03
6.699509029345372255e+02 1.227245485327313872e+03
6.711103526734925708e+02 1.226917519908987515e+03
6.712859589041096342e+02 1.226890981735159812e+03
6.699530011325027772e+02 1.227098527746319405e+03
6.676338983050846991e+02 1.227483050847457662e+03
6.642882420091324320e+02 1.228234018264840188e+03
6.594144811858608364e+02 1.229031356898517743e+03
6.551106741573033787e+02 1.229557865168539365e+03
6.499169006176305174e+02 1.230316114542391915e+03
6.456098779134295000e+02 1.231374583795782428e+03
6.427984322508398236e+02 1.232002239641657297e+03
6.415831942125764726e+02 1.232248191430161341e+03
6.424048423423423628e+02 1.231867117117117004e+03
6.448017917133258834e+02 1.231557110862262107e+03
6.487764639639639199e+02 1.230746621621621671e+03
6.542406015037594216e+02 1.230065355696934603e+03
6.595028935185184764e+02 1.229299189814814781e+03
6.644050056882821309e+02 1.228248577929465227e+03
6.680832861189801406e+02 1.227179036827195432e+03
6.696691343963553891e+02 1.226978929384965795e+03
6.692233618233618699e+02 1.226994301994302077e+03
6.661715575620767140e+02 1.227297404063205477e+03
6.621752988047808230e+02 1.228141149686966401e+03
6.572382588774341912e+02 1.229149484536082582e+03
6.516852164137155796e+02 1.230261944912872423e+03
6.472891907187323568e+02 1.231025466893039038e+03
6.437327777777777555e+02 1.231650000000000091e+03
6.417458745874587294e+02 1.232239823982398320e+03
6.418392461197339571e+02 1.232491130820399121e+03
6.432848349188584507e+02 1.232298824846110847e+03
6.495284186831738680e+02 1.231509285312324209e+03
6.534394366197183217e+02 1.230895211267605646e+03
6.574820920977828109e+02 1.229835702103467838e+03
6.607591533180777787e+02 1.228963386727688885e+03
6.640034129692833176e+02 1.228354379977246936e+03
6.662511389521639558e+02 1.227505694760820006e+03
6.668321878579610029e+02 1.227482245131729769e+03
6.660971039182282993e+02 1.227387279954571341e+03
6.638417470221213534e+02 1.227429381735677907e+03
6.602661381653454100e+02 1.227646092865232276e+03
6.557840136054421691e+02 1.228615646258503375e+03
6.509336706014614720e+02 1.229640809443507578e+03
6.466534376746785711e+02 1.230409726103968751e+03
6.428165086447295380e+02 1.231511991076408322e+03
6.407215751525235419e+02 1.232306711037160312e+03
6.407513904338153452e+02 1.232353726362625139e+03
6.426890005583472885e+02 1.232316582914572791e+03
6.470667808219178596e+02 1.231758561643835719e+03
6.528258101851852189e+02 1.231174768518518476e+03
6.589850746268656394e+02 1.230032146957520126e+03
6.653055235903336779e+02 1.229090909090909008e+03
6.695852668213457264e+02 1.227958236658932719e+03
6.724866704480998578e+02 1.227188882586500313e+03
6.735011337868480723e+02 1.226986961451247225e+03
6.722686139747995639e+02 1.226929553264604920e+03
6.693111747851003202e+02 1.227072779369627597e+03
6.647150932730355635e+02 1.227496890898812808e+03
6.600698863636363285e+02 1.228150000000000091e+03
6.550583569405099524e+02 1.229008498583569462e+03
6.507033945464663702e+02 1.230253756260434102e+03
6.476885793871866781e+02 1.230964902506963881e+03
6.455447470817121030e+02 1.231211784324624887e+03
6.441808569838619860e+02 1.231549248747913225e+03
6.446090808416389564e+02 1.231513289036544847e+03
6.464910813823856870e+02 1.231054069119286623e+03
6.499677053824362929e+02 1.230883286118980095e+03
6.541347801256424646e+02 1.230359794403198066e+03
6.593057288712421951e+02 1.229391945547362411e+03
6.647512835139760909e+02 1.228191671420422153e+03
6.686567844925883719e+02 1.227385404789053609e+03
6.718371040723982333e+02 1.227136312217194472e+03
6.731816618911175283e+02 1.226612034383954096e+03
6.724234490608993156e+02 1.226982925441092675e+03
6.698198508318989752e+02 1.227219736087206002e+03
6.650875286041190293e+02 1.227943363844393616e+03
6.598142045454545723e+02 1.228870454545454550e+03
6.540299097065462774e+02 1.229488713318284454e+03
6.485467263570229761e+02 1.230691662003357578e+03
6.450000000000000000e+02 1.231277839643652669e+03
6.432172452407614855e+02 1.232273796192609097e+03
6.439653631284916173e+02 1.232097206703910615e+03
6.507102751263334994e+02 1.231263335204941086e+03
