6.560040114613181004e+02 1.229933524355300960e+03
6.553083427282975890e+02 1.230046786922209776e+03
6.536514221974344991e+02 1.230411042944785322e+03
6.514836711711711814e+02 1.230673423423423401e+03
6.496953080836631216e+02 1.231094403617863236e+03
6.487151720248166384e+02 1.231323181049069262e+03
6.493817873303167971e+02 1.231144230769230717e+03
6.510657596371881937e+02 1.231223356009070358e+03
6.535514912774339109e+02 1.231284749577940374e+03
6.551577142857142917e+02 1.231133714285714177e+03
6.560824742268041518e+02 1.230970790378006768e+03
6.562084765177548888e+02 1.230753150057273842e+03
6.556689265536723497e+02 1.231010169491525403e+03
6.546910016977928990e+02 1.231213921901528010e+03
6.536537598204264441e+02 1.231292368125701387e+03
6.525711883408072254e+02 1.231817825112107585e+03
6.516044692737430069e+02 1.232031843575419089e+03
6.512655367231637911e+02 1.232618644067796595e+03
6.514629629629629335e+02 1.232132996632996537e+03
6.524201149425286985e+02 1.232580459770114885e+03
6.549389485585076045e+02 1.231622950819672042e+03
6.584276693455798295e+02 1.231217566016073533e+03
6.620258323765785917e+02 1.231157290470723410e+03
6.649703196347031735e+02 1.230554223744292131e+03
6.663365439093483928e+02 1.230308215297450488e+03
6.659458689458689378e+02 1.230379487179487114e+03
6.637208121827411560e+02 1.230635645798082351e+03
6.614142045454545951e+02 1.231194318181818289e+03
6.596871476888387633e+02 1.231596956031567061e+03
6.583817052512704322e+02 1.231725578769056938e+03
6.583116147308782047e+02 1.232098016997167178e+03
6.588701077708451521e+02 1.232268292682926813e+03
6.602969283276451051e+02 1.232018202502844133e+03
6.616933106575963848e+02 1.231650226757369637e+03
6.627787162162162531e+02 1.231653716216216253e+03
6.637723163841808400e+02 1.231392655367231555e+03
6.641943967981703736e+02 1.231330474556889612e+03
6.640817253121452950e+02 1.231332576617480072e+03
6.636426174496643853e+02 1.231601789709172181e+03
6.627721876766535161e+02 1.231366873940079131e+03
6.620767918088737360e+02 1.231299203640500536e+03
6.617668918918918735e+02 1.231571509009009105e+03
6.617284991568296846e+02 1.231518830803822311e+03
6.617031425364758661e+02 1.231564534231200923e+03
6.617405740011255375e+02 1.231836803601575639e+03
6.617390078917700293e+02 1.231891770011274048e+03
6.618404977375565750e+02 1.231750000000000000e+03
6.627841037204058239e+02 1.231930665163472440e+03
6.636922632794456831e+02 1.232617205542725060e+03
6.653270655270655425e+02 1.231731623931623972e+03
6.667861990950226527e+02 1.231490384615384528e+03
6.676500847936687251e+02 1.231239683436969926e+03
6.679838895281933446e+02 1.231112197928653586e+03
6.679558486238531714e+02 1.230906536697247702e+03
6.674691075514874683e+02 1.231192791762013712e+03
6.667894736842105203e+02 1.230661007357102335e+03
6.652838302752293203e+02 1.231033256880733916e+03
6.631163594470045837e+02 1.231582949308755815e+03
6.614160045402951482e+02 1.231283200908058916e+03
6.593936781609195350e+02 1.231824137931034556e+03
6.583148357870894642e+02 1.231348244620611467e+03
6.584408418657565107e+02 1.231025028441410768e+03
6.601775114155251458e+02 1.230945205479451943e+03
6.626357954545454731e+02 1.230660227272727298e+03
6.646786941580755865e+02 1.230786368843069795e+03
6.662961053837342433e+02 1.230046391752577392e+03
6.668900343642611688e+02 1.229938717067582957e+03
6.658105802047781481e+02 1.229606939704209253e+03
6.636025930101465065e+02 1.229576099210823031e+03
6.616617647058823195e+02 1.230039027149321328e+03
6.603594548551959633e+02 1.230274275979557160e+03
6.595797842135150404e+02 1.230954003407154914e+03
6.601818693693693376e+02 1.230514076576576599e+03
6.608237960339943129e+02 1.230616430594900748e+03
6.621957882754695675e+02 1.230199203187250987e+03
6.639774956722446859e+02 1.229758222735141317e+03
6.662889016018306165e+02 1.229346681922196694e+03
6.686259280411193231e+02 1.229190177041690504e+03
6.700629330254041633e+02 1.229219399538106245e+03
6.705384177575413105e+02 1.229294820717131415e+03
6.693331438317226230e+02 1.229365548607163191e+03
6.661452449567723306e+02 1.229794236311239274e+03
6.625260446479679786e+02 1.230103033772180879e+03
6.588418079096045403e+02 1.230626553672316277e+03
6.563293310463121770e+02 1.231257861635220024e+03
6.557178329571106588e+02 1.231110609480812627e+03
6.565054007959067803e+02 1.230779988629903301e+03
6.580121457489879049e+02 1.231020242914979690e+03
6.594643665158371277e+02 1.229962669683257900e+03
6.608580352072685855e+02 1.229817149346961969e+03
6.616951151038741727e+02 1.229514879281302683e+03
6.616951151038741727e+02 1.229514879281302683e+03
6.612045197740112599e+02 1.229671186440677957e+03
6.598330503678550940e+02 1.230447085455574324e+03
6.586657287563308500e+02 1.230416432189082798e+03
6.572623790552077025e+02 1.230838929994308501e+03
6.566378531073446538e+02 1.230987005649717503e+03
6.564547008547008318e+02 1.231075213675213718e+03
6.565779920589903895e+02 1.231165626772546830e+03
6.568067274800456516e+02 1.231207525655644304e+03
6.572362294151050719e+02 1.231095968199886329e+03
6.570891538898353019e+02 1.230870528109029010e+03
6.571361556064073284e+02 1.231011441647597167e+03
6.571490576813249618e+02 1.230763563677898446e+03
6.573593661573288500e+02 1.230241086587436257e+03
6.577033276931754244e+02 1.230261139311900706e+03
6.572998296422487101e+02 1.230023282226007950e+03
6.557815894797026885e+02 1.230514579759862727e+03
6.548050991501415865e+02 1.230384135977337110e+03
6.531702610669693740e+02 1.230419977298524373e+03
6.513988732394366252e+02 1.230420281690140882e+03
6.495811870100783381e+02 1.230681410974244045e+03
6.480830017055144481e+02 1.231130756111426990e+03
6.468656548622822129e+02 1.231302979201798735e+03
6.461586944288126233e+02 1.231127180641530686e+03
6.462927519818799738e+02 1.231056058890147142e+03
6.472999434069043900e+02 1.230737973967176003e+03
6.487131564088085725e+02 1.230628458498023747e+03
6.506033390903857025e+02 1.230755325273459903e+03
6.522367370222475529e+02 1.230167712492869441e+03
6.528482092097782470e+02 1.230487208641273355e+03
6.520680388793596194e+02 1.230847913093196212e+03
6.499988505747126055e+02 1.231237931034482699e+03
6.476647855530474089e+02 1.231374717832957003e+03
6.454128595600676590e+02 1.231184433164128677e+03
6.446265466816647631e+02 1.231521372328458938e+03
6.450305084745763224e+02 1.231337288135593326e+03
6.464372537985368581e+02 1.231304445694991500e+03
6.480130385487528883e+02 1.231276643990929642e+03
6.492723112128146568e+02 1.231050915331807801e+03
6.502775255391600240e+02 1.230756526674233783e+03
6.510063001145475710e+02 1.230435280641466306e+03
6.510143430866322660e+02 1.230323580034423458e+03
6.505011248593925757e+02 1.230097300337457909e+03
6.488186469584991301e+02 1.230873791927231423e+03
6.465470953186688803e+02 1.230965595036660943e+03
6.438729438457174865e+02 1.231276233692569576e+03
6.415916201117317996e+02 1.231296648044692802e+03
6.401878515185601373e+02 1.231235095613048315e+03
6.404747474747474598e+02 1.231710998877665588e+03
6.427839541547277804e+02 1.232017191977077346e+03
6.458248009101251910e+02 1.231629124004550704e+03
6.491942857142856838e+02 1.231230285714285628e+03
6.521827586206896967e+02 1.231274137931034375e+03
6.535614035087719458e+02 1.230710809281267757e+03
6.536318156267566337e+02 1.230445756042720632e+03
6.526799327354260640e+02 1.230474775784753319e+03
6.514792134831460544e+02 1.230769662921348299e+03
6.500130607609312392e+02 1.231129471890970990e+03
6.487288613303269358e+02 1.231306651634723721e+03
6.481886685552408380e+02 1.231148441926345640e+03
6.481902328222601000e+02 1.231198182850652984e+03
6.487246871444823455e+02 1.231294084186575674e+03
6.496447072072072615e+02 1.230840090090090143e+03
6.506136877828054139e+02 1.230913461538461434e+03
6.513378607809846699e+02 1.230863610639501985e+03
6.515814084507042026e+02 1.230534647887323899e+03
6.515149971703451683e+02 1.230856819468024923e+03
6.513023124647489794e+02 1.230618725324309025e+03
6.511719457013574583e+02 1.230554298642533922e+03
6.508123943661971680e+02 1.230691830985915431e+03
6.503727272727272748e+02 1.231059090909090855e+03
6.495641169853768133e+02 1.231115860517435294e+03
6.484797752808988207e+02 1.231221348314606757e+03
6.471420422133485317e+02 1.231346263548203069e+03
6.460477001703577571e+02 1.231273708120386118e+03
6.452408140192198971e+02 1.231093273035613265e+03
6.448609534619749866e+02 1.231493757094211105e+03
6.450703745743472837e+02 1.231549375709421156e+03
6.460850822461712823e+02 1.231458876914350640e+03
6.472803843979650082e+02 1.231252685132843453e+03
6.487218767665348196e+02 1.231341435839457290e+03
6.506383701188455007e+02 1.231172608941709086e+03
6.524837976122796590e+02 1.230982376350199047e+03
6.536549942594718914e+02 1.231338117106773780e+03
6.542594501718212996e+02 1.230789232531500602e+03
6.537453625632377907e+02 1.230961214165261481e+03
6.523210227272727479e+02 1.230956818181818107e+03
6.502655719139297616e+02 1.231143261608154035e+03
6.482820802713397370e+02 1.231070096099491138e+03
6.472246745897000437e+02 1.231132427843803043e+03
6.473546380090497223e+02 1.230990950226244422e+03
6.489381033503691469e+02 1.230890971039182205e+03
6.511457858769931590e+02 1.230848519362186835e+03
6.532846632710809445e+02 1.230439162422184381e+03
6.547380011293055304e+02 1.230390739695087632e+03
6.552221584385763435e+02 1.230064293915040253e+03
6.548414424728105132e+02 1.230104751001717204e+03
6.540159000567858811e+02 1.230301533219761495e+03
6.530523321956768541e+02 1.230409556313993107e+03
6.520022637238256493e+02 1.230861346915676222e+03
6.507080045095829064e+02 1.231419954904171391e+03
6.500715096481271758e+02 1.231406923950056807e+03
6.500964265456608473e+02 1.231305728871242309e+03
6.510062535531551475e+02 1.231289937464468494e+03
6.528855047941342491e+02 1.230731528482797557e+03
6.560496009122007308e+02 1.230521094640821048e+03
6.601846330275229775e+02 1.230096330275229320e+03
6.632507155123067832e+02 1.229568975386376678e+03
6.654974300399771892e+02 1.229365505425471156e+03
6.655136674259681513e+02 1.229350797266514746e+03
6.640057273768613868e+02 1.229171248568155761e+03
6.616681690140844694e+02 1.229730140845070309e+03
6.596112372304199880e+02 1.230518728717366685e+03
6.583931818181818016e+02 1.230620454545454550e+03
6.578668158925573834e+02 1.230974818130945778e+03
6.583574274331245988e+02 1.230951052931132608e+03
6.595544780376496874e+02 1.231285225328009119e+03
6.611689576174112517e+02 1.230821305841924413e+03
6.626458452722063157e+02 1.230953581661891121e+03
6.646534316505956212e+02 1.230033465683494114e+03
