6.585843071786310929e+02 1.228870339454646682e+03
6.590449690837549497e+02 1.228985947161326521e+03
6.590714684533779746e+02 1.229174762702400812e+03
6.593164414414414978e+02 1.229388513513513544e+03
6.606748057713651860e+02 1.229395116537180911e+03
6.624300835654596540e+02 1.229312534818941458e+03
6.624187219730941933e+02 1.228983183856502137e+03
6.621389660922734492e+02 1.228841578654808245e+03
6.619159710628825906e+02 1.228844184752364981e+03
6.610924183729939614e+02 1.228587161040398541e+03
6.597834821428571104e+02 1.228704241071428669e+03
6.587565024903154836e+02 1.229079136690647374e+03
6.583791574279379120e+02 1.229364190687361315e+03
6.569269507470946792e+02 1.229445489762036459e+03
6.554801104972375470e+02 1.230160773480663011e+03
6.553446170921198473e+02 1.230416759156492844e+03
6.550210759844703716e+02 1.230437603993344510e+03
6.534470782800441384e+02 1.230293274531422185e+03
6.521160862354892060e+02 1.230344941956882167e+03
6.511683445190157045e+02 1.230249440715883566e+03
6.498111420612813163e+02 1.230031197771587813e+03
6.492192933258553467e+02 1.229731912507010748e+03
6.499081232492997060e+02 1.229872268907563011e+03
6.505546961325966322e+02 1.229454143646408738e+03
6.512357586012408319e+02 1.229524534686971265e+03
6.525447928331467438e+02 1.229146136618141099e+03
6.537185061315495886e+02 1.229285953177257625e+03
6.540309162450814711e+02 1.229358628442945474e+03
6.544064230343300324e+02 1.229509413067552714e+03
6.547576601671308936e+02 1.230225626740947064e+03
6.554237855946398668e+02 1.230443886097152472e+03
6.562480490523968228e+02 1.230205685618729149e+03
6.572453781512605246e+02 1.230096358543417409e+03
6.584930516953862707e+02 1.229248471372985023e+03
6.592857944974733755e+02 1.229068500842223557e+03
6.599134078212290433e+02 1.229061452513966515e+03
6.607975596228508266e+02 1.229105379922351631e+03
6.612946127946128172e+02 1.229419753086419860e+03
6.613653525818989465e+02 1.229726818434203324e+03
6.619889502762431448e+02 1.229853038674033087e+03
6.635390625000000000e+02 1.229450892857142890e+03
6.641849582172701503e+02 1.229246796657381537e+03
6.639280177187154095e+02 1.228700442967884783e+03
