6.546181318681318544e+02 1.229290109890109989e+03
6.546341195831047344e+02 1.229232583653318670e+03
6.546235616438356146e+02 1.229338082191780813e+03
6.551200221238938184e+02 1.229541482300885036e+03
6.563042754025541399e+02 1.230225985563575705e+03
6.565986769570010892e+02 1.230200110253583262e+03
6.562541345093715108e+02 1.230073318632855489e+03
6.562968061674008595e+02 1.229633259911894356e+03
6.566338647608575911e+02 1.229347993402968768e+03
6.568855721393034628e+02 1.229023217247097818e+03
6.575370675453048079e+02 1.228705656232839146e+03
6.582981676846196706e+02 1.228742365352581828e+03
6.584787410270569126e+02 1.229025400331308674e+03
6.582786343612334576e+02 1.229367841409691664e+03
6.579097335508428159e+02 1.229491571506253422e+03
6.577667941015838551e+02 1.229716002184598665e+03
6.576954845814977944e+02 1.229977973568281868e+03
6.578337934842628556e+02 1.229778023191606735e+03
6.578714991762767568e+02 1.229818780889621166e+03
6.575441657579061712e+02 1.229331515812431917e+03
6.568066996155957895e+02 1.229193849533223556e+03
6.565654307524536080e+02 1.229544165757906285e+03
6.565109529025191932e+02 1.230339539978094308e+03
6.566051478641840049e+02 1.230359255202628674e+03
6.566963207029104979e+02 1.230365183964854396e+03
6.560950300382304476e+02 1.230441288913162225e+03
6.555365585486531472e+02 1.230465090709180913e+03
6.555447065277015781e+02 1.230320899616017641e+03
6.548826419213974077e+02 1.230164301310043584e+03
6.546677595628415247e+02 1.229865027322404330e+03
6.548324265505984840e+02 1.229448313384113135e+03
6.554794295117937963e+02 1.229356555128908440e+03
6.552754820936638680e+02 1.229417630853994524e+03
6.546502702702703118e+02 1.229780540540540642e+03
6.550725673446949031e+02 1.230208356239692193e+03
6.560355969331873212e+02 1.230292990142387680e+03
6.565024523160763010e+02 1.230531880108991800e+03
