6.559049972542559317e+02 1.228177375068643641e+03
6.556723194748358310e+02 1.228198030634573342e+03
6.568447136563876256e+02 1.228204295154185047e+03
6.593806629834253954e+02 1.228860773480663056e+03
6.602582081246522421e+02 1.229020033388981574e+03
6.591476323119777589e+02 1.228720334261838389e+03
6.569300660792951021e+02 1.228199889867841421e+03
6.551439645625691810e+02 1.227940753045404108e+03
6.542545554942021226e+02 1.227804527885146399e+03
6.550309221424627140e+02 1.228116510215350672e+03
6.567087004405286734e+02 1.228318281938325981e+03
6.581097092704333136e+02 1.228414701042237994e+03
6.581212287438288513e+02 1.228545255074053784e+03
6.564330406147090571e+02 1.228395170142700408e+03
6.539669603524229160e+02 1.228467511013215926e+03
6.525347184253690784e+02 1.228516129032258050e+03
6.535241758241758134e+02 1.228490109890109807e+03
6.559297475301866598e+02 1.228272228320526892e+03
6.585425055928411666e+02 1.228489373601789794e+03
6.589090909090908781e+02 1.228011640798226153e+03
6.574868051656372927e+02 1.228373947220662558e+03
6.554141358365543510e+02 1.227893429044726645e+03
6.547523390203632516e+02 1.228381948266373229e+03
6.556809680968096927e+02 1.228399889988998893e+03
6.595865704772475056e+02 1.229044395116537089e+03
