6.474748757592490165e+02 1.229528989508558880e+03
6.478252911813643777e+02 1.229768164170826367e+03
6.483601553829079194e+02 1.229596559378468328e+03
6.490278706800445434e+02 1.229532329988851643e+03
6.500765765765765991e+02 1.229660472972972912e+03
6.513910863509748879e+02 1.229649582172701912e+03
6.530623595505618368e+02 1.229758988764044943e+03
6.543381615598885901e+02 1.229391643454039013e+03
6.556214563646469742e+02 1.229134519177320726e+03
6.568015651201789069e+02 1.228951369480156472e+03
6.579860491071428896e+02 1.228634486607142890e+03
6.593736754043502515e+02 1.228568321249302926e+03
6.604941634241245083e+02 1.228297943301834266e+03
6.615648044692737813e+02 1.228259217877094898e+03
6.626513710128707544e+02 1.228325685506435320e+03
6.637286995515695480e+02 1.228349775784753319e+03
6.648413677130045016e+02 1.228239910313901419e+03
6.660369955156950255e+02 1.228709641255605447e+03
6.670543113101903145e+02 1.228381858902575686e+03
6.678709677419354875e+02 1.228458286985539416e+03
6.682850754611514503e+02 1.228347680268306249e+03
6.683890746934225717e+02 1.228633221850613154e+03
6.681949438202246938e+02 1.228958426966292109e+03
6.680439377085650676e+02 1.229324249165739730e+03
6.681846670397313801e+02 1.229272523782876306e+03
6.678717948717949184e+02 1.229080267558528476e+03
6.657149195784803624e+02 1.229281752634498162e+03
6.645243632336655537e+02 1.229129014396456341e+03
6.630653889515219817e+02 1.229228861330326936e+03
6.614832589285714448e+02 1.228797433035714221e+03
6.597236403995560750e+02 1.228590455049944467e+03
6.580696767001114722e+02 1.228489966555183855e+03
6.561892639734365957e+02 1.228402877697841632e+03
6.542395604395604778e+02 1.228510989010989078e+03
6.520660744031093827e+02 1.228459189339256000e+03
6.498152654867257070e+02 1.228325221238937957e+03
6.483299719887954780e+02 1.228540616246498530e+03
6.469309773605742748e+02 1.228554942020982935e+03
6.460055279159756765e+02 1.228643449419568924e+03
6.456035535813437036e+02 1.229179900055524740e+03
6.455355951056729964e+02 1.228879866518353765e+03
6.455676126878130390e+02 1.229348358375069665e+03
6.458261111111111177e+02 1.229276666666666642e+03
6.461018930957683324e+02 1.229496659242761780e+03
6.463287062742920170e+02 1.229609661299278287e+03
6.467831392124237482e+02 1.229984470327232430e+03
6.472031337437044840e+02 1.229696138780078400e+03
6.477899721448468426e+02 1.229778830083565481e+03
6.487155655095184557e+02 1.229832026875699967e+03
6.498747903856902894e+02 1.229809390721073214e+03
6.511984216459977688e+02 1.229864712514092389e+03
6.521667602470522525e+02 1.229858506457046587e+03
6.536752232142856656e+02 1.229273437500000000e+03
