6.620065934065934243e+02 1.226973626373626303e+03
6.600943499725726724e+02 1.227598464070213822e+03
6.570449500554939277e+02 1.228573806881243172e+03
6.534472667034787037e+02 1.229984538928768643e+03
6.512508342602892526e+02 1.230876529477196982e+03
6.503007769145393695e+02 1.231492785793562689e+03
6.509289283731260412e+02 1.231898945030538698e+03
6.532900505902192663e+02 1.231868465430016840e+03
6.561553072625698633e+02 1.231679888268156446e+03
6.587200447928331641e+02 1.230834826427771532e+03
6.601607341490545195e+02 1.230253615127919829e+03
6.601699164345403688e+02 1.230062395543175398e+03
6.579741046831956055e+02 1.229692561983471023e+03
6.525817782656421286e+02 1.229499451152579695e+03
6.504970124932102635e+02 1.228718631178707255e+03
6.505967123287671257e+02 1.228442739726027412e+03
6.523209809264304795e+02 1.227659945504087091e+03
6.548580821917807953e+02 1.227056986301369761e+03
6.579199779249447602e+02 1.226438741721854285e+03
6.607324175824176109e+02 1.226191208791208737e+03
6.627477973568281868e+02 1.226102973568281868e+03
6.626194641880808831e+02 1.226326407873154722e+03
6.606864686468646823e+02 1.227224972497249837e+03
6.573492239467849458e+02 1.228344235033259338e+03
6.540342541436464217e+02 1.229541436464088292e+03
6.504175884955752736e+02 1.231065818584070712e+03
