6.563794266441821037e+02 1.232827431141090528e+03
6.581373439273552322e+02 1.232996594778660665e+03
6.605796857463524248e+02 1.232246352413019167e+03
6.624409448818897772e+02 1.231032058492688520e+03
6.625356141334829090e+02 1.229632080762759415e+03
6.616212037548316403e+02 1.228305356156819471e+03
6.602397987702627233e+02 1.227362772498602681e+03
6.588555493586168268e+02 1.227160066926938043e+03
6.563623188405797464e+02 1.227455406911928549e+03
6.535863991081382665e+02 1.228460981047937594e+03
6.520044272274487867e+02 1.229842280022136038e+03
6.516887052341597837e+02 1.230453994490358127e+03
6.523530386740332006e+02 1.230519337016574582e+03
6.535979097909790880e+02 1.230557205720572028e+03
6.552991071428571104e+02 1.230270647321428669e+03
6.572088218872138441e+02 1.230020658849804477e+03
6.580668163952835812e+02 1.229216170690623358e+03
6.579597540525433033e+02 1.228373392956959151e+03
6.571362367392517854e+02 1.227926298157453857e+03
6.553089700996678175e+02 1.227486710963455153e+03
6.532927777777778147e+02 1.227456111111111113e+03
6.513028443948688846e+02 1.227440044617958620e+03
6.505592939878654306e+02 1.227404853833425250e+03
6.501370473537604084e+02 1.227962116991643370e+03
6.501403018446059150e+02 1.228403018446059150e+03
6.504527669088876110e+02 1.228992733370597989e+03
6.515535614133482341e+02 1.229315199102635916e+03
6.528402234636871526e+02 1.229308938547485923e+03
6.528401114206128568e+02 1.228983286908078071e+03
6.525856353591160541e+02 1.228323756906077278e+03
6.524527363184079150e+02 1.227829740187949255e+03
6.524067143643368354e+02 1.226631260319207513e+03
6.518820936639118599e+02 1.226139944903581181e+03
6.505205327413984833e+02 1.226058823529411711e+03
6.494643054786939729e+02 1.226355838406198018e+03
6.495096418732782695e+02 1.226608264462809984e+03
6.505972451790634068e+02 1.227675482093663959e+03
6.513592286501377657e+02 1.228273278236914621e+03
6.515885619100499753e+02 1.229450305385896627e+03
6.519217877094971527e+02 1.230087150837988929e+03
6.531535455053043506e+02 1.230096594081518788e+03
6.537028539451595179e+02 1.229907106883044207e+03
6.536192865105908822e+02 1.230133221850613154e+03
6.530764508928571104e+02 1.229742745535714221e+03
6.534746518105849873e+02 1.229125905292479047e+03
6.541641456582633509e+02 1.228407843137254986e+03
6.545997764114030133e+02 1.227680268306316293e+03
6.547077777777777783e+02 1.227182777777777801e+03
6.550412026726057775e+02 1.227282850779509999e+03
6.554963666852989945e+02 1.227721632196758037e+03
6.550653631284916401e+02 1.228881564245810068e+03
6.537196885428253381e+02 1.230246941045606263e+03
6.520565410199556027e+02 1.230809312638580877e+03
6.514424778761061816e+02 1.230985619469026460e+03
6.525765418502202238e+02 1.230845264317180636e+03
6.542414756847400668e+02 1.229664617104527679e+03
6.556856353591160769e+02 1.228392265193370122e+03
6.572412256267409703e+02 1.227080222841225577e+03
6.583765227021041255e+02 1.226312292358803916e+03
6.590893665158371277e+02 1.226013574660633594e+03
6.591783510936623998e+02 1.226226023555804886e+03
6.583245663122552287e+02 1.227015109121432488e+03
6.563869179600886810e+02 1.227544345898004394e+03
6.545891772501380501e+02 1.228524572059635602e+03
6.536090557702926844e+02 1.229985091109884024e+03
6.530695748205411064e+02 1.230503036996134824e+03
6.535476992143659345e+02 1.231399551066217782e+03
6.550732662192393718e+02 1.231576621923937410e+03
6.574094488188976584e+02 1.231101799775028212e+03
6.598070469798657314e+02 1.230280201342281771e+03
6.609156424581005922e+02 1.229199441340782187e+03
6.607398779811425129e+02 1.228128119800332797e+03
6.598340757238307788e+02 1.226854677060133554e+03
6.592675585284281397e+02 1.226452062430323394e+03
6.571795735129068134e+02 1.226592592592592609e+03
6.541498043599776793e+02 1.227411403018445981e+03
6.520765391014974739e+02 1.228698835274542489e+03
6.516491130820398894e+02 1.229596452328159558e+03
6.541026508742244232e+02 1.230424703891708987e+03
