6.598316885964911762e+02 1.229126096491228054e+03
6.599010989010988624e+02 1.228996703296703345e+03
6.584210236653824495e+02 1.229466152999449605e+03
6.560338243316966782e+02 1.229591925804691755e+03
6.546151315789473983e+02 1.229407894736842081e+03
6.548005540166204810e+02 1.229465373961218802e+03
6.566736958934517361e+02 1.229175915649278522e+03
6.583952459922609250e+02 1.229156992813709167e+03
6.597494517543859729e+02 1.229307565789473756e+03
6.597238928376161766e+02 1.229341170038272367e+03
6.586003289473684390e+02 1.229208881578947285e+03
6.561846747519294922e+02 1.229300441014333046e+03
6.536249319542732792e+02 1.229463255307566669e+03
6.518351468988030319e+02 1.229529923830250254e+03
6.510251366120218108e+02 1.229715846994535468e+03
6.513648424543946476e+02 1.229665561083471630e+03
6.523887665198237755e+02 1.229274779735682841e+03
6.539633536923930706e+02 1.228802887284841745e+03
6.550648558758315403e+02 1.228300443458979998e+03
6.554977827050997803e+02 1.228581485587583074e+03
6.556350082827167398e+02 1.228531750414135786e+03
6.549016483516483049e+02 1.228976373626373515e+03
6.537289156626505928e+02 1.229152792990142416e+03
6.527380297193175238e+02 1.229065492570170591e+03
6.524103410341034532e+02 1.228716721672167296e+03
6.533855885588558294e+02 1.228371837183718299e+03
6.556708652792990506e+02 1.228320372398685549e+03
6.585980230642503557e+02 1.228359143327841821e+03
6.606017553483269467e+02 1.228381239714755793e+03
6.612615384615384073e+02 1.228352197802197907e+03
6.598565121412804046e+02 1.228859271523178904e+03
6.578314917127071340e+02 1.229107182320442007e+03
6.554853994490358673e+02 1.229151515151515241e+03
