6.572552467385138470e+02 1.229198525241066363e+03
6.568045784477944835e+02 1.229101619207146769e+03
6.564135254988913175e+02 1.229378048780487916e+03
6.561035834266517668e+02 1.229395856662933966e+03
6.560251537171603786e+02 1.229373951928451561e+03
6.558320268756998530e+02 1.229377379619260864e+03
6.559764309764309473e+02 1.229043209876543187e+03
6.564818130945718622e+02 1.228822607722439898e+03
6.571965382467894869e+02 1.228411501954215510e+03
6.578612040133779146e+02 1.228358974358974365e+03
6.580903479236812927e+02 1.228352413019079677e+03
6.578734671125974955e+02 1.228424191750278624e+03
6.575541967759866111e+02 1.228397443023902269e+03
6.570799776286353335e+02 1.228395413870246102e+03
6.568632336655592781e+02 1.228348837209302246e+03
6.564775374376040418e+02 1.228295063782584521e+03
6.561750559284116662e+02 1.228366890380313180e+03
6.558051224944321120e+02 1.228173719376392000e+03
6.557473625763465179e+02 1.228177123820099951e+03
6.557824151363383862e+02 1.228145242070116865e+03
6.563730425055928208e+02 1.228278523489932923e+03
6.571163575042158982e+02 1.228360314783586318e+03
6.580577030812324892e+02 1.228326610644257698e+03
6.587915492957746437e+02 1.228580845070422583e+03
6.594567415730336961e+02 1.229237078651685351e+03
6.597041387024607957e+02 1.229338926174496692e+03
6.600847362514028873e+02 1.229361952861952886e+03
6.605142537730575896e+02 1.229514812744549999e+03
6.607502799552071338e+02 1.229356103023516198e+03
6.611069819819820168e+02 1.229433558558558616e+03
6.610207282913165727e+02 1.229489075630252046e+03
6.607292015633723850e+02 1.229338358458961466e+03
6.602537479178233752e+02 1.228529150471960065e+03
6.596327212020033812e+02 1.228503617139677317e+03
6.587486126526082444e+02 1.228188679245283083e+03
6.584212576516416675e+02 1.228278797996661069e+03
6.581704863051984375e+02 1.228229737283398435e+03
6.574148936170212210e+02 1.228455207166853370e+03
6.565558643690939107e+02 1.228637576431350681e+03
6.559430344049633277e+02 1.228700507614213166e+03
6.557511160714285552e+02 1.229203683035714221e+03
6.559660633484162418e+02 1.229074660633484200e+03
6.564583333333333712e+02 1.229289414414414523e+03
6.570367024280067199e+02 1.229249011857707501e+03
6.575545607162842998e+02 1.229413542249580360e+03
6.578020190689848050e+02 1.229221536735838527e+03
6.580259740259740511e+02 1.229268210050818652e+03
6.582021336327906056e+02 1.229390791690061860e+03
6.586208821887213389e+02 1.229563930764935776e+03
6.588308988764044898e+02 1.229450561797752698e+03
6.587900956668541994e+02 1.229984805852560385e+03
6.587351290684623564e+02 1.230160493827160508e+03
6.584730705163798348e+02 1.230276513048306469e+03
6.579053452115813343e+02 1.230337416481069113e+03
6.571828925154754870e+02 1.230209904333145687e+03
6.566657350475126123e+02 1.230185019564002232e+03
6.563934151785714448e+02 1.230029017857142890e+03
6.558221099887766741e+02 1.229811447811447806e+03
6.550782657657657637e+02 1.229658220720720692e+03
6.546886426592798216e+02 1.229493074792243760e+03
6.542674157303371203e+02 1.229442696629213515e+03
6.545073198198198270e+02 1.229560247747747781e+03
6.551307042253521331e+02 1.229345352112675982e+03
6.559751693002257298e+02 1.229358352144469563e+03
6.570305257207461409e+02 1.229564160542679474e+03
6.575692652832304930e+02 1.229735277621985460e+03
6.576138392857143344e+02 1.229833147321428669e+03
6.574943946188341215e+02 1.230125560538116588e+03
6.570985442329226771e+02 1.230143337066069535e+03
6.565815126050420076e+02 1.230099719887955189e+03
6.562758046614872001e+02 1.230042730299667028e+03
6.560897363993269664e+02 1.230125630959057844e+03
6.557122982749026505e+02 1.229826933778519788e+03
6.553897550111358896e+02 1.230080178173719332e+03
6.554482372691661567e+02 1.230205372132064895e+03
6.556013475575518896e+02 1.230211678832116831e+03
6.557898591549295588e+02 1.229867605633802896e+03
6.558892013498312963e+02 1.229807086614173159e+03
6.560741573033708391e+02 1.230102247191011202e+03
6.560789915966386161e+02 1.229857142857142890e+03
6.562767402376910013e+02 1.230022071307300621e+03
6.563824678950306861e+02 1.229610273590173165e+03
6.567625979843224968e+02 1.229086786114221695e+03
6.570128635346756028e+02 1.229038031319910488e+03
6.574387640449438095e+02 1.229190449438202222e+03
6.576914893617021107e+02 1.228623740201567671e+03
6.576436081903707418e+02 1.228523519645821807e+03
6.574394693200663369e+02 1.228601437258153737e+03
6.572680756395996013e+02 1.228610678531701978e+03
6.570194986072423262e+02 1.228806685236768772e+03
6.570954519932622588e+02 1.229354295339696819e+03
6.566999442275515548e+02 1.229538204127161180e+03
6.563007226236798033e+02 1.229897165091717625e+03
6.560111172873819214e+02 1.230087270705947731e+03
6.560299999999999727e+02 1.229886111111111177e+03
6.560145089285714448e+02 1.229776227678571331e+03
6.560653631284916401e+02 1.229432960893854670e+03
6.565530133928571104e+02 1.229347656250000000e+03
6.571318003365114464e+02 1.229092540661805970e+03
6.575495495495495106e+02 1.228962837837837924e+03
6.575893965031020798e+02 1.228955442752397175e+03
6.574277746793084134e+02 1.228844952593418839e+03
6.567751249305940746e+02 1.228498056635202602e+03
6.563251942286348140e+02 1.228605438401775700e+03
6.557923588039867582e+02 1.228486157253599004e+03
6.554584257206208804e+02 1.228611973392461096e+03
6.547243483083749425e+02 1.228480865224625632e+03
6.543847429519071284e+02 1.228243228302929765e+03
