6.688062622309197423e+02 1.261076320939334664e+03
6.517202838557067253e+02 1.254427557658190381e+03
6.350658271322266728e+02 1.246367487120778378e+03
6.216617312072893355e+02 1.237976082004555792e+03
6.100524534686970810e+02 1.230525098702763671e+03
5.965124716553287954e+02 1.222866213151927468e+03
5.813040865384615472e+02 1.216327524038461434e+03
5.667350029120559611e+02 1.210453698311007656e+03
5.515131042516015896e+02 1.207278974956319189e+03
5.382485515643105600e+02 1.202840092699884053e+03
5.293637901861252431e+02 1.198140439932318031e+03
5.243934698395130454e+02 1.193779745434421784e+03
5.256627384960718246e+02 1.190973625140291915e+03
5.314022578728461212e+02 1.189304218657159936e+03
5.424492924528301501e+02 1.188219339622641428e+03
5.563327126008690584e+02 1.185787709497206606e+03
5.696956241956241911e+02 1.184299227799227765e+03
5.864362958359229197e+02 1.185458048477315060e+03
6.045200517464423910e+02 1.186822768434670024e+03
6.210454545454545041e+02 1.190346508563899761e+03
6.392940438871473816e+02 1.194221316614420175e+03
6.567260450160771370e+02 1.200600643086816717e+03
6.699531051964512471e+02 1.207676172370088807e+03
6.827493872549019898e+02 1.215661151960784309e+03
6.951710858585859114e+02 1.224243055555555657e+03
7.075222849968612309e+02 1.231662272441933510e+03
7.238444306160547512e+02 1.238746110765401454e+03
7.420837209302325164e+02 1.244476411960132964e+03
7.590747354497354991e+02 1.249125000000000000e+03
7.746761673741661980e+02 1.253000606428138326e+03
7.848864182692307168e+02 1.256446514423076906e+03
7.897297612114152798e+02 1.259333139196272668e+03
7.896884393063584184e+02 1.261853179190751462e+03
7.842511627906976628e+02 1.264419767441860358e+03
7.756156138259833597e+02 1.266644219308700940e+03
7.630266745702430171e+02 1.269365737996443386e+03
7.497443286327406895e+02 1.269714285714285779e+03
7.345184960582171243e+02 1.270196482716798073e+03
7.154754196642685429e+02 1.268594724220623448e+03
6.958641484426772195e+02 1.265850894632206746e+03
6.777440334128878021e+02 1.261327565632458345e+03
6.571260504201680988e+02 1.254961584633853590e+03
6.400505548705301635e+02 1.248009864364981468e+03
6.270885504794134704e+02 1.240228990411731502e+03
6.141144444444444161e+02 1.232112222222222272e+03
6.005723416618245665e+02 1.225044741429401483e+03
5.872567489948305592e+02 1.218816197587593251e+03
5.542913385826772128e+02 1.209792852816474806e+03
