6.542629262926292313e+02 1.229402640264026331e+03
6.545172031076581334e+02 1.229967258601553795e+03
6.545993322203672733e+02 1.230086811352253790e+03
6.544645799011532290e+02 1.229485996705107027e+03
6.549368770764119745e+02 1.229167774086378813e+03
6.564535853251807112e+02 1.228418010005558699e+03
6.578314855875831881e+02 1.227635809312638685e+03
6.578957761930882953e+02 1.227297312122874473e+03
6.572054644808742978e+02 1.227630054644808752e+03
6.568077765607886249e+02 1.228144030668127016e+03
6.568854625550660558e+02 1.228426211453744600e+03
6.566686746987951437e+02 1.228939759036144551e+03
6.573406472846955921e+02 1.229249588590235817e+03
6.576778149386844916e+02 1.229195094760312259e+03
6.569301045679691242e+02 1.228362685745734780e+03
6.570154696132597110e+02 1.227738121546961338e+03
6.563557639271924700e+02 1.227445670159955853e+03
6.556758091058694617e+02 1.227481075150850302e+03
6.556796703296703299e+02 1.227652197802197861e+03
6.556829402084475760e+02 1.228454744925946216e+03
6.550291048874245234e+02 1.229310818231740768e+03
6.545203296703297156e+02 1.229483516483516496e+03
6.540538165842943954e+02 1.230081823174080228e+03
6.535143014301430640e+02 1.229714521452145163e+03
6.552957589285714448e+02 1.228763392857142890e+03
