6.503214285714285552e+02 1.223486263736263709e+03
6.464705240174672554e+02 1.225177401746724854e+03
6.441056644880173963e+02 1.225771241830065264e+03
6.435123558484349360e+02 1.226973640856672091e+03
6.450918086860912126e+02 1.226988455195162260e+03
6.487765486725663777e+02 1.226663163716814097e+03
6.548044692737430523e+02 1.225725139664804374e+03
6.605774410774411081e+02 1.225109427609427712e+03
6.650894677236692587e+02 1.224785390713476772e+03
6.678126045733407636e+02 1.224261572783045267e+03
6.681104815864022157e+02 1.224700283286118975e+03
6.660383098591548787e+02 1.225327323943661895e+03
6.612772778402700169e+02 1.226412260967379098e+03
6.561198417184849632e+02 1.227266817410966723e+03
6.510677966101694665e+02 1.228335028248587605e+03
6.466611295681062757e+02 1.229563676633444175e+03
6.446198668146504360e+02 1.230500554938956611e+03
6.444875069405885597e+02 1.230997779011660214e+03
6.473252536640360404e+02 1.231301014656144389e+03
6.519781105990783772e+02 1.231154377880184256e+03
6.572453810623557047e+02 1.230660508083140940e+03
6.634715680643308815e+02 1.229359563469270597e+03
6.673150371640937237e+02 1.229062321326472329e+03
6.688070776255707415e+02 1.228930936073059456e+03
6.675832862789384308e+02 1.229117447769621776e+03
6.641125866050808781e+02 1.229972286374134001e+03
6.592055109070034860e+02 1.231033295063145715e+03
6.537828311540648656e+02 1.232150085275724905e+03
6.499169550173010066e+02 1.233107843137254804e+03
6.471948275862068840e+02 1.233681034482758605e+03
6.460980056980057498e+02 1.234184615384615427e+03
6.474319221967963358e+02 1.234042906178489602e+03
6.505546605293441189e+02 1.234034522439585771e+03
6.559674229203025106e+02 1.233753344968004740e+03
6.613961153619776496e+02 1.233093584461448017e+03
6.663705014749263000e+02 1.232527433628318477e+03
6.702835383714118507e+02 1.231793204452255395e+03
6.711634671320534835e+02 1.231852239674229168e+03
6.692908343125734518e+02 1.232636897767332584e+03
6.645272621809745033e+02 1.233502900232018646e+03
6.591494388659184551e+02 1.234289427052569408e+03
6.544414831981459884e+02 1.234814600231749637e+03
6.504799068142108354e+02 1.235796738497379238e+03
6.483471741637831656e+02 1.235662053056516697e+03
6.482052023121386810e+02 1.235855491329479719e+03
6.500933333333333621e+02 1.234775072463768083e+03
6.540087719298245474e+02 1.233828070175438597e+03
6.587691401648999090e+02 1.232892226148409918e+03
6.644181818181817789e+02 1.231787683284457444e+03
6.684970794392523885e+02 1.230664135514018653e+03
6.698820453224868743e+02 1.230121441022661202e+03
6.682131242740998687e+02 1.230538908246225219e+03
6.643139872315728098e+02 1.230963435867672615e+03
6.598227774549679907e+02 1.231748402091807066e+03
6.542501447596988555e+02 1.233005211349160390e+03
6.499782359679267074e+02 1.233115120274914034e+03
6.471688684663986351e+02 1.233859850660539905e+03
6.462612407512806385e+02 1.233780876494023914e+03
6.474136752136752193e+02 1.233090028490028544e+03
6.504639409426462180e+02 1.232407722884724535e+03
6.556993087557603985e+02 1.231133064516129025e+03
6.609756662804171583e+02 1.229802433371958386e+03
6.645978072706290050e+02 1.228892671667628292e+03
6.669868270332187876e+02 1.227987972508591156e+03
6.666178307779670149e+02 1.227386712095400298e+03
6.643234624145785574e+02 1.226990318906606035e+03
6.600945017182131096e+02 1.227899770904925617e+03
6.549920454545454049e+02 1.228448863636363740e+03
6.508830803822372673e+02 1.229328836424957899e+03
6.468362930077691999e+02 1.229726415094339700e+03
6.444707828004410430e+02 1.229646637265711206e+03
6.438291069459756955e+02 1.229242557883131212e+03
6.456976872246696075e+02 1.228175110132158579e+03
6.496392896781353556e+02 1.226963928967813445e+03
6.542349971957374919e+02 1.225555804823331528e+03
6.596410112359550340e+02 1.224244382022471882e+03
6.632872460496613485e+02 1.223026523702031682e+03
6.646052779337451284e+02 1.222386299831555334e+03
6.635992239467849458e+02 1.221932372505543299e+03
6.604168514412416471e+02 1.222207317073170771e+03
6.563657587548638048e+02 1.223061145080600227e+03
6.513088397790055524e+02 1.224414364640884060e+03
6.475000000000000000e+02 1.225083606557377152e+03
6.452539338035811625e+02 1.225794357026587022e+03
6.444465442764578711e+02 1.225893628509719292e+03
6.456021798365122777e+02 1.225223978201634964e+03
6.484969896004379279e+02 1.224765188834154287e+03
6.527112947658401936e+02 1.223380716253443552e+03
6.575270194986072738e+02 1.222221727019498530e+03
6.612121043864519834e+02 1.221662409772348610e+03
6.637924737133370172e+02 1.221048699501936881e+03
6.637940199335548641e+02 1.220957364341085167e+03
6.615252357182473588e+02 1.221073765945646073e+03
6.570172798216276533e+02 1.221463768115942003e+03
6.521205752212389370e+02 1.222637168141592838e+03
6.477974683544304071e+02 1.223917446340121160e+03
6.448107064017659695e+02 1.225188741721854285e+03
6.435116911364872294e+02 1.225992387166938443e+03
6.440190943807965596e+02 1.226071467539552714e+03
6.470571114772103556e+02 1.225838001098297582e+03
6.521221543586896132e+02 1.224847862298722930e+03
6.575376404494381859e+02 1.224784269662921361e+03
6.631805869074491966e+02 1.224121331828442408e+03
6.665724678231673579e+02 1.223346390598768949e+03
6.678977777777778329e+02 1.223340555555555511e+03
6.668427216954823962e+02 1.224230897936419296e+03
6.632224719101124037e+02 1.224630898876404444e+03
6.587646396396396540e+02 1.225717905405405418e+03
6.531152542372881271e+02 1.226863276836158093e+03
6.485525291828794252e+02 1.228185658699277383e+03
6.458422818791946156e+02 1.229171140939597308e+03
6.447373117679866255e+02 1.229977133296151806e+03
6.501034678794769661e+02 1.230372939169983056e+03
