6.632175125488008689e+02 1.227872838817624142e+03
6.610942970073405149e+02 1.228142292490118507e+03
6.574654505251520504e+02 1.228111663902708642e+03
6.551786114221724802e+02 1.228866741321388645e+03
6.533698324022346924e+02 1.229131843575418998e+03
6.511691708402893255e+02 1.229467445742904829e+03
6.496690807799442382e+02 1.229542061281337055e+03
6.486054687500000000e+02 1.229685267857142890e+03
6.474983407079646440e+02 1.230237278761062043e+03
6.469324473975636920e+02 1.230427464008859261e+03
6.468414293690675549e+02 1.230656616415410326e+03
6.473247335950644583e+02 1.230770050476724691e+03
6.479684684684684726e+02 1.230573761261261325e+03
6.487284916201117539e+02 1.230225139664804374e+03
6.496627712854757419e+02 1.230157484696716665e+03
6.511526674233824679e+02 1.230144721906923905e+03
6.535986622073578474e+02 1.229847268673355529e+03
6.567021158129175546e+02 1.229443763919821777e+03
6.588838888888889187e+02 1.229379444444444516e+03
6.604587257617728255e+02 1.229166759002770050e+03
6.618517067711247819e+02 1.229044767767207532e+03
6.626261160714285552e+02 1.229064732142857110e+03
6.625703168426904313e+02 1.229216231239577610e+03
6.619212860310420865e+02 1.229428492239467914e+03
6.615590334980779517e+02 1.229738605161998976e+03
6.607229916897506428e+02 1.229596121883656451e+03
6.595754189944134396e+02 1.229970391061452574e+03
6.586235359732291954e+02 1.230139988845510288e+03
6.568797077009555778e+02 1.229944912872400209e+03
6.544216666666666242e+02 1.230222777777777765e+03
6.515970149253731734e+02 1.230508568269762236e+03
6.492165178571428896e+02 1.231102120535714221e+03
6.484234184239733167e+02 1.231341842397336222e+03
6.482329828444936766e+02 1.231345323741007178e+03
6.480861111111111086e+02 1.232132777777777846e+03
6.481259842519684753e+02 1.232031496062992119e+03
6.484883333333333439e+02 1.231694999999999936e+03
6.492477628635347173e+02 1.231439038031320024e+03
6.506942889137737893e+02 1.230865061590145615e+03
6.525027995520716786e+02 1.230410974244121007e+03
6.544308897593732581e+02 1.230171796306659189e+03
6.557728547392035807e+02 1.229920358945597400e+03
6.569247191011236282e+02 1.229615168539325850e+03
6.583387186629526013e+02 1.229288022284122462e+03
6.623998887652948042e+02 1.228331479421579616e+03
6.637937219730941933e+02 1.228026345291479856e+03
6.633338852097130030e+02 1.227882450331125938e+03
6.617445983379501513e+02 1.227968975069252110e+03
6.603442350332594515e+02 1.227926274944567695e+03
6.585257332595462003e+02 1.227998893193137746e+03
6.565667970933482138e+02 1.227912800447177233e+03
6.548126737076153177e+02 1.228196220122290242e+03
6.530556483027268087e+02 1.228462993878686802e+03
6.517122982749026505e+02 1.228840845854201461e+03
6.498992161254199118e+02 1.229269316909294503e+03
6.476947835738068306e+02 1.229344062153163122e+03
6.464137741046831707e+02 1.229450137741046774e+03
6.449853603603603460e+02 1.229572072072072160e+03
6.435243424734190967e+02 1.229753777280358236e+03
6.427606026785714448e+02 1.229398995535714221e+03
6.436229691876750394e+02 1.229339495798319376e+03
6.455318791946308465e+02 1.228469239373601795e+03
6.468172222222221990e+02 1.228393888888888796e+03
6.482159598214285552e+02 1.228059709821428669e+03
6.506231239577542738e+02 1.228006114508060136e+03
6.530682953914491691e+02 1.227955580233203818e+03
6.552627450980392041e+02 1.227860504201680669e+03
6.567681239623685769e+02 1.227260099612617523e+03
6.574079020589872471e+02 1.227190317195325633e+03
6.581398328690808057e+02 1.226825069637882962e+03
6.592611111111110631e+02 1.226525000000000091e+03
6.597604856512141396e+02 1.226810154525386224e+03
6.600668915120854763e+02 1.227181562675660416e+03
6.605527332965212963e+02 1.227294864715626773e+03
6.594903793293018452e+02 1.227550852116547503e+03
6.566588759042849688e+02 1.228171953255425706e+03
6.529868059373281994e+02 1.228498625618471578e+03
6.509286504424778741e+02 1.228363384955752281e+03
6.493987898789879409e+02 1.228611661166116619e+03
6.473966850828729775e+02 1.229144751381215428e+03
6.456969026548672446e+02 1.229233407079645986e+03
6.446079514080618083e+02 1.229542241855328484e+03
6.437828254847645439e+02 1.229922991689750688e+03
6.434454897620365728e+02 1.230304371887105617e+03
6.437147613762485889e+02 1.230245837957824733e+03
6.446875693673696333e+02 1.230261931187569417e+03
6.453708867819296984e+02 1.230373117679866255e+03
6.459222535211267768e+02 1.230141408450704148e+03
6.491259798432250818e+02 1.229519596864501636e+03
