6.565328874024526158e+02 1.230175585284280942e+03
6.591560402684564224e+02 1.229994407158836793e+03
6.616150837988826652e+02 1.230413966480447016e+03
6.633147009502515630e+02 1.230226942425936386e+03
6.654408963585434549e+02 1.229884033613445354e+03
6.676872222222222035e+02 1.229694999999999936e+03
6.691305084745762315e+02 1.229730508474576254e+03
6.698928170594837184e+02 1.229762065095398384e+03
6.703391353172374920e+02 1.230137563166760174e+03
6.701629339305710573e+02 1.230227883538633705e+03
6.694229490022172513e+02 1.229825388026607470e+03
6.692020145495243924e+02 1.230194739787353001e+03
6.689679380873410537e+02 1.230347705914870176e+03
6.688979028697572176e+02 1.230490618101545351e+03
6.682488888888889278e+02 1.230464444444444553e+03
6.671151038742279979e+02 1.230333520494104505e+03
6.653606281547953358e+02 1.229579360628154745e+03
6.629612577203818091e+02 1.229652442448062857e+03
6.607636967349197903e+02 1.230196458218041016e+03
6.586817930271167825e+02 1.230460431654676313e+03
6.562250839865621401e+02 1.230667413213885766e+03
6.536284606866001923e+02 1.230377630121816082e+03
6.515581395348837077e+02 1.229938538205979967e+03
6.497007218212104362e+02 1.229191004997223672e+03
6.483086763070077723e+02 1.229055061179087943e+03
6.473387096774193878e+02 1.228996662958843217e+03
6.454845984598459836e+02 1.228421342134213319e+03
6.442673707615341527e+02 1.228342412451361952e+03
6.431549139367018597e+02 1.228293725707939984e+03
6.424713656387665424e+02 1.228288546255506617e+03
6.423333333333333712e+02 1.228427237781438862e+03
6.425035891772500918e+02 1.228707896189950361e+03
6.431764705882352473e+02 1.229166946778711463e+03
6.437558659217877448e+02 1.229209497206703873e+03
6.443819095477387009e+02 1.228855388051367981e+03
6.457819089900110612e+02 1.228749722530521694e+03
6.474054203539823220e+02 1.228373893805309763e+03
6.497328918322295976e+02 1.228676600441501023e+03
6.520818385650223945e+02 1.229095852017937204e+03
6.534172259507829494e+02 1.229211409395973078e+03
6.549198879551820482e+02 1.229245378151260411e+03
6.559802927927927385e+02 1.229410472972972912e+03
6.571390914189568093e+02 1.229278743690409328e+03
6.595474860335195899e+02 1.229215642458100547e+03
6.621327683615819524e+02 1.229061581920904018e+03
6.633984331281477580e+02 1.229118634583100174e+03
6.645693512304250135e+02 1.228819910514541334e+03
6.668087248322148071e+02 1.228848993288590691e+03
6.682642777155655267e+02 1.228386338185890281e+03
6.689215686274509380e+02 1.228570868347339001e+03
6.692317280453257808e+02 1.228906515580736595e+03
6.687295632698768486e+02 1.229304591265397448e+03
