6.688166948674562491e+02 1.234001128031584813e+03
6.677425519955030495e+02 1.234025295109612216e+03
6.660947012401352367e+02 1.234050732807215354e+03
6.640929971988795160e+02 1.233348459383753607e+03
6.621847704367301048e+02 1.232487681970884751e+03
6.602395309882747370e+02 1.231407593523171499e+03
6.582637795275591088e+02 1.230292463442069675e+03
6.565918708240534443e+02 1.228439309576837331e+03
6.556380952380952749e+02 1.227055462184873932e+03
6.546402439024390105e+02 1.225869733924611864e+03
6.531870100783874022e+02 1.225159014557670844e+03
6.518374301675977449e+02 1.224763128491620137e+03
6.517282850779509999e+02 1.224962138084632443e+03
6.527310690423162214e+02 1.225257795100222665e+03
6.538056322473771615e+02 1.225771949199337314e+03
6.547455654101995606e+02 1.226952882483370331e+03
6.551432568550643509e+02 1.228154448796866291e+03
6.554935861684327847e+02 1.229306190741773662e+03
6.555670391061452165e+02 1.230109497206703963e+03
6.554109050028105230e+02 1.230785272625070320e+03
6.543441340782122779e+02 1.231158659217877130e+03
6.527927977839335654e+02 1.231357894736842127e+03
6.516498054474708397e+02 1.231143413007226172e+03
6.510077562326870293e+02 1.230514681440443155e+03
6.503268374164811121e+02 1.230326280623608000e+03
6.495080600333518532e+02 1.229802668148971634e+03
6.487661111111110586e+02 1.229544444444444480e+03
6.486655574043261367e+02 1.229395452024403767e+03
6.493019607843136782e+02 1.229477310924369704e+03
6.501858902575587535e+02 1.229444568868980923e+03
6.508214285714285552e+02 1.229358258928571331e+03
6.522340665538634994e+02 1.229127467569092005e+03
6.535407938257993692e+02 1.228599779492833477e+03
6.540139353400222717e+02 1.228425863991081314e+03
6.537660626029653486e+02 1.227723228995057752e+03
6.539479512735326807e+02 1.227212070874861638e+03
6.554394193188162490e+02 1.226646566164154137e+03
6.571845204711161159e+02 1.226286595625350628e+03
6.589334836527621064e+02 1.226007328072153314e+03
6.601534569983136862e+02 1.226205171444631787e+03
6.611119194180190561e+02 1.226471180749860196e+03
6.626396648044692483e+02 1.227375418994413394e+03
6.641872890888638494e+02 1.228230596175478013e+03
6.652636312535131538e+02 1.229548622821810113e+03
6.661938202247190475e+02 1.230660112359550567e+03
6.682190152801358636e+02 1.231844934917940009e+03
6.700831918505941758e+02 1.232719298245614027e+03
6.706042720629567384e+02 1.233160764474423786e+03
6.691826330532212523e+02 1.233456022408963690e+03
6.674751972942502789e+02 1.233740698985343897e+03
6.653586833144154298e+02 1.233296821793416484e+03
6.632554621848739771e+02 1.232236414565826408e+03
6.612142456533931636e+02 1.231328098710039285e+03
6.591496904895891475e+02 1.230133933595948292e+03
6.573364849833147900e+02 1.228411568409343772e+03
6.558990518683770006e+02 1.227386503067484682e+03
6.529580110497237229e+02 1.225440331491712641e+03
