6.545624652970572015e+02 1.229332593003886814e+03
6.549961197339246155e+02 1.229409090909090992e+03
6.556441717791410611e+02 1.229447295036252171e+03
6.558954393770856086e+02 1.229462736373748612e+03
6.559106548279688695e+02 1.229379578246392839e+03
6.559716193656093992e+02 1.229334446299387764e+03
6.558331485587583529e+02 1.229268292682926813e+03
6.560050139275765559e+02 1.229378830083565390e+03
6.560116796440489679e+02 1.229295328142380413e+03
6.560261401557286263e+02 1.229359288097886520e+03
6.563513664249860540e+02 1.229231455660903521e+03
6.564740078256008928e+02 1.229211850195639954e+03
6.564885793871866326e+02 1.229305849582172641e+03
6.565312500000000000e+02 1.229280133928571331e+03
6.566914477361654008e+02 1.229308552263834599e+03
6.568222222222221944e+02 1.229100555555555502e+03
6.568719512195121979e+02 1.229138580931263959e+03
6.569057649667405485e+02 1.229054323725055383e+03
6.570328324986087409e+02 1.228966054535336752e+03
6.573863381858902812e+02 1.229007278835386387e+03
6.577348189415041588e+02 1.228789415041782831e+03
6.577462437395658981e+02 1.228669449081802895e+03
6.578025583982202988e+02 1.228767519466073509e+03
6.578681135225375556e+02 1.228867000556482935e+03
6.578008923591745543e+02 1.228761851645287152e+03
6.577677275265215258e+02 1.228785594639866076e+03
6.575898566703417600e+02 1.229054024255788363e+03
6.572855561704482170e+02 1.229158826784725989e+03
6.569260485651213912e+02 1.229351545253863151e+03
6.563997785160576086e+02 1.229355481727574670e+03
6.560973451327433850e+02 1.229381637168141651e+03
6.557311946902655109e+02 1.229284845132743385e+03
6.553475138121547161e+02 1.229157458563536011e+03
6.553495844875345711e+02 1.229104155124653744e+03
6.556922216004476240e+02 1.229166759932848436e+03
6.561221159257174804e+02 1.229234665166010018e+03
6.561045531197302125e+02 1.229109612141652633e+03
6.563337028824834078e+02 1.229147450110864838e+03
6.567607602012296866e+02 1.229230855226383483e+03
6.571338935574229936e+02 1.229217927170868279e+03
6.572171236709568802e+02 1.229129826524902001e+03
6.569646604086140087e+02 1.229146880176698005e+03
6.566547749725576750e+02 1.229135016465422723e+03
