6.608507135016465099e+02 1.229919319429198595e+03
6.577894450489662859e+02 1.229906420021762870e+03
6.556760176017601225e+02 1.230637513751375081e+03
6.550061902082161396e+02 1.231167135621834632e+03
6.562690557451649056e+02 1.231362912400455116e+03
6.586625491297023700e+02 1.230758001122964515e+03
6.616520270270269748e+02 1.230494932432432506e+03
6.632631874298540424e+02 1.229867003367003463e+03
6.625093304061471144e+02 1.229524698133918719e+03
6.605750273822562804e+02 1.229469879518072275e+03
6.572598253275109528e+02 1.229451419213973850e+03
6.533324190894130652e+02 1.229234229292375176e+03
6.497905073649754968e+02 1.230028368794326298e+03
6.479792236194641646e+02 1.230378895571350540e+03
6.473622392974752984e+02 1.230430845225027497e+03
6.485544444444444707e+02 1.229992777777777746e+03
6.513142061281337192e+02 1.229473537604456851e+03
6.543712374581939457e+02 1.229057413600891778e+03
6.572466216216216708e+02 1.229441441441441384e+03
6.580674157303370748e+02 1.229887640449438095e+03
6.567072349971957692e+02 1.230219854178351170e+03
6.546172355903748894e+02 1.230215444879686629e+03
6.536827509706045021e+02 1.230205213533000460e+03
6.536991689750692558e+02 1.230042105263157964e+03
6.566188907193849218e+02 1.229677649643053201e+03
6.603485682819383555e+02 1.229560572687224749e+03
6.628603504928805705e+02 1.229400328587075592e+03
6.628590933915893402e+02 1.229277444019661289e+03
6.612311062431543860e+02 1.229299014238773225e+03
6.580738512035011354e+02 1.229649890590809719e+03
6.557924737133370172e+02 1.230367459878251339e+03
6.556373687119955775e+02 1.230428966279712540e+03
6.584208144796380111e+02 1.230527714932126628e+03
