6.559634955752212591e+02 1.231216261061946852e+03
6.574665930425179567e+02 1.230829376035339692e+03
6.587585446527011754e+02 1.230207276736493895e+03
6.594227551589515315e+02 1.229208031232571102e+03
6.591937465103294471e+02 1.228349525404801852e+03
6.578320441988950051e+02 1.228180662983425464e+03
6.566087437742113480e+02 1.228291643608190270e+03
6.554944751381215156e+02 1.228490607734806645e+03
6.544503858875413016e+02 1.229199558985666954e+03
6.537833795013850704e+02 1.230059279778393375e+03
6.542370452039691600e+02 1.230425578831312123e+03
6.553546255506607849e+02 1.230330947136563964e+03
6.560687742651136887e+02 1.230308929561841296e+03
6.564078150798018214e+02 1.229714914694551453e+03
6.566217702034084596e+02 1.228832325453545991e+03
6.562249724972497233e+02 1.228106160616061516e+03
6.552357813362782508e+02 1.228244616234124805e+03
6.542303030303030482e+02 1.228279889807162590e+03
6.533296460176991332e+02 1.229385508849557482e+03
6.515757409440175252e+02 1.229832052689352395e+03
6.501885019347705565e+02 1.230191818684355894e+03
6.505917456776352310e+02 1.229977691020635802e+03
6.515385038503850410e+02 1.229408140814081435e+03
6.528324175824176336e+02 1.229241758241758134e+03
6.545135135135135442e+02 1.228393822393822347e+03
6.555119910764082078e+02 1.228271054099275034e+03
6.552847682119205501e+02 1.228116445916114799e+03
6.545853926414058606e+02 1.228429434376716017e+03
6.541373961218836257e+02 1.228805540166204992e+03
6.531961111111111222e+02 1.229657777777777710e+03
6.520418041804180120e+02 1.230419691969196947e+03
6.520055187637968857e+02 1.230505518763796999e+03
6.533794618341570413e+02 1.230356946732564438e+03
6.544375343973582630e+02 1.230374793615850194e+03
6.556869184455391633e+02 1.230428024083196533e+03
6.570621220450797182e+02 1.229431555799890020e+03
6.575725534308211309e+02 1.228847019122609709e+03
6.567612437534702394e+02 1.228435313714602898e+03
6.538214676889375596e+02 1.229303395399781039e+03
