6.476738173817382176e+02 1.190797029702970349e+03
6.440254604550378872e+02 1.193788732394366207e+03
6.422586112629852551e+02 1.198986331328594815e+03
6.398615049073064256e+02 1.205284623773173280e+03
6.353320463320463887e+02 1.214694980694980586e+03
6.317187839305103125e+02 1.223044516829533222e+03
6.308409574468084884e+02 1.231405851063829687e+03
6.324750271444082728e+02 1.239077090119435297e+03
6.366733556298773919e+02 1.245633779264214127e+03
6.437073446327683541e+02 1.250303954802259796e+03
6.524709897610921416e+02 1.254928327645051240e+03
6.604759976865240105e+02 1.256267784846732184e+03
6.668511601584606296e+02 1.257189020939445300e+03
6.720691218130311881e+02 1.256441926345609090e+03
6.766840612592172874e+02 1.253064662507090134e+03
6.805162556053811613e+02 1.249000000000000000e+03
6.855418304323413849e+02 1.243215047725996556e+03
6.893167981961668147e+02 1.235859639233370899e+03
6.906402640264026331e+02 1.227919141914191414e+03
6.892040245947456469e+02 1.218821129122414732e+03
6.832313638873550872e+02 1.209680839315295316e+03
6.738442669709070287e+02 1.201632629777524244e+03
6.618488764044943764e+02 1.195133146067415737e+03
6.535131652661063981e+02 1.191472268907562921e+03
6.473854686633388837e+02 1.191754298391569591e+03
6.435683060109289499e+02 1.194563934426229480e+03
6.420298750678979331e+02 1.199454644215100416e+03
6.350763316858868848e+02 1.215232839099395960e+03
