6.579896788990826053e+02 1.229161697247706343e+03
6.580074498567335013e+02 1.229108882521489932e+03
6.569892045454545269e+02 1.229452840909090810e+03
6.552458547741566690e+02 1.230073184676958363e+03
6.532067007382169095e+02 1.230232254400908687e+03
6.509869243888573465e+02 1.230795338260375274e+03
6.488956570783982443e+02 1.231224478285392024e+03
6.476623522791221603e+02 1.231378165447383253e+03
6.473948401570387432e+02 1.231257431295569177e+03
6.482220329358318622e+02 1.231080636002271376e+03
6.497841359773370868e+02 1.231023229461756273e+03
6.520227143668370218e+02 1.230370244179443489e+03
6.540720363017583168e+02 1.229748156551333068e+03
6.556696781479390665e+02 1.229378317334839039e+03
6.565939977349943319e+02 1.229209513023782620e+03
6.567984099943214460e+02 1.229194775695627413e+03
6.566131386861313786e+02 1.229280741156653676e+03
6.553769014084507489e+02 1.229598309859154824e+03
6.541996577296064288e+02 1.230564175698802046e+03
6.537204899777283345e+02 1.230580178173719332e+03
6.541951080773606009e+02 1.231156996587030790e+03
6.560449050086356237e+02 1.231462867012089873e+03
6.585778781038375200e+02 1.230900677200902919e+03
6.619159568427030536e+02 1.230036910846110231e+03
6.651054441260745307e+02 1.229741547277936888e+03
6.671252860411899519e+02 1.229255148741418679e+03
6.681870709382151290e+02 1.228898169336384399e+03
6.681105383734250154e+02 1.228337915234822503e+03
6.667721590909090992e+02 1.228665340909090901e+03
6.642640320733104318e+02 1.229066437571592132e+03
6.613179223744292585e+02 1.229353881278538893e+03
6.585868945868945730e+02 1.230005698005697923e+03
6.562033898305085131e+02 1.230293785310734393e+03
6.549628190899001083e+02 1.230552719200887850e+03
6.552594472645233736e+02 1.230747884940778249e+03
6.569227298364354510e+02 1.230756909193457432e+03
6.600375426621160386e+02 1.229883959044368567e+03
6.632625504904789295e+02 1.230097518753606437e+03
6.662605714285714384e+02 1.229397142857142853e+03
6.679764232317423875e+02 1.229055204140310479e+03
6.681469907407407618e+02 1.228995370370370438e+03
6.672555873925501828e+02 1.228776504297994279e+03
6.657635019897669508e+02 1.229165434906196651e+03
6.637079796264855531e+02 1.229316921335597044e+03
6.614171883892998949e+02 1.229951622083096254e+03
6.594274376417233725e+02 1.230185941043083858e+03
6.586326185101580677e+02 1.230991534988713283e+03
6.588393665158371277e+02 1.230878393665158455e+03
6.602952218430034463e+02 1.230716723549488052e+03
6.624691428571428560e+02 1.230651428571428596e+03
6.656462585034013273e+02 1.230019841269841208e+03
6.687749712973593432e+02 1.229331228473019564e+03
6.709953837276399327e+02 1.229297749567224400e+03
6.721403812824956958e+02 1.229108607741190099e+03
6.716662876634451322e+02 1.229026719727117779e+03
6.701410477835348729e+02 1.228869314910765752e+03
6.677403628117913286e+02 1.229056122448979522e+03
6.645450980392156453e+02 1.229121568627450870e+03
6.615774647887324136e+02 1.229944225352112653e+03
6.585385487528344584e+02 1.230428004535147466e+03
6.562893544733861972e+02 1.231035673839184710e+03
6.551649831649831413e+02 1.230856902356902310e+03
6.554582623509369341e+02 1.231294718909710355e+03
6.568357870894677717e+02 1.231009060022650146e+03
6.589920948616601208e+02 1.230605307735742599e+03
6.620519110096976192e+02 1.230218482601254891e+03
6.645887691435053739e+02 1.229563244469653910e+03
6.662729852440409104e+02 1.229373439273552776e+03
6.675584415584415865e+02 1.229547148503670314e+03
6.677099322799097081e+02 1.229345936794582485e+03
6.673518099547511611e+02 1.229774321266968400e+03
6.662095400340715514e+02 1.230106757524134082e+03
6.646527621195039046e+02 1.230610484780157776e+03
6.630404789053591230e+02 1.231116305587229135e+03
6.616270893371757893e+02 1.231703746397694431e+03
6.615808281338627239e+02 1.231271128757799261e+03
6.624069043576683953e+02 1.230516129032258050e+03
6.640098039215686185e+02 1.230840253748558325e+03
6.663047455688964646e+02 1.229817038307604435e+03
6.677993158494869022e+02 1.229342075256556427e+03
6.678217539863326238e+02 1.229238610478359988e+03
6.669776887871853432e+02 1.229304919908466900e+03
6.653448667044809781e+02 1.229662507090187091e+03
6.625849377123442991e+02 1.230159116647791507e+03
6.596148190045248612e+02 1.231088235294117567e+03
6.572311212814645387e+02 1.231325514874141845e+03
6.551347031963470045e+02 1.231918378995433841e+03
6.534929338609383649e+02 1.232158281514980217e+03
6.535286443562109753e+02 1.232268859897901393e+03
6.550294617563739621e+02 1.231881586402266294e+03
6.575385934819896647e+02 1.231133218982275594e+03
6.601876065946560175e+02 1.230424104604889180e+03
6.630396551724137453e+02 1.229831034482758696e+03
6.650911713791114153e+02 1.229251586843623727e+03
6.656077758719268331e+02 1.229246998284734218e+03
6.649383561643835492e+02 1.229250000000000000e+03
6.628690476190475920e+02 1.229563492063492049e+03
6.603217737350767038e+02 1.230341102899374619e+03
6.575468397291195970e+02 1.230976862302483141e+03
6.554061971830985840e+02 1.231557183098591622e+03
6.540234505862646301e+02 1.231741485203796856e+03
6.533093363329584236e+02 1.232114735658042719e+03
6.537554929577464691e+02 1.232099154929577480e+03
6.552019122609673332e+02 1.231538245219347573e+03
6.571421232876712111e+02 1.231131278538812694e+03
6.593715258082813762e+02 1.230224049914917714e+03
6.608654937570942138e+02 1.229584562996594741e+03
6.614098360655738134e+02 1.229373657433578273e+03
6.604775028121484866e+02 1.229284026996625471e+03
6.585355932203390239e+02 1.229153107344632872e+03
6.551886363636364194e+02 1.229510795454545359e+03
6.511304347826087451e+02 1.230084668192219624e+03
6.479496567505721032e+02 1.230874713958810162e+03
6.449937993235625981e+02 1.231336527621195046e+03
6.430568561872909186e+02 1.231785953177257625e+03
6.425656791503632803e+02 1.231990497484628349e+03
6.431245772266065615e+02 1.231887260428410400e+03
6.451583427922814735e+02 1.231290011350737814e+03
6.477925170068027683e+02 1.231316326530612287e+03
6.506741573033707482e+02 1.230741011235955057e+03
6.530474285714285543e+02 1.230363428571428585e+03
6.544703534777651157e+02 1.230114025085518733e+03
6.546508742244782297e+02 1.229772137619853311e+03
6.540132032146957499e+02 1.229721584385763435e+03
6.524960762331838851e+02 1.229507286995515642e+03
6.503175408911449722e+02 1.229637337845459570e+03
6.477271195957326881e+02 1.230443571027512689e+03
6.456617647058823195e+02 1.230931561085972817e+03
6.438297752808988434e+02 1.231095505617977551e+03
6.426291053227632801e+02 1.231312004530011336e+03
6.428480585256049835e+02 1.231266741699493423e+03
6.437502824858756867e+02 1.231315819209039546e+03
6.454442548350398283e+02 1.231120022753128524e+03
6.471893896177980423e+02 1.230805476326297821e+03
6.484464487034949798e+02 1.230402480270574870e+03
6.487470489038786354e+02 1.230147273749297256e+03
6.482613122171945861e+02 1.230159502262443539e+03
6.470952649379931927e+02 1.230461668545659450e+03
6.449545196134166645e+02 1.230881182490051060e+03
6.432830508474576163e+02 1.231063276836158138e+03
6.423498591549296179e+02 1.231118873239436653e+03
6.421964991530209090e+02 1.231079616036137850e+03
6.427210227272727252e+02 1.231049431818181802e+03
6.447634105025409781e+02 1.230673066064370460e+03
6.477250000000000227e+02 1.230221590909090992e+03
6.503027888446215456e+02 1.229397837222538328e+03
6.531455372370664918e+02 1.229245594087549762e+03
6.555527210884354190e+02 1.229050453514739274e+03
6.565558706749858402e+02 1.229239364719228661e+03
6.559835414301929859e+02 1.229269580022701575e+03
6.544201917653693954e+02 1.229714608009024232e+03
6.520114416475972803e+02 1.230343821510297403e+03
6.491279863481228176e+02 1.230333902161547257e+03
6.463940079140757007e+02 1.230843979649519497e+03
6.446514382402707497e+02 1.231275803722504179e+03
6.438868243243243796e+02 1.231210022522522422e+03
6.446943502824858570e+02 1.230898870056497117e+03
6.463871331828441953e+02 1.230267494356659199e+03
6.485820556501987539e+02 1.230026121521862478e+03
6.511835803876853106e+02 1.229088939566704767e+03
6.528174603174603590e+02 1.228853174603174693e+03
6.537864464692482898e+02 1.229011958997722104e+03
6.534607122668173815e+02 1.229054267947993139e+03
6.522010309278350633e+02 1.229273195876288582e+03
6.502660653889515743e+02 1.229378804960541174e+03
6.475073863636363285e+02 1.229948295454545359e+03
6.449493166287015811e+02 1.230246583143507905e+03
6.432047111609646208e+02 1.230508693213684865e+03
6.423193420306296275e+02 1.230999432785025419e+03
6.426763532763533249e+02 1.231182905982906050e+03
6.446135593220338933e+02 1.231058192090395551e+03
6.477394526795894762e+02 1.230913911060433293e+03
6.507959067652075191e+02 1.229869243888573010e+03
6.541946347031963569e+02 1.229257420091324093e+03
6.570718390804597675e+02 1.228935632183907956e+03
6.587150932730355635e+02 1.228404748445449513e+03
6.591297142857142717e+02 1.228231999999999971e+03
6.584615819209039955e+02 1.228989830508474597e+03
6.567797281993205161e+02 1.229239524348810846e+03
6.546076879592990281e+02 1.229575466365178045e+03
6.520974504249292067e+02 1.230334844192634591e+03
6.500979614949037568e+02 1.230876557191392976e+03
6.485654390934844287e+02 1.231244759206798790e+03
6.479188732394366070e+02 1.231309859154929654e+03
6.486369282891022294e+02 1.231373800112930439e+03
6.500833333333333712e+02 1.230989795918367236e+03
6.521904491188174688e+02 1.230488914155770317e+03
6.541340147643384171e+02 1.230177739920499789e+03
6.560291095890411270e+02 1.229563926940639249e+03
6.575141083521444898e+02 1.229489277652370220e+03
6.580774526678141001e+02 1.229367183017785464e+03
6.579414440022740109e+02 1.229509380329732721e+03
6.571650650084793597e+02 1.230096099491237965e+03
6.557810383747178093e+02 1.230630925507900656e+03
6.546804767309874933e+02 1.231196935300794621e+03
6.545998868138086664e+02 1.231323712507074106e+03
6.555823429541595715e+02 1.231552348613469121e+03
6.577200226244343639e+02 1.231650452488687733e+03
6.610640365923384252e+02 1.231121783876500785e+03
6.640005740528129081e+02 1.230970149253731279e+03
6.661237172177878847e+02 1.230245724059293025e+03
6.674085227272727252e+02 1.229963068181818244e+03
6.677061826432218368e+02 1.229446398184912141e+03
6.668733371891266870e+02 1.229903412377096629e+03
6.650142045454545041e+02 1.229706818181818107e+03
6.628011331444758980e+02 1.230390368271954685e+03
6.603059023836549386e+02 1.230457434733257742e+03
6.575814877910278256e+02 1.231077796706416848e+03
6.559294117647058329e+02 1.231422969187675108e+03
6.565154755205402353e+02 1.231383230163196458e+03
