6.548612652608212557e+02 1.230778579356270711e+03
6.570545353366721884e+02 1.230548135781858718e+03
6.576536772777168380e+02 1.229992316136114141e+03
6.572682391662095824e+02 1.229360943499725636e+03
6.567067254685777016e+02 1.228607497243660418e+03
6.556975206611570002e+02 1.228346556473829196e+03
6.547947454844006643e+02 1.228383141762452169e+03
6.536369636963696621e+02 1.228773927392739324e+03
6.533209809264304795e+02 1.229417438692098131e+03
6.529164391043145770e+02 1.230467504096122411e+03
6.527253714914694456e+02 1.230768299394606402e+03
6.537259825327511180e+02 1.230698689956331918e+03
6.546425834701697113e+02 1.230470169677066224e+03
6.551799000555247403e+02 1.230354247640199901e+03
6.555341856586992435e+02 1.229697053918843721e+03
6.545076586433260672e+02 1.229031728665207766e+03
6.537693565976009040e+02 1.229116684841875667e+03
6.536842966194111568e+02 1.229386041439476458e+03
6.535717403164211419e+02 1.230142935079105200e+03
6.524227421109901570e+02 1.230459738846572463e+03
6.533570646221248808e+02 1.230305038335158770e+03
6.538907284768212094e+02 1.230525386313465788e+03
6.551911111111111268e+02 1.230276666666666642e+03
6.563963616317530523e+02 1.229641675854465348e+03
6.568025372311086585e+02 1.229361279646994035e+03
6.563626914660831062e+02 1.229888402625820618e+03
6.560027247956403471e+02 1.230319346049046317e+03
6.554734246575342240e+02 1.230827397260273983e+03
6.550291048874245234e+02 1.232099395936298833e+03
6.549215578716401751e+02 1.232572682391662056e+03
6.548028634361234026e+02 1.232481277533039702e+03
6.558024349750968440e+02 1.232151079136690669e+03
6.575359116022099215e+02 1.231879558011049767e+03
6.583862755949087386e+02 1.231337576092971858e+03
6.588454746136865197e+02 1.230542494481236190e+03
6.584994493392071035e+02 1.230195484581497794e+03
6.577489082969432275e+02 1.229585698689956416e+03
6.556520787746170527e+02 1.230424507658643279e+03
