6.578403547671840670e+02 1.229529379157427911e+03
6.562573325954621168e+02 1.229241283895960123e+03
6.549405346426623282e+02 1.229206764866339427e+03
6.547156916347730657e+02 1.229225259704756809e+03
6.557693156732891566e+02 1.229221302428255967e+03
6.578104793756967865e+02 1.229220735785953138e+03
6.583920581655480646e+02 1.229044183445190129e+03
6.577070204532891466e+02 1.229169707020453188e+03
6.567092704333516622e+02 1.229323093801426239e+03
6.563193460490463167e+02 1.229463760217983690e+03
6.564799119427627829e+02 1.229517886626307018e+03
6.576461199779856770e+02 1.229213538800220249e+03
6.588451720310765722e+02 1.229197003329633844e+03
6.595114206128133674e+02 1.229450139275766105e+03
6.581651982378854200e+02 1.229324889867841421e+03
6.566278814489571687e+02 1.229357299670691646e+03
6.552649336283185448e+02 1.229595685840708029e+03
6.555995623632385332e+02 1.229478118161925522e+03
6.567482054113748973e+02 1.229274434014356757e+03
6.576642778390297508e+02 1.229244211686879908e+03
6.573545706371190818e+02 1.229277562326869884e+03
6.562681843420322139e+02 1.229415324819544594e+03
6.547486278814490106e+02 1.229166300768386463e+03
6.547301762114537951e+02 1.229214207048458093e+03
