6.711245714285714712e+02 1.227977142857142780e+03
6.712181303116146864e+02 1.228135410764872631e+03
6.706444941307993304e+02 1.228055338177752901e+03
6.698341793570219806e+02 1.228040045121263347e+03
6.693821046707935238e+02 1.228247608328643764e+03
6.688421052631579187e+02 1.228267637178051473e+03
6.681790123456789843e+02 1.228659932659932565e+03
6.674786995515695480e+02 1.228624439461883412e+03
6.670463276836158002e+02 1.228888135593220341e+03
6.672874929258630345e+02 1.229326542161856196e+03
6.680943396226415416e+02 1.229233847913093086e+03
6.692902675014229317e+02 1.229100170745589139e+03
6.700401146131805490e+02 1.228881948424068696e+03
6.696016759776535991e+02 1.228463687150838041e+03
6.681662857142856637e+02 1.228870857142857176e+03
6.666512276785714448e+02 1.228167410714285779e+03
6.654719416386083140e+02 1.228136924803591455e+03
6.649807583474815829e+02 1.228081494057724967e+03
6.647555679287305566e+02 1.228189866369710444e+03
6.650522727272726797e+02 1.228174431818181802e+03
6.656197654941373685e+02 1.228302065884980493e+03
6.659434608794974793e+02 1.228637350085665275e+03
6.659446030839520745e+02 1.229011993146773193e+03
6.654239864864864558e+02 1.229011261261261325e+03
6.643507295173961893e+02 1.229398428731762124e+03
6.627182072829131130e+02 1.229310364145658241e+03
6.600537757437070923e+02 1.229502860411899292e+03
6.574117315284828464e+02 1.229647490129723565e+03
6.556804700615556385e+02 1.229682708449916163e+03
6.538930782217220212e+02 1.229770399549802960e+03
6.523428892636312639e+02 1.229291174817313049e+03
6.515385915492958020e+02 1.229275492957746565e+03
6.507263990955342479e+02 1.229148671565856375e+03
6.496188340807175337e+02 1.228865470852018007e+03
6.483966101694915096e+02 1.228779096045197775e+03
6.466147816349383675e+02 1.228804591265397448e+03
6.440215786484951650e+02 1.228756956274843787e+03
6.417697072072072615e+02 1.228985923423423401e+03
6.397639508928571104e+02 1.228978794642857110e+03
6.381651735722284684e+02 1.229185330347144372e+03
6.374548494983278033e+02 1.229075250836120404e+03
6.372604573340769321e+02 1.228973786949247142e+03
6.375354946897708714e+02 1.228831190609279020e+03
6.381319796954314825e+02 1.228306260575296164e+03
6.384471771939630571e+02 1.228238121855785266e+03
6.384332774986041841e+02 1.228216080402009993e+03
6.381269662921348527e+02 1.228657303370786622e+03
6.374326160815402318e+02 1.229454133635334074e+03
6.365974316024567088e+02 1.229726409826912231e+03
6.361013513513513544e+02 1.229872184684684726e+03
6.359447236180905065e+02 1.230374092685650567e+03
6.363973063973063518e+02 1.230455106621773211e+03
6.372457722660653872e+02 1.230399661781285204e+03
6.380051282051282442e+02 1.230153846153846189e+03
6.387337078651685260e+02 1.229989887640449524e+03
6.395053642010163912e+02 1.230022586109542544e+03
6.397959413754227853e+02 1.229589064261555905e+03
6.400718732314658155e+02 1.229226938313525807e+03
6.402405929304446772e+02 1.229376282782212002e+03
6.400203274985883581e+02 1.229260869565217490e+03
6.391516508114158341e+02 1.229670956911023950e+03
6.383361204013377801e+02 1.230035674470457025e+03
6.380810508664058034e+02 1.230065958636109599e+03
6.382573363431150710e+02 1.230130925507900656e+03
6.388312570781426984e+02 1.230009626274065795e+03
6.396706214689265835e+02 1.229924293785310738e+03
6.406277249860256688e+02 1.229252096143096651e+03
6.411710526315789593e+02 1.229441647597253905e+03
6.412805633802817056e+02 1.229354366197183026e+03
6.409126760563380003e+02 1.229513239436619642e+03
6.401652613827993719e+02 1.229388420460933048e+03
6.392850729517396076e+02 1.229689674523007852e+03
6.385945343000557841e+02 1.229654210819855052e+03
6.387364297705652234e+02 1.229781197537772869e+03
6.400405251141552299e+02 1.229932077625570855e+03
6.414436260623228918e+02 1.229966005665722378e+03
6.422494318181818471e+02 1.230012500000000045e+03
6.428819840364880065e+02 1.230047320410490329e+03
6.429385315879339942e+02 1.229922595332953961e+03
6.429265793966989122e+02 1.229924871940808089e+03
6.426013628620102054e+02 1.230242475865985170e+03
6.424714997232982796e+02 1.229519092418373020e+03
6.423736017897091415e+02 1.229170022371364666e+03
6.416762874929258942e+02 1.229525183927560875e+03
6.412928053541550071e+02 1.229258226436140603e+03
6.415891647855530664e+02 1.229443566591422041e+03
6.429943630214205541e+02 1.229298759864712565e+03
6.449830795262267884e+02 1.229291032148900058e+03
6.464248878923766597e+02 1.229454035874439569e+03
6.478099775784753547e+02 1.229417600896860904e+03
6.486981553940748881e+02 1.229306316377864732e+03
6.487905935050391690e+02 1.229495520716685405e+03
6.489291736930859997e+02 1.229553119730185472e+03
6.496811836962590405e+02 1.229426018983808035e+03
6.505691876750699976e+02 1.229461064425770246e+03
6.521076746849943220e+02 1.229545819014891094e+03
6.545137717818998908e+02 1.229377178189994311e+03
6.570114351057746944e+02 1.228802744425385981e+03
6.601427755568246312e+02 1.228748715019988595e+03
6.633491428571428514e+02 1.228769142857142924e+03
6.652368421052631220e+02 1.228859267734553669e+03
6.665153061224490330e+02 1.229026643990929642e+03
6.672590293453724826e+02 1.229062641083521385e+03
6.676042363433667788e+02 1.229137123745819508e+03
6.681825842696629252e+02 1.229235955056179819e+03
6.689263456090651516e+02 1.229410764872521213e+03
6.696024844720496958e+02 1.229153585544889893e+03
6.704231851435002909e+02 1.228778840742824968e+03
6.718120089786756353e+02 1.228298540965207621e+03
6.726964586846543170e+02 1.227918493535694097e+03
6.735028280542986749e+02 1.227994343891402650e+03
6.739344355758266829e+02 1.228170467502850670e+03
6.737063492063491594e+02 1.228299886621315181e+03
6.734323562570461945e+02 1.228280721533258202e+03
6.726890756302520913e+02 1.228194957983193262e+03
6.718683615819209081e+02 1.228323163841807855e+03
6.714211418880723841e+02 1.228813453928773242e+03
6.709744172825469377e+02 1.228817509948834640e+03
6.708214486243683723e+02 1.228536777091521571e+03
6.713216308040770173e+02 1.228451868629671480e+03
6.727420814479637556e+02 1.228058823529411711e+03
6.739920318725099833e+02 1.227491178144564628e+03
6.743458689458689150e+02 1.227557264957265033e+03
6.740965556182947012e+02 1.227258046301524473e+03
6.731995464852607256e+02 1.227374716553287954e+03
6.721240834743372261e+02 1.227331641285956039e+03
6.709476056338028229e+02 1.227233239436619670e+03
6.706579677956690375e+02 1.227524708495280493e+03
6.705850415512464906e+02 1.227619944598337952e+03
6.705136948015650660e+02 1.227948574622694196e+03
6.707022346368714807e+02 1.228184916201117403e+03
6.712627070245573577e+02 1.228271273557966879e+03
6.719290176036342928e+02 1.228162407722884836e+03
6.719563244469653682e+02 1.227845717526942735e+03
6.715860335195530979e+02 1.227863128491620046e+03
6.707029147982062796e+02 1.227784192825112086e+03
6.701492877492877369e+02 1.228128205128205082e+03
6.696381431767338199e+02 1.228252237136465283e+03
6.689639029892837243e+02 1.228165820642977906e+03
6.683950755456071420e+02 1.228453273642977138e+03
6.680681690140845603e+02 1.228421971830985967e+03
6.681916572717024110e+02 1.228287485907553446e+03
6.690442678774120395e+02 1.228269580022701575e+03
6.702096590909090992e+02 1.228450000000000045e+03
6.711675272518646125e+02 1.228386689615605292e+03
6.708828880045480219e+02 1.227946560545764669e+03
6.695590729225550604e+02 1.227821368004522355e+03
6.678421645997744918e+02 1.227496617812852264e+03
6.666361594609769554e+02 1.227695676586187574e+03
6.659174620999438048e+02 1.227738349241998776e+03
6.655926339285714448e+02 1.227945870535714221e+03
6.657697478991597109e+02 1.227816806722689080e+03
6.663368893879842290e+02 1.228192026951151092e+03
6.670445459737293277e+02 1.228131924614506033e+03
6.671132075471698499e+02 1.228254431103487605e+03
6.667061132922041224e+02 1.228416152551878895e+03
6.656715575620767140e+02 1.228907449209932338e+03
6.617514124293785471e+02 1.229071186440678048e+03
