6.573270614277809045e+02 1.229457111234089552e+03
6.575644002211166708e+02 1.229235489220563750e+03
6.585958264689730868e+02 1.229295442064799545e+03
6.585547003848267877e+02 1.229281473336998260e+03
6.578464088397789737e+02 1.229558011049723746e+03
6.573999999999999773e+02 1.229719777158774377e+03
6.567491730981256524e+02 1.229337375964718831e+03
6.567244224422441903e+02 1.229253575357535738e+03
6.564319822320933326e+02 1.228976124375347126e+03
6.561702717692734268e+02 1.229180255130338310e+03
6.565508051082731527e+02 1.229245419211549233e+03
6.573041294642856656e+02 1.229174665178571331e+03
6.580332957110609868e+02 1.229638826185101607e+03
6.582397067117879033e+02 1.229606880992667811e+03
6.577964893033461067e+02 1.229134942402632987e+03
6.578511576626240185e+02 1.229295479603087188e+03
6.579922394678492310e+02 1.229529933481152966e+03
6.583088071348940957e+02 1.229365105908584155e+03
6.584495005549389361e+02 1.229279134295227550e+03
6.577152281473337325e+02 1.229549752611324948e+03
6.576463146314631558e+02 1.229680418041804160e+03
6.576597260273972552e+02 1.229395068493150575e+03
6.579275843007186495e+02 1.229398009950248706e+03
6.576309719934101850e+02 1.229268533772652290e+03
6.574253192670738599e+02 1.229264852859522534e+03
6.572476454293629331e+02 1.229289750692520784e+03
6.565212121212121019e+02 1.229220385674931094e+03
6.560103881902679177e+02 1.229131765992345436e+03
6.553692393114936294e+02 1.229466962798445365e+03
6.563232998885172265e+02 1.229204013377926458e+03
6.567992256637168111e+02 1.229166482300885036e+03
6.568940654464780664e+02 1.229448141985579696e+03
6.569617516629712100e+02 1.229419623059867035e+03
6.570233853006681102e+02 1.229506124721603555e+03
6.575459070796459855e+02 1.229284292035398266e+03
6.583421926910299362e+02 1.229410299003322280e+03
6.579922779922779910e+02 1.229473248758963109e+03
6.572148806218767731e+02 1.229463076068850569e+03
6.562768891340319897e+02 1.229533370104798678e+03
6.556479338842975721e+02 1.229153719008264488e+03
