6.716728708403835526e+02 1.230159052453468803e+03
6.732341628959276250e+02 1.229506787330316683e+03
6.733485360360360801e+02 1.229266891891891873e+03
6.733340883352208266e+02 1.229087202718006893e+03
6.738119369369369451e+02 1.229320945945946050e+03
6.741588468061050889e+02 1.229148106274731390e+03
6.738686131386861007e+02 1.229405390230207786e+03
6.722833985466741069e+02 1.229453884851872544e+03
6.711458915595304688e+02 1.229875908328675223e+03
6.697849162011173121e+02 1.229954189944133987e+03
6.677174762702401267e+02 1.229894472361808994e+03
6.644473981900453055e+02 1.229389705882352928e+03
6.614418475236504946e+02 1.229330550918197105e+03
6.587808522412839238e+02 1.229068068622025521e+03
6.566054083885210275e+02 1.228838852097130257e+03
6.549410443571027827e+02 1.228683323975294797e+03
6.525938018815717214e+02 1.228744881018262276e+03
6.493108779679735107e+02 1.228887355052457224e+03
6.462311946902655109e+02 1.229025995575221259e+03
6.439122905027933257e+02 1.229188826815642415e+03
6.422200000000000273e+02 1.229421111111111031e+03
6.409198452183526342e+02 1.229482587064676636e+03
6.394390377255331259e+02 1.229460360852925078e+03
6.387576923076923094e+02 1.229233516483516496e+03
6.384557449147883972e+02 1.229162726772952283e+03
6.379177180471749580e+02 1.229482172243554487e+03
6.384747642817526412e+02 1.229894620077648369e+03
6.395676274944568149e+02 1.230084257206208349e+03
6.407688888888889096e+02 1.230217222222222290e+03
6.417093732667775612e+02 1.230232945091514239e+03
6.431300722623680031e+02 1.230434130072262406e+03
6.450647682858738108e+02 1.230564489112227875e+03
6.475664257921067701e+02 1.230535297387437367e+03
6.505818893236445319e+02 1.230295136948015625e+03
6.533431919642856656e+02 1.230022321428571331e+03
6.555916434540389446e+02 1.229574373259052891e+03
6.582259154929577107e+02 1.229684507042253472e+03
6.606954314720811681e+02 1.229613085166384735e+03
6.627319125070106338e+02 1.230180594503645580e+03
6.647178189994378954e+02 1.230358628442945474e+03
6.662220348510398935e+02 1.230571107363687361e+03
6.678551296505073651e+02 1.230200676437429593e+03
6.706385269121813053e+02 1.230044759206798972e+03
6.721473922902493996e+02 1.229529478458049880e+03
6.723130287648053809e+02 1.229385222786238046e+03
6.721155807365439614e+02 1.229378470254957620e+03
6.722910321489001717e+02 1.229330513254371226e+03
6.724658770445572600e+02 1.229306260575296164e+03
6.718795518207282385e+02 1.229198319327731042e+03
6.705914158305462252e+02 1.229277591973244171e+03
6.686359032076533140e+02 1.229635903207653428e+03
