6.720290267501422932e+02 1.228072282299373910e+03
6.718849407783418428e+02 1.228129723632261630e+03
6.705073115860517419e+02 1.228411136107986522e+03
6.689816618911174828e+02 1.228995415472779314e+03
6.671376564277587704e+02 1.229646188850967064e+03
6.656815107102593174e+02 1.230437993235625754e+03
6.649104729729730252e+02 1.230528153153153198e+03
6.648922121896162025e+02 1.230584650112866711e+03
6.656499999999999773e+02 1.230367415730337143e+03
6.666627384960718246e+02 1.230181818181818244e+03
6.678184373243394703e+02 1.229435075885328843e+03
6.692290598290597927e+02 1.229145299145299077e+03
6.701388571428570913e+02 1.228970857142857085e+03
6.709072282299373455e+02 1.229257825839499219e+03
6.714841089670828751e+02 1.229345629965947865e+03
6.724468447981807913e+02 1.229455372370665145e+03
6.730310166570935735e+02 1.229093049971280834e+03
6.727923777019340150e+02 1.229008532423208180e+03
6.713718820861678296e+02 1.228802721088435419e+03
6.694817107484524286e+02 1.228568373663477814e+03
6.679543918918918735e+02 1.228485923423423401e+03
6.665178770949720501e+02 1.228654748603351891e+03
6.651570294784580710e+02 1.229163265306122412e+03
6.641113623516110920e+02 1.229546636517806746e+03
6.636610738255033084e+02 1.230282438478747281e+03
6.640273660205244823e+02 1.230426453819840390e+03
6.649608399545970769e+02 1.230343359818388308e+03
6.657600452744765107e+02 1.229843237125070800e+03
6.667915254237287854e+02 1.229371186440678002e+03
6.674721274175199142e+02 1.229116609783845206e+03
6.682860373092142936e+02 1.228548897682306460e+03
6.692834376778599790e+02 1.228441661923733591e+03
6.701095811818703396e+02 1.228049340218015004e+03
6.702208695652174129e+02 1.228516521739130440e+03
6.702346590909090764e+02 1.228156250000000000e+03
6.696866928691746352e+02 1.228267265581134097e+03
6.681405191873589047e+02 1.228396162528216792e+03
6.653113636363635806e+02 1.228747727272727161e+03
6.624571106094807647e+02 1.229034988713318171e+03
6.606149522203485276e+02 1.229034288926363160e+03
6.588871882086167489e+02 1.229266439909297105e+03
6.575444319460067391e+02 1.229444881889763792e+03
6.564020156774915904e+02 1.229457446808510667e+03
6.555047619047619492e+02 1.229462184873949582e+03
6.547876254180602018e+02 1.229245261984392528e+03
6.544919039642658163e+02 1.229506979341150100e+03
6.547039731393397233e+02 1.229555120313374346e+03
6.552286202964652375e+02 1.229386545039908697e+03
6.553688711516533658e+02 1.229067274800456062e+03
6.553709768492377634e+02 1.228247317899491918e+03
6.546524902070509597e+02 1.227880805819809666e+03
6.533636363636363740e+02 1.227654997176736288e+03
6.517463442069740722e+02 1.227475253093363335e+03
6.497448004496908425e+02 1.227695896571107369e+03
6.480647887323943905e+02 1.228225352112676092e+03
6.463449438202246711e+02 1.228761235955056236e+03
6.447000000000000455e+02 1.229283798882681594e+03
6.432460496613995247e+02 1.229659706546275402e+03
6.418738687782805528e+02 1.230104638009049722e+03
6.410987723214285552e+02 1.229960379464285779e+03
6.404844097995545553e+02 1.230084075723830665e+03
6.405607995558023049e+02 1.229811771238200890e+03
6.415268156424581321e+02 1.229613966480446834e+03
6.427658263305322635e+02 1.229822408963585531e+03
6.440244040862655766e+02 1.229650397275823025e+03
6.447568781583380542e+02 1.229368893879842744e+03
6.452934472934473433e+02 1.229312250712250716e+03
6.454015882019285755e+02 1.229168462847419278e+03
6.456391402714932610e+02 1.229022058823529505e+03
6.460166379804934422e+02 1.228978198508318883e+03
6.457444884115319610e+02 1.228894855850763179e+03
6.446495248742313606e+02 1.228554499720514286e+03
6.436112044817926972e+02 1.228992717086834773e+03
6.424958030218242584e+02 1.229308337996642422e+03
6.412394127611519252e+02 1.229937323546019115e+03
6.397531003382187009e+02 1.230348928974069850e+03
6.386056887897378829e+02 1.230532069157836077e+03
6.382713483146067119e+02 1.230755617977528118e+03
6.387914798206278419e+02 1.230586322869955211e+03
6.405938914027149167e+02 1.230645361990950278e+03
6.422850678733032055e+02 1.230585972850678672e+03
6.436414455110107156e+02 1.230206098249576598e+03
6.452350597609561191e+02 1.229717131474103553e+03
6.463586402266289497e+02 1.229658923512747833e+03
6.470710194730813782e+02 1.229380297823596720e+03
6.472206975414522958e+02 1.229349342481418034e+03
6.472970521541950575e+02 1.229201814058956870e+03
6.466170212765957785e+02 1.229273796192609097e+03
6.456563728242559819e+02 1.229338573834924091e+03
6.445000000000000000e+02 1.229488188976377842e+03
6.435997757847533194e+02 1.230162556053811613e+03
6.426403409090909236e+02 1.230744318181818244e+03
6.421222658440830173e+02 1.230508693213684865e+03
6.415925306577480569e+02 1.230778149386845143e+03
6.411387315968289613e+02 1.231029445073612578e+03
6.410033726812815758e+02 1.231105677346823995e+03
6.417207207207206920e+02 1.231315878378378329e+03
6.434219457013574583e+02 1.231196832579185411e+03
6.454040517726505186e+02 1.230649409116488414e+03
6.471428571428571104e+02 1.230084803642572524e+03
6.490011337868480723e+02 1.229492063492063380e+03
6.506211950394588257e+02 1.229291995490417094e+03
6.517747035573122503e+02 1.229065499717673674e+03
6.522819484240687871e+02 1.229276217765042929e+03
6.522235494880545730e+02 1.229079067121729167e+03
6.518426395939086433e+02 1.229293852227862317e+03
6.506920045045045526e+02 1.229400337837837924e+03
6.495078212290502506e+02 1.229444134078212301e+03
6.493815937149270212e+02 1.229414141414141341e+03
6.495185393258426529e+02 1.229414606741572925e+03
6.500226628895184149e+02 1.229515580736543825e+03
6.509943630214205541e+02 1.230110484780157776e+03
6.521755079006771894e+02 1.230333521444695180e+03
6.536773109243697490e+02 1.230471148459383812e+03
6.546651735722284684e+02 1.230444008958566656e+03
6.561386986301370143e+02 1.230052511415525032e+03
6.584796794504865147e+02 1.229907269605037300e+03
6.612910744741329836e+02 1.229135872654917648e+03
6.640170454545454959e+02 1.228443181818181756e+03
6.663195876288659747e+02 1.228239977090492630e+03
6.682022857142857220e+02 1.228026285714285677e+03
6.694517766497461935e+02 1.228242526790750162e+03
6.696926966292135148e+02 1.228374157303370794e+03
6.696859738784781939e+02 1.229067007382169322e+03
6.692885487528344584e+02 1.229313492063492049e+03
6.690232294617563866e+02 1.229730311614730908e+03
6.685708639186899518e+02 1.229789949181253633e+03
6.681184135977337064e+02 1.229848158640226529e+03
6.676808510638297776e+02 1.230199328107502879e+03
6.671180124223602661e+02 1.229862789384528469e+03
6.671023308698123628e+02 1.229972143263217731e+03
6.676848928974069395e+02 1.230109357384441864e+03
6.686739741427768422e+02 1.229953344575604206e+03
6.698376404494382541e+02 1.229710674157303401e+03
6.710574516496018305e+02 1.229532423208191176e+03
6.724143583945732416e+02 1.229287733182589136e+03
6.734914383561643945e+02 1.228858447488584488e+03
6.738278409090909236e+02 1.228450000000000045e+03
6.739828080229226543e+02 1.228046418338108879e+03
6.739707736389684669e+02 1.227958739255014279e+03
6.735361581920903973e+02 1.228194915254237230e+03
6.723892351274787416e+02 1.228264589235127460e+03
6.707174887892376773e+02 1.228554932735426064e+03
6.690545454545454049e+02 1.229344886363636306e+03
6.677783417935702346e+02 1.230024816694867468e+03
6.664846110800224324e+02 1.230348069390039200e+03
6.657248883928571104e+02 1.230511160714285779e+03
6.656636871508379727e+02 1.230485474860335216e+03
6.660736301369862531e+02 1.230304223744292131e+03
6.674553621560920647e+02 1.229389668725435058e+03
6.687806524184477439e+02 1.229182789651293660e+03
6.698806916426512998e+02 1.229281268011527345e+03
6.706704740148486508e+02 1.229075956596230753e+03
6.711262857142857001e+02 1.228490285714285619e+03
6.719754285714285515e+02 1.228796571428571497e+03
6.729047619047619264e+02 1.228472789115646265e+03
6.727502824858756867e+02 1.228369491525423655e+03
6.717761363636363967e+02 1.228184090909090855e+03
6.701421262080727956e+02 1.228169982944855064e+03
6.685939427930454713e+02 1.228135165451486273e+03
6.667681078046041421e+02 1.228235822571589097e+03
6.650275862068965580e+02 1.229193678160919490e+03
6.636571428571428442e+02 1.229556862745097987e+03
6.624598870056497617e+02 1.230202824858757140e+03
6.622020089285714448e+02 1.230452566964285779e+03
6.622480270574972110e+02 1.230750281848929035e+03
6.646837366347776879e+02 1.230160945413618492e+03
