6.623536036036035739e+02 1.230064752252252219e+03
6.575620805369127311e+02 1.230334451901565899e+03
6.536406685236769363e+02 1.230569359331476335e+03
6.515810055865921413e+02 1.231403910614525103e+03
6.525566778900112013e+02 1.231231762065095381e+03
6.553091517857143344e+02 1.230481584821428669e+03
6.595601355166572830e+02 1.230093732354602025e+03
6.637065527065526567e+02 1.229130484330484251e+03
6.662740274599542545e+02 1.228895308924485107e+03
6.668687392055268219e+02 1.228782383419689040e+03
6.646710227272727707e+02 1.228901704545454550e+03
6.606458569807037975e+02 1.229194665153235064e+03
6.543993231810491125e+02 1.229366610265087502e+03
6.482804262478967985e+02 1.230218732473359523e+03
6.445002782415136835e+02 1.230293266555370110e+03
6.435344444444444889e+02 1.230283333333333303e+03
6.457010716300056856e+02 1.230031020868584392e+03
6.502711187214612210e+02 1.229483447488584488e+03
6.560660592255125039e+02 1.228966970387243691e+03
6.601374002280501827e+02 1.228430444697833536e+03
6.611853107344633145e+02 1.228103389830508377e+03
6.596717086834734118e+02 1.228007282913165227e+03
6.556397306397306011e+02 1.228294612794612704e+03
6.511504474272931020e+02 1.229440715883668872e+03
6.470514380530973995e+02 1.230061946902654881e+03
6.449939659901261848e+02 1.230445419637959503e+03
6.455708727070594932e+02 1.230320177876598109e+03
6.486362618914381528e+02 1.229387241186345818e+03
6.535781609195402098e+02 1.228920689655172509e+03
6.579024110218140322e+02 1.229010332950631437e+03
6.607301136363636260e+02 1.228215340909090855e+03
6.608089064261555450e+02 1.228246335963923229e+03
6.586495774647887629e+02 1.228242253521126713e+03
6.546370742601898201e+02 1.229084868788386302e+03
6.505340720221606716e+02 1.229272022160664847e+03
6.481757877280265348e+02 1.229967938087341054e+03
6.478948237885462049e+02 1.230208149779735777e+03
6.502149690489588920e+02 1.230053460889138933e+03
6.538615209988648758e+02 1.229606696935300761e+03
6.595878339965889836e+02 1.229263786242182960e+03
6.650508670520231362e+02 1.228502312138728257e+03
6.683713633770678371e+02 1.228250427837991992e+03
6.697022857142857220e+02 1.228141714285714215e+03
6.678276631344116367e+02 1.228286112660345680e+03
6.640328054298641973e+02 1.228800339366515800e+03
6.584102419808666582e+02 1.229163759144625828e+03
6.535653867557039121e+02 1.229804117974401834e+03
6.512620232172471333e+02 1.230400221116638932e+03
6.517305122494432226e+02 1.230438752783964446e+03
6.553481481481481978e+02 1.230279202279202309e+03
6.601265094882115818e+02 1.229412880966072407e+03
6.652608695652173765e+02 1.228641304347826008e+03
6.690028918449970661e+02 1.228054366685945524e+03
6.699976931949249774e+02 1.227893886966551236e+03
6.678241944601469413e+02 1.228278123233465294e+03
6.635180790960451986e+02 1.228729943502824881e+03
6.590293271995399209e+02 1.229189764232317430e+03
6.539753914988814358e+02 1.229472035794183512e+03
6.514605626034197030e+02 1.230045780474351886e+03
6.518820255982192293e+02 1.230246521981079468e+03
6.546241648106904449e+02 1.229880289532294000e+03
6.586846284741917543e+02 1.229353374929098209e+03
6.626165714285714330e+02 1.228857714285714337e+03
6.660906499429875112e+02 1.228366590649942964e+03
6.670997150997151266e+02 1.228274643874643971e+03
6.611390465380250134e+02 1.228346197502837640e+03
