6.447932992617830905e+02 1.234659852356615602e+03
6.448117580553985135e+02 1.234488411531938937e+03
6.447789058093626409e+02 1.233441060349689678e+03
6.447593010146561028e+02 1.232948139797068734e+03
6.445633802816901152e+02 1.232157183098591531e+03
6.444044817927170925e+02 1.231173669467787022e+03
6.445172413793103487e+02 1.230795929903900515e+03
6.447757847533632685e+02 1.230035313901345262e+03
6.456222473178994505e+02 1.229496329757199419e+03
6.465694050991501172e+02 1.229328611898017016e+03
6.478207865168539001e+02 1.229043820224719184e+03
6.494086322869954984e+02 1.228664237668161377e+03
6.509049773755656361e+02 1.228686651583710500e+03
6.525072625698323918e+02 1.227980446927374260e+03
6.539893914014517122e+02 1.227729201563372499e+03
6.554088586030663919e+02 1.227931289040318006e+03
6.564317280453258263e+02 1.227495750708215382e+03
6.575365296803653337e+02 1.227675228310502234e+03
6.579440993788820151e+02 1.227408243929982973e+03
6.579470720720720465e+02 1.227467905405405418e+03
6.581363893604980149e+02 1.227465195246179974e+03
6.580934472934472979e+02 1.228031908831908822e+03
6.585309835133598426e+02 1.228361000568504778e+03
6.593173348390739648e+02 1.228196499153020795e+03
6.592972047917854752e+02 1.228551055333713521e+03
6.587605714285714384e+02 1.228812571428571346e+03
6.576505346088913484e+02 1.228813168261114242e+03
6.564302059496567381e+02 1.229844393592677307e+03
6.555542791499138957e+02 1.230615163699023469e+03
6.545046242774566281e+02 1.231391329479768729e+03
6.534043653072947109e+02 1.232178632969557839e+03
6.524729035938390780e+02 1.232332572732458630e+03
6.515025847214244550e+02 1.233055715106260777e+03
6.506988571428571504e+02 1.233164571428571435e+03
6.499423963133640427e+02 1.233691820276497765e+03
6.493981534910559503e+02 1.234151759953837200e+03
6.491562137049942294e+02 1.233998838559814203e+03
6.489146482122260977e+02 1.233704728950403705e+03
6.487091222030981044e+02 1.233657487091222038e+03
6.483679678530425008e+02 1.233990815154994152e+03
6.479284897025171404e+02 1.233606407322654377e+03
6.476928774928775283e+02 1.233548717948717922e+03
6.477309214245336761e+02 1.233102317693612122e+03
6.476780346820809200e+02 1.233849132947976841e+03
6.484690516751845735e+02 1.232738784781374306e+03
6.494054209919262348e+02 1.233272202998846524e+03
6.507836290784201765e+02 1.232714367487120853e+03
6.522274554853532891e+02 1.232622630672027526e+03
6.534755606670499901e+02 1.232216216216216253e+03
6.545115740740740193e+02 1.232004050925925867e+03
6.556009174311926699e+02 1.231023509174312039e+03
6.567007424328954812e+02 1.230397487150199822e+03
6.579570135746606638e+02 1.229634049773755578e+03
6.592338479130932001e+02 1.229425957690108589e+03
6.603400000000000318e+02 1.228946857142857198e+03
6.611774193548386620e+02 1.228501728110599061e+03
6.625395480225988649e+02 1.228230508474576254e+03
6.641083573487031799e+02 1.227863976945244985e+03
6.651405805350028686e+02 1.228044963005122327e+03
6.660084554678692257e+02 1.228027057497181431e+03
6.667197958026091555e+02 1.228263187748156497e+03
6.669256718124643157e+02 1.228524871355059986e+03
6.670874785591767022e+02 1.228708404802744326e+03
6.674136752136752193e+02 1.229450712250712286e+03
6.675838117106774234e+02 1.229712399540757815e+03
6.676225014277555374e+02 1.230103369503141039e+03
6.675755517826825098e+02 1.230237125070741286e+03
6.676078542970973331e+02 1.230533295389869181e+03
6.672498567335243251e+02 1.230702578796561511e+03
6.662316513761468286e+02 1.231129013761467832e+03
6.653696520250998674e+02 1.231530519110096975e+03
6.642216435185184764e+02 1.232139467592592609e+03
6.627263880938752436e+02 1.232598168288494662e+03
6.614116628175519281e+02 1.233010392609699693e+03
6.602912341407151189e+02 1.233305074971164913e+03
6.592724654377880142e+02 1.233436059907834078e+03
6.586181818181818244e+02 1.233853977272727207e+03
6.580413597733711413e+02 1.233710481586402238e+03
6.576371477860839150e+02 1.234226566992524340e+03
6.576370412844037219e+02 1.234259747706422104e+03
6.576449942462601257e+02 1.234282508630609982e+03
6.575685714285714312e+02 1.234119428571428671e+03
6.571233352634626499e+02 1.234116965836710961e+03
6.563874345549737654e+02 1.234273414776032496e+03
6.561733333333332894e+02 1.234059710144927521e+03
6.564593023255813478e+02 1.233713372093023281e+03
6.571674418604651464e+02 1.232928488372092943e+03
6.580894308943089754e+02 1.232204994192799177e+03
6.593707736389684442e+02 1.231373065902578901e+03
6.606410256410256352e+02 1.231207407407407345e+03
6.620156612529002587e+02 1.230464617169373469e+03
6.634160000000000537e+02 1.229866857142857043e+03
6.646923956546597765e+02 1.229350485991995356e+03
6.661568627450980102e+02 1.229053633217993138e+03
6.669925544100801744e+02 1.228715922107674714e+03
6.675852691218129848e+02 1.228313314447592120e+03
6.679297052154195171e+02 1.227891156462585059e+03
6.685128779395296306e+02 1.227840985442329156e+03
6.685184770436729877e+02 1.227295072788353764e+03
6.683901472253680822e+02 1.227462627406568572e+03
6.685404640633843201e+02 1.227048104131295986e+03
6.689390313390313167e+02 1.226869515669515749e+03
6.695911914172784236e+02 1.226053642010163685e+03
6.700728100113765322e+02 1.226029579067121631e+03
6.704687500000000000e+02 1.226607954545454504e+03
6.704496606334841999e+02 1.227109728506787405e+03
6.703780898876404990e+02 1.227192134831460635e+03
6.703912050256996054e+02 1.228350085665334063e+03
6.700609339407744756e+02 1.228709567198177638e+03
6.699947552447551971e+02 1.230013403263403234e+03
6.700561342592592382e+02 1.230023148148148039e+03
6.693491158014832081e+02 1.230523103251568728e+03
6.675701856148491515e+02 1.231194315545243626e+03
6.657181712962963047e+02 1.231627893518518476e+03
6.643342956120092140e+02 1.231943995381062450e+03
6.627886836027713571e+02 1.232145496535796838e+03
6.614655870445344590e+02 1.232271255060728663e+03
6.598341968911917093e+02 1.232716753022452394e+03
6.587408695652173947e+02 1.233074782608695614e+03
6.577252304147465338e+02 1.233131336405529964e+03
6.570081159420290078e+02 1.233279420289855125e+03
6.567874927620150629e+02 1.233389114070642790e+03
6.568227633069083140e+02 1.232770101925254721e+03
6.567504312823461987e+02 1.232822886716503717e+03
6.566249275362318940e+02 1.233051594202898514e+03
6.564551172098341567e+02 1.232654659805603160e+03
6.560923787528868161e+02 1.232389722863741326e+03
6.558057471264368132e+02 1.232527586206896558e+03
6.556828849456210264e+02 1.232172867773325606e+03
6.557815028901734422e+02 1.232367052023121460e+03
6.564543378995433613e+02 1.231800228310502234e+03
6.571058415268942099e+02 1.231378831694621113e+03
6.584905444126075054e+02 1.230557020057306545e+03
6.596016073478759836e+02 1.229901836969001124e+03
6.605450399087799269e+02 1.229393956670467560e+03
6.615506833712984189e+02 1.228916287015945272e+03
6.625906267645398202e+02 1.228132128740824328e+03
6.635005688282138863e+02 1.228372013651877069e+03
6.638322946175637753e+02 1.228096317280453150e+03
6.639026449071468505e+02 1.227653911086100152e+03
6.638746454906410008e+02 1.228063528077141200e+03
6.641387283236994108e+02 1.228211560693641559e+03
6.643823529411764639e+02 1.227968325791855250e+03
6.646198630136985912e+02 1.227980022831050292e+03
6.654313390313390073e+02 1.227868945868945957e+03
6.654418472063854324e+02 1.227988597491448218e+03
6.647709750566893945e+02 1.228379251700680243e+03
6.638125707814269845e+02 1.228536240090600131e+03
6.626904761904761472e+02 1.229107709750566983e+03
6.613576309794988219e+02 1.229468109339407647e+03
6.598354002254791340e+02 1.229726042841037270e+03
6.587312750142938285e+02 1.230522584333905115e+03
6.574432930339665972e+02 1.231066206102475462e+03
6.561837557603686264e+02 1.231189516129032199e+03
6.553379231210556100e+02 1.231857142857142890e+03
6.546340909090909008e+02 1.232477840909090901e+03
6.537089337175792707e+02 1.233100864553314068e+03
6.531084824004616394e+02 1.233484708597807185e+03
6.521526497695853095e+02 1.233579493087557694e+03
6.511297798377752315e+02 1.234235805330243238e+03
6.500661636680208630e+02 1.234491584445734134e+03
6.485805892547659823e+02 1.234342576545349402e+03
6.473190255220417839e+02 1.234214617169373469e+03
6.458207492795388589e+02 1.234149855907780875e+03
6.449447293447293532e+02 1.233651851851851916e+03
6.444564841498558962e+02 1.233621325648414995e+03
6.443285876993165857e+02 1.232693621867881575e+03
6.438992027334851400e+02 1.232723234624145789e+03
6.435635234330886760e+02 1.232159796725014075e+03
6.433583007266629465e+02 1.231631078814980356e+03
6.432172433352239977e+02 1.231726602382302872e+03
6.436304597701149532e+02 1.232127586206896467e+03
6.451738882554161592e+02 1.231365450399087877e+03
6.466561085972850833e+02 1.230942307692307622e+03
6.483154324477105774e+02 1.230093273035613265e+03
6.497705286839145629e+02 1.229431383577052884e+03
6.512052868391450602e+02 1.229115298087739120e+03
6.525421822272215877e+02 1.228926321709786180e+03
6.535242070116861441e+02 1.228091819699499183e+03
6.540254424778761404e+02 1.227513274336283075e+03
6.546375838926174993e+02 1.227483780760626360e+03
6.548524957936062947e+02 1.227972518227706132e+03
6.547277282850780011e+02 1.227304565701559113e+03
6.546056729699665766e+02 1.227265294771968911e+03
6.545277777777778283e+02 1.227827097505668917e+03
6.546953080836631216e+02 1.227665347654041852e+03
6.550662952646239319e+02 1.227428969359331404e+03
6.555693512304250135e+02 1.227798657718120694e+03
6.557980714690868354e+02 1.228365853658536480e+03
6.558581196581196764e+02 1.228766381766381755e+03
6.557020202020202078e+02 1.228812570145903464e+03
6.550073239436619588e+02 1.229312676056337978e+03
6.536788321167882714e+02 1.229680516563728133e+03
6.523828345567476390e+02 1.230440429136081320e+03
6.512183580387685424e+02 1.230988597491448218e+03
6.497905138339921223e+02 1.231264257481648883e+03
6.486141242937852667e+02 1.231267231638418025e+03
6.475487873660462128e+02 1.231467005076142186e+03
6.465608793686584477e+02 1.232062570462232316e+03
6.461602052451539748e+02 1.232326681870011498e+03
6.460456360524814272e+02 1.232595550484883006e+03
6.459551466359977212e+02 1.232910868315123707e+03
6.459220630372492451e+02 1.233543839541547186e+03
6.453096993760635769e+02 1.233412365286443674e+03
6.448026543566070359e+02 1.234235429890363548e+03
6.447358381502890552e+02 1.234896531791907591e+03
6.447288329519450372e+02 1.234241418764302125e+03
6.449304197814835788e+02 1.234202415181138576e+03
6.453017785427424542e+02 1.233607573149741711e+03
6.455713460427498376e+02 1.233686886192951988e+03
6.457332570120206583e+02 1.232740698340011477e+03
6.457821100917431068e+02 1.231880733944954045e+03
6.459652173913043498e+02 1.231042898550724658e+03
6.461911085450346945e+02 1.230265011547344102e+03
6.463464611872145724e+02 1.229594178082191775e+03
6.465536529680365447e+02 1.229621004566210104e+03
6.473321878579610029e+02 1.229111111111111086e+03
6.482572898799313634e+02 1.228606632361349284e+03
6.493036529680365447e+02 1.228530251141552526e+03
6.506081771720613460e+02 1.228462237365133433e+03
6.520845714285713939e+02 1.228500571428571448e+03
6.532339579784213583e+02 1.228131175468483889e+03
6.545864788732394572e+02 1.227682253521126768e+03
6.556473239436619451e+02 1.227371267605633875e+03
6.565652667423382809e+02 1.227422814982973932e+03
6.567480136208853310e+02 1.227627695800227002e+03
6.569405436013589679e+02 1.227689694224235609e+03
6.573198403648802923e+02 1.227905929304447000e+03
6.577477477477477805e+02 1.228089527027027088e+03
6.586225988700565495e+02 1.228071751412429421e+03
6.592584650112867166e+02 1.227746049661399638e+03
6.593834841628959111e+02 1.228232466063348511e+03
6.585316239316239262e+02 1.228462108262108359e+03
6.574781374219193140e+02 1.228852356615559302e+03
6.565408163265306030e+02 1.229522675736961446e+03
6.553272830402722775e+02 1.229799773114010122e+03
6.541425300515169283e+02 1.230521465369204407e+03
6.527017643710870516e+02 1.231541263517359084e+03
6.517747594793435155e+02 1.231840407470288710e+03
6.512699040090344624e+02 1.231839073969508718e+03
6.505435520361991166e+02 1.232547511312217239e+03
6.502547550432276466e+02 1.233012680115273724e+03
6.500552646887725814e+02 1.233013961605584655e+03
6.501044950379450711e+02 1.233054290718038601e+03
6.500642898889537946e+02 1.233053769725306893e+03
6.499023255813953028e+02 1.232865116279069753e+03
6.497664739884393157e+02 1.233035838150289010e+03
6.492746355685130766e+02 1.232899125364431484e+03
