6.524749455337690733e+02 1.192702069716775668e+03
6.499176728869374529e+02 1.193272228320526892e+03
6.445672866520787920e+02 1.197407549234135558e+03
6.382796892341842749e+02 1.203071587125416272e+03
6.339316332067281792e+02 1.211105263157894797e+03
6.333351351351351468e+02 1.220164864864864967e+03
6.361185064935065157e+02 1.227811688311688386e+03
6.406415094339622556e+02 1.234911209766925595e+03
6.467350993377483519e+02 1.242034216335540805e+03
6.516041549691184400e+02 1.248204941044357156e+03
6.545272931907709335e+02 1.252192459200900430e+03
6.563807670928293874e+02 1.255340188993885477e+03
6.580350678733032055e+02 1.257087669683257900e+03
6.615242995997713251e+02 1.256567181246426571e+03
6.761173020527859308e+02 1.252139002932551421e+03
6.824929098128191072e+02 1.247376063528077111e+03
6.858984461709211473e+02 1.239653163152053367e+03
6.848623548922056443e+02 1.232367053620784873e+03
6.808659909909910084e+02 1.223840090090090143e+03
6.723654596100278695e+02 1.214550417827298133e+03
6.650969899665551566e+02 1.206273690078037816e+03
6.596335335882031359e+02 1.198746040415073821e+03
6.558474025974026063e+02 1.193044372294372351e+03
6.535599781897491312e+02 1.191503271537622595e+03
6.506188658669574352e+02 1.192441657579062166e+03
6.446545454545454277e+02 1.196385674931129415e+03
6.374748603351955580e+02 1.202369832402234579e+03
6.318114622388859516e+02 1.218464916979110967e+03
