6.497590884427563651e+02 1.226461747151383634e+03
6.493641334062328951e+02 1.226383269546200154e+03
6.493523287671232538e+02 1.226335890410958882e+03
6.502013129102845141e+02 1.225996717724288828e+03
6.515805921052631220e+02 1.226374451754385973e+03
6.533353557639271685e+02 1.226910093767236731e+03
6.545340971085652200e+02 1.227581014729950994e+03
6.560082372322899573e+02 1.228568369028006600e+03
6.580475400773908632e+02 1.229291321171918298e+03
6.596554575523704216e+02 1.229683572216096991e+03
6.603553719008264125e+02 1.230530578512396687e+03
6.609509911894273273e+02 1.231064977973568375e+03
6.623303916161058851e+02 1.231526199669056723e+03
6.630499999999999545e+02 1.231385714285714357e+03
6.626878422782036751e+02 1.231451259583789806e+03
6.615711911357341251e+02 1.231368421052631675e+03
6.602905516111414954e+02 1.230379027853631897e+03
6.588053875755909985e+02 1.230196261682242948e+03
6.565879150789330652e+02 1.229391943385955301e+03
6.543760964912280542e+02 1.228674890350877149e+03
6.519863982589771467e+02 1.227655059847660596e+03
6.506576234400433805e+02 1.227340206185567013e+03
6.495902173913043498e+02 1.226477717391304395e+03
6.487759472817133428e+02 1.226315760571114879e+03
6.485806451612903629e+02 1.226270092946965633e+03
6.487517847336628165e+02 1.226255354200988450e+03
6.516049586776859996e+02 1.226479338842975267e+03
