6.671264957264957047e+02 1.157732193732193764e+03
6.545591274397244206e+02 1.161293915040183720e+03
6.452250984805853022e+02 1.165471581316826132e+03
6.367142061281336964e+02 1.171724791086350933e+03
6.274080590238365858e+02 1.179572077185016951e+03
6.180097421203438444e+02 1.186729512893982701e+03
6.061562678878076440e+02 1.197642243846594056e+03
5.912797619047619264e+02 1.209745833333333394e+03
5.765731707317073642e+02 1.220004878048780483e+03
5.605738974970203117e+02 1.234007151370679367e+03
5.460118110236220446e+02 1.248053430821147458e+03
5.363811995386389526e+02 1.258598615916954941e+03
5.306745801968731939e+02 1.268041690793283124e+03
5.312105263157894797e+02 1.278432620011567451e+03
5.373634651600752932e+02 1.286102322661644621e+03
5.487923832923833061e+02 1.292044840294840242e+03
5.658091016548463585e+02 1.297192080378250694e+03
5.835261648745520233e+02 1.298598566308243790e+03
6.018398671096344970e+02 1.301013289036544847e+03
6.209046052631579187e+02 1.300642105263157873e+03
6.346570868713259870e+02 1.299099934683213633e+03
6.459854457246816537e+02 1.296314129775621495e+03
6.557048192771084132e+02 1.291309638554216917e+03
6.634607549430796780e+02 1.285348711803475226e+03
6.713852507374631386e+02 1.279082005899705109e+03
6.813166767007826365e+02 1.270248043347381099e+03
6.919666880204996460e+02 1.261995515695067297e+03
7.053115763546798007e+02 1.251986453201970335e+03
7.217078085642317546e+02 1.239448362720403111e+03
7.375027472527472128e+02 1.228304945054945165e+03
7.531020925808496713e+02 1.215119847812301941e+03
7.672532751091703176e+02 1.200210230817217735e+03
7.741022727272727479e+02 1.187699162679425854e+03
7.754737742303307186e+02 1.175392246294184815e+03
7.701799065420560737e+02 1.165834696261682211e+03
7.609003579952267273e+02 1.160142601431980893e+03
7.459661520190023793e+02 1.155096199524940630e+03
7.273678724708768186e+02 1.153147148988350637e+03
7.102121951219512539e+02 1.152947560975609804e+03
6.921035294117647254e+02 1.154130000000000109e+03
6.755181924882629119e+02 1.156151995305164291e+03
6.633005211349160390e+02 1.158509554140127420e+03
6.527101287073306821e+02 1.161880805819809666e+03
6.433084577114427702e+02 1.167115533443891763e+03
6.357534013605442169e+02 1.172802154195011326e+03
6.273725714285714048e+02 1.180648571428571358e+03
6.156328306264500725e+02 1.190748259860788949e+03
5.890669800235017419e+02 1.212792596944770821e+03
