6.491904503526858434e+02 1.215935973955507279e+03
6.440781758957655256e+02 1.209058089033659144e+03
6.405676998368678596e+02 1.205147362697118069e+03
6.380780829294560590e+02 1.201611200861604630e+03
6.381031487513572529e+02 1.200232899022801348e+03
6.404371224601867425e+02 1.201241076331685917e+03
6.438233369683750880e+02 1.203831515812431917e+03
6.484701696770662238e+02 1.208240284619595059e+03
6.526368593238822768e+02 1.214507088331515888e+03
6.563287895310795648e+02 1.221183751363140573e+03
6.619927211646136129e+02 1.228568868980963089e+03
6.670765306122449374e+02 1.234410430839002174e+03
6.717362880886427092e+02 1.239874792243767388e+03
6.752693393562958590e+02 1.244893280632411006e+03
6.788037798777098715e+02 1.250368538076709228e+03
6.790799099606077789e+02 1.250944288126055199e+03
6.776593344613648924e+02 1.250483925549915284e+03
6.744315610859728167e+02 1.248858031674208178e+03
6.696721945826423052e+02 1.245150912106136047e+03
6.658471372984992058e+02 1.241171206225680862e+03
6.618273579702150755e+02 1.235664092664092777e+03
6.564384997242140116e+02 1.228951461665747274e+03
6.514991689750692103e+02 1.222954570637119105e+03
6.468344334433443237e+02 1.216534653465346537e+03
6.419847908745247196e+02 1.209807170016295458e+03
6.386086486486486820e+02 1.205178378378378284e+03
6.368361276365602635e+02 1.202534342888047604e+03
6.400526315789473983e+02 1.201830592105263122e+03
