6.549787697332607195e+02 1.229197604790419064e+03
6.555342763873775311e+02 1.229541349292709356e+03
6.556577364680152868e+02 1.229930563149261843e+03
6.559215148188803823e+02 1.229678924259055975e+03
6.561684094661529798e+02 1.229585580627407808e+03
6.569316050744622544e+02 1.229551571980143308e+03
6.573987865416436307e+02 1.229131825703254208e+03
6.577276712328766735e+02 1.229272328767123327e+03
6.578835164835164733e+02 1.229229120879120956e+03
6.581998886414254457e+02 1.229246659242761780e+03
6.583011049723756969e+02 1.229156906077348140e+03
6.580844370860927484e+02 1.229253311258278245e+03
6.577609994568169896e+02 1.229253123302552922e+03
6.576924742826204238e+02 1.229405522468868412e+03
6.577634584013050016e+02 1.229448613376835283e+03
6.574045005488474089e+02 1.229082327113062547e+03
6.570680944535969275e+02 1.228975837451949474e+03
6.574121212121211784e+02 1.228695316804407639e+03
6.573596491228070136e+02 1.228944627192982352e+03
6.565873015873015675e+02 1.229030651340996201e+03
6.557031590413943150e+02 1.228983660130719045e+03
6.557234972677595124e+02 1.229186338797814187e+03
6.556402838427948154e+02 1.229306768558951944e+03
6.556428181321682587e+02 1.229160021845985739e+03
6.559182771949199378e+02 1.228903920485919343e+03
6.562172222222221762e+02 1.228897777777777719e+03
6.566521258972943542e+02 1.228619547211485269e+03
6.570357142857143344e+02 1.228953683035714221e+03
6.572332780541735247e+02 1.228519624101713589e+03
6.574696132596685629e+02 1.228531491712707293e+03
6.577510917030567725e+02 1.228786026200873266e+03
6.577276712328766735e+02 1.229089315068493079e+03
6.579145063430777327e+02 1.229225041367898484e+03
6.582159598214285552e+02 1.229426897321428669e+03
6.582430478309232740e+02 1.229402669632925381e+03
6.591103143960286843e+02 1.229394925537782683e+03
