6.486141032759577456e+02 1.224579122709605826e+03
6.508550964187327281e+02 1.225264462809917404e+03
6.529078442128360393e+02 1.226221064179923133e+03
6.554798206278027237e+02 1.227637892376681521e+03
6.581909859154930018e+02 1.228809577464788845e+03
6.605545154185022056e+02 1.229583700440528673e+03
6.628907376594564766e+02 1.230582362728785256e+03
6.646273187183811615e+02 1.231064080944350735e+03
6.653281510272071273e+02 1.231448639644641844e+03
6.657308988764044670e+02 1.231827528089887664e+03
6.655419932810750652e+02 1.232355543113101930e+03
6.647564881281060707e+02 1.231548315847597905e+03
6.634972160356347786e+02 1.231104677060133554e+03
6.609766016713091403e+02 1.230417827298050042e+03
6.585275152862701589e+02 1.229149527515286309e+03
6.549961432506887604e+02 1.228165840220385689e+03
6.522895752895752821e+02 1.226789851075565366e+03
6.503458771444383046e+02 1.226062534587714481e+03
6.489698630136986139e+02 1.224844383561643781e+03
6.485679691799670081e+02 1.224263621353880126e+03
6.479676535087719458e+02 1.223975877192982352e+03
6.473111233480176452e+02 1.224030837004405385e+03
6.472594832325453353e+02 1.223920835623969197e+03
6.487174392935982041e+02 1.224264900662251648e+03
6.513384870237438236e+02 1.224949751518498033e+03
6.545302690582959713e+02 1.226104260089686022e+03
6.572845211581292233e+02 1.227023942093541109e+03
6.631959910913139993e+02 1.229204899777282890e+03
