6.558034521158128882e+02 1.230230512249443109e+03
6.532082176568573004e+02 1.231539144919489218e+03
6.509308245711123391e+02 1.232490315439955793e+03
6.501326644370122949e+02 1.232783166109252988e+03
6.495102493074791710e+02 1.232506371191135713e+03
6.505280399777901721e+02 1.231345363686840756e+03
6.530781337830242137e+02 1.230202922990443994e+03
6.553494044242768268e+02 1.229111174134997100e+03
6.567446327683616119e+02 1.228301694915254302e+03
6.565445321307779523e+02 1.228197857948139699e+03
6.557260504201681215e+02 1.228126610644257653e+03
6.540697805289814823e+02 1.229375351716375917e+03
6.520617977528089568e+02 1.229917977528089978e+03
6.504966666666666697e+02 1.230576666666666597e+03
6.490710290827740891e+02 1.231239932885906001e+03
6.474529346622369985e+02 1.231439091915836116e+03
6.459283731260410377e+02 1.231178789561354733e+03
6.460121546961325976e+02 1.230690607734806690e+03
6.477953151143335617e+02 1.230222532069157751e+03
6.498423700391280136e+02 1.229440469536053570e+03
6.519733711048158966e+02 1.228989801699716736e+03
6.538400447427293329e+02 1.228420022371364666e+03
6.547586399108138266e+02 1.228350613154960911e+03
6.547795187465025037e+02 1.228531057638500215e+03
6.543206491326245668e+02 1.228850587576944690e+03
6.533305647840531947e+02 1.229329457364341124e+03
6.530690623245367306e+02 1.229522740033688933e+03
6.528348214285714448e+02 1.229470424107142890e+03
6.528702247191010883e+02 1.229511797752808889e+03
6.529455973079079740e+02 1.229532249018508082e+03
6.540223838836037658e+02 1.229895914941242381e+03
6.546666666666666288e+02 1.230299999999999955e+03
6.586799104644655927e+02 1.230539451594851698e+03
6.619960563380282110e+02 1.230266478873239521e+03
6.645239687848383028e+02 1.230181716833890732e+03
6.652269383135256930e+02 1.229728353140916852e+03
6.647067039106145785e+02 1.229262011173184419e+03
6.628872848417545356e+02 1.228524153248195489e+03
6.606592920353982663e+02 1.228212389380531022e+03
6.586796224319822386e+02 1.228146029983342487e+03
6.568376404494382541e+02 1.228712359550561814e+03
6.555755716675962503e+02 1.229329057445621856e+03
6.552864349775784376e+02 1.230096973094170380e+03
6.554035874439462077e+02 1.230377802690582939e+03
6.557291666666666288e+02 1.230783783783783747e+03
6.576003382187147963e+02 1.230242953776775721e+03
6.612084765177548888e+02 1.229272623138602512e+03
6.643265765765765991e+02 1.228271396396396312e+03
6.660361990950226527e+02 1.227119909502262544e+03
6.657052924791086070e+02 1.226394986072423308e+03
6.638194367752622611e+02 1.226218663721700750e+03
6.615106502242152828e+02 1.227063901345291470e+03
6.582308123249299570e+02 1.228039775910364142e+03
6.549317803660566142e+02 1.229339988907376664e+03
6.521271611823758576e+02 1.230143892916898949e+03
6.505975541967759455e+02 1.231003891050583661e+03
6.497074792243766979e+02 1.231281440443213341e+03
6.487602892102336227e+02 1.231181868743047744e+03
6.496987215119511347e+02 1.230266259032795915e+03
6.527225368063419637e+02 1.228980181200452989e+03
6.556946006749155913e+02 1.228066366704161965e+03
6.564765933446136614e+02 1.227232938522278573e+03
6.562606981981981562e+02 1.227296171171171181e+03
6.541997767857143344e+02 1.228286830357142890e+03
