6.556208262591964058e+02 1.230701188455008378e+03
6.577701019252548349e+02 1.230419026047565012e+03
6.597875854214122455e+02 1.230279043280182123e+03
6.611141055045872008e+02 1.229895642201834789e+03
6.616163522012578824e+02 1.229910806174957088e+03
6.608263574660633140e+02 1.229699660633484200e+03
6.590255246738513506e+02 1.229644923425978504e+03
6.574232062780268961e+02 1.229462443946188387e+03
6.572800899887514561e+02 1.229340269966254255e+03
6.580772288472459195e+02 1.228854628052243015e+03
6.597541169789892592e+02 1.229043725156161372e+03
6.617512719050311034e+02 1.228926512153759177e+03
6.634373211219233326e+02 1.228933600457927923e+03
6.643085714285714403e+02 1.229069142857142879e+03
6.645952380952380736e+02 1.228784580498866262e+03
6.645731981981981562e+02 1.228733671171171181e+03
6.640729517396183610e+02 1.228606060606060510e+03
6.633348365276211780e+02 1.229041149943630217e+03
6.625081050866406258e+02 1.229401341531581920e+03
6.617178770949720956e+02 1.229626815642458041e+03
6.620845070422535628e+02 1.230025352112676046e+03
6.635323215289488417e+02 1.230018549747048837e+03
6.652557208237985833e+02 1.229986842105263122e+03
6.667481565513329542e+02 1.229832104367555303e+03
6.674347826086956275e+02 1.229533032185206139e+03
6.675943342776204190e+02 1.229411331444759298e+03
6.673954545454545269e+02 1.229473295454545450e+03
6.663941441441440929e+02 1.229564189189189165e+03
6.653320135746606638e+02 1.229894230769230717e+03
6.644168552036198889e+02 1.229932126696832484e+03
6.634906409529211260e+02 1.231013613159387432e+03
6.629386363636364194e+02 1.230987499999999955e+03
6.628160000000000309e+02 1.230905142857142891e+03
6.633342776203966196e+02 1.230047592067988717e+03
6.644917000572410188e+02 1.230670864338866522e+03
6.659294460641399382e+02 1.230578425655976616e+03
6.670367604824813270e+02 1.229968983342906313e+03
6.670549513451630901e+02 1.229848883800801332e+03
6.659096736596736719e+02 1.230382867132867204e+03
6.644742152466367315e+02 1.229795403587443843e+03
6.634825253664035927e+02 1.229927282976324705e+03
6.626724719101123355e+02 1.230288764044943719e+03
6.627074985689754385e+02 1.230911848883800758e+03
6.635921052631579187e+02 1.230856407322654377e+03
6.651255037420841063e+02 1.230746689694876295e+03
6.672981153626499236e+02 1.229933181039406008e+03
6.690771889400921282e+02 1.230170506912442306e+03
6.704417944349801246e+02 1.229565587734241944e+03
6.705951439864483064e+02 1.229202710333145205e+03
6.696144236229415583e+02 1.229120386144236136e+03
6.673657565415244335e+02 1.229133105802047794e+03
6.642822260079500438e+02 1.229406019307211864e+03
6.623744369369369451e+02 1.229500563063063055e+03
6.616197420078519826e+02 1.229652832305103857e+03
6.617038073908174738e+02 1.229395296752519698e+03
6.625230596175478013e+02 1.229048368953880754e+03
6.636958239277652183e+02 1.228584085778780945e+03
6.646647982062780784e+02 1.228262892376681521e+03
6.650160642570281198e+02 1.227974756167527175e+03
6.647088963963964261e+02 1.228204391891891873e+03
6.633951247165532550e+02 1.228845804988662167e+03
6.618046171171171181e+02 1.229440878378378329e+03
6.603380440927077188e+02 1.229987563595251459e+03
6.593005617977528345e+02 1.230441573033707755e+03
6.592841807909604768e+02 1.230796045197740114e+03
6.606415306696679863e+02 1.231014068655036681e+03
6.630901213171576956e+02 1.231105141536683959e+03
6.650642570281124790e+02 1.230461847389558216e+03
6.655077989601386435e+02 1.230843443096475994e+03
6.650565068493150420e+02 1.230643835616438309e+03
6.639994279176200962e+02 1.231008581235697875e+03
6.622643221781055445e+02 1.231281905842314245e+03
6.605576271186440636e+02 1.231763276836158184e+03
6.595799214806505688e+02 1.231664049355019642e+03
6.589643665158371277e+02 1.231574660633484200e+03
6.587011817670230585e+02 1.231279684862127169e+03
6.587091319052987046e+02 1.231329199549041732e+03
6.591284403669724270e+02 1.231069954128440259e+03
6.598977727013135564e+02 1.230841804683038163e+03
6.605507082152975045e+02 1.230596600566572306e+03
6.607847813742191647e+02 1.230486087450312425e+03
6.600416191562143240e+02 1.230255416191562063e+03
6.587266065388951120e+02 1.230188275084554789e+03
6.572367972742760003e+02 1.230423622941510530e+03
6.560537142857142499e+02 1.231160000000000082e+03
6.555433687744823601e+02 1.230611080022383931e+03
6.548631459398069410e+02 1.231223736513344647e+03
6.553116515837103861e+02 1.230734728506787405e+03
6.561421262080727956e+02 1.230458783399658842e+03
6.571356898517674381e+02 1.230066134549600974e+03
6.583820861678004803e+02 1.229502834467120238e+03
6.591068181818181984e+02 1.229386931818181893e+03
6.592076440387905905e+02 1.229230462065031361e+03
6.579533560864618948e+02 1.229229237770193322e+03
6.559983022071306777e+02 1.229348613469156817e+03
6.533775280898876190e+02 1.230256179775280998e+03
6.507519596864501636e+02 1.230408174692049215e+03
6.496590401785714448e+02 1.230406808035714221e+03
6.493379966424174654e+02 1.230036933407946208e+03
6.498563380281690343e+02 1.229711549295774603e+03
6.505033783783783292e+02 1.229279279279279308e+03
6.510890410958903658e+02 1.229325342465753465e+03
6.510794739851343138e+02 1.229171526586620985e+03
6.504895657078398017e+02 1.229404399323180996e+03
6.488022471910112472e+02 1.229476404494381995e+03
6.465191011235955330e+02 1.229834269662921315e+03
6.446869369369369451e+02 1.230164414414414523e+03
6.431695579182987785e+02 1.230294348069390026e+03
6.423043718871057308e+02 1.230080796900940868e+03
6.427039731393397233e+02 1.230540011191941858e+03
6.441268950028073732e+02 1.230606400898371703e+03
6.463742889647326137e+02 1.231039249146757584e+03
6.481399200456881999e+02 1.230906910336950205e+03
6.493642572566875515e+02 1.231107569721115624e+03
6.497950028392958757e+02 1.231221465076660934e+03
6.494425770308123447e+02 1.231217927170868279e+03
6.485504484304932475e+02 1.231403026905829620e+03
6.472861934041363838e+02 1.231390162101732813e+03
6.468362930077691999e+02 1.231531076581575917e+03
6.473211678832117286e+02 1.231411005053340887e+03
6.482123793299261933e+02 1.231246450880181783e+03
6.494169971671387884e+02 1.231261189801699629e+03
6.506877113866967193e+02 1.230785231116121849e+03
6.516554243957278914e+02 1.230164137155705475e+03
6.518633540372670723e+02 1.229393562958780421e+03
6.512536557930259278e+02 1.229289651293588349e+03
6.494516310461192461e+02 1.229559617547806511e+03
6.476685299049748892e+02 1.229472889882616073e+03
6.466573348264278138e+02 1.229797312430011289e+03
6.461607644744237859e+02 1.229626756604834100e+03
6.465441176470587834e+02 1.229231334841628950e+03
6.477159863945578309e+02 1.229058390022675667e+03
6.492933182332956221e+02 1.228917893544733943e+03
6.504980281690141055e+02 1.228969014084507080e+03
6.510699140401146678e+02 1.229155300859598810e+03
6.516702187324733586e+02 1.229390353337072384e+03
6.518583521444695634e+02 1.229643340857787734e+03
6.517476110174254700e+02 1.229797077009556006e+03
6.510415496911847413e+02 1.229866367209432838e+03
6.502707399103138641e+02 1.229918721973094080e+03
6.491892195395845420e+02 1.229822010106681546e+03
6.489296089385475170e+02 1.229847486033519544e+03
6.492988115449915085e+02 1.229824561403508824e+03
6.502168266516092672e+02 1.229548277809147294e+03
6.512244431753283607e+02 1.230042261564820137e+03
6.516930917327293855e+02 1.230123442808607024e+03
6.519770114942529062e+02 1.230028160919540142e+03
6.512341986455982124e+02 1.229544582392776420e+03
6.499461756373938215e+02 1.229359206798866808e+03
6.483850027979854076e+02 1.229395635142697301e+03
6.463582172701950412e+02 1.229629526462395461e+03
6.449921962095875188e+02 1.229959866220735876e+03
6.446616415410385343e+02 1.230266331658291392e+03
6.453221850613155084e+02 1.230550167224080269e+03
6.467743936830231632e+02 1.230581500282007937e+03
6.492168742921857074e+02 1.230207248018120026e+03
6.520436530729465403e+02 1.229952900631820739e+03
6.536428972487366309e+02 1.229573273441886613e+03
6.544787775891340971e+02 1.230140350877192986e+03
6.541534541336353641e+02 1.230229898074745279e+03
6.533318207600680125e+02 1.231025524673851351e+03
6.524296130117778603e+02 1.230978126752664139e+03
6.521563388288800525e+02 1.231416145537237071e+03
6.527680586907449651e+02 1.231352144469525911e+03
6.541009753298909573e+02 1.231187033849684440e+03
6.564732394366196786e+02 1.230468732394366270e+03
6.584524348810872425e+02 1.230065685164212937e+03
6.602580091533180848e+02 1.229538329519450826e+03
6.615283768444949146e+02 1.229334846765039629e+03
6.617623089983021600e+02 1.229273910582908911e+03
6.607703160270880289e+02 1.229221218961625254e+03
6.586464646464646648e+02 1.229282267115600462e+03
6.569315997738835904e+02 1.229030525720746255e+03
6.566912100456620465e+02 1.229223173515981671e+03
6.576480955088118208e+02 1.228935190449118863e+03
6.591814584511023440e+02 1.228515545505935506e+03
6.608612684031710387e+02 1.228582672706681706e+03
6.623791927231382033e+02 1.228733371233655589e+03
6.632414772727272521e+02 1.228837500000000091e+03
6.636189937817975988e+02 1.228739966082532419e+03
6.636416478555304366e+02 1.228696952595936864e+03
6.635042205965110043e+02 1.228993247045582393e+03
6.627500000000000000e+02 1.229371910112359501e+03
6.620895184135977161e+02 1.229931444759206897e+03
6.614943757030371216e+02 1.230234533183352141e+03
6.619762979683972617e+02 1.230493227990970581e+03
6.634945868945868597e+02 1.231061538461538476e+03
6.650592294422082205e+02 1.230846463484761443e+03
6.663039772727272521e+02 1.230470454545454459e+03
6.670229489386115347e+02 1.230164658634538227e+03
6.672026330852891078e+02 1.230088151116199242e+03
6.670228571428571058e+02 1.230266285714285686e+03
6.658006775832863013e+02 1.230280632411067245e+03
6.646959686450168192e+02 1.230328107502799639e+03
6.636342434584755665e+02 1.231015358361774815e+03
6.627394957983193535e+02 1.230642577030812390e+03
6.617401484865790735e+02 1.230987435750999339e+03
