6.520613154960981319e+02 1.232507246376811509e+03
6.484255555555555475e+02 1.231352777777777874e+03
6.450798226164080234e+02 1.230282150776053186e+03
6.425216186252771422e+02 1.229377494456762861e+03
6.403815642458100683e+02 1.228917877094972027e+03
6.385152354570636817e+02 1.228410526315789411e+03
6.370537213206491742e+02 1.227758813654168989e+03
6.358796657381615205e+02 1.227138161559888658e+03
6.355231788079470334e+02 1.226631346578366447e+03
6.356184137548530089e+02 1.226114808652246211e+03
6.368319327731092017e+02 1.225211204481792720e+03
6.378297632468996881e+02 1.224657271702367552e+03
6.391489600899382140e+02 1.223956155143338947e+03
6.406303982052720585e+02 1.223035894559730878e+03
6.427749860413176748e+02 1.222970407593523078e+03
6.450682574916759222e+02 1.222998335183129939e+03
6.483571428571428896e+02 1.222906636670416219e+03
6.519977324263038554e+02 1.222929705215419517e+03
6.558829131652661317e+02 1.223681232492997196e+03
6.607492941840768026e+02 1.224707509881422993e+03
6.654237578526556263e+02 1.225345516847515682e+03
6.685562429696287836e+02 1.226276152980877441e+03
6.710258426966291836e+02 1.227145505617977506e+03
6.732644067796610443e+02 1.227907344632768400e+03
6.754909502262443084e+02 1.229024886877828067e+03
6.774560133630290011e+02 1.229487750556792889e+03
6.787162764771460388e+02 1.230321627647714649e+03
6.792148106274731845e+02 1.230790842283776101e+03
6.791375631667602875e+02 1.231580572711959576e+03
6.784288913773796139e+02 1.231707166853303534e+03
6.774991624790619653e+02 1.232426577331099907e+03
6.759330730619074075e+02 1.232515337423312985e+03
6.743073908174692406e+02 1.232830907054871204e+03
6.726703786191536665e+02 1.233415924276169335e+03
6.702110039705048621e+02 1.234176403857061814e+03
6.674410285075460934e+02 1.234467859139183929e+03
6.643993269770051029e+02 1.234622546270330986e+03
6.601136107986501429e+02 1.234491563554555569e+03
6.558153585544889665e+02 1.233784867306606429e+03
6.520033575825406160e+02 1.233078343592613237e+03
6.482064732142856656e+02 1.232233816964285779e+03
6.444219010561422465e+02 1.231302946081156279e+03
6.416820483961732862e+02 1.230774901519414698e+03
6.394305633017289665e+02 1.230075850529838362e+03
6.373293985385047336e+02 1.229838673412029266e+03
6.353992139247613977e+02 1.229236945536215671e+03
6.337972144846796709e+02 1.227689136490250803e+03
