6.553772123893804746e+02 1.228637721238937957e+03
6.571075150850247155e+02 1.229432254525507460e+03
6.594148877941981937e+02 1.229591133004926178e+03
6.615010964912280542e+02 1.229367872807017648e+03
6.631459369817579272e+02 1.229541735765616295e+03
6.643152354570637499e+02 1.229273130193905899e+03
6.651879491431730003e+02 1.228571586511885016e+03
6.653079049198452140e+02 1.227754560530680010e+03
6.645584201865057139e+02 1.227383982446516711e+03
6.634698464912280542e+02 1.227080043859649095e+03
6.617854006586169362e+02 1.227307903402853981e+03
6.587624035281146462e+02 1.228047409040793809e+03
6.569703296703296473e+02 1.228897802197802093e+03
6.564305326743547084e+02 1.229729818780889673e+03
6.562969264544456109e+02 1.230395718990120713e+03
6.544024056861672989e+02 1.230533624931656732e+03
6.535304443225452360e+02 1.230123422929237449e+03
6.530465243568692131e+02 1.229552818828680984e+03
6.530474890829693777e+02 1.228349890829694232e+03
6.528648056923918830e+02 1.227350848385331119e+03
6.525300218340611309e+02 1.227033296943231335e+03
6.521754768392370352e+02 1.227138419618528587e+03
6.523900164563905264e+02 1.227236423477783774e+03
6.531178707224335085e+02 1.227392178164041297e+03
6.538074195308238359e+02 1.228059465357337785e+03
6.546684901531729111e+02 1.228856673960612625e+03
6.557257799671592693e+02 1.229906403940886776e+03
6.574783798576902427e+02 1.230372742200328503e+03
6.597859108420473149e+02 1.230548156301596009e+03
6.615931453841901657e+02 1.230560530679933663e+03
6.636355140186915378e+02 1.230113798790544251e+03
