6.535189873417721174e+02 1.229258117776554855e+03
6.524242424242423795e+02 1.228701377410468240e+03
6.515267175572519136e+02 1.228414394765539782e+03
6.505166940339354369e+02 1.227961138478379780e+03
6.495369967355821927e+02 1.227518498367791153e+03
6.486565874730021051e+02 1.227672786177105763e+03
6.486795010845986553e+02 1.227457158351410044e+03
6.494363735663571333e+02 1.227521026761332678e+03
6.504696802646086553e+02 1.228213340683572142e+03
6.516473482777473691e+02 1.228345544013121980e+03
6.530842911877394954e+02 1.228521620142309757e+03
6.546781987918725463e+02 1.229392092257001650e+03
6.563214890016920435e+02 1.230361534122955391e+03
6.586443100604727761e+02 1.230373282023089587e+03
6.604172185430463742e+02 1.230551324503311207e+03
6.609255555555555475e+02 1.230833888888888850e+03
6.608918014500836762e+02 1.230978806469604024e+03
6.609638084632516666e+02 1.231037861915367557e+03
6.608125346644480942e+02 1.230991680532446026e+03
6.604335355763927282e+02 1.230547159404302192e+03
6.596214285714286234e+02 1.230073626373626439e+03
6.585055126791620523e+02 1.229647188533627286e+03
6.562596685082872909e+02 1.229271823204419888e+03
6.543761669412410811e+02 1.228426688632619516e+03
6.536002196595277383e+02 1.227892366831411209e+03
6.524805692391898901e+02 1.227420908593322338e+03
6.508707896189949906e+02 1.226964660408614009e+03
