6.442083562396921934e+02 1.221385926333150110e+03
6.438526834611171807e+02 1.222596385542168719e+03
6.435111960677226079e+02 1.224125068268705718e+03
6.440882352941176805e+02 1.226464052287581808e+03
6.456249316566429570e+02 1.228475669764898839e+03
6.484022038567493382e+02 1.230751515151515150e+03
6.515813436979456128e+02 1.233032204330927243e+03
6.545589374654123276e+02 1.234454897620365273e+03
6.590656284760844983e+02 1.235393214682981124e+03
6.640807736063708262e+02 1.236836746302616575e+03
6.675785354946897314e+02 1.237238121855785266e+03
6.701556310130164320e+02 1.236969439728353109e+03
6.711801450083659120e+02 1.236329057445621856e+03
6.712959866220735421e+02 1.235226309921962184e+03
6.712900890868596662e+02 1.233239977728285112e+03
6.705911879531511204e+02 1.230936419408812071e+03
6.688459821428571104e+02 1.228870535714285779e+03
6.655210555867490712e+02 1.226101628298708647e+03
6.623316582914573019e+02 1.223528196538246902e+03
6.591158192090395005e+02 1.221857062146892758e+03
6.544293721973093625e+02 1.220257286995515642e+03
6.487285067873302751e+02 1.219927601809954695e+03
6.446053511705686105e+02 1.219584169453734603e+03
6.422736263736263709e+02 1.219710989010989124e+03
6.415282811641955050e+02 1.220564524986271181e+03
6.414191780821918201e+02 1.221690410958904067e+03
6.413953488372093261e+02 1.223988925802879294e+03
6.439761508596783415e+02 1.228337215751525264e+03
