6.546796008869179104e+02 1.229679600886918024e+03
6.545755555555555247e+02 1.229748888888888814e+03
6.544022346368715262e+02 1.229767039106145148e+03
6.544910313901344807e+02 1.229818946188340760e+03
6.548277996623522768e+02 1.229377602701181786e+03
6.558390353337072156e+02 1.229226584408300596e+03
6.566257703081232648e+02 1.229497478991596608e+03
6.569241146711635793e+02 1.229234963462619362e+03
6.575685618729097541e+02 1.229337235228539612e+03
6.583232998885172265e+02 1.229337235228539612e+03
6.584519177320734116e+02 1.229509727626459153e+03
6.583257743362831889e+02 1.229455752212389370e+03
6.577237569060773694e+02 1.229372375690607669e+03
6.573121897407611414e+02 1.229384997242140116e+03
6.568624862486249185e+02 1.229077007700770082e+03
6.569255141745413766e+02 1.228742634797109531e+03
6.568700000000000045e+02 1.228353333333333239e+03
6.565058495821726865e+02 1.228137047353760408e+03
6.561610738255033084e+02 1.228160514541387101e+03
6.562821529745042426e+02 1.228178470254957574e+03
6.570590573537762111e+02 1.228044860874503229e+03
6.577205882352941444e+02 1.227923642533936572e+03
6.584912181303116085e+02 1.228147308781869697e+03
6.586225988700565495e+02 1.228009604519774030e+03
6.592758037225041789e+02 1.228181049069374012e+03
6.601544532130777725e+02 1.228123449830890650e+03
6.612443438914027638e+02 1.227992081447963756e+03
6.614124004550625386e+02 1.228293515358361674e+03
6.609788888888888323e+02 1.228263888888888914e+03
6.607633037694013183e+02 1.228664079822616486e+03
6.607948717948718240e+02 1.228932552954292078e+03
6.607412353923205046e+02 1.228614913745130707e+03
6.605656008820286615e+02 1.228355016538037489e+03
6.594394023242944058e+02 1.228311012728278911e+03
6.584453038674033678e+02 1.228402209944751348e+03
6.582741935483870748e+02 1.228236929922135687e+03
6.582324536777091453e+02 1.228163952835485588e+03
6.581956278026906375e+02 1.228154147982062796e+03
6.580112170499158992e+02 1.228236679753224962e+03
6.576447442383361022e+02 1.227839797639123162e+03
6.570837577815506165e+02 1.227890209394453905e+03
6.563026242322724784e+02 1.228009491903964317e+03
6.561565995525727431e+02 1.227918344519015591e+03
6.564516853932584581e+02 1.227899438202247211e+03
6.570984805852560839e+02 1.227551491277433797e+03
6.576323447118074910e+02 1.227805819809736931e+03
6.574922048997773345e+02 1.227895322939866446e+03
6.573105555555555384e+02 1.227990555555555602e+03
6.570837988826815490e+02 1.228226256983240319e+03
6.563977900552486062e+02 1.228335911602209990e+03
6.559776411403018983e+02 1.228965902738960267e+03
6.562068577852726321e+02 1.229187745924676847e+03
6.565908328675237726e+02 1.229386249301285716e+03
6.555408277404922046e+02 1.229297539149888053e+03
6.546100840336134752e+02 1.229425210084033552e+03
6.545605381165919425e+02 1.229311098654708530e+03
6.555900900900901433e+02 1.229152027027027088e+03
6.566685424873381862e+02 1.229317951603826714e+03
6.563892316320807367e+02 1.229328098710039285e+03
6.557673378076062818e+02 1.229532438478747281e+03
6.552616507580011103e+02 1.229477821448624354e+03
6.554935574229691611e+02 1.229924369747899163e+03
6.560522133938706020e+02 1.229876276958002336e+03
6.560479413423576034e+02 1.229432036097010723e+03
6.556740576496673611e+02 1.229503325942350330e+03
6.545617044825678477e+02 1.229254012174875470e+03
6.535377777777778192e+02 1.229041111111111150e+03
6.528258928571428896e+02 1.229220982142857110e+03
6.524317548746518014e+02 1.229300278551532074e+03
6.523984375000000000e+02 1.229349330357142890e+03
6.528743690409422697e+02 1.229386427369601734e+03
6.538084507042253790e+02 1.229390985915493047e+03
6.548770445572475865e+02 1.229315848843767526e+03
6.555701408450704548e+02 1.229792112676056377e+03
6.560541002277903999e+02 1.229578587699316586e+03
6.561271379703534876e+02 1.229612884834663646e+03
6.565851726089416616e+02 1.229634408602150643e+03
6.575752262443438667e+02 1.230073529411764639e+03
6.587685810810810381e+02 1.229728040540540633e+03
6.587682379349046187e+02 1.229600448933782218e+03
6.582441471571905822e+02 1.229727982162764874e+03
6.578061111111111359e+02 1.229602222222222281e+03
6.575743504698729112e+02 1.229477059148700846e+03
6.577151582454191612e+02 1.229253192670738372e+03
6.580617283950617775e+02 1.229177890011223326e+03
6.580966835300730509e+02 1.229102866779089481e+03
6.571555806087936844e+02 1.229330326944757644e+03
6.565539488320356440e+02 1.229133481646273594e+03
6.558081655480984864e+02 1.228898210290827819e+03
6.554338358458961693e+02 1.229079843662758321e+03
6.558600337268128442e+02 1.229157391793142324e+03
6.562429537767756074e+02 1.229138105975197277e+03
6.565939257592800686e+02 1.228807649043869560e+03
6.567905405405405190e+02 1.228690315315315274e+03
6.573514573991030829e+02 1.228567264573990997e+03
6.578336162988115348e+02 1.228638936049801941e+03
6.587306397306397230e+02 1.228685185185185219e+03
6.597326955543049962e+02 1.228859313449634328e+03
6.605411303861219494e+02 1.228977616116396121e+03
6.610206935123042058e+02 1.229337248322147616e+03
6.607139713971397441e+02 1.229442244224422438e+03
6.596432909994477995e+02 1.229425179458862431e+03
6.586342952275249445e+02 1.229420643729189806e+03
6.584919845218353203e+02 1.229254284134881118e+03
6.586831573096164902e+02 1.229194552529182829e+03
6.582944475602915873e+02 1.228909141895681387e+03
6.575044642857143344e+02 1.229106026785714221e+03
