6.474533551554827682e+02 1.227804691762138646e+03
6.465890410958903658e+02 1.228396712328767080e+03
6.477758716104040104e+02 1.228442169341449926e+03
6.491765033407572218e+02 1.228416481069042220e+03
6.508247078464106607e+02 1.228312186978297177e+03
6.534872222222222717e+02 1.228303888888888878e+03
6.562099043331458006e+02 1.227949915588069871e+03
6.592891770011274275e+02 1.227445321307779068e+03
6.615891559530464292e+02 1.227313583007266516e+03
6.618013505908835441e+02 1.227221159257175032e+03
6.603124293785310783e+02 1.227739548022598910e+03
6.573061797752809525e+02 1.228322471910112426e+03
6.545055928411633204e+02 1.228801454138702411e+03
6.521044267877412040e+02 1.229229284903518646e+03
6.505829621380846675e+02 1.229863028953229332e+03
6.504361405465699590e+02 1.230245956497490170e+03
6.506847400782560271e+02 1.230275572945779686e+03
6.518745075970737162e+02 1.230264490714687781e+03
6.535644344400675436e+02 1.230435565559932456e+03
6.560028522532801389e+02 1.230508841985168374e+03
6.588150256118383368e+02 1.230053500284575875e+03
6.610301994301994455e+02 1.229875213675213672e+03
6.623096186681843847e+02 1.230166192373363629e+03
6.611979638009049722e+02 1.230107466063348511e+03
6.586076527698457994e+02 1.230729297544260362e+03
6.555351075877689482e+02 1.230981879954699934e+03
6.526783493499151518e+02 1.231059920859242538e+03
6.510472350230414804e+02 1.231817972350230320e+03
6.500051516886090894e+02 1.231955352032054861e+03
6.500337528604119370e+02 1.232058924485125772e+03
6.511534025374855901e+02 1.232539215686274474e+03
6.532150661299597232e+02 1.232875215641173099e+03
6.564207777132908177e+02 1.232258850841555386e+03
6.601491841491841797e+02 1.231860722610722632e+03
6.629294724770642233e+02 1.231836582568807444e+03
6.642867012089809577e+02 1.231688543465745624e+03
6.636438356164383094e+02 1.231510273972602818e+03
6.619398843930636076e+02 1.231458381502890234e+03
6.593896551724137680e+02 1.231671264367816093e+03
6.571920644048303757e+02 1.231911443358251972e+03
6.550707303047728374e+02 1.231930419781483579e+03
6.531594703511801754e+02 1.232058146229130671e+03
6.523221590909090537e+02 1.232156818181818153e+03
6.522355631789594099e+02 1.232102344196683816e+03
6.539101316542644327e+02 1.232149398969662343e+03
6.561816608996539344e+02 1.231855824682814273e+03
6.589617612977983754e+02 1.231520857473928118e+03
6.616310068649885352e+02 1.231092105263157919e+03
6.632157985117344197e+02 1.230902690326273614e+03
6.639850660539920000e+02 1.230832854681217668e+03
6.629772079772079678e+02 1.230840455840455888e+03
6.605901545506583261e+02 1.230813966800228854e+03
6.574491766042021936e+02 1.230922771152754194e+03
6.540580865603644725e+02 1.231051252847380511e+03
6.520198863636363740e+02 1.231112499999999955e+03
6.507850309510411080e+02 1.231014631401238148e+03
6.499397522522522195e+02 1.230444256756756658e+03
6.516324929971988240e+02 1.229834733893557313e+03
6.548349459305634355e+02 1.228947638019351189e+03
6.579616923956546088e+02 1.228531160663236051e+03
6.604307692307692150e+02 1.228167521367521431e+03
6.623359863558840743e+02 1.227915292779988704e+03
6.624360859728507194e+02 1.227774886877828067e+03
6.610201567749160176e+02 1.227525195968644994e+03
6.579680134680135097e+02 1.228130751964085221e+03
6.552135211267606110e+02 1.228187042253521213e+03
6.523400222965440207e+02 1.228365663322185128e+03
6.495969077857537286e+02 1.228466593042517843e+03
6.482626651982378689e+02 1.228713656387665196e+03
6.478951747088186721e+02 1.228489739323350022e+03
6.487451737451737017e+02 1.228004964147821283e+03
6.505258810572687480e+02 1.227569933920704898e+03
6.528661854525263379e+02 1.226857856746252082e+03
6.555317371937638882e+02 1.226493318485523332e+03
6.571876056338028320e+02 1.226352676056337941e+03
6.578612652608212557e+02 1.225984461709211928e+03
6.574367053620784418e+02 1.226020453289110037e+03
6.558734806629834111e+02 1.226135359116022073e+03
6.541033149171270225e+02 1.226376795580110411e+03
6.522516666666666652e+02 1.226853333333333239e+03
6.502850027670172040e+02 1.227239070282235843e+03
6.484612424409016285e+02 1.227614073666849890e+03
6.475200659703133397e+02 1.227517866959868115e+03
6.484660087719298645e+02 1.227187500000000000e+03
6.506515812431842960e+02 1.226899672846237763e+03
6.535357737104825446e+02 1.226472545757071657e+03
6.558463227222831620e+02 1.225756860592755174e+03
6.575239154616240285e+02 1.225409343715239174e+03
6.583439419318816590e+02 1.225313791178112751e+03
6.580082644628099615e+02 1.225228650137740942e+03
6.571183333333333394e+02 1.225512222222222135e+03
6.552304730473047130e+02 1.225553355335533524e+03
6.525916666666666970e+02 1.226192777777777792e+03
6.496340121078701486e+02 1.226862960924600884e+03
6.472065934065933561e+02 1.227627472527472491e+03
6.467903137039074863e+02 1.228020363236103549e+03
6.478652993348115388e+02 1.228442350332594287e+03
6.495929398786541924e+02 1.228522338665195775e+03
6.516136363636363740e+02 1.228433481152993409e+03
6.539775533108866057e+02 1.228181818181818244e+03
6.573006169377454171e+02 1.227897924845765601e+03
6.601871148459383676e+02 1.227487394957983270e+03
6.620930626057529480e+02 1.227341229554427628e+03
6.620933108487914751e+02 1.227749297358066315e+03
6.601409244644870569e+02 1.228150507328072081e+03
6.573584269662920860e+02 1.228777528089887710e+03
6.541572150477260266e+02 1.229439079169006163e+03
6.519364096792346572e+02 1.229548677546426461e+03
6.505925514174541604e+02 1.230267926625903328e+03
6.505903279599777989e+02 1.230508615897721029e+03
6.511381838691482926e+02 1.230902425267907574e+03
6.524918032786885078e+02 1.231149236856981361e+03
6.576559999999999491e+02 1.230908571428571349e+03
