6.655541760722347817e+02 1.227362302483069925e+03
6.660957507082152915e+02 1.227582436260623126e+03
6.663492063492063835e+02 1.227997165532879762e+03
6.663690476190475920e+02 1.228251133786848186e+03
6.664284903518728242e+02 1.228280363223609584e+03
6.664346846846847257e+02 1.228194819819819713e+03
6.656694630872483458e+02 1.228189038031320024e+03
6.648002238388360183e+02 1.228106323447118029e+03
6.641732283464566535e+02 1.228341394825646830e+03
6.640964125560537923e+02 1.228384529147981993e+03
6.637359955629506203e+02 1.228305047143649517e+03
6.634559643255295214e+02 1.228432552954292078e+03
6.626555370061213353e+02 1.228409015025041754e+03
6.623294314381271306e+02 1.228520066889632062e+03
6.618463687150838268e+02 1.228168156424580957e+03
6.617015503875968534e+02 1.228260797342192745e+03
6.612497194163860286e+02 1.228408529741863049e+03
6.605854063018242641e+02 1.228302929795467207e+03
6.602980501392758015e+02 1.228341504178272999e+03
6.603206491326245668e+02 1.228305540011191852e+03
6.603683323975294570e+02 1.228326221224031542e+03
6.603104026845637691e+02 1.228327740492170051e+03
6.599008403361344790e+02 1.228401680672268867e+03
6.595818989450305025e+02 1.228338700721821169e+03
6.592712618121178139e+02 1.228495275152862632e+03
6.590421892816419813e+02 1.229115735461801705e+03
6.587280848687884145e+02 1.229145170295924117e+03
6.585036211699164141e+02 1.229169359331476244e+03
6.582748306997742702e+02 1.229078442437923286e+03
6.587116040955631888e+02 1.229179180887372013e+03
6.593271396396396540e+02 1.228773648648648759e+03
6.593982052720134561e+02 1.228680314077397725e+03
6.592119503945884844e+02 1.228617249154453248e+03
6.587688888888889096e+02 1.228276111111111049e+03
6.582818080357143344e+02 1.228541852678571331e+03
6.577188195991091106e+02 1.228529510022271779e+03
6.575033444816053816e+02 1.228682831661092450e+03
6.574086859688195545e+02 1.228621937639198222e+03
6.574023437500000000e+02 1.228594308035714221e+03
6.573956351426973015e+02 1.228471740346950128e+03
6.573297931805477674e+02 1.228260480715483482e+03
6.568791759465478890e+02 1.228391425389755113e+03
6.558007769145393695e+02 1.228360710321864644e+03
6.544453081621321644e+02 1.228538589672404214e+03
6.529497487437186010e+02 1.228689558905639387e+03
6.523082959641255911e+02 1.228970291479820617e+03
6.521424549549549283e+02 1.229034909909909857e+03
6.519859550561798187e+02 1.229047752808988662e+03
6.513112620260328640e+02 1.229155065082059991e+03
6.505373385738349725e+02 1.229205502526670443e+03
6.494784313725490392e+02 1.229131652661064436e+03
6.487725996631106682e+02 1.229557551937113885e+03
6.481346478873239221e+02 1.229700845070422474e+03
6.473688616071428896e+02 1.230050781250000000e+03
6.465582172701949730e+02 1.230313091922005469e+03
6.466737311767986967e+02 1.230229782487451303e+03
6.476302757456387553e+02 1.229880697805289856e+03
6.482585722315907333e+02 1.229487914558740840e+03
6.483712035995500855e+02 1.229401574803149515e+03
6.480243212669682862e+02 1.228999434389140333e+03
6.477268156424580638e+02 1.228989944134078314e+03
6.476835937500000000e+02 1.229242187500000000e+03
6.478384572386808031e+02 1.229510899944102903e+03
6.480628539071348087e+02 1.229716874292185821e+03
6.480647359454854950e+02 1.229907438955139014e+03
6.482937535171637364e+02 1.229946539110861067e+03
6.487284434490481999e+02 1.229648376259798397e+03
6.494077615298087949e+02 1.229628233970753627e+03
6.498246205733557872e+02 1.229232715008431796e+03
6.501340845070423029e+02 1.229425915492957756e+03
6.504813559322034280e+02 1.229688135593220295e+03
6.509092957746478305e+02 1.229732394366197241e+03
6.516373873873874345e+02 1.230080518018017983e+03
6.522242937853106923e+02 1.230179096045197639e+03
6.526994382022471655e+02 1.230066292134831428e+03
6.528381858902575914e+02 1.229940649496080596e+03
6.531096664782362495e+02 1.229895421141888164e+03
6.532828910220214311e+02 1.229951439864483291e+03
6.535228539576365847e+02 1.229546265328873915e+03
6.531181410974244272e+02 1.229399776035834293e+03
6.527237936772046396e+02 1.229275651691625171e+03
6.527227171492204434e+02 1.229367483296213777e+03
6.528249158249158199e+02 1.229031425364758661e+03
6.533478753541076003e+02 1.229189235127478696e+03
6.536429378531073553e+02 1.229088135593220386e+03
6.540291262135922352e+02 1.229154768703597938e+03
6.542207644038791159e+02 1.229363377067883675e+03
6.542892796369824282e+02 1.229327283040272278e+03
6.542461885940147113e+02 1.229370412196499046e+03
6.537801221543586507e+02 1.229382009994447571e+03
6.535044493882090819e+02 1.229515572858731957e+03
6.535689655172413950e+02 1.229505005561735288e+03
6.541201594533030175e+02 1.229285307517084220e+03
6.547626262626262132e+02 1.229149831649831640e+03
6.558620495495495106e+02 1.229458333333333258e+03
6.569434069043576301e+02 1.229302773061686366e+03
6.576659192825112541e+02 1.229248318385650236e+03
6.582606959498003789e+02 1.229338847689674822e+03
6.592056818181818016e+02 1.229244318181818244e+03
6.602594070695553228e+02 1.229251425313568916e+03
6.610811428571428223e+02 1.229147999999999911e+03
6.619823663253697532e+02 1.228873720136518841e+03
6.635179977502812108e+02 1.228753655793025928e+03
6.648124300111982166e+02 1.228323628219484817e+03
6.654550084889643813e+02 1.228165251839275697e+03
6.651756453423120092e+02 1.228284511784511778e+03
6.645179171332587202e+02 1.228301231802911616e+03
6.641813587871981781e+02 1.228358225715890057e+03
6.641816647919009711e+02 1.228345894263217133e+03
6.646905829596412332e+02 1.228235426008968716e+03
6.652644394110985786e+02 1.228539071347678373e+03
6.660438695163104512e+02 1.228291901012373501e+03
6.662742663656885043e+02 1.228408577878103870e+03
6.670028169014084369e+02 1.228292394366197186e+03
6.671217587373167817e+02 1.228363021420518635e+03
6.668386376326075151e+02 1.228575097710776163e+03
6.658350055741360620e+02 1.228365105908584155e+03
6.649308807134893868e+02 1.228306020066889687e+03
6.647472160356347786e+02 1.228209910913140220e+03
6.646670391061452392e+02 1.228137430167597813e+03
6.645378197997774805e+02 1.228113459399332669e+03
6.642554991539763023e+02 1.228371686407219386e+03
6.640345982142856656e+02 1.228361607142857110e+03
6.636503613118399016e+02 1.228180655919955598e+03
6.633572630398205092e+02 1.228294447560291701e+03
6.629811111111110904e+02 1.228043333333333294e+03
6.622676683361157757e+02 1.228176405119643960e+03
6.616805094130675116e+02 1.227922480620155056e+03
6.615722991689750643e+02 1.227955678670360157e+03
6.615387618516452903e+02 1.227905744562186328e+03
6.610693900391718216e+02 1.228048684946838193e+03
