6.622470455824422970e+02 1.230351716375914521e+03
6.672987668161434840e+02 1.229718049327354265e+03
6.707130094919040175e+02 1.228872696817420547e+03
6.734400665926748388e+02 1.228739178690344033e+03
6.748209944751381499e+02 1.228395580110497349e+03
6.750693450742983259e+02 1.228317556411667510e+03
6.743028130170987424e+02 1.228193050193050112e+03
6.724638487208009110e+02 1.228395995550611815e+03
6.692382022471909977e+02 1.227788202247191066e+03
6.642943820224719502e+02 1.228385955056179682e+03
6.586411830357143344e+02 1.228949218750000000e+03
6.541197975253093091e+02 1.229326771653543346e+03
6.493364692861096046e+02 1.229630326508024382e+03
6.449823008849557482e+02 1.230459623893805201e+03
6.414018691588785259e+02 1.230687190764156185e+03
6.385940594059405839e+02 1.231154015401540164e+03
6.363863387978142327e+02 1.231420765027322432e+03
6.356683087027914780e+02 1.231479474548440066e+03
6.362480832420591241e+02 1.231554216867469904e+03
6.386834887547997823e+02 1.231517827756445513e+03
6.412664819944598094e+02 1.231134626038781107e+03
6.444002211166390452e+02 1.230803206191265872e+03
6.487067039106145785e+02 1.230805586592178770e+03
6.528162921348314285e+02 1.230692134831460635e+03
6.576415410385259293e+02 1.230428252372975976e+03
6.633228346456693316e+02 1.230082677165354426e+03
6.677887402452620336e+02 1.229323299888517340e+03
6.714649610678532099e+02 1.228922135706340441e+03
6.739288864388092861e+02 1.228306504961411292e+03
6.752882582081246028e+02 1.228263772954924889e+03
