6.437447397563676077e+02 1.229806201550387641e+03
6.441341942728804497e+02 1.229713082537900164e+03
6.451112353269983259e+02 1.229301285634432588e+03
6.461306306306306624e+02 1.229024211711711814e+03
6.469025755879059716e+02 1.229019036954087369e+03
6.468973639932697779e+02 1.228950084127874334e+03
6.460915689558905797e+02 1.228693467336683398e+03
6.454006640841173521e+02 1.229077476480354107e+03
6.450342920353982663e+02 1.229462389380531022e+03
6.458376116071428896e+02 1.229686941964285779e+03
6.476385002797985635e+02 1.229626748740906578e+03
6.499017405951713044e+02 1.229122964626614248e+03
6.527949579831932851e+02 1.228707563025209993e+03
6.547093348239239958e+02 1.228480156512017857e+03
6.552384441939120734e+02 1.228399661781285204e+03
6.546468646864686889e+02 1.228405390539053997e+03
6.547187326292385023e+02 1.229050027793218533e+03
6.551891292290627007e+02 1.229388241819190171e+03
6.561294843049327028e+02 1.230107062780268961e+03
6.582527964205816033e+02 1.230157718120805384e+03
6.610469798657718457e+02 1.229663310961968591e+03
6.641465614430665028e+02 1.229204058624577328e+03
6.661335227272727479e+02 1.229101136363636442e+03
6.668733031674207723e+02 1.229011877828054367e+03
6.668378076062639366e+02 1.229451342281879306e+03
6.659883333333333439e+02 1.229796666666666624e+03
6.648289983397896776e+02 1.230312672938572177e+03
6.643436635307139113e+02 1.230510237963475447e+03
6.645566666666666151e+02 1.230526666666666642e+03
6.660151006711408854e+02 1.230327740492170051e+03
6.668107502799551867e+02 1.229774916013437860e+03
6.668273542600896917e+02 1.229685538116591943e+03
6.658861330326944881e+02 1.229182638105975229e+03
6.637957470621153107e+02 1.229146054840514807e+03
6.613904761904761926e+02 1.229216806722689171e+03
6.586956765861875738e+02 1.229724312184166138e+03
6.564308628318584624e+02 1.229862278761062043e+03
6.552873818788215203e+02 1.229798221234018911e+03
6.549861878453039026e+02 1.229698342541436432e+03
6.552074735080869914e+02 1.229223089793641975e+03
6.551462053571428896e+02 1.228950334821428669e+03
6.543899999999999864e+02 1.228460555555555629e+03
6.529832402234636675e+02 1.228779329608938497e+03
6.510866890380312952e+02 1.229098434004474257e+03
6.486640668523676823e+02 1.229257938718662899e+03
6.475906562847608257e+02 1.229643492769744171e+03
6.475190713101160327e+02 1.229541735765616295e+03
6.482725761772853730e+02 1.229275346260387778e+03
6.491425377305757820e+02 1.229219116825041965e+03
6.497430167597765376e+02 1.228994972067039043e+03
6.501024062674873676e+02 1.228674874090654839e+03
6.492665923034021489e+02 1.228892916899051897e+03
6.482660345789180383e+02 1.229119910764082533e+03
6.476867335562988046e+02 1.229765886287625335e+03
