6.618411005053341114e+02 1.228988208871420511e+03
6.608137092316196686e+02 1.228661138750690952e+03
6.598146718146717831e+02 1.228490347490347403e+03
6.587204182718767242e+02 1.228398458998348815e+03
6.576226519337016043e+02 1.228509392265193355e+03
6.562579921480651137e+02 1.228483454851374063e+03
6.543848283499446552e+02 1.228697674418604720e+03
6.533773998902906897e+02 1.228958310477235273e+03
6.533637368711995350e+02 1.228778883360972941e+03
6.535642737896494054e+02 1.229030606566499728e+03
6.534764542936287626e+02 1.228894736842105203e+03
6.524544456641053785e+02 1.229138309549945006e+03
6.514108828428650213e+02 1.229259855635757958e+03
6.504897846493649922e+02 1.229257868580894637e+03
6.502321826280623327e+02 1.229431514476614666e+03
6.499598885793872114e+02 1.229315320334261742e+03
6.497748049052396482e+02 1.229340022296544021e+03
6.494817679558011605e+02 1.229246961325966822e+03
6.495179856115107668e+02 1.229153292750414948e+03
6.508735376044568284e+02 1.229096378830083495e+03
6.518492239467849458e+02 1.228652439024390333e+03
6.520346950195859108e+02 1.228862898712926608e+03
6.520939597315435776e+02 1.229039709172259563e+03
6.526137123745819508e+02 1.229037346711259715e+03
6.531995503091624187e+02 1.229059021922428428e+03
6.539398663697104439e+02 1.229003897550111333e+03
6.544479108635097191e+02 1.228705292479108721e+03
6.551126760563380458e+02 1.228956619718309867e+03
6.564793296089385422e+02 1.229058100558659135e+03
6.584214645053102686e+02 1.229032420346562276e+03
6.599687325516471219e+02 1.228961474036850859e+03
6.613753501400560708e+02 1.228975910364145648e+03
6.616804700615556385e+02 1.229369893676552920e+03
6.619135593220338478e+02 1.229216384180791010e+03
6.627404921700223213e+02 1.229341163310961974e+03
6.635837506956038396e+02 1.229469115191986702e+03
6.642986501687289547e+02 1.229544994375703027e+03
6.652270668176670370e+02 1.229900906002264946e+03
6.658978675645341809e+02 1.230317620650954041e+03
6.673323863636363740e+02 1.230172159090909190e+03
6.683828345567476390e+02 1.229683794466403242e+03
6.673664596273291636e+02 1.230076792772444833e+03
6.654443820224719275e+02 1.229696629213483220e+03
6.632684151785714448e+02 1.229620535714285779e+03
6.616930803571428896e+02 1.229877232142857110e+03
6.611409470752089419e+02 1.229481337047353691e+03
6.611818181818181301e+02 1.229363636363636260e+03
6.605061179087875871e+02 1.229440489432703089e+03
6.596321070234113222e+02 1.229340022296544021e+03
6.583848720800889396e+02 1.228858731924360427e+03
6.572187324733595233e+02 1.228975322490185135e+03
6.560178571428571104e+02 1.229009486607142890e+03
6.545658482142856656e+02 1.229094308035714221e+03
6.525171270718232108e+02 1.229193370165745819e+03
6.517509749303620765e+02 1.229509749303621220e+03
6.519401565995525516e+02 1.229433445190156590e+03
