6.562998324958124385e+02 1.229650474595198148e+03
6.556218161683277685e+02 1.229685492801771943e+03
6.543165467625899510e+02 1.229658550083010596e+03
6.531572910977607762e+02 1.229581103222282991e+03
6.534077723043239985e+02 1.229472359058565871e+03
6.543489010989011376e+02 1.229344505494505484e+03
6.556384149697303201e+02 1.229481563015960319e+03
6.562235885969815854e+02 1.229495248742314061e+03
6.556184716877405663e+02 1.229476635514018653e+03
6.546967706622879177e+02 1.229715927750410401e+03
6.542254901960784537e+02 1.229801742919389881e+03
6.546271929824561084e+02 1.229936951754385973e+03
6.559106453392167850e+02 1.229413127413127313e+03
6.563537604456824965e+02 1.229377715877437367e+03
6.555455043859649322e+02 1.229320175438596380e+03
6.541569832402234397e+02 1.229863128491620046e+03
6.535963954123429858e+02 1.229430365920262147e+03
6.539427627958173161e+02 1.229384149697303201e+03
6.554006622516556035e+02 1.229290286975717436e+03
6.560294936004452211e+02 1.229434613244296088e+03
6.556200440528634772e+02 1.229332599118942653e+03
6.545330760749724277e+02 1.229128996692392548e+03
6.532756906077347594e+02 1.229325414364640892e+03
6.526486338797814142e+02 1.229363934426229434e+03
