6.471192457016084063e+02 1.230444814198557879e+03
6.466450719822812516e+02 1.230470653377630015e+03
6.462924791086351206e+02 1.230924233983286967e+03
6.460049778761061816e+02 1.230450221238937957e+03
6.461500278862241657e+02 1.230302844394868998e+03
6.462459654980523283e+02 1.230229271007234274e+03
6.466917960088692325e+02 1.229961197339246155e+03
6.474794444444444252e+02 1.229906666666666752e+03
6.485827777777777783e+02 1.229532222222222117e+03
6.501063234471180294e+02 1.229580861779518727e+03
6.515505364201015936e+02 1.229282891022021431e+03
6.530716704288938672e+02 1.228919864559819416e+03
6.546836791923724377e+02 1.228593381940549534e+03
6.560975336322869680e+02 1.228375560538116588e+03
6.569399332591768825e+02 1.228415461624026648e+03
6.581276595744681117e+02 1.228346584546472513e+03
6.593830376940132965e+02 1.228352549889135162e+03
6.607718120805369608e+02 1.228944630872483231e+03
6.625366536094012417e+02 1.229166200335758276e+03
6.642191704035874409e+02 1.229462443946188387e+03
6.656939799331103131e+02 1.229382943143812781e+03
6.671071025930101541e+02 1.229128523111612139e+03
6.681605633802817010e+02 1.229307605633802723e+03
6.684638655462184715e+02 1.229335014005602261e+03
6.681328515842134266e+02 1.229396887159532980e+03
6.675330396475770840e+02 1.229284691629955887e+03
6.677438202247191157e+02 1.229701123595505578e+03
6.669911259012756091e+02 1.229333333333333258e+03
6.654963948973932020e+02 1.229002773155851401e+03
6.641501687289088522e+02 1.229074803149606396e+03
6.629815332960268961e+02 1.229123111359820996e+03
6.616837416481068885e+02 1.228428730512249331e+03
6.608146911519198738e+02 1.228147468002225878e+03
6.594707182320441916e+02 1.227811602209944795e+03
6.582989462007765269e+02 1.227966722129783648e+03
6.569778393351800787e+02 1.227988919667589926e+03
6.552465219810795816e+02 1.228296048970506490e+03
6.536512534818941731e+02 1.228680222841225714e+03
6.522497237569060644e+02 1.228588950276243168e+03
6.504361936193619158e+02 1.228139163916391681e+03
6.490771775082690738e+02 1.228624035281146689e+03
6.483060773480663102e+02 1.228467403314917192e+03
6.477279210093253141e+02 1.228410312671420797e+03
6.478136439267886999e+02 1.228967831392124253e+03
6.478681868743047971e+02 1.229184093437152342e+03
6.478681868743047971e+02 1.229184093437152342e+03
6.477611111111110631e+02 1.229154999999999973e+03
6.473700221238938184e+02 1.229196902654867245e+03
6.473087583148558224e+02 1.229248337028824835e+03
6.473691796008869233e+02 1.229113636363636260e+03
6.474939360529217538e+02 1.228786659316427858e+03
6.481966292134831065e+02 1.228977528089887528e+03
6.488889508928571104e+02 1.228904017857142890e+03
6.502309417040358994e+02 1.229058295964125591e+03
