6.463198863636363285e+02 1.233101704545454595e+03
6.454303870595032322e+02 1.233854419410745322e+03
6.449700288184437795e+02 1.233551008645533102e+03
6.446975666280417272e+02 1.233856894553881830e+03
6.450639534883721353e+02 1.233530232558139460e+03
6.457345537757437341e+02 1.232584668192219624e+03
6.466556712962963047e+02 1.232639467592592609e+03
6.481612529002320571e+02 1.232102668213457036e+03
6.492756410256409936e+02 1.231792540792540876e+03
6.500222743259085973e+02 1.231393317702227478e+03
6.505550378567268126e+02 1.231121723937099659e+03
6.510268691588785259e+02 1.230845210280373749e+03
6.510621731551423181e+02 1.230302730970366156e+03
6.516374709976797703e+02 1.230090487238979222e+03
6.522222222222221717e+02 1.229559564719358605e+03
6.524862227324913420e+02 1.229425373134328311e+03
6.528325740318906583e+02 1.228818337129840529e+03
6.530506257110353090e+02 1.228595563139931755e+03
6.532436115843271409e+02 1.228639977285633222e+03
6.532227247032221840e+02 1.228671565856416009e+03
6.532407199100111939e+02 1.228701349831271045e+03
6.534338028169014478e+02 1.228917183098591522e+03
6.538133107727015840e+02 1.229016356457980919e+03
6.549416099773242195e+02 1.228689909297052054e+03
6.561426155580609247e+02 1.228172491544532022e+03
6.569689616252821907e+02 1.228101015801354379e+03
6.575301408450703775e+02 1.227990422535211337e+03
6.576155152887881741e+02 1.227604190260475661e+03
6.574272169548243028e+02 1.227619074177356424e+03
6.565457110609480651e+02 1.227753386004514596e+03
6.552585147962032579e+02 1.228008375209380347e+03
6.535379853685988110e+02 1.228560495216657273e+03
6.524425028184892881e+02 1.229074971815107119e+03
6.513934611048478018e+02 1.229582863585118275e+03
6.504631936579841067e+02 1.230413363533408756e+03
6.496505681818181301e+02 1.230957954545454641e+03
6.489669891861126416e+02 1.231204325554923116e+03
6.485535917901938774e+02 1.231759977194982866e+03
6.485331794575879485e+02 1.232205424120023054e+03
6.490503763752171835e+02 1.232182397220613893e+03
6.494737762237762126e+02 1.232471445221445265e+03
6.500535609181871450e+02 1.232786344908769934e+03
6.505786090005844926e+02 1.232738749269433129e+03
6.513724018475750199e+02 1.232630484988452736e+03
6.520826010544815290e+02 1.232806678383128201e+03
6.529653379549392866e+02 1.232409012131715826e+03
6.537233065442020461e+02 1.232651549942594784e+03
6.544773379231210129e+02 1.232714859437751102e+03
6.555558139534883821e+02 1.233059883720930202e+03
6.564774458113649871e+02 1.232886936145284153e+03
6.569746909947027689e+02 1.232851088875809410e+03
6.571630625365284004e+02 1.232197545295148984e+03
6.569657772621809499e+02 1.232449535962877007e+03
6.568592848904268067e+02 1.232273356401384035e+03
6.572014797951053424e+02 1.231822993739328467e+03
6.575160744500846022e+02 1.231250423011844305e+03
6.583306636155606384e+02 1.231618993135011351e+03
6.595631458094144364e+02 1.231894374282434001e+03
6.606662857142856637e+02 1.231368571428571386e+03
6.616640271493212140e+02 1.230788461538461434e+03
6.632226606538895339e+02 1.229692784667418209e+03
6.643203661327231657e+02 1.229609267734553669e+03
6.652659574468085566e+02 1.228497760358342703e+03
6.657305524239008037e+02 1.228238444193912073e+03
6.657806967447172610e+02 1.228750999428897785e+03
6.653481690140845330e+02 1.228897464788732350e+03
6.649677598665925871e+02 1.228555308504724735e+03
6.643885778275475786e+02 1.229103583426651767e+03
6.637420993227990493e+02 1.229985327313769858e+03
6.631931881630374619e+02 1.230103294249022838e+03
6.627605790645880006e+02 1.230805679287305111e+03
6.623344556677890296e+02 1.231106060606060510e+03
6.617634947134112053e+02 1.231209794101279840e+03
6.608792813026390149e+02 1.231686131386861234e+03
6.600608793686584477e+02 1.231674182638106004e+03
6.594610538373425470e+02 1.232650630011454723e+03
6.590005688282138863e+02 1.232427189988623468e+03
6.589474285714285315e+02 1.232279999999999973e+03
6.589546498277841238e+02 1.232211825487944907e+03
6.594138523182598419e+02 1.231601030337721795e+03
6.602604408352668770e+02 1.231802784222737728e+03
6.608469914040114190e+02 1.231682521489971350e+03
6.607301218804410610e+02 1.232191526407428910e+03
6.604400000000000546e+02 1.232127428571428482e+03
6.597092688543465329e+02 1.233013816925734091e+03
6.589449856733524484e+02 1.233194269340974188e+03
6.583302107728337660e+02 1.234247072599531521e+03
6.580214368482039617e+02 1.234374855156431067e+03
6.579047344110854283e+02 1.234153579676674326e+03
6.584074289030760383e+02 1.234246082414393413e+03
6.594637426900584387e+02 1.234262573099415249e+03
6.611959770114942785e+02 1.233198275862069067e+03
6.625315005727377411e+02 1.232831615120274819e+03
6.640229621125143922e+02 1.232603329506314594e+03
6.652732558139534831e+02 1.232140116279069844e+03
6.665280833815866117e+02 1.231949044585987167e+03
6.677323699421965557e+02 1.231474566473988489e+03
6.685176198729058115e+02 1.230824378971692568e+03
6.685921658986175089e+02 1.230460253456221153e+03
6.685131880733945309e+02 1.229845756880733916e+03
6.676875358989086635e+02 1.229337162550258427e+03
6.673054298642533695e+02 1.228854072398190056e+03
6.667178911946158451e+02 1.228695457094784160e+03
6.666058558558559071e+02 1.228657657657657637e+03
6.667900396151669611e+02 1.228831918505942213e+03
6.667652370203160217e+02 1.228711625282167006e+03
6.667511286681715319e+02 1.228727990970654673e+03
6.665073363431150710e+02 1.229047404063205477e+03
6.660909607731665574e+02 1.229133030130756197e+03
6.656250000000000000e+02 1.229051238738738675e+03
6.655000000000000000e+02 1.228884701912260880e+03
6.656529345372460966e+02 1.228718961625282191e+03
6.658729438457174865e+02 1.228656267725467842e+03
6.654724900737379585e+02 1.228420873511060790e+03
6.650942111237230847e+02 1.228261634506242899e+03
6.647721376198533108e+02 1.228433164128595536e+03
6.645872654917566251e+02 1.229001705514496962e+03
6.638681192660550323e+02 1.229419724770642233e+03
6.629267867518884714e+02 1.230080766995932663e+03
6.620207373271889537e+02 1.230597926267281082e+03
6.606214203894616048e+02 1.231517182130584160e+03
6.592497103128621347e+02 1.232292584009270058e+03
6.582139099941554150e+02 1.232929865575686790e+03
6.575005807200928984e+02 1.233066782810685254e+03
6.571453590192644469e+02 1.233131932282545222e+03
6.568486956521738875e+02 1.233063768115942139e+03
6.566164144353899701e+02 1.233108847497089528e+03
6.566035879629629335e+02 1.232753472222222172e+03
6.570152582159624899e+02 1.232302816901408505e+03
6.573368544600939458e+02 1.232183685446009349e+03
6.576978248089359340e+02 1.232453850676072989e+03
6.585803048065650955e+02 1.232257327080890946e+03
6.596408163265306257e+02 1.232111953352769660e+03
6.610416911332941936e+02 1.232045801526717469e+03
6.621450957632036989e+02 1.231422518862449124e+03
6.630603795284646367e+02 1.231041403105232803e+03
6.633949191685911728e+02 1.231333140877598225e+03
6.633935372186958830e+02 1.231307559145989671e+03
6.632643020594965719e+02 1.231258581235697875e+03
6.628306133933596129e+02 1.231007315700619074e+03
6.619737442922374839e+02 1.231582762557077558e+03
6.609044368600682446e+02 1.231507394766780408e+03
6.601863532110091910e+02 1.231151376146789062e+03
6.602037671232876619e+02 1.230581621004566159e+03
6.604568527918781911e+02 1.229989283699943599e+03
6.611432664756447366e+02 1.229460744985673273e+03
6.616599099099098567e+02 1.228845157657657637e+03
6.621995412844037219e+02 1.228423738532110065e+03
6.625640732265446786e+02 1.228322082379862650e+03
6.623250141803744100e+02 1.227817923993193517e+03
6.616496887379739746e+02 1.227933786078098365e+03
6.607830028328611434e+02 1.227951274787535340e+03
6.596993204983012902e+02 1.228287655719139366e+03
6.583711864406780023e+02 1.228798870056497208e+03
6.565014116318463948e+02 1.229374929418407646e+03
6.550149750415973813e+02 1.229437603993344510e+03
6.534509692132269265e+02 1.230734321550741242e+03
6.523880341880342257e+02 1.231094586894586882e+03
6.516611804767310332e+02 1.231343359818388308e+03
6.509399213924760943e+02 1.231131948343627073e+03
6.504468325791855250e+02 1.231453054298642428e+03
6.496201243640474559e+02 1.231591859807801029e+03
6.488853575482406768e+02 1.231663450624290590e+03
6.482119318181818244e+02 1.231293181818181893e+03
6.476935665914221545e+02 1.231559255079006789e+03
6.475248587570621339e+02 1.231632203389830465e+03
6.474003446295232607e+02 1.232228604250430863e+03
6.476091488129704885e+02 1.232482339316734169e+03
6.480351082504388387e+02 1.232544177881802170e+03
6.481821366024518056e+02 1.232516053706946877e+03
6.481041303083187586e+02 1.232629435718440845e+03
6.476852497096399475e+02 1.233099303135888476e+03
6.474808022922636610e+02 1.233075644699140412e+03
6.474090389016017753e+02 1.233119565217391255e+03
6.472940503432494097e+02 1.233258009153317971e+03
6.472095567069660547e+02 1.232928612550374282e+03
6.475857716580608212e+02 1.232772805507745261e+03
6.481720368239355139e+02 1.232496547756041537e+03
6.490295138888889142e+02 1.232250578703703695e+03
6.499260722347629553e+02 1.231256207674943653e+03
6.512440273037542511e+02 1.231287827076223039e+03
6.524183154324476845e+02 1.230472583380440938e+03
6.533950198075834805e+02 1.230513299377475960e+03
6.538935933147632795e+02 1.229688022284122553e+03
6.544172335600907218e+02 1.229878117913832284e+03
6.544594900849858732e+02 1.229846458923512728e+03
6.546646067415730386e+02 1.229312359550561723e+03
6.545692481628038877e+02 1.229501413227812236e+03
6.544148397976391607e+02 1.229233277121978745e+03
6.539097952407305456e+02 1.228793580520199157e+03
6.535527192008878501e+02 1.228849056603773533e+03
6.526532438478747054e+02 1.229102908277404822e+03
6.516589275843007272e+02 1.229168048645660519e+03
6.502355233853006666e+02 1.229234409799554669e+03
6.488290126861555791e+02 1.229490899062327571e+03
6.478093922651934236e+02 1.229681215469613335e+03
6.467067627494457156e+02 1.230136363636363740e+03
6.460566981656476173e+02 1.230464146748193343e+03
6.456913092550789770e+02 1.230534424379232405e+03
6.457788461538461888e+02 1.230487556561085967e+03
6.462262108262108313e+02 1.230503703703703650e+03
6.469057353776263426e+02 1.230883588869960249e+03
6.477555178268250984e+02 1.230963214487832374e+03
6.484147982062780784e+02 1.231197869955156875e+03
6.486020350480497427e+02 1.232030525720746255e+03
6.483996598639455442e+02 1.232712585034013500e+03
6.479099099099098567e+02 1.232938626126126110e+03
6.474960806270996727e+02 1.233226203807390903e+03
6.462922899884924846e+02 1.234064441887226621e+03
6.457148617511520570e+02 1.234281105990783317e+03
6.451858304297328459e+02 1.234373403019744501e+03
6.446990794016110158e+02 1.234468354430379804e+03
6.448371014492753375e+02 1.234418550724637726e+03
6.452623618382780251e+02 1.234189645142524796e+03
6.460385064177362437e+02 1.234119019836639382e+03
6.471297046902142256e+02 1.233632310364794421e+03
6.481858974358974592e+02 1.233296620046620092e+03
6.491448598130841674e+02 1.233046728971962693e+03
6.497605552342394049e+02 1.232794100636205940e+03
6.505690352397458582e+02 1.232677065280184934e+03
6.511405247813411279e+02 1.232096209912536551e+03
6.516580310880829074e+02 1.231928612550374282e+03
6.526135593220338933e+02 1.231081355932203451e+03
6.529329128440366503e+02 1.231188073394495405e+03
6.536350198976691672e+02 1.230491188175099524e+03
6.537080957810718473e+02 1.230575256556442355e+03
6.538994285714285297e+02 1.230567428571428536e+03
6.538273504273504386e+02 1.230455840455840416e+03
6.537800453514739729e+02 1.230222789115646265e+03
6.539045197740113053e+02 1.230285875706214711e+03
6.540509153318078006e+02 1.230505148741418679e+03
6.547276330690826853e+02 1.229902038505096243e+03
6.555217637083097770e+02 1.229803278688524642e+03
6.561361344537815512e+02 1.229070588235294053e+03
6.564853768278965163e+02 1.229194038245219417e+03
6.564756097560975832e+02 1.228335920177383514e+03
6.558873318385650464e+02 1.228794282511210668e+03
6.550404789053591230e+02 1.228743443557582623e+03
6.541122166943061984e+02 1.228468767274737502e+03
6.532751677852348848e+02 1.229021812080536847e+03
6.519509306260575840e+02 1.229685279187817287e+03
6.511773090079817621e+02 1.230058722919042111e+03
6.507169703872436912e+02 1.230768223234624202e+03
6.505294784580498799e+02 1.230831632653061206e+03
6.501853325753269246e+02 1.230728823194997176e+03
6.500705748434832003e+02 1.231081957882754750e+03
6.497998875772906331e+02 1.231155705452501479e+03
6.499043824701195717e+02 1.231494023904382402e+03
6.501128939828080320e+02 1.231773638968481464e+03
6.503859041016753508e+02 1.232472559214327021e+03
