6.653765501691093505e+02 1.226760428410372015e+03
6.666373810856183582e+02 1.226304980414101919e+03
6.669926801801801730e+02 1.226423423423423401e+03
6.654340159271899893e+02 1.226972696245733687e+03
6.633448081264108396e+02 1.227351580135440145e+03
6.608513284341436247e+02 1.227384397964951859e+03
6.578142536475869520e+02 1.228262626262626327e+03
6.560198412698413222e+02 1.228676303854875187e+03
6.551365416899832326e+02 1.229170117515388938e+03
6.553312883435582989e+02 1.229470719464584590e+03
6.559690489589195295e+02 1.229485087225661118e+03
6.565886287625418163e+02 1.229553511705685651e+03
6.566484069312465408e+02 1.229486864169927230e+03
6.568032602585722088e+02 1.229368746486790315e+03
6.573365168539326078e+02 1.228784269662921361e+03
6.588476190476189913e+02 1.228298599439775899e+03
6.607643059490085307e+02 1.228008498583569462e+03
6.622263723825693660e+02 1.227521788341822230e+03
6.631408529741862594e+02 1.227303030303030255e+03
6.631672297297296836e+02 1.227631756756756658e+03
6.620264193367059988e+02 1.227861720067453689e+03
6.595154061624649557e+02 1.228392156862745196e+03
6.570427107061503875e+02 1.228966970387243691e+03
6.548042387060792180e+02 1.229311210262130544e+03
6.534689770821688626e+02 1.230114589155953126e+03
6.527637576431350226e+02 1.230396331295163918e+03
6.525711902113459928e+02 1.230748609566184541e+03
6.521556683587140242e+02 1.231160744500846022e+03
6.513370598099496647e+02 1.231154835103409823e+03
6.507278338945005771e+02 1.230922558922558892e+03
6.505160932297446834e+02 1.230438401775804550e+03
6.516921787709496812e+02 1.230108379888268246e+03
6.540776152980877214e+02 1.229262654668166533e+03
6.571118083285796274e+02 1.228972618368511121e+03
6.589937853107344381e+02 1.228590960451977480e+03
6.598500000000000227e+02 1.228419662921348390e+03
6.589802483069977370e+02 1.228434537246049558e+03
6.570872027180067789e+02 1.228716308040770173e+03
6.548237960339943129e+02 1.228992634560906481e+03
6.524520471116096587e+02 1.229729669097027454e+03
6.509728506787330389e+02 1.229906674208144750e+03
6.499656144306651413e+02 1.230284667418263780e+03
6.491186440677965948e+02 1.231035028248587651e+03
6.481005110732538697e+02 1.231047700170357757e+03
6.467124439461883867e+02 1.231629484304932703e+03
6.449033164699269491e+02 1.232024170882518320e+03
6.449124293785311011e+02 1.231871186440678002e+03
6.466925656791503343e+02 1.231493012856344421e+03
6.496090858104319068e+02 1.230816040381379707e+03
6.527079347214406653e+02 1.230512099043331546e+03
6.554150731158605367e+02 1.230120922384701998e+03
6.573799546998867527e+02 1.229608720271800621e+03
6.579277244494635397e+02 1.229168831168831275e+03
6.575692567567567721e+02 1.228969594594594582e+03
6.562296380090497223e+02 1.229261312217194472e+03
6.550734878462408233e+02 1.229067269643866666e+03
6.542531003382187009e+02 1.229383878241262664e+03
6.537557294577976563e+02 1.229918390162101787e+03
6.530830527497193998e+02 1.230289562289562355e+03
6.520130016958734132e+02 1.230969474279253745e+03
6.497720877884074753e+02 1.231018570624648191e+03
6.478142536475869520e+02 1.231583052749719400e+03
6.471458333333333712e+02 1.231832207207207148e+03
6.475947309417040287e+02 1.231498318385650236e+03
6.490358974358974820e+02 1.231454700854700832e+03
6.513028409090909463e+02 1.231295454545454504e+03
6.543767625493513833e+02 1.230388606880992711e+03
6.568080636002271149e+02 1.229855195911414057e+03
6.584328611898016561e+02 1.229098016997167178e+03
6.585989819004524861e+02 1.228800904977375467e+03
6.585772266065389431e+02 1.228618376550169160e+03
6.586028169014084597e+02 1.228589859154929627e+03
6.586818437324340039e+02 1.228725126475547995e+03
6.587519954389965733e+02 1.228820980615735380e+03
6.586725113122172388e+02 1.228986990950226300e+03
6.574824316787506859e+02 1.229239263803681069e+03
6.559140932060639670e+02 1.229834924199887610e+03
6.540232163080407872e+02 1.230437146092865305e+03
6.520311438278595233e+02 1.230616081540203822e+03
6.512125494629734703e+02 1.230717919728660263e+03
6.520631341600901578e+02 1.230500000000000000e+03
6.542940180586907672e+02 1.230232505643340801e+03
6.569914869466515484e+02 1.229495459704880886e+03
6.596232374506486167e+02 1.229240270727580310e+03
6.612938844847111568e+02 1.228460362400905979e+03
6.621411564625850588e+02 1.228126417233560005e+03
6.624901630129286332e+02 1.227509274873524419e+03
6.633531073446328037e+02 1.227243502824858751e+03
6.642434733257662174e+02 1.227305334846764936e+03
6.653655486071631913e+02 1.226923820352473058e+03
6.660990324416619615e+02 1.227023335230506518e+03
6.650796610169491032e+02 1.227294915254237367e+03
6.625138028169013751e+02 1.227443943661971844e+03
6.590976584808680627e+02 1.228050828098229658e+03
6.562485875706214529e+02 1.228422033898305017e+03
6.543823857302118085e+02 1.228986064659977728e+03
6.537764114030184146e+02 1.229593627724985936e+03
6.544033333333333076e+02 1.229443888888888978e+03
6.562254075323215829e+02 1.229559865092748623e+03
6.581589627959414202e+02 1.229312288613303281e+03
6.595185601799774986e+02 1.229100112485939235e+03
6.604224330357143344e+02 1.228413504464285779e+03
6.613651241534988685e+02 1.228231376975169269e+03
6.625087225661226285e+02 1.227329206527855831e+03
6.641048752834467450e+02 1.227113945578231323e+03
6.660219594594594810e+02 1.226596846846846802e+03
6.667145270270269748e+02 1.226385135135135215e+03
6.659626907857547167e+02 1.226665347654041852e+03
6.635375982042648957e+02 1.226858585858585911e+03
6.611177464788731868e+02 1.227083380281690097e+03
6.586031390134529602e+02 1.228112107623318479e+03
6.560771380659585930e+02 1.228231973169368302e+03
6.546523915461624483e+02 1.228804226918798577e+03
6.545033407572383339e+02 1.229243875278396445e+03
6.553555304740406200e+02 1.229441873589164743e+03
6.560130385487528883e+02 1.229349206349206270e+03
6.564176008968610176e+02 1.229459080717488860e+03
6.567408026755853143e+02 1.229082497212931912e+03
6.573089064261555450e+02 1.228785794813979692e+03
6.582728813559322134e+02 1.228137853107344654e+03
6.603145620022753519e+02 1.227800341296928309e+03
6.620486976217440542e+02 1.227147791619478994e+03
6.632612866817155464e+02 1.226918735891647884e+03
6.640561861520999400e+02 1.226944381384789949e+03
6.619853355893965272e+02 1.227170896785110017e+03
