6.574737133370226729e+02 1.230014941892639627e+03
6.569967069154774890e+02 1.230066959385290829e+03
6.569632070291048649e+02 1.230126304228445861e+03
6.573405676126877779e+02 1.230168057874234819e+03
6.567113062568605528e+02 1.229665751920965931e+03
6.568068927789934150e+02 1.229328227571116031e+03
6.569048927982407804e+02 1.229311159978009982e+03
6.565779967159277248e+02 1.229376573617952999e+03
6.565780821917808225e+02 1.229348493150685044e+03
6.565235745614035068e+02 1.229300986842105203e+03
6.564595185995623297e+02 1.229500547045951862e+03
6.566750823271130457e+02 1.229320526893523493e+03
6.564754820936639135e+02 1.229527272727272702e+03
6.557102957283680098e+02 1.229681818181818244e+03
6.562580466148723417e+02 1.229662042175360739e+03
6.562719734660032600e+02 1.229505251520176898e+03
6.559730917078528591e+02 1.229419000549148905e+03
6.558708446866485247e+02 1.229320980926430593e+03
6.559791094007696302e+02 1.229461242440901515e+03
6.559621295279912374e+02 1.229310098792535655e+03
6.562946081156197806e+02 1.229563090605892057e+03
6.562591160220994198e+02 1.229479005524861805e+03
6.556166848418756672e+02 1.230102508178844118e+03
6.560453539823008668e+02 1.229841261061946852e+03
