6.581466441060349553e+02 1.229336717428087923e+03
6.572235955056179364e+02 1.229500000000000000e+03
6.568781697905182000e+02 1.229307607497243680e+03
6.565791208791208646e+02 1.229353296703296792e+03
6.556863711001642514e+02 1.229418719211822690e+03
6.547447973713034344e+02 1.229874589266155454e+03
6.533830022075055695e+02 1.230187637969095022e+03
6.512061572292468554e+02 1.230452446399120390e+03
6.506372549019607732e+02 1.230531045751633883e+03
6.515019262520638677e+02 1.230319757842597710e+03
6.531130289532294455e+02 1.230303452115812888e+03
6.543688616071428896e+02 1.230121093750000000e+03
6.549507554560716471e+02 1.229965864577504135e+03
6.551356218345525804e+02 1.230254924029262838e+03
6.555664257921067701e+02 1.230152862701500908e+03
6.566112347052280711e+02 1.230162958843159004e+03
6.584822335025380653e+02 1.230090242526790689e+03
6.598191489361702224e+02 1.229718365061590248e+03
6.597179630665920058e+02 1.229759373251259149e+03
6.581082589285714448e+02 1.230056361607142890e+03
6.566544850498338519e+02 1.230193798449612359e+03
6.558936877076412202e+02 1.230437984496124045e+03
6.561136993899057188e+02 1.230555740432612311e+03
6.563087173792337126e+02 1.230446973903387061e+03
6.558434065934065984e+02 1.230060439560439590e+03
6.546275370268788265e+02 1.230244103126714208e+03
6.543534246575342195e+02 1.230312876712328716e+03
6.552068194522079239e+02 1.230353269983230803e+03
6.565902466367713259e+02 1.230311098654708530e+03
6.582153673583846967e+02 1.230174425126191863e+03
6.591765369430344208e+02 1.229622109419063690e+03
6.595868230039084210e+02 1.229414293690675549e+03
6.600507900677200723e+02 1.229414785553047295e+03
6.600641169853768133e+02 1.229435320584926785e+03
6.594354570637119650e+02 1.229322437673130253e+03
6.581232254400908914e+02 1.229927881885292436e+03
6.574152731326644243e+02 1.229806577480490432e+03
6.568580077050082764e+02 1.229689047881122633e+03
6.562963576158940668e+02 1.229581677704194362e+03
6.552910199556540647e+02 1.229830931263858020e+03
6.544125758411472589e+02 1.230020959735245469e+03
6.517761930883159494e+02 1.230249588590235817e+03
