6.538779005524861532e+02 1.229311049723756923e+03
6.552404432132964303e+02 1.229252077562326804e+03
6.558887652947719289e+02 1.229101223581757495e+03
6.563353624792473511e+02 1.229536247924737154e+03
6.568101545253863378e+02 1.229513796909492385e+03
6.579011595803423234e+02 1.229358365543898344e+03
6.589739612188366209e+02 1.229259833795013947e+03
6.597304730473047130e+02 1.229217271727172829e+03
6.596595041322314046e+02 1.229255096418732819e+03
6.590126861555432924e+02 1.229355763927192584e+03
6.584898071625344755e+02 1.229356473829201150e+03
6.588682170542635959e+02 1.229516057585825138e+03
6.593919597989950034e+02 1.229423785594639867e+03
6.592940522512507187e+02 1.229384102279043873e+03
6.584565096952908334e+02 1.228986703601108047e+03
6.581594922737307343e+02 1.229333885209713117e+03
6.576505494505494198e+02 1.229223076923076860e+03
6.554274725274725597e+02 1.229383516483516587e+03
6.537199341021416785e+02 1.229242723778143954e+03
6.530143093010457278e+02 1.229236653824986206e+03
6.531086474501108796e+02 1.229073725055432305e+03
6.533303670745272029e+02 1.228720800889877637e+03
6.538791390728476927e+02 1.228832229580573994e+03
6.538191313908740767e+02 1.228743265530511280e+03
6.538742449203733713e+02 1.228914332784184580e+03
6.537420591456735792e+02 1.229133077765607823e+03
6.536192307692307395e+02 1.229115384615384528e+03
6.537476480354177966e+02 1.228890979524073146e+03
6.549756771697070690e+02 1.228835268103924818e+03
6.561769316909294503e+02 1.228720604703247545e+03
6.563305369127516542e+02 1.228912192393735950e+03
6.567522075055187543e+02 1.229195364238410548e+03
6.577256198347107556e+02 1.229198898071625308e+03
6.597070484581497567e+02 1.229043502202643140e+03
