6.554219101123595692e+02 1.229312921348314603e+03
6.555480607082630513e+02 1.229177627880832006e+03
6.565191226096737864e+02 1.229045556805399428e+03
6.581070028011204158e+02 1.228626890756302600e+03
6.602890888638920615e+02 1.228550618672665905e+03
6.626070826306913659e+02 1.228314783586284420e+03
6.641975169300226298e+02 1.228078442437923286e+03
6.650922026180990088e+02 1.227968696642003351e+03
6.648201117318435536e+02 1.228081564245810114e+03
6.634784071789119935e+02 1.228376332024677595e+03
6.611238095238095411e+02 1.228468347338935473e+03
6.576605042016806237e+02 1.228789355742296948e+03
6.546018930957683324e+02 1.229540645879732665e+03
6.510011217049915331e+02 1.229969153112731419e+03
6.485890788747931310e+02 1.230552123552123476e+03
6.477370452039691600e+02 1.230785556780595471e+03
6.494823204419889180e+02 1.230719337016574627e+03
6.533344671201814435e+02 1.230339002267573733e+03
6.576571591557329839e+02 1.230020536223616546e+03
6.627894137734774631e+02 1.229163346613545855e+03
6.665404939689833554e+02 1.228956346927053346e+03
6.682763306908267396e+02 1.228522650056625253e+03
6.682650056625141133e+02 1.228453001132502777e+03
6.666196145124716850e+02 1.228728458049886513e+03
6.642166003411028896e+02 1.229163160886867445e+03
6.613674496644295004e+02 1.229582214765100616e+03
6.591782902137232441e+02 1.229942632170978641e+03
6.578956135480289049e+02 1.230335924486396380e+03
6.572963988919667599e+02 1.230275900277008304e+03
6.570088691796008789e+02 1.230327050997782635e+03
6.564719288493607792e+02 1.230326292384658245e+03
6.548824833702882415e+02 1.230336474501108569e+03
6.527906197654941707e+02 1.230345058626465743e+03
6.513435412026725544e+02 1.230404231625835109e+03
6.503724291272928895e+02 1.230484713729850000e+03
6.511464646464646648e+02 1.230661616161616166e+03
6.525961002785514893e+02 1.230457938718662945e+03
6.551207674943566417e+02 1.230332392776523648e+03
6.580641099026903476e+02 1.229801946193474578e+03
6.608316441441440929e+02 1.229166666666666742e+03
6.635182440136829882e+02 1.229072405929304523e+03
6.654363112391930599e+02 1.228978097982708960e+03
6.665205320994795102e+02 1.228869866975130208e+03
6.660942318675042770e+02 1.228940034266133580e+03
6.631204070096099485e+02 1.229345958168456718e+03
6.589111238532110519e+02 1.230066513761467832e+03
6.537246214245653846e+02 1.230543466068424095e+03
6.495002801120448339e+02 1.231247619047619082e+03
6.467329639889196642e+02 1.231628254847645394e+03
6.463826615129762558e+02 1.231731639977912664e+03
6.480213723284589378e+02 1.231270528683914563e+03
6.508068500842223330e+02 1.230644020213363319e+03
6.543509264458169810e+02 1.230281864121280250e+03
6.576424929178469938e+02 1.229551841359773334e+03
6.596155152887881741e+02 1.229203850509626363e+03
6.607397727272726797e+02 1.228897159090909099e+03
6.610524814603536470e+02 1.228957216200798712e+03
6.605843203609700822e+02 1.228797518330513185e+03
6.599869020501139403e+02 1.228635535307517102e+03
6.598761210762331757e+02 1.228400784753363268e+03
6.599865244244806490e+02 1.228458731049971902e+03
6.599141895681435699e+02 1.228503645541222568e+03
6.592847571189279279e+02 1.228335008375209327e+03
6.580942760942760970e+02 1.228523007856341110e+03
6.557849099099098567e+02 1.228988175675675620e+03
6.532426470588235361e+02 1.229757918552036244e+03
6.508344594594594810e+02 1.229930180180180287e+03
6.488985024958402619e+02 1.230383804769827975e+03
6.480956043956043686e+02 1.230626923076923049e+03
6.484699724517906816e+02 1.230549862258953226e+03
6.499876335019673661e+02 1.230273749297358108e+03
6.526095928611266572e+02 1.229426101505856195e+03
6.562067390062820778e+02 1.228890919474585871e+03
6.611170091324200939e+02 1.228012557077625615e+03
6.657501445922498533e+02 1.227142278773857697e+03
6.685947638019350734e+02 1.227023904382470164e+03
6.698432708688245611e+02 1.227202157864849596e+03
6.681954929577465236e+02 1.227189295774647917e+03
6.648492688413948599e+02 1.227270528683914563e+03
6.605610302351623204e+02 1.227884658454647251e+03
6.558525784753363723e+02 1.228423206278027010e+03
6.525463117027177304e+02 1.228865779256794212e+03
6.506692435118718549e+02 1.229465488680287081e+03
6.506074403109383866e+02 1.229572459744586240e+03
6.515283648498331104e+02 1.229615684093437039e+03
6.532932288752098202e+02 1.229409625069949698e+03
6.542972518227705905e+02 1.229295569265283120e+03
6.546308123249299342e+02 1.229149579831932670e+03
6.548120089786756353e+02 1.229010101010100925e+03
6.553696017947279415e+02 1.228951205832865980e+03
6.562903770399549330e+02 1.228642656162070807e+03
6.578701007838745909e+02 1.228201007838745909e+03
6.602894438138479245e+02 1.228297389330306487e+03
6.624742792538156664e+02 1.227820237422272385e+03
6.641317128321085193e+02 1.227495195025438079e+03
6.649583808437856760e+02 1.227281641961231571e+03
6.645993247045582848e+02 1.227365222284749507e+03
6.630918309859155215e+02 1.227359436619718281e+03
6.603008998875141060e+02 1.227897637795275614e+03
6.570106204583565841e+02 1.228292342090553348e+03
6.535495296070835138e+02 1.228571112340896434e+03
6.503405676126877779e+02 1.229148580968280385e+03
6.477551246537395855e+02 1.229376731301939117e+03
6.468164731896075637e+02 1.229665561083471630e+03
6.521684567552289309e+02 1.229497456189937793e+03
