6.543759689922480902e+02 1.228142303433001189e+03
6.526005524861878939e+02 1.227929281767955899e+03
6.508711995577667722e+02 1.228219458264234390e+03
6.500077691453940361e+02 1.228399001109877872e+03
6.494025260845688763e+02 1.228354200988467937e+03
6.491890547263681128e+02 1.228912106135986733e+03
6.495531561461793899e+02 1.229071982281284590e+03
6.503836824696802523e+02 1.229318632855567785e+03
6.512735901730876549e+02 1.229793969849246196e+03
6.520233592880979359e+02 1.229857619577308014e+03
6.534902831760133495e+02 1.229862853970016658e+03
6.550322580645160997e+02 1.229835928809788584e+03
6.566022222222221671e+02 1.229938888888888869e+03
6.583875278396436670e+02 1.229778396436525554e+03
6.601448313985627010e+02 1.229647318960751818e+03
6.622966909702747671e+02 1.230123948401570487e+03
6.642770345596433117e+02 1.230438684503901868e+03
6.649581473214285552e+02 1.230752232142857110e+03
6.652069937958262926e+02 1.231113931190073345e+03
6.653529741863075060e+02 1.231060044893378290e+03
6.652491601343784851e+02 1.230910974244121007e+03
6.639013377926421526e+02 1.229914158305462706e+03
6.620027639579878951e+02 1.229453841901603028e+03
6.601640625000000000e+02 1.229074218750000000e+03
6.581682504192285705e+02 1.228716042481833483e+03
6.562897091722595633e+02 1.228348993288590691e+03
6.539712070874861638e+02 1.228047065337763115e+03
6.523128834355828758e+02 1.227832682654768632e+03
6.505077348066298555e+02 1.228128729281767846e+03
6.496228697086311286e+02 1.228272677295217136e+03
6.485753424657534651e+02 1.228597260273972552e+03
