6.563710657095526813e+02 1.229711209276642649e+03
6.561365149833518444e+02 1.230164261931187639e+03
6.562875488553880814e+02 1.230068676716917935e+03
6.561589147286821344e+02 1.230195459579180579e+03
6.559209659714599638e+02 1.230174533479692627e+03
6.558854166666666288e+02 1.230161732456140271e+03
6.560165016501649689e+02 1.229691419141914139e+03
6.561007751937984267e+02 1.229345514950166034e+03
6.560468061674008595e+02 1.229235132158590204e+03
6.559878183831672231e+02 1.229246400885935827e+03
6.560653016048700010e+02 1.229447149972329726e+03
6.556776135741653206e+02 1.229256157635468071e+03
6.557637061403509051e+02 1.229614035087719230e+03
6.558046230049532141e+02 1.229753990093560787e+03
6.554193905817174937e+02 1.229889750692520693e+03
6.554565217391303804e+02 1.229674470457079224e+03
6.556037321624588685e+02 1.229373216245883668e+03
6.554053156146179617e+02 1.229124031007751910e+03
6.554722679846238407e+02 1.229012081274025149e+03
6.556001103143960336e+02 1.229238830667401999e+03
6.556307692307692605e+02 1.229367582417582526e+03
6.556834887547997823e+02 1.229562808557323024e+03
6.560049751243781202e+02 1.229662244333886065e+03
6.558374384236452670e+02 1.230279693486590077e+03
