6.461214410226612017e+02 1.233613596746077974e+03
6.457155425219941662e+02 1.233449266862170134e+03
6.449874626865671416e+02 1.233791044776119406e+03
6.445926800472254854e+02 1.233270365997638692e+03
6.445474626865672008e+02 1.233624477611940392e+03
6.451120943952802236e+02 1.233395870206489690e+03
6.460580224985197901e+02 1.233566015393724001e+03
6.466720333929636126e+02 1.234117471675611114e+03
6.462734839476813704e+02 1.233565398335315194e+03
6.459655373831775478e+02 1.233288551401869199e+03
6.455928529584065245e+02 1.232947861745752789e+03
6.450110336817654115e+02 1.232995934959349597e+03
6.447411078717201462e+02 1.233106705539358700e+03
6.447920328060926067e+02 1.233271236086701720e+03
6.448330383480825958e+02 1.233592330383480885e+03
6.448106682297772068e+02 1.233626025791324764e+03
6.451072705601907273e+02 1.233803337306316962e+03
6.455390156062425149e+02 1.233635654261704758e+03
6.465549581839904931e+02 1.233480884109916360e+03
6.479650349650349881e+02 1.232941142191142262e+03
6.497145390070921849e+02 1.233037234042553109e+03
6.511187943262411864e+02 1.233041371158392394e+03
6.518789659224441948e+02 1.232668037602820277e+03
6.519403857393336921e+02 1.232535359438924615e+03
6.512872215709261354e+02 1.232856975381008169e+03
6.508592461719670155e+02 1.232726148409893995e+03
6.506044152744630082e+02 1.233350238663484561e+03
6.506157957244655563e+02 1.233030878859857467e+03
6.509594594594594810e+02 1.232850763807285603e+03
6.515945140131186690e+02 1.233109123434704770e+03
6.524719764011799725e+02 1.232676696165191743e+03
6.529807692307692832e+02 1.232085081585081525e+03
6.537276422764227846e+02 1.231429732868757355e+03
6.545733333333333803e+02 1.231474202898550629e+03
6.549021990740740193e+02 1.231579861111111086e+03
6.551511967308814519e+02 1.231576765907764184e+03
6.547472270869818658e+02 1.232070636310566215e+03
6.539369894982496589e+02 1.231840140023337199e+03
6.529583333333333712e+02 1.231921296296296305e+03
6.527107246376812100e+02 1.232041739130434735e+03
6.527786170830912624e+02 1.232138872748402036e+03
6.531005169442848910e+02 1.232337162550258427e+03
6.536092753623188401e+02 1.232659710144927431e+03
6.537646370023419422e+02 1.233052693208430810e+03
6.538072429906542311e+02 1.233115654205607370e+03
6.536036193812025203e+02 1.232999416228838300e+03
6.533257971014493251e+02 1.232925797101449234e+03
6.531881188118811679e+02 1.233043098427489895e+03
6.532118893466745249e+02 1.233331371394938287e+03
6.535169789227165893e+02 1.233322599531615879e+03
6.536613756613757005e+02 1.233480893592004804e+03
6.538698224852071235e+02 1.233505917159763385e+03
6.541323877068557522e+02 1.233495271867612246e+03
6.546175604007071342e+02 1.233061284619917615e+03
6.548759598346131270e+02 1.233103366804489042e+03
6.548200000000000500e+02 1.233341764705882269e+03
6.543149331783846492e+02 1.233397443346891350e+03
6.534392088423502400e+02 1.233381035485747589e+03
6.526917688266199775e+02 1.233685347343841158e+03
6.519073426573426104e+02 1.233674242424242493e+03
6.514767025089605568e+02 1.234120669056153019e+03
6.515696649029982837e+02 1.233687242798353964e+03
6.521657690005984023e+02 1.233986235786954012e+03
6.526864608076009517e+02 1.233703087885985724e+03
6.528839811542991356e+02 1.233417550058892857e+03
6.526068925233645359e+02 1.233211448598130801e+03
6.522885170225043794e+02 1.232978649740334731e+03
6.521387921022067076e+02 1.232896051103368109e+03
6.522733137829911811e+02 1.233146041055718570e+03
6.526596119929453153e+02 1.233118753674309119e+03
6.530987149532710418e+02 1.232914135514018653e+03
6.538810779144698699e+02 1.233172231985940243e+03
6.546139941690962587e+02 1.232572011661807664e+03
6.551827768014060211e+02 1.232217340363210269e+03
6.562369976359337898e+02 1.232161938534278988e+03
6.579994141769185489e+02 1.232082601054481529e+03
6.593772241992882073e+02 1.231832147093712820e+03
6.607827102803738626e+02 1.232139018691588717e+03
6.615702479338842750e+02 1.232208382526564264e+03
6.612390158172231622e+02 1.232202108963093224e+03
6.603514619883040950e+02 1.232019883040935611e+03
6.598226865671641690e+02 1.232496119402985187e+03
6.596700058927518739e+02 1.232159693576900509e+03
6.598001204093919796e+02 1.232397953040337143e+03
6.602747909199522383e+02 1.232173835125448022e+03
6.609236319903787944e+02 1.232203247143716226e+03
6.615621193666261206e+02 1.232157734470158402e+03
6.620344213649851781e+02 1.231310385756676624e+03
6.625736342042755496e+02 1.230945368171021300e+03
6.628540798094103366e+02 1.231120905300774211e+03
6.628187203791469528e+02 1.231066350710900451e+03
6.626276470588235270e+02 1.231080588235294044e+03
6.619364705882352382e+02 1.231320588235294053e+03
6.610041128084606044e+02 1.231464159811985837e+03
6.603285714285714221e+02 1.231980357142857201e+03
6.599448356807512255e+02 1.231465375586854407e+03
6.601107164002368108e+02 1.231710479573712291e+03
6.609567279193835247e+02 1.231468286899822260e+03
6.613345323741007178e+02 1.231894484412470092e+03
6.613640690065436729e+02 1.231776323616894615e+03
6.615459459459459595e+02 1.231858858858858866e+03
6.614417214584578915e+02 1.231707112970711250e+03
6.613755952380952294e+02 1.231680357142857247e+03
6.612259018332347296e+02 1.231547013601419167e+03
6.613203825463239127e+02 1.231760310818888229e+03
6.615413897280966466e+02 1.231622356495468239e+03
6.616595485051860805e+02 1.231984136668700330e+03
6.615937311633514355e+02 1.231784810126582215e+03
6.615039465695203944e+02 1.232135397692774632e+03
6.612996996996996586e+02 1.232115915915915821e+03
6.609587567244470847e+02 1.231762701733412996e+03
6.606570076877587780e+02 1.231392075694855066e+03
6.599934171154997102e+02 1.231984440454817559e+03
6.593773474178403831e+02 1.231274061032863756e+03
6.586146140247495850e+02 1.231573364761343555e+03
6.580452920143027313e+02 1.232407032181168006e+03
6.580306122448979522e+02 1.232723289315726333e+03
6.584372346876895108e+02 1.233255306246209784e+03
6.590005924170616254e+02 1.232177132701421897e+03
6.594938560561731720e+02 1.231685781158572354e+03
6.599566223250433268e+02 1.231730480046269577e+03
6.600406032482599130e+02 1.231860208816705381e+03
6.592883040935672625e+02 1.232312865497076018e+03
6.586530249110320483e+02 1.232834519572953695e+03
6.586806722689075286e+02 1.233382953181272569e+03
6.595998817966902834e+02 1.232893617021276668e+03
6.606905325443786978e+02 1.233295857988165608e+03
6.613283759666865080e+02 1.233649018441403996e+03
6.619369475545079240e+02 1.233700648202710681e+03
6.626416765053128302e+02 1.233976977567886706e+03
6.631162927981109760e+02 1.233924439197166521e+03
6.632445233866193348e+02 1.233946121965660041e+03
6.638480333730631173e+02 1.234443980929678219e+03
6.641111775254034910e+02 1.234579796772265354e+03
6.634510385756676669e+02 1.234997032640949556e+03
6.615008891523414150e+02 1.235154712507409613e+03
6.595532544378697821e+02 1.235084023668639020e+03
6.580648967551622945e+02 1.234966961651917472e+03
6.569877764842840406e+02 1.234752037252619402e+03
6.569759389671361305e+02 1.235005281690140919e+03
6.572904174015285435e+02 1.234790123456790070e+03
6.581391661773341184e+02 1.234956547269524435e+03
6.588164367126574916e+02 1.235553689262147600e+03
6.589694976076555122e+02 1.235346291866028650e+03
6.592661436330718061e+02 1.235578756789378303e+03
6.591274970622796445e+02 1.234887779083431269e+03
6.588371954842542664e+02 1.235425430778371947e+03
6.581146761734996744e+02 1.235586452762923273e+03
6.576059523809524308e+02 1.235729166666666742e+03
6.572239336492890516e+02 1.235675355450237021e+03
6.570534855769230944e+02 1.236036057692307622e+03
6.570866188769414293e+02 1.235863799283154094e+03
6.578593086719223493e+02 1.236127349909035729e+03
6.588429351121892523e+02 1.235859308671922463e+03
6.596060975609756269e+02 1.235895731707317054e+03
6.601948286229705900e+02 1.235252555622369300e+03
6.603319200484554585e+02 1.235360387643852164e+03
6.604113389626055550e+02 1.234865500603136297e+03
6.603721351025332069e+02 1.234794933655005934e+03
6.603497005988024284e+02 1.234517365269461152e+03
6.603262711864406356e+02 1.234868644067796595e+03
6.606899879372738269e+02 1.234378769601930117e+03
6.611311377245508538e+02 1.234336526946107824e+03
6.616211665664461634e+02 1.234204449789536966e+03
6.618155688622754269e+02 1.234011377245509038e+03
6.618498803827751544e+02 1.233974880382775154e+03
6.617664104080425886e+02 1.233698994677705514e+03
6.618757503001201030e+02 1.233911164465786214e+03
6.620353505092870137e+02 1.233953864589574550e+03
6.619614472123369069e+02 1.233708778173190922e+03
6.617852507374631159e+02 1.233273156342182801e+03
6.614173553719008396e+02 1.233543093270365944e+03
6.618283847980998189e+02 1.232959619952493995e+03
6.625252825698988772e+02 1.232831647828673340e+03
6.636084373143196444e+02 1.232947712418300625e+03
6.644523386619301846e+02 1.232682652457075164e+03
6.646850961538461888e+02 1.233048076923076906e+03
6.645869047619047478e+02 1.233005357142857065e+03
6.637516185991760267e+02 1.232503825779870567e+03
6.630728672985782168e+02 1.232444905213270204e+03
6.626273474178403831e+02 1.232245892018779386e+03
6.625807783018867667e+02 1.232327830188679172e+03
6.628107311320754889e+02 1.232216981132075489e+03
6.631223529411764730e+02 1.232261764705882342e+03
6.627032902467684607e+02 1.231829612220916488e+03
6.617908073070124146e+02 1.231736593989392986e+03
6.609122182680901005e+02 1.231333333333333258e+03
6.599465875370920003e+02 1.231483679525222442e+03
6.591828469326979985e+02 1.231773079213817709e+03
6.581701000588581110e+02 1.231603884638022464e+03
6.570876680303915691e+02 1.231379310344827672e+03
6.561016355140186533e+02 1.231369742990654231e+03
6.543269230769230944e+02 1.231939302884615472e+03
6.523492063492063835e+02 1.231129923574367922e+03
6.513500000000000227e+02 1.231226470588235316e+03
6.513362624487405128e+02 1.231118922085530130e+03
6.521676540284360044e+02 1.231226895734597065e+03
6.527965700768776287e+02 1.231017740981667657e+03
6.534278042959426784e+02 1.231377088305489224e+03
6.532837916910474405e+02 1.231145114101813988e+03
6.527331772966647350e+02 1.230970743124634282e+03
6.517437390797903163e+02 1.231115899825276756e+03
6.504979520187243907e+02 1.231695728496196580e+03
6.496163818503240464e+02 1.232088391278727158e+03
6.487340736411455282e+02 1.232319696084161251e+03
6.481298776936516788e+02 1.232331974373907997e+03
6.478900709219858527e+02 1.232594562647754174e+03
6.476923076923077360e+02 1.231915501165501155e+03
6.476693973083674791e+02 1.231998829724985399e+03
6.479013505578391232e+02 1.231968291250733955e+03
6.481832552693208527e+02 1.232012880562060900e+03
6.481830409356724658e+02 1.231999415204678371e+03
6.479628770301624172e+02 1.232279582366589239e+03
6.471905311778291434e+02 1.232209584295612103e+03
6.466412918108419490e+02 1.232250288350634264e+03
6.460282258064515872e+02 1.232347926267281082e+03
6.457019064124783654e+02 1.232432697862507212e+03
6.454207807118255005e+02 1.232620551090700246e+03
6.454641010913268246e+02 1.232664560597357877e+03
6.453798494499131948e+02 1.232690793283150015e+03
6.453838502047981365e+02 1.233060854300760639e+03
6.451001737116387176e+02 1.232664157498552413e+03
6.447892898719441064e+02 1.232630384167636748e+03
6.444009296920395400e+02 1.232889599070307895e+03
6.443024618991793204e+02 1.233234466588511168e+03
6.443478766724839488e+02 1.232993019197207786e+03
6.443311953352770161e+02 1.233334110787171994e+03
6.444304985337242897e+02 1.233325513196480870e+03
6.448043606364171865e+02 1.233306423099587619e+03
6.456193548387096826e+02 1.233105571847507235e+03
6.464642223536369556e+02 1.233220579538734455e+03
6.469275191514436756e+02 1.233289334119033583e+03
6.470487661574618414e+02 1.233240305522914241e+03
6.467246207701283538e+02 1.233264877479580036e+03
6.458116618075802080e+02 1.232773177842565701e+03
6.450715123094959154e+02 1.232900351699882776e+03
6.447781047675102855e+02 1.233071218363743355e+03
6.450064478311840048e+02 1.232990621336459526e+03
6.458607819905213319e+02 1.233286137440758239e+03
6.463941002949852646e+02 1.233289085545722628e+03
6.464840425531914434e+02 1.233282505910165582e+03
6.463724097098875063e+02 1.233500888099467147e+03
6.462486895748398865e+02 1.232921374490390235e+03
6.460930368636629737e+02 1.232881217086015113e+03
6.458346041055718842e+02 1.232852199413489643e+03
6.458459285295840573e+02 1.232867018160515499e+03
6.457838312829525194e+02 1.232947275922671452e+03
6.456862860506180368e+02 1.233277810476751029e+03
6.456516320474777331e+02 1.233562611275964400e+03
6.456050618010594917e+02 1.233031194820482597e+03
6.462664705882352791e+02 1.233288235294117612e+03
6.472943952802360172e+02 1.233273746312684352e+03
6.487776463630987109e+02 1.233329390892962692e+03
6.506135552913198126e+02 1.233454221165279478e+03
6.516092089728452947e+02 1.233338842975206717e+03
6.519583088667058064e+02 1.233142689371697088e+03
6.513221040189125688e+02 1.233481087470449211e+03
6.508884321785085376e+02 1.233223722842043344e+03
6.502968657599053586e+02 1.233451803666469459e+03
6.501705744431418452e+02 1.233929660023446559e+03
6.503036773428232209e+02 1.234097271648873175e+03
6.507392330383480612e+02 1.233907374631268340e+03
6.514854771784232526e+02 1.233933609958506167e+03
6.518569767441859995e+02 1.233313953488372135e+03
6.524707619610159099e+02 1.233178381571175350e+03
6.529684579439252730e+02 1.233110981308411283e+03
6.535703354914655847e+02 1.233351971748087180e+03
6.542392961876832942e+02 1.233262170087976529e+03
6.541580476467170229e+02 1.233583381754793663e+03
6.537026392961877264e+02 1.233596480938416335e+03
6.528483606557376788e+02 1.233656323185011615e+03
6.522459112149532530e+02 1.233526285046729072e+03
6.521690058479532581e+02 1.233575438596491267e+03
6.523677419354838776e+02 1.233889736070381332e+03
6.529334889148191223e+02 1.234016919486581173e+03
6.532799295774648272e+02 1.234103873239436552e+03
6.535650887573964383e+02 1.234154437869822459e+03
6.536133019423190262e+02 1.233967039434961634e+03
6.531283391405343082e+02 1.233755516840882592e+03
