6.581831379117811593e+02 1.228611948632049234e+03
6.566125277161862641e+02 1.228456208425720661e+03
6.555776536312848748e+02 1.228870391061452437e+03
6.551130193905817123e+02 1.228916897506925125e+03
6.552646067415730613e+02 1.228989325842696644e+03
6.559680493273542652e+02 1.229026345291479856e+03
6.567055524397084127e+02 1.228682557487380791e+03
6.574650369528141027e+02 1.229000568504832245e+03
6.574016949152542111e+02 1.228904519774011305e+03
6.567043040804918519e+02 1.229067635550586829e+03
6.557567867036011648e+02 1.229185595567867040e+03
6.548216066481994631e+02 1.229247091412742293e+03
6.549163413273843162e+02 1.229277189068600137e+03
6.557931995540691332e+02 1.229300445930880642e+03
6.565186214563645990e+02 1.229629238465814296e+03
6.566649944258639380e+02 1.229374581939799327e+03
6.565033370411568967e+02 1.229414905450500555e+03
6.560005617977527663e+02 1.229306179775280953e+03
6.555443458980043943e+02 1.229497228381374725e+03
6.544310249307478671e+02 1.229667590027700726e+03
6.536122222222222717e+02 1.229963888888888960e+03
6.534439511653718000e+02 1.230052719200887850e+03
6.541494641849972140e+02 1.230211505922165770e+03
6.551683615819208626e+02 1.230200564971751419e+03
6.560130164119976826e+02 1.229883418222976843e+03
6.566260527793374422e+02 1.229965188096575048e+03
6.563924761370017222e+02 1.230188096574957854e+03
6.553292410714285552e+02 1.230212611607142890e+03
6.541148459383753107e+02 1.230349579831932715e+03
6.531498043599776793e+02 1.230344326439351562e+03
6.526439267886855760e+02 1.230142540210759762e+03
6.526065482796892638e+02 1.229962264150943383e+03
6.530948324815445858e+02 1.230142532651902229e+03
6.535364758698092373e+02 1.230286195286195380e+03
6.537851099830795647e+02 1.230138183869148406e+03
6.539414414414414978e+02 1.230159346846846802e+03
6.541122391426960121e+02 1.230054709531866820e+03
6.537604456824512908e+02 1.229771587743732653e+03
6.524919039642658163e+02 1.230193746510329447e+03
6.513825989960959078e+02 1.230360290016731824e+03
6.512072423398328738e+02 1.230381058495821662e+03
6.522745648512071739e+02 1.230377316114542282e+03
6.535885650224215624e+02 1.230371636771300473e+03
6.548868138087153739e+02 1.230352574985851788e+03
6.554294547498594738e+02 1.230273749297358108e+03
6.553626681614349536e+02 1.230265134529147872e+03
6.545515895147797210e+02 1.230386503067484682e+03
6.535826377295492193e+02 1.230452977184195788e+03
6.529226488592097439e+02 1.230493043962159163e+03
6.527023281596452762e+02 1.230481152993348132e+03
6.530159362549800335e+02 1.230803642572566787e+03
6.539085191538022173e+02 1.230773013150371753e+03
6.550202474690663621e+02 1.230449381327334095e+03
6.549568181818182211e+02 1.229961363636363558e+03
6.547754642656161650e+02 1.229897580191333645e+03
6.545327731092437489e+02 1.230225210084033506e+03
6.537827298050139007e+02 1.229780501392757742e+03
6.534790853318460222e+02 1.230135527049637403e+03
6.529361465852304036e+02 1.230189339255968889e+03
6.533810597519729981e+02 1.230157835400225395e+03
6.547699214365881062e+02 1.230075196408529791e+03
6.564124293785311011e+02 1.229779661016949149e+03
6.575327683615819296e+02 1.229628248587570624e+03
6.576180790960452214e+02 1.229554237288135482e+03
6.572540937323545904e+02 1.229663466967814884e+03
6.565645612073784605e+02 1.229544438233649998e+03
6.561563025210084561e+02 1.229444257703081121e+03
6.564668153931958159e+02 1.229387618516452903e+03
6.573592508513053190e+02 1.229018161180476682e+03
6.580954571592869797e+02 1.229500287521564132e+03
6.588760611205433406e+02 1.228620260328239965e+03
6.590902383654937466e+02 1.228705448354143073e+03
6.591168831168831730e+02 1.228561264822134490e+03
6.581394692264257174e+02 1.228993224167137214e+03
6.574352159468438686e+02 1.228518272425249279e+03
6.571242937853107833e+02 1.228659887005649807e+03
6.573161723559037455e+02 1.228369893676552920e+03
6.577625418060200673e+02 1.228428093645484978e+03
6.584122265844082449e+02 1.228567582725743023e+03
6.596021324354658191e+02 1.228234567901234641e+03
6.605145739910313978e+02 1.228082399103139096e+03
6.603839285714285552e+02 1.227858816964285779e+03
6.591145891559530128e+02 1.227517607602012276e+03
6.580937500000000000e+02 1.228330681818181802e+03
6.575228539576365847e+02 1.228201226309922049e+03
6.568319467554076709e+02 1.228204658901830271e+03
6.564708818635607486e+02 1.228260676650027790e+03
6.566187290969900232e+02 1.228124860646599700e+03
6.577964105440269122e+02 1.228094784071789036e+03
6.589498025944726578e+02 1.227787930062041823e+03
6.593342744212309299e+02 1.228033314511575327e+03
6.592622397298817987e+02 1.227819921215531849e+03
6.582714604236343803e+02 1.227838350055741330e+03
6.572384701912260425e+02 1.228152418447694117e+03
6.566844444444444662e+02 1.228190555555555648e+03
6.568800666296501731e+02 1.228258745141587951e+03
6.571849971799210834e+02 1.228431472081218317e+03
6.575869442881260056e+02 1.228228474957794106e+03
6.583286437816544776e+02 1.228243106359032026e+03
6.591560563380281792e+02 1.228085070422535182e+03
6.590945719082260439e+02 1.228035814213766116e+03
6.579927536231883778e+02 1.228217391304347757e+03
6.567179487179487296e+02 1.228214046822742375e+03
6.557391061452514123e+02 1.228334636871508337e+03
6.550956375838926533e+02 1.228392617449664385e+03
6.551034675615212564e+02 1.228337248322147616e+03
6.557746636771300928e+02 1.228096412556053792e+03
6.565992108229988844e+02 1.228227733934611024e+03
6.572092760180995583e+02 1.228309389140271605e+03
6.571406779661017481e+02 1.228351412429378570e+03
6.562342090553381695e+02 1.228363890441587500e+03
6.553468593663146748e+02 1.228463035019455219e+03
6.543201778765981089e+02 1.228720956086714750e+03
6.543092324805339786e+02 1.228691879866518320e+03
6.552130311614730545e+02 1.229159773371104848e+03
6.560034188034187537e+02 1.228978917378917458e+03
6.562395892755276918e+02 1.229334854535082741e+03
6.561737649063032904e+02 1.229232822260079502e+03
6.559255918827508367e+02 1.229160090191657218e+03
6.551641624930439320e+02 1.228874791318864709e+03
6.533092841163311277e+02 1.229650447427293102e+03
