6.610567612687813153e+02 1.229100723427935463e+03
6.595660903513663698e+02 1.229799219185722222e+03
6.576396446418656296e+02 1.229494169905608032e+03
6.556751804553026659e+02 1.229510272071071540e+03
6.557977777777778101e+02 1.229581666666666706e+03
6.573775280898876190e+02 1.229632584269662857e+03
6.593357746478873196e+02 1.229438873239436589e+03
6.611806342015854625e+02 1.229311438278595688e+03
6.624727272727272975e+02 1.229074431818181893e+03
6.625878339965889836e+02 1.228883456509380267e+03
6.618483652762118936e+02 1.228915445321307743e+03
6.597669467787114854e+02 1.229089075630252182e+03
6.567119866814650777e+02 1.229400110987791322e+03
6.544287292817679145e+02 1.229291160220994470e+03
6.520448753462603690e+02 1.229473130193905718e+03
6.503648424543946476e+02 1.229403537866224497e+03
6.501417497231450398e+02 1.229451827242524814e+03
6.512160493827160508e+02 1.229053872053872055e+03
6.532606232294617712e+02 1.228876487252124662e+03
6.549246031746031349e+02 1.229087868480725547e+03
6.549592529711375164e+02 1.229138653084323778e+03
6.542248454187746347e+02 1.228975267003934732e+03
6.533074343208496657e+02 1.228564561207378347e+03
6.522456920511394856e+02 1.228528627015008396e+03
6.509966832504145486e+02 1.228839690436705268e+03
6.507221609702315845e+02 1.228931091510474062e+03
6.506592797783933975e+02 1.229088642659279685e+03
6.511250707413695409e+02 1.229149971703452138e+03
6.517586206896551175e+02 1.228876201243640480e+03
6.525234330886504495e+02 1.228509316770186388e+03
6.537760090960773596e+02 1.228757248436611690e+03
6.540478334271243739e+02 1.229191333708497496e+03
6.532808988764045353e+02 1.228900561797752744e+03
6.514696716750139558e+02 1.228904284919309930e+03
6.497605872388480748e+02 1.229423489553924355e+03
6.490575858250276724e+02 1.228867663344407447e+03
6.499130678631520368e+02 1.229131800336511560e+03
6.522459383753501925e+02 1.229355742296918834e+03
6.546121416526137864e+02 1.229391793142214738e+03
6.566010215664018688e+02 1.229211691259931968e+03
6.575194063926940089e+02 1.229323059360730667e+03
6.579909142532651458e+02 1.229151618398637083e+03
6.581237877923559836e+02 1.229446092413006227e+03
6.586875699888017834e+02 1.229697648376259849e+03
6.595044593088070997e+02 1.229845596432553066e+03
6.595495844875346165e+02 1.229320775623268673e+03
6.578819910514541789e+02 1.229800894854586204e+03
6.568283333333333758e+02 1.229785555555555447e+03
6.563270089285714448e+02 1.229675223214285779e+03
6.566300904977375694e+02 1.229914592760180994e+03
6.580839999999999463e+02 1.230180000000000064e+03
6.601120092378753270e+02 1.229723441108545103e+03
6.614181504882251375e+02 1.229174612291786389e+03
6.623963344788087397e+02 1.229131729667812124e+03
6.623386454183266778e+02 1.229109277177006334e+03
6.608612975391498594e+02 1.229145973154362309e+03
6.593256855064353203e+02 1.229274202574146557e+03
6.578117062396465826e+02 1.229699061292103806e+03
6.558987898789879409e+02 1.229597909790979202e+03
6.551014892443463395e+02 1.229595697738554918e+03
6.562221594120971986e+02 1.229988128886376444e+03
6.580079365079365061e+02 1.229344671201813981e+03
6.600737564322470234e+02 1.229051457975986295e+03
6.622365406643757524e+02 1.229171248568155761e+03
6.631753283837806521e+02 1.229010279840091471e+03
6.619377104377103933e+02 1.228800785634118938e+03
