6.463238042880703915e+02 1.229234744365035795e+03
6.460906593406593856e+02 1.229570879120879226e+03
6.465457048458149529e+02 1.229613436123348038e+03
6.485091412742382317e+02 1.230078670360110891e+03
6.510886781929726794e+02 1.229996095928611339e+03
6.536894273127753650e+02 1.229670704845814953e+03
6.567960308710032677e+02 1.229753583241455317e+03
6.594900110987791777e+02 1.229894006659267461e+03
6.611859943977591456e+02 1.229845938375350215e+03
6.633435412026725544e+02 1.229444877505568002e+03
6.659938684503902095e+02 1.229368450390189537e+03
6.677014348785871789e+02 1.229132450331125938e+03
6.680652173913043725e+02 1.229167224080267488e+03
6.675271017699114964e+02 1.229512168141592838e+03
6.661482102908277056e+02 1.229812080536912845e+03
6.635896304467732989e+02 1.229841147269718704e+03
6.610745687256538758e+02 1.230043405676126895e+03
6.597353591160220958e+02 1.229588950276243168e+03
6.579414040906577839e+02 1.229150912106136047e+03
6.557282728272826944e+02 1.229234873487348750e+03
6.530484679665738668e+02 1.229448467966573844e+03
6.503279778393351762e+02 1.229482548476454213e+03
6.480972375690607805e+02 1.230171270718232108e+03
6.467646414887793753e+02 1.230309250136836454e+03
6.468280219780219795e+02 1.230334065934065848e+03
6.472151616499442071e+02 1.230030100334448207e+03
6.471265328874025045e+02 1.230269230769230717e+03
6.473770949720670842e+02 1.230101675977653713e+03
6.488793580520199384e+02 1.230316546762589951e+03
6.539500277623542388e+02 1.229933370349805728e+03
