6.595970900951315343e+02 1.228719641857862371e+03
6.604453734671126313e+02 1.229022853957636471e+03
6.619292532285232937e+02 1.229189219539584428e+03
6.632630691399663192e+02 1.228709949409780847e+03
6.637100723427935236e+02 1.228153589315525778e+03
6.629189038031320251e+02 1.228261744966442848e+03
6.611878515185601373e+02 1.228021934758155339e+03
6.595540011191941403e+02 1.228362059317291596e+03
6.587274247491639017e+02 1.228474916387959865e+03
6.589635650224215624e+02 1.228423766816143598e+03
6.598704634282523784e+02 1.228404243439419361e+03
6.605279819106840478e+02 1.228958733747880160e+03
6.603662921348314967e+02 1.229174157303370748e+03
6.600475391498881663e+02 1.229221476510067077e+03
6.596300223214285552e+02 1.229352678571428669e+03
6.593773057574063614e+02 1.229527669088876564e+03
6.586088169642856656e+02 1.229675223214285779e+03
6.581434151785714448e+02 1.230245535714285779e+03
6.577286908077994667e+02 1.230143175487465214e+03
6.573605366126326999e+02 1.230277249860257143e+03
6.567537688442210992e+02 1.229573981016191965e+03
6.555564245810055581e+02 1.229550279329608884e+03
6.544636465324384744e+02 1.229248322147650924e+03
6.535535219079312128e+02 1.229231281198003217e+03
6.530707126948775567e+02 1.229400890868596889e+03
6.526283333333333303e+02 1.229353333333333239e+03
6.515450500556173665e+02 1.229408231368186762e+03
6.507329988851728331e+02 1.229336677814938639e+03
6.505634743875278900e+02 1.229594654788418666e+03
6.511223676721684797e+02 1.230021058622652163e+03
6.524893018018018438e+02 1.230104166666666742e+03
6.538817927170867961e+02 1.230239775910364187e+03
6.545925925925926094e+02 1.231050505050505080e+03
6.541994382022471655e+02 1.231169662921348390e+03
6.529192372406057530e+02 1.230785754346606836e+03
6.527378151260504637e+02 1.231105322128851640e+03
6.526215609208310298e+02 1.231088714205502583e+03
6.525629546726356693e+02 1.231005036373810754e+03
6.524046692607004161e+02 1.230779321845469667e+03
6.525159485170677272e+02 1.230737548964745429e+03
6.526392156862744969e+02 1.230274509803921546e+03
6.524913552704963422e+02 1.230206358059118884e+03
6.516782511210761868e+02 1.229954035874439569e+03
6.501629755820556511e+02 1.230152754116978940e+03
6.492728804042673119e+02 1.230322852330151591e+03
6.495947748749305219e+02 1.230229016120066717e+03
6.507286516853932881e+02 1.230570224719101134e+03
6.519283683911313574e+02 1.230808982376350286e+03
6.526520517144463156e+02 1.230901068015739156e+03
6.534054360135900197e+02 1.230904869762174485e+03
6.545111607142856656e+02 1.230694196428571331e+03
6.560850456621004696e+02 1.231014840182648413e+03
6.573697621744054231e+02 1.231273499433748611e+03
6.573754963131026443e+02 1.231163357912648962e+03
6.566644481419855310e+02 1.230325013865779283e+03
6.562041503084689111e+02 1.229949523275378624e+03
6.560657672849915798e+02 1.229445756042720632e+03
6.567071668533034199e+02 1.229181970884658540e+03
6.577874859075535596e+02 1.229027057497181431e+03
6.583195067264573481e+02 1.229052690582959713e+03
6.583695047301057457e+02 1.229019476905954434e+03
6.581464505310228787e+02 1.228808831749580804e+03
6.579328151027207241e+02 1.228847862298722930e+03
6.574936004451864164e+02 1.229045075125208768e+03
6.575061179087875871e+02 1.229157397107897623e+03
6.585993284834918313e+02 1.229243424734191422e+03
6.598327759197323985e+02 1.229134336677814872e+03
6.613619047619047251e+02 1.229086274509803843e+03
6.620700672645739360e+02 1.228798766816143598e+03
6.615069175428888002e+02 1.228396790260099579e+03
6.602278551532033362e+02 1.228283008356545906e+03
6.589767570558936995e+02 1.228065301604870001e+03
6.588488048916063917e+02 1.228042245692051210e+03
6.583134411600668727e+02 1.227852760736196387e+03
6.572690383546414523e+02 1.227549193996664826e+03
6.567339601769911042e+02 1.227236172566371579e+03
6.566092460099064283e+02 1.227146945514584559e+03
6.570617630544637677e+02 1.226829870859068023e+03
6.576836506159014561e+02 1.226753639417693194e+03
6.578819250139898713e+02 1.226829882484611062e+03
6.582062780269058067e+02 1.227199551569506639e+03
6.590739081746920647e+02 1.227484322508398691e+03
6.595545657015589995e+02 1.227565144766146886e+03
6.600815064643057895e+02 1.228056773468240635e+03
6.604093206064009109e+02 1.228285794497473262e+03
6.605895564289725144e+02 1.228192026951151092e+03
6.617495798319328060e+02 1.228285154061624553e+03
6.632230941704035558e+02 1.228045964125560431e+03
6.641033519553072892e+02 1.227762569832402278e+03
6.638551454138702184e+02 1.227613534675615256e+03
6.621934941110488353e+02 1.227275378575434615e+03
6.604408661854524780e+02 1.227245419211549233e+03
6.596180400890868896e+02 1.227415924276169335e+03
6.597042648709315245e+02 1.227382154882154964e+03
6.605362318840579974e+02 1.227349498327759193e+03
6.612077267637178011e+02 1.227621500559910373e+03
6.612241475684739953e+02 1.227973728339854688e+03
6.607922005571031150e+02 1.228439554317548755e+03
6.602849972113775721e+02 1.228560513106525377e+03
6.598214483139856839e+02 1.228721393034825951e+03
6.582597547380156584e+02 1.229306020066889687e+03
