6.534655267512409864e+02 1.231124655267512480e+03
6.546586036283672456e+02 1.231001649257834060e+03
6.558481848184818546e+02 1.230375137513751270e+03
6.556273972602739377e+02 1.229811506849315037e+03
6.545772801747679068e+02 1.229667394866193263e+03
6.530871710526315610e+02 1.229146929824561312e+03
6.517063969382176083e+02 1.229558228540185837e+03
6.509988998899890476e+02 1.230478547854785575e+03
6.513152354570637499e+02 1.230504155124653835e+03
6.517063053097344891e+02 1.230712389380531022e+03
6.523231876037631309e+02 1.231095738793580495e+03
6.533600445186422121e+02 1.231089593767390170e+03
6.542446043165467700e+02 1.230453790813503019e+03
6.544205866076370057e+02 1.230365799667957845e+03
6.545587912087912628e+02 1.229418681318681365e+03
6.536866740088105416e+02 1.228960903083700487e+03
6.522894014277869701e+02 1.229057660626029701e+03
6.513188803512623508e+02 1.229586169045005590e+03
6.505192519251925205e+02 1.230286028602860370e+03
6.496267759562841775e+02 1.230495628415300644e+03
6.497652892561983435e+02 1.230955922865013690e+03
6.510944751381215383e+02 1.230539226519337035e+03
6.522983915696062240e+02 1.230214642262895268e+03
6.535315265486725593e+02 1.230000000000000000e+03
6.545674931129476590e+02 1.229149311294765766e+03
6.554457964601770072e+02 1.228655973451327327e+03
6.549499174463401232e+02 1.228927903137039038e+03
6.537246852764094456e+02 1.229453749315818186e+03
6.535305343511450928e+02 1.230277535441657619e+03
6.526588170865279608e+02 1.231354326396495026e+03
6.524355726872246350e+02 1.232311123348017645e+03
6.529640685461580460e+02 1.232450525152017690e+03
6.539977691020635575e+02 1.232258784160624600e+03
6.557653910149750800e+02 1.231749861342207396e+03
6.582466367713004729e+02 1.231029147982062796e+03
6.594298391569606110e+02 1.230521907931225769e+03
6.582805280528052663e+02 1.229301430143014386e+03
6.571067907995618498e+02 1.228677437020810430e+03
6.548143483023001181e+02 1.229233296823658293e+03
