6.565060840707964189e+02 1.229191924778760949e+03
6.574883849557521671e+02 1.229442477876106295e+03
6.573101928374655927e+02 1.229415426997245277e+03
6.577149944873208369e+02 1.229432745314222757e+03
6.576879120879120819e+02 1.229341208791208828e+03
6.575958264689730868e+02 1.229315760571114879e+03
6.576482300884955521e+02 1.229162057522123860e+03
6.575513245033112071e+02 1.229145143487858832e+03
6.575801104972375697e+02 1.229120994475138104e+03
6.576088642659279913e+02 1.228963988919667599e+03
6.571451523545706550e+02 1.229084210526315701e+03
6.564605626034197030e+02 1.229028130170987424e+03
6.561881898454746533e+02 1.229091611479028643e+03
6.561888459414687986e+02 1.228782440640530012e+03
6.561421460176991332e+02 1.228788716814159216e+03
6.559333333333332803e+02 1.228505234159779548e+03
6.552035203520351843e+02 1.228610011001100020e+03
6.546544359255202608e+02 1.228385542168674647e+03
6.536907498631636599e+02 1.228399014778325181e+03
6.538219178082191547e+02 1.228280547945205399e+03
6.538312328767123063e+02 1.228361643835616405e+03
6.539559471365638501e+02 1.228503303964757606e+03
6.540209251101321115e+02 1.228533590308370094e+03
6.541097628240485164e+02 1.228630446773303902e+03
6.541761457758144616e+02 1.228661512976256290e+03
6.545677312775330847e+02 1.228677863436123289e+03
6.552983825989961133e+02 1.228868377021751257e+03
6.555840707964601961e+02 1.228863384955752281e+03
6.552477827050997803e+02 1.228949556541020002e+03
6.553930348258706999e+02 1.229118297401879545e+03
6.564784053156146229e+02 1.229218715393134062e+03
6.566281628162815878e+02 1.229298129812981188e+03
6.568468319559228803e+02 1.229377410468319567e+03
6.575365585486531472e+02 1.229329301814183509e+03
6.573811092806150782e+02 1.229326743547501337e+03
6.575329308452249961e+02 1.229354006586169135e+03
