6.596410398230088958e+02 1.229703539823008896e+03
6.608398437500000000e+02 1.229502232142857110e+03
6.611801902630106724e+02 1.229397313933967553e+03
6.611773563859453589e+02 1.229387618516452903e+03
6.615214723926380884e+02 1.229737311767986512e+03
6.617473625763465179e+02 1.229863964464186665e+03
6.617545909849749250e+02 1.230012242626599800e+03
6.620753232152894725e+02 1.230129286115795367e+03
6.619323725055431851e+02 1.230164634146341541e+03
6.619784053156146229e+02 1.229913621262458491e+03
6.625429687500000000e+02 1.229900111607142890e+03
6.623954771097628509e+02 1.229682846111417575e+03
6.615606229143493238e+02 1.229714126807564071e+03
6.607245575221238596e+02 1.229465707964601734e+03
6.594256381798002167e+02 1.229483906770255317e+03
6.576011142061281589e+02 1.229950417827297997e+03
6.562779017857143344e+02 1.229722098214285779e+03
6.557291781577496295e+02 1.229600110314396034e+03
6.551146005509641554e+02 1.229668870523415990e+03
6.547191442676905808e+02 1.229690619857377897e+03
6.536596916299560007e+02 1.229564977973568375e+03
6.520016510731975359e+02 1.229851953769950569e+03
6.509551743220807793e+02 1.229591588267847328e+03
6.497462520821766248e+02 1.229780677401443654e+03
6.486092460099064283e+02 1.229942762795817316e+03
6.485770925110132339e+02 1.229952643171806130e+03
6.487382140876317180e+02 1.229660011092623336e+03
6.487096952908586900e+02 1.229722991689750643e+03
6.488885172798215990e+02 1.229618729096989910e+03
6.497269700332963112e+02 1.229653163152053367e+03
6.506651884700664823e+02 1.229637472283813850e+03
6.516631461923291226e+02 1.229780433574207791e+03
6.526850306065665563e+02 1.229728436282693337e+03
6.526829539144919181e+02 1.229717934480843951e+03
6.540038997214484198e+02 1.229602228412256181e+03
6.560385044642856656e+02 1.229625000000000000e+03
6.572992213570634021e+02 1.229360956618465025e+03
6.588396226415094361e+02 1.229449500554939050e+03
6.602289223897264492e+02 1.229170295924064703e+03
6.607775305895439715e+02 1.229384872080089053e+03
6.606484848484848271e+02 1.229325619834710778e+03
6.609124860646600155e+02 1.229581939799331167e+03
6.611755379388448546e+02 1.229848810872027116e+03
6.615002797985450798e+02 1.230014549524342556e+03
