6.567041712403952261e+02 1.229270581778265750e+03
6.564983461962514184e+02 1.228694597574421095e+03
6.570942554378136720e+02 1.228525376464026749e+03
6.581838565022421790e+02 1.228914237668161377e+03
6.589284525790349107e+02 1.229354963948974046e+03
6.593676064123825427e+02 1.229187949143173000e+03
6.586916757940854268e+02 1.228987404162102848e+03
6.576553238199780935e+02 1.228367178924258951e+03
6.567960308710032677e+02 1.228131201764057323e+03
6.567498619547211547e+02 1.228120375483158568e+03
6.567568908489525938e+02 1.228258544652701175e+03
6.572686318131256940e+02 1.228785873192435929e+03
6.572292358803986190e+02 1.229169988925802954e+03
6.569259055982437303e+02 1.228951152579582867e+03
6.564368450082736217e+02 1.228495863210148855e+03
6.563586776859503971e+02 1.228430853994490462e+03
6.563535576392719122e+02 1.228491450634307739e+03
6.564561016013252583e+02 1.228705687465488609e+03
6.572048861743476209e+02 1.229094392004441943e+03
6.582668881506091338e+02 1.229315060908084206e+03
6.587981349424026121e+02 1.228885353812397170e+03
6.583089700996678175e+02 1.228504983388704431e+03
6.578222958057394862e+02 1.228191501103752671e+03
6.581830752212389370e+02 1.228450774336283075e+03
6.606300386526780812e+02 1.228985091109884024e+03
