6.557325581395348308e+02 1.230331672203765265e+03
6.573910614525140090e+02 1.230269273743016811e+03
6.586952908587257980e+02 1.229409972299168885e+03
6.587142064372918639e+02 1.229018867924528195e+03
6.567523545706370669e+02 1.228921883656509635e+03
6.530242691671263628e+02 1.228921125206839406e+03
6.488713033953997638e+02 1.229392661555312088e+03
6.460937840785169328e+02 1.229866412213740432e+03
6.441746203904555159e+02 1.230338394793926227e+03
6.445854326396495253e+02 1.230207557502738155e+03
6.468307692307691923e+02 1.229527472527472582e+03
6.508765981100611953e+02 1.229326292384658245e+03
6.550279642058166019e+02 1.228651006711409309e+03
6.572200447928331641e+02 1.228530235162374083e+03
6.585000000000000000e+02 1.228642222222222244e+03
6.583757677275265223e+02 1.229175321049692911e+03
6.555088202866593292e+02 1.230435501653803840e+03
6.555254794520548103e+02 1.230366027397260268e+03
6.568568281938325981e+02 1.230518171806167402e+03
6.585912328767122972e+02 1.229564931506849234e+03
6.596701657458563659e+02 1.229487845303867516e+03
6.602058498896246874e+02 1.229381898454746079e+03
6.599052863436123744e+02 1.229247797356828187e+03
6.578081363386476141e+02 1.229797691039032543e+03
6.559197802197802503e+02 1.230269230769230717e+03
6.553252747252747668e+02 1.230452197802197816e+03
6.561727777777778101e+02 1.230458333333333258e+03
6.574853185595567311e+02 1.229985595567866994e+03
6.591101173840133924e+02 1.229534376746785938e+03
6.595000000000000000e+02 1.229025755879059261e+03
6.583050941306755703e+02 1.228513289036544847e+03
6.511998883305416257e+02 1.228982691233947435e+03
