6.526088888888889414e+02 1.229956666666666706e+03
6.521035986913849456e+02 1.230395856052344698e+03
6.526148312119535149e+02 1.230464305478693859e+03
6.530610897083104192e+02 1.230347275729224066e+03
6.529544206479955619e+02 1.229939593629873798e+03
6.536287920573635120e+02 1.229132928847214544e+03
6.540611353711790343e+02 1.228290393013100356e+03
6.551181619256017257e+02 1.228293216630196866e+03
6.561963596249310058e+02 1.228260893546607804e+03
6.553937184520470964e+02 1.229089736399326966e+03
6.540449251247920301e+02 1.229437049362174093e+03
6.537648339684267285e+02 1.229488840500816650e+03
6.543618201997779806e+02 1.229857380688124294e+03
6.547137320044296303e+02 1.229588039867109728e+03
6.550171365395245857e+02 1.229873963515754667e+03
6.556171960569550947e+02 1.229359802847754736e+03
6.560805295091009839e+02 1.229035300606729152e+03
6.564986010072747149e+02 1.228961387800783541e+03
6.565802332037757196e+02 1.228512493059411327e+03
6.561381578947368780e+02 1.228375000000000000e+03
6.548468271334792234e+02 1.228297045951859900e+03
6.536331133113311580e+02 1.228550605060506086e+03
6.525010928961748959e+02 1.229418579234972640e+03
6.510209020902090060e+02 1.230169966996699713e+03
6.509127811300054418e+02 1.230571585298957871e+03
6.524908890115957547e+02 1.229049144119271205e+03
