6.526578220011056146e+02 1.230331122166943032e+03
6.502061797752809298e+02 1.231534269662921361e+03
6.486420233463035174e+02 1.232462479155086157e+03
6.485603784084585186e+02 1.232178631051752973e+03
6.498674496644295004e+02 1.231552013422818845e+03
6.524279279279279535e+02 1.230811936936936945e+03
6.564021554169030424e+02 1.229253545093590446e+03
6.583796033994334493e+02 1.228235127478753611e+03
6.582619318181817789e+02 1.227548863636363649e+03
6.566061797752809071e+02 1.227596629213483084e+03
6.546787305122494445e+02 1.228184298440980001e+03
6.523468468468468018e+02 1.229146396396396312e+03
6.493396754336877166e+02 1.230184667039731494e+03
6.467722717149219989e+02 1.230861358574610222e+03
6.452931995540691332e+02 1.230893534002229671e+03
6.443958218801539033e+02 1.231037932930181341e+03
6.448845303867403800e+02 1.230768508287292889e+03
6.467567567567567721e+02 1.230356867071152692e+03
6.498976071229827767e+02 1.229515859766277117e+03
6.527870318613751124e+02 1.228824482951369419e+03
6.553670183231538431e+02 1.228481399222654090e+03
6.566499721758486885e+02 1.228059543683917582e+03
6.572833052276560011e+02 1.228162450815064631e+03
6.565544332210998846e+02 1.228266554433221017e+03
6.546369747899159393e+02 1.229419047619047660e+03
6.527958496915310889e+02 1.229714526079641018e+03
6.513224901850812785e+02 1.230133482893998917e+03
6.506813862493013403e+02 1.229928451648965847e+03
6.504434389140271833e+02 1.230061085972850606e+03
6.506841216216216708e+02 1.230027590090090143e+03
6.521861252115058960e+02 1.229722504230118375e+03
6.542136414881623523e+02 1.229834836527621292e+03
6.601619479048697485e+02 1.230147791619478994e+03
6.636422535211268041e+02 1.230186478873239366e+03
6.665088987764182775e+02 1.230125695216907616e+03
6.679427459699833207e+02 1.229650361311840015e+03
6.670857304004512116e+02 1.229442752397067125e+03
6.644005602240896451e+02 1.229065546218487498e+03
6.612439299830604114e+02 1.229123094297007356e+03
6.584540873460246075e+02 1.229352183650615871e+03
6.557913870246085253e+02 1.230076621923937410e+03
6.540499158721256663e+02 1.230753224901850899e+03
6.538033426183843630e+02 1.231299721448468063e+03
6.547706113292204009e+02 1.231900168255748667e+03
6.568235625704622862e+02 1.232179819616685563e+03
6.601621004566210331e+02 1.231410958904109521e+03
6.643504225352112371e+02 1.230429859154929545e+03
6.680950483779168962e+02 1.228939669891861058e+03
6.696216063348416583e+02 1.228006221719457017e+03
6.694845070422535400e+02 1.227371830985915494e+03
6.665112994350282634e+02 1.227187005649717548e+03
6.628954393770856086e+02 1.227699110122358206e+03
6.595851358846367702e+02 1.228800332778702114e+03
6.555499163413273891e+02 1.230505298382598994e+03
6.522212885154061723e+02 1.231587114845938459e+03
6.502596314907872284e+02 1.232351200446677922e+03
6.502474860335195217e+02 1.232330167597765467e+03
6.516492495831017777e+02 1.231539188438021029e+03
6.537393497757847172e+02 1.230692264573990997e+03
6.572012436404748996e+02 1.229417184850197827e+03
6.592490096208263139e+02 1.228469156762874945e+03
6.591801136363636715e+02 1.227718750000000000e+03
6.576423766816143370e+02 1.227648542600896917e+03
6.530679117147708439e+02 1.229289756649688798e+03
