6.571972144846796482e+02 1.229276323119777089e+03
6.577981246552675429e+02 1.229047986762272558e+03
6.580189838079285209e+02 1.229048576214405330e+03
6.580071625344352242e+02 1.228677134986225838e+03
6.585599116510214799e+02 1.228745996686913259e+03
6.589320441988950279e+02 1.228684530386740335e+03
6.596998341625206876e+02 1.228932006633499213e+03
6.606584294343766715e+02 1.229160900604063727e+03
6.605684442001099796e+02 1.228921935129191752e+03
6.600832420591456184e+02 1.228367469879518012e+03
6.588195819581958403e+02 1.228118811881188094e+03
6.585160398230088958e+02 1.228159292035398266e+03
6.569610104338275960e+02 1.228239428885227881e+03
6.568112691466083106e+02 1.228283916849015213e+03
6.568031885651456605e+02 1.228463441451346853e+03
6.567747797356828414e+02 1.228651982378854655e+03
6.568729805013927034e+02 1.228787743732590570e+03
6.567596685082872909e+02 1.228781215469613244e+03
6.558862144420131699e+02 1.228964989059081063e+03
6.563937360178971403e+02 1.229161073825503308e+03
6.572853945159484965e+02 1.229159485170677044e+03
6.574142045454545951e+02 1.229476136363636442e+03
6.574235033259423062e+02 1.228937361419068793e+03
6.568578539823008668e+02 1.228836836283185903e+03
6.575221483942414125e+02 1.228899778516057495e+03
