6.572834467120181898e+02 1.227154195011337833e+03
6.585409836065573472e+02 1.228088750706613837e+03
6.604202816901408823e+02 1.229146478873239403e+03
6.619775154581225252e+02 1.229410905002810523e+03
6.628350111856823332e+02 1.229827740492170051e+03
6.630033898305084676e+02 1.230083615819208944e+03
6.628978794642856656e+02 1.229660714285714221e+03
6.635160202360876838e+02 1.229038223721191571e+03
6.640773574251835498e+02 1.228224731789949146e+03
6.639229904440696828e+02 1.227381675098369897e+03
6.625645612073784605e+02 1.226748462828395759e+03
6.611942567567567721e+02 1.226174549549549511e+03
6.595918481295365154e+02 1.225977666108319454e+03
6.584407345575959880e+02 1.225448525319977762e+03
6.581648965902738837e+02 1.225608160983789730e+03
6.585488680287134002e+02 1.226260077305356162e+03
6.598934380257992416e+02 1.226904094223219317e+03
6.611847025495750358e+02 1.227612464589235060e+03
6.621289414414414978e+02 1.228345720720720692e+03
6.621796033994334039e+02 1.229345042492917855e+03
6.612742117117117004e+02 1.230129504504504439e+03
6.609899046550757475e+02 1.230469433538979274e+03
6.615844952593419066e+02 1.230389849414389346e+03
6.620815864022663391e+02 1.230254957507082054e+03
6.621620709060214267e+02 1.229586944288126006e+03
6.610000000000000000e+02 1.229248175182481646e+03
6.595996640537514395e+02 1.228477603583426571e+03
6.578902644907146851e+02 1.228361283061339236e+03
6.552999999999999545e+02 1.227978651685393288e+03
6.532733408323960020e+02 1.227487064116985266e+03
6.520379252649191812e+02 1.227134969325153406e+03
6.522215973003374074e+02 1.227030371203599543e+03
6.532346024636058246e+02 1.227232922732362795e+03
6.540145821648906121e+02 1.228277061132921972e+03
6.547314606741573471e+02 1.229468539325842585e+03
6.555634432643935270e+02 1.230301844605924998e+03
6.564056497175141658e+02 1.231196045197740204e+03
6.572767756482525101e+02 1.231328072153325820e+03
6.581557562076749264e+02 1.231320541760722335e+03
6.587319819819820168e+02 1.231353603603603688e+03
6.587491525423728262e+02 1.231180225988700613e+03
6.580250426863972280e+02 1.230560614684120765e+03
6.566962380685008611e+02 1.230046041549691154e+03
6.553780898876404990e+02 1.229129213483146032e+03
6.541877459246767330e+02 1.228536256323777479e+03
6.532244094488188466e+02 1.228124296962879725e+03
6.523724176437743836e+02 1.227322166387493098e+03
6.515798553144129528e+02 1.227163606010016792e+03
6.503963414634146147e+02 1.227238359201773847e+03
6.492269424259362722e+02 1.227917831190609377e+03
6.494180100055586990e+02 1.228434685936631467e+03
6.506347537354731685e+02 1.229372993912562151e+03
6.524508702975856522e+02 1.230292532285232937e+03
6.546773109243697490e+02 1.231001680672269003e+03
6.568569014084506534e+02 1.231477183098591468e+03
6.585076574021554734e+02 1.231601247872943759e+03
6.588960817717205600e+02 1.231449744463373008e+03
6.587463442069740722e+02 1.231423509561304854e+03
6.581814084507042253e+02 1.230415774647887247e+03
6.577783389450056575e+02 1.229850168350168360e+03
6.576165919282510686e+02 1.229297085201793834e+03
6.568864142538975557e+02 1.228353563474387556e+03
6.565886875343218207e+02 1.227428336079077326e+03
6.563759063022866940e+02 1.227146123814835391e+03
6.562971619365608831e+02 1.226918196994991604e+03
6.562220975883342362e+02 1.226742568704430823e+03
6.562011267605633975e+02 1.227051267605633711e+03
6.551540178571428896e+02 1.227657924107142890e+03
6.549173098125688739e+02 1.228497243660418917e+03
6.562355903749300978e+02 1.229358701734750866e+03
6.581654390934844514e+02 1.230146175637393753e+03
6.600022675736961446e+02 1.230746031746031804e+03
6.608750000000000000e+02 1.230719457013574583e+03
6.610893568582811213e+02 1.230488901536710273e+03
6.611904761904761472e+02 1.230352040816326507e+03
6.606000000000000227e+02 1.229491922005571041e+03
6.589681919642856656e+02 1.228769531250000000e+03
6.574601328903654576e+02 1.228261904761904816e+03
6.560719424460431810e+02 1.227569452130603167e+03
6.548698060941828771e+02 1.226628808864265920e+03
6.546440771349862189e+02 1.226158677685950352e+03
6.544133333333332985e+02 1.226016111111111059e+03
6.539734806629834338e+02 1.225713812154696143e+03
6.536386138613861476e+02 1.226099009900990040e+03
6.537904919845218501e+02 1.227042012161415187e+03
6.542850754611514503e+02 1.227744550027948662e+03
6.552054718034617053e+02 1.228553880513679587e+03
6.568694677871148997e+02 1.229340616246498712e+03
6.590526613816534791e+02 1.229804643261608135e+03
6.603611890072910455e+02 1.230219854178351170e+03
6.607590428491930652e+02 1.230077351140790142e+03
6.607593314763231547e+02 1.229792757660167126e+03
6.608367803242034597e+02 1.229204024594745761e+03
6.609468085106383342e+02 1.228404255319148888e+03
6.611085618354784401e+02 1.227833240067151564e+03
6.605817469204927193e+02 1.227147816349384129e+03
6.595244794597635973e+02 1.226756330894766506e+03
6.580819304152637415e+02 1.226342312008978752e+03
6.571909039865244040e+02 1.226157776530039200e+03
6.564096989966554929e+02 1.226312151616499477e+03
6.561622831561276143e+02 1.226762730833799651e+03
6.571393258426966213e+02 1.228434831460674104e+03
