6.946068181818181984e+02 1.220392613636363649e+03
6.918139013452914696e+02 1.218696748878923700e+03
6.860735042735042271e+02 1.218137321937321985e+03
6.757249565720903774e+02 1.218848291835553027e+03
6.657630979498860597e+02 1.220910022779043175e+03
6.551939291736930500e+02 1.224424957841484002e+03
6.450630985915493056e+02 1.227423098591549206e+03
6.362747068676717390e+02 1.230229480737018321e+03
6.276381798002220194e+02 1.232831853496115400e+03
6.207535675082326634e+02 1.234819429198682656e+03
6.167457440966502418e+02 1.235718835804502987e+03
6.130386526780783925e+02 1.236671452236333607e+03
6.115553109521189299e+02 1.237336268574573523e+03
6.133172103487064533e+02 1.237529808773903369e+03
6.258697454114860648e+02 1.236313203078744891e+03
6.341087223587223889e+02 1.234536855036855059e+03
6.464290931223372354e+02 1.233147291539866046e+03
6.600777709736680663e+02 1.232248622167789335e+03
6.704413919413918848e+02 1.230960317460317356e+03
6.802451726155646838e+02 1.228803978935049827e+03
6.872646546720835659e+02 1.227294254207777158e+03
6.921195150115473780e+02 1.225700923787528836e+03
6.961823899371069047e+02 1.222922813036020671e+03
6.964041133963312404e+02 1.221099499722067776e+03
6.946224205242609742e+02 1.219904071388733882e+03
6.915229155162893449e+02 1.218221976808393265e+03
6.843005681818182211e+02 1.217527840909090855e+03
6.749213675213675288e+02 1.218615954415954320e+03
6.527230590961761436e+02 1.224466975666280405e+03
