6.583803540833808938e+02 1.229364363221016674e+03
6.581987542468856418e+02 1.229172706681766613e+03
6.570056529112492854e+02 1.228739966082532419e+03
6.550678631519909914e+02 1.228487380818844713e+03
6.536378830083565390e+02 1.228452924791086389e+03
6.527737632017788201e+02 1.228407448582545840e+03
6.516316951960243387e+02 1.228635560463832235e+03
6.506633608815426442e+02 1.228901377410468285e+03
6.504665190924183662e+02 1.229186496956281189e+03
6.498135313531353177e+02 1.229995599559955963e+03
6.488685808945333520e+02 1.230324130314743343e+03
6.494890109890110352e+02 1.230346153846153811e+03
6.523431263858093416e+02 1.230760532150776044e+03
6.549041479820627956e+02 1.231250000000000000e+03
6.568410744264130017e+02 1.231423614997202094e+03
6.581921546333144306e+02 1.232208641273450894e+03
6.594315375982042724e+02 1.232228956228956122e+03
6.613027730616864801e+02 1.231945670628183279e+03
6.637702005730659494e+02 1.231966762177650480e+03
6.652893081761005760e+02 1.231753573470554556e+03
6.651026811180832965e+02 1.231653736451796931e+03
6.630200458190148538e+02 1.231387743413516546e+03
6.600545663411832038e+02 1.230908673176335469e+03
6.578477895914941200e+02 1.230330721880246301e+03
6.563871148459384131e+02 1.230462184873949582e+03
6.547931805477920761e+02 1.229756847400782590e+03
6.518898876404493876e+02 1.229254494382022585e+03
6.485397790055249061e+02 1.229231491712707111e+03
6.463856427378965464e+02 1.229408458542014387e+03
6.450788013318534695e+02 1.229190344062153144e+03
6.451381798002220194e+02 1.229300776914539483e+03
6.467071269487751124e+02 1.229152004454342887e+03
6.485683975432718853e+02 1.229097710776102758e+03
6.496453229398663325e+02 1.229373051224944220e+03
6.500900393922340754e+02 1.229718626899268429e+03
6.519365881032547350e+02 1.230093153759820325e+03
6.550416191562143240e+02 1.230371151653363768e+03
6.573131428571429069e+02 1.230550857142857240e+03
6.592079772079772511e+02 1.230637037037037089e+03
6.600507042253520922e+02 1.230565633802816819e+03
6.601559684684684726e+02 1.231081644144144093e+03
6.602663656884875536e+02 1.231053047404063136e+03
6.612422184493491386e+02 1.231019241652518303e+03
6.611794582392776647e+02 1.230797404063205477e+03
6.599994388327721708e+02 1.230901795735129099e+03
6.576917127071823188e+02 1.230339226519336989e+03
6.563985547526403934e+02 1.230321845469705295e+03
6.562455849889624915e+02 1.229447571743929302e+03
6.561401345291479856e+02 1.229108744394618725e+03
6.546495867768594508e+02 1.228492561983470978e+03
6.526613082039910978e+02 1.228430155210643079e+03
6.512135271101174112e+02 1.228250419228619421e+03
6.509832869080779574e+02 1.228427298050139370e+03
6.510985360360360801e+02 1.228199887387387435e+03
6.512712915961647013e+02 1.227954878736604542e+03
6.515892045454545496e+02 1.228258522727272748e+03
6.509983127109111365e+02 1.228455568053993147e+03
6.492185393258426984e+02 1.229320786516854014e+03
6.482090140845070891e+02 1.229958873239436571e+03
6.486937639198217767e+02 1.230454899777282890e+03
6.506820483961732862e+02 1.230936409679234657e+03
6.516659180235822078e+02 1.231019651880965739e+03
6.514880356149137697e+02 1.231713967723984524e+03
6.509288493607559758e+02 1.232227348526959531e+03
6.514440734557596215e+02 1.232307178631051784e+03
6.525678670360110800e+02 1.232443213296398881e+03
6.547621985417835049e+02 1.232187324733595005e+03
6.563376696832579000e+02 1.231877828054298561e+03
6.567547806524185035e+02 1.231153543307086693e+03
6.567477477477477805e+02 1.230818130630630549e+03
6.571055618615209823e+02 1.230041430192962480e+03
6.577875000000000227e+02 1.229635795454545359e+03
6.578501424501424708e+02 1.229319658119658015e+03
6.571904491188174688e+02 1.229113700966458282e+03
6.559473386183465209e+02 1.228873159682899313e+03
6.546781285231115817e+02 1.228915445321307743e+03
6.541386414253897783e+02 1.228474387527839554e+03
6.531916434540389673e+02 1.228694150417827359e+03
6.520530429927414389e+02 1.229304857621440533e+03
6.515344062153162668e+02 1.229504439511653800e+03
6.507585825027686042e+02 1.230468992248062023e+03
6.498052164261931694e+02 1.231343507214206511e+03
6.502562954672636124e+02 1.232044208170117599e+03
6.527662049861495461e+02 1.232014404432133006e+03
6.574064261555805615e+02 1.233210259301014730e+03
