6.719711211778029565e+02 1.229539637599094021e+03
6.726109542631281784e+02 1.229546583850931711e+03
6.731396140749149026e+02 1.229428490351872824e+03
6.730289115646259006e+02 1.229379818594104336e+03
6.723102086858432358e+02 1.229807106598984774e+03
6.710854700854700923e+02 1.230140740740740739e+03
6.700000000000000000e+02 1.230236961451247225e+03
6.692438340807175337e+02 1.230440582959641233e+03
6.686509171762089636e+02 1.230398554752640393e+03
6.687036830357143344e+02 1.230528459821428669e+03
6.690746864310148112e+02 1.230683580387685197e+03
6.695244244806289089e+02 1.230370016844469319e+03
6.700592592592593064e+02 1.230396011396011318e+03
6.701204070096099485e+02 1.230522328999434649e+03
6.694180281690140646e+02 1.230357746478873196e+03
6.681253545093589992e+02 1.230421440726035144e+03
6.670124787294384987e+02 1.230590470788428775e+03
6.660022688598978675e+02 1.230572319909245607e+03
6.651949295774647908e+02 1.230614084507042207e+03
6.647841163310962429e+02 1.230447986577181155e+03
6.647570621468926220e+02 1.230928813559321952e+03
6.643723163841807491e+02 1.231174011299435051e+03
6.640546075085323992e+02 1.231300910125142309e+03
6.633866967305524440e+02 1.231241262683201739e+03
6.616640537513998197e+02 1.230503359462486060e+03
6.592130681818181301e+02 1.230594886363636306e+03
6.570260918888258175e+02 1.230608054452637589e+03
6.547274749721913167e+02 1.230490545050055516e+03
6.521583710407239778e+02 1.230644230769230717e+03
6.498413407821228702e+02 1.230482122905027836e+03
6.483060996082820111e+02 1.230405707890319036e+03
6.465677635248187016e+02 1.230035694366982625e+03
6.453299606520516818e+02 1.230164699269252424e+03
6.438554621848739998e+02 1.230246498599439747e+03
6.423443449048152161e+02 1.230342105263157919e+03
6.408998875140607652e+02 1.230382452193475729e+03
6.395229050279330067e+02 1.230706145251396720e+03
6.384096989966554929e+02 1.230385172798216217e+03
6.375350779510022221e+02 1.230462694877505555e+03
6.366484069312465408e+02 1.230915595304639510e+03
6.356302286670385229e+02 1.230960959286112711e+03
6.349106840022611777e+02 1.230870548332391081e+03
6.346195286195286371e+02 1.230836700336700233e+03
6.345602006688963002e+02 1.230346711259754784e+03
6.344281737193764457e+02 1.230201559020044442e+03
6.344706867671691271e+02 1.230214405360133924e+03
6.350899260102447670e+02 1.229934547524188929e+03
6.355295774647887583e+02 1.229822535211267677e+03
6.356582774049217051e+02 1.229538590604026922e+03
6.359483248154457442e+02 1.229629187961385469e+03
6.354657762938230690e+02 1.229266555370061269e+03
6.347365202890495084e+02 1.229306837131739940e+03
6.346378737541527926e+02 1.229399224806201573e+03
6.351323611890072698e+02 1.229323051037577216e+03
6.356971910112359865e+02 1.229038764044943719e+03
6.364295339696799374e+02 1.229248175182481646e+03
6.367777777777778283e+02 1.229219977553310855e+03
6.378191011235954875e+02 1.229386516853932562e+03
6.385173572228443390e+02 1.229552071668533017e+03
6.386510973550928156e+02 1.229747889701744498e+03
6.385764904386951457e+02 1.229790776152980925e+03
6.380039436619717890e+02 1.229994929577464745e+03
6.375944289693593419e+02 1.230067409470752182e+03
6.376013363028953336e+02 1.230020044543429776e+03
6.382996613995485404e+02 1.229940744920993211e+03
6.393076923076922640e+02 1.230043552036199117e+03
6.402437923250564609e+02 1.229679458239277665e+03
6.410727580372250713e+02 1.229306260575296164e+03
6.417043918918918735e+02 1.229230292792792852e+03
6.420887372013652339e+02 1.229160409556313880e+03
6.419921082299887303e+02 1.229157835400225395e+03
6.414160583941605864e+02 1.229233015160022433e+03
6.406439732142856656e+02 1.229097098214285779e+03
6.404497206703911161e+02 1.229040223463687198e+03
6.406947250280583148e+02 1.229024130190796768e+03
6.416661036036035739e+02 1.228892454954954928e+03
6.426315789473684390e+02 1.228399216125420025e+03
6.434288939051918987e+02 1.228383747178329486e+03
6.439808773903262136e+02 1.228429133858267733e+03
6.443136027319294499e+02 1.228214001138303956e+03
6.444980169971671558e+02 1.228159773371104848e+03
6.443184641445510579e+02 1.228171654432524065e+03
6.440625704622322019e+02 1.228352311161217585e+03
6.436456824512534922e+02 1.228418384401114281e+03
6.441821793416571609e+02 1.228717934165720862e+03
6.454373227453204436e+02 1.228983550765740119e+03
6.467793453724605115e+02 1.229088036117381534e+03
6.484343376918703825e+02 1.228959067652074964e+03
6.500154727793695884e+02 1.229064756446991396e+03
6.515496313102665908e+02 1.229132161089052715e+03
6.527595720720720465e+02 1.228966779279279308e+03
6.542119999999999891e+02 1.229049142857142897e+03
6.555638716938660764e+02 1.228575126617895421e+03
6.569123798756359065e+02 1.228530243075183762e+03
6.589197495731360732e+02 1.228225953329538925e+03
6.607798423423423628e+02 1.228061936936936945e+03
6.633876276958002336e+02 1.228088535754824079e+03
6.658833238474672953e+02 1.227801365964712659e+03
6.680017152658662098e+02 1.227973699256718191e+03
6.696905574516496245e+02 1.227960182025028416e+03
6.718670849971477992e+02 1.228010268111808273e+03
6.732598152424942555e+02 1.228127598152424980e+03
6.744166666666666288e+02 1.228478458049886513e+03
6.752433048433048270e+02 1.228601139601139494e+03
6.758757062146892167e+02 1.228436158192090488e+03
6.759376417233560232e+02 1.228587868480725547e+03
6.757676254935138331e+02 1.228932882120699333e+03
6.756985376827896062e+02 1.228898200224971788e+03
6.758401129943503065e+02 1.229165536723163768e+03
6.758412429378530533e+02 1.229182485875706107e+03
6.762303724928366364e+02 1.229179369627507185e+03
6.770068925904652133e+02 1.229001723147616303e+03
6.775616438356164508e+02 1.229305365296803757e+03
6.775266138165345637e+02 1.229372027180068017e+03
6.770443181818181984e+02 1.229358522727272657e+03
6.766564587973274456e+02 1.229315701559019999e+03
6.760396151669496021e+02 1.229417091114883988e+03
6.754225352112675864e+02 1.229411830985915458e+03
6.748332400671516780e+02 1.229331841074426393e+03
6.745783874580067732e+02 1.229394176931690936e+03
6.744701576576576372e+02 1.229363175675675620e+03
6.749694915254236776e+02 1.229536723163841771e+03
6.755254524886877334e+02 1.229291289592760222e+03
6.755251270468661460e+02 1.229210050818746367e+03
6.750731158605174187e+02 1.229330146231721073e+03
6.741110484780157321e+02 1.229532694475760991e+03
6.731932916429789202e+02 1.229600909607731637e+03
6.721962774957698912e+02 1.229461364918217669e+03
6.714573816155989334e+02 1.229908077994429050e+03
6.707441601779755729e+02 1.229752502780867644e+03
6.705874241588527411e+02 1.229766685052399225e+03
6.708661417322834950e+02 1.229446569178852542e+03
6.716601233875491062e+02 1.229635445877734128e+03
6.723815715093272729e+02 1.229330695308083705e+03
6.725135135135135442e+02 1.229536036036035966e+03
6.717968662562955160e+02 1.229784555120313371e+03
6.708229988726043302e+02 1.230093573844419325e+03
6.700676437429538055e+02 1.230450958286358400e+03
6.692589086859687768e+02 1.230445991091313999e+03
6.685761772853185221e+02 1.230312465373961231e+03
6.685983333333333576e+02 1.230380000000000109e+03
6.690216154721274506e+02 1.230805460750853172e+03
6.696865588399331273e+02 1.230354155047406493e+03
6.701523216308040674e+02 1.230429784824462104e+03
6.702326369282891392e+02 1.230208356860530785e+03
6.697000000000000455e+02 1.230225698324022460e+03
6.688424004486820422e+02 1.230248457655636457e+03
6.681405375139977423e+02 1.230386338185890281e+03
6.671445444319459739e+02 1.230185039370078812e+03
6.664620958751393118e+02 1.230238573021181764e+03
6.659513299377475732e+02 1.230397849462365684e+03
6.655474860335195899e+02 1.230489385474860228e+03
6.649817974971558669e+02 1.230936291240045421e+03
6.645047672462142145e+02 1.231104318564217692e+03
6.636108927568781155e+02 1.230891633913531678e+03
6.619440993788820151e+02 1.230420101637492962e+03
6.575272013460460130e+02 1.230750420639371896e+03
