6.631198208286674571e+02 1.226092385218365052e+03
6.625964621337756171e+02 1.226519071310116033e+03
6.622910112359550112e+02 1.226967415730337052e+03
6.619927536231883778e+02 1.227308807134894096e+03
6.614014436424208725e+02 1.227284286507495835e+03
6.606028840820854384e+02 1.226619523017193615e+03
6.602759776536312302e+02 1.226663687150838086e+03
6.592948717948718240e+02 1.226459866220735876e+03
6.578204986149584101e+02 1.226092520775623370e+03
6.562546166759932476e+02 1.226823726916619989e+03
6.545976692563817778e+02 1.227144839067702605e+03
6.535985682819383555e+02 1.227383810572687253e+03
6.528836950473011029e+02 1.228234279354479668e+03
6.522293170460854981e+02 1.228395891171571293e+03
6.518047830923247830e+02 1.228285873192435929e+03
6.516761111111111404e+02 1.228234444444444534e+03
6.523181818181818699e+02 1.228132996632996537e+03
6.536775098149187215e+02 1.228080762759394247e+03
6.542511210762331757e+02 1.228122757847533649e+03
6.542220982142856656e+02 1.228354352678571331e+03
6.542690582959641006e+02 1.229321188340807112e+03
6.544919399666481468e+02 1.229700944969427383e+03
6.543073951434878381e+02 1.230299116997792453e+03
6.545356550580430621e+02 1.230896627971254929e+03
6.552502780867630463e+02 1.231226362625139018e+03
6.559496080627100127e+02 1.231728443449048200e+03
6.560790358744394553e+02 1.231564461883408057e+03
6.563176996091568753e+02 1.231150753768844197e+03
6.559675070028010850e+02 1.231122689075630205e+03
6.555913859745996888e+02 1.230614025400331229e+03
6.545127353266888122e+02 1.230905315614617848e+03
6.525388457269700666e+02 1.231339622641509322e+03
6.503228523301515906e+02 1.231978102189781112e+03
6.481666666666666288e+02 1.232404444444444380e+03
6.465923248053392172e+02 1.233015016685205865e+03
6.458027548209366842e+02 1.233050137741046910e+03
6.452969966629588043e+02 1.233384872080089053e+03
6.454960850111856416e+02 1.233091163310961974e+03
6.456124721603563330e+02 1.232805122494431998e+03
6.454322974472808028e+02 1.232410099889012145e+03
6.452773155851358524e+02 1.231446478092068674e+03
6.453093126385808773e+02 1.231502771618625275e+03
6.451384445670159948e+02 1.231632101489244405e+03
6.453483333333333576e+02 1.232028888888888787e+03
6.462766666666666424e+02 1.232595555555555620e+03
6.493243546576879908e+02 1.233089225589225634e+03
6.511414197875908485e+02 1.232743432084963615e+03
6.532762276785714448e+02 1.232320870535714221e+03
6.548195530726256948e+02 1.231340223463687153e+03
6.554770693512303978e+02 1.231190715883668872e+03
6.552331491712707248e+02 1.230327071823204506e+03
6.545534729878720555e+02 1.229830209481808197e+03
6.534964028776978466e+02 1.230110127282789108e+03
6.526780407264722044e+02 1.229902586681342882e+03
6.523313086692435263e+02 1.230167310877968021e+03
6.513900552486187507e+02 1.230414917127071931e+03
6.504865458539263727e+02 1.230450302031850697e+03
6.501005524861878939e+02 1.229863535911602185e+03
6.494487109160724003e+02 1.229250137136588137e+03
6.493214285714285552e+02 1.228324175824175882e+03
6.491688093907210941e+02 1.227707098937954243e+03
6.482107897664071743e+02 1.227251946607341551e+03
6.473579702151130277e+02 1.227257032542746856e+03
6.465104052573932449e+02 1.226887732749178440e+03
6.465259381898454194e+02 1.227083885209713117e+03
6.467624309392265332e+02 1.227201104972375788e+03
6.479816155988858100e+02 1.227051253481894264e+03
6.499866220735785873e+02 1.226836120401337894e+03
6.517741758241758134e+02 1.226557142857142935e+03
6.532983333333332894e+02 1.226314444444444462e+03
6.549043381535038861e+02 1.225497775305895402e+03
6.560790055248618273e+02 1.225195580110497303e+03
6.568988950276243486e+02 1.225237569060773467e+03
6.574513618677042359e+02 1.225377987770983964e+03
6.576121992165640222e+02 1.226155567991046382e+03
6.572509673852957803e+02 1.226565505804311670e+03
6.566105320899615663e+02 1.226884805266045078e+03
6.562758620689654663e+02 1.227206340378198092e+03
6.560666666666667197e+02 1.227257777777777846e+03
6.552967094255437814e+02 1.227150027886224279e+03
6.548520547945205408e+02 1.226390684931506939e+03
6.545747252747253242e+02 1.226343406593406598e+03
6.533186085035891892e+02 1.226165102153506268e+03
6.516432978126753142e+02 1.226094784071789036e+03
6.503744444444444071e+02 1.226740555555555602e+03
6.488045030203185206e+02 1.226975288303130128e+03
6.479611111111111086e+02 1.227923888888888996e+03
6.472501383508578101e+02 1.228425013835085792e+03
6.469359331476323405e+02 1.228782172701949776e+03
6.470800671892496894e+02 1.228492721164613613e+03
