6.505073329712113264e+02 1.227692558392178171e+03
6.492151004888647776e+02 1.227593699076588791e+03
6.486608600979858466e+02 1.227445291235710329e+03
6.493485181119648360e+02 1.226813391877058166e+03
6.506159737417942779e+02 1.227019693654267030e+03
6.515666483817882408e+02 1.227405924300603374e+03
6.526363140676118064e+02 1.227778080697928090e+03
6.547395374449339442e+02 1.228460352422907590e+03
6.566600110926234493e+02 1.228835274542429261e+03
6.578060606060605551e+02 1.229486501377410377e+03
6.585341476957246414e+02 1.230202109938922831e+03
6.595603112840467475e+02 1.230952195664257943e+03
6.608489326765188707e+02 1.231317460317460245e+03
6.616320441988950734e+02 1.232051933701657390e+03
6.605549480590486837e+02 1.231928376161837150e+03
6.601065217391304714e+02 1.231436413043478296e+03
6.598160480349345107e+02 1.231508733624454180e+03
6.585299334811529661e+02 1.231368625277161755e+03
6.562771084337349521e+02 1.230236035049288148e+03
6.544295774647887356e+02 1.229126760563380230e+03
6.532086291643910272e+02 1.228389950846531974e+03
6.521623093681916998e+02 1.227834422657952018e+03
6.510422844590883642e+02 1.227593080724876472e+03
6.497869302580999147e+02 1.227266886326194481e+03
6.501743929359823824e+02 1.226814569536423733e+03
6.520959956116291778e+02 1.226899067471201306e+03
