6.525677346824058986e+02 1.227381112984822948e+03
6.555658263305322180e+02 1.227778151260504274e+03
6.581923076923077360e+02 1.228337104072398233e+03
6.598497175141243360e+02 1.228687005649717548e+03
6.607825112107623227e+02 1.229335762331838623e+03
6.605615901455767016e+02 1.229599664053751439e+03
6.601205633802817374e+02 1.230203380281690215e+03
6.592168607875762518e+02 1.230501941209096003e+03
6.585490196078430927e+02 1.231062745098039159e+03
6.585964523281596712e+02 1.231364745011086370e+03
6.586426193118757055e+02 1.232040510543840128e+03
6.588900112233445725e+02 1.232448372615039261e+03
6.588446820483961801e+02 1.233217220033764761e+03
6.582322834645668763e+02 1.233344206974128156e+03
6.568332403792526293e+02 1.233393195761294010e+03
6.561706771124789839e+02 1.233199216564073822e+03
6.562763677382966989e+02 1.233067681895093074e+03
6.571677966101694892e+02 1.232842937853107287e+03
6.585173572228443390e+02 1.232788913773796139e+03
6.594636465324384744e+02 1.232493288590603925e+03
6.580370370370370665e+02 1.232126823793490530e+03
6.552858750703433088e+02 1.231483398987056944e+03
6.520759132420091646e+02 1.231203196347031962e+03
6.488546576879909935e+02 1.230734006734006698e+03
6.467232142857143344e+02 1.230166852678571331e+03
6.455779867256636635e+02 1.229487831858407162e+03
6.451913092550789770e+02 1.229107787810383797e+03
6.448945597307907747e+02 1.228646102075154204e+03
6.446179587283882029e+02 1.227909648633574989e+03
6.439508105086640626e+02 1.227096143096702008e+03
6.433786949247072471e+02 1.226643056330172840e+03
6.429926801801801730e+02 1.225985923423423401e+03
6.439563986409965537e+02 1.225805209513023783e+03
6.454895539243365192e+02 1.225893280632411006e+03
6.472011235955055781e+02 1.225532022471910068e+03
6.488857625211029472e+02 1.225940911648846395e+03
6.498381112984823176e+02 1.225999437886453052e+03
6.500812780269058067e+02 1.226359304932735313e+03
6.500639013452914696e+02 1.226875560538116588e+03
6.501401020986953654e+02 1.227370391378332442e+03
6.517793296089384967e+02 1.227336871508380000e+03
6.551357954545454731e+02 1.227368181818181711e+03
6.589574829931972317e+02 1.227437074829932044e+03
6.627460585585585022e+02 1.227844031531531527e+03
6.653359683794466264e+02 1.228362507058159281e+03
6.668633786848072305e+02 1.228719387755101934e+03
6.675935374149660220e+02 1.229109977324263127e+03
6.676199551569507094e+02 1.229395739910313978e+03
6.681309724564362114e+02 1.230271500843170315e+03
6.690604703247480529e+02 1.231120940649496106e+03
6.702618648799552830e+02 1.231732551647124410e+03
6.709894678492239564e+02 1.232236141906873627e+03
6.709855875831485719e+02 1.232389135254989014e+03
6.700116150442478329e+02 1.232444690265486770e+03
6.682523676880223320e+02 1.232797771587743682e+03
6.667161182375906492e+02 1.232432236475181298e+03
6.658397115917914562e+02 1.232083194675540653e+03
6.655091412742382317e+02 1.231652077562326895e+03
6.655052983825989941e+02 1.230735638594534294e+03
6.654947542794036508e+02 1.229969077857537286e+03
6.643854748603351936e+02 1.229301117318435672e+03
6.621741573033707482e+02 1.229329213483146077e+03
6.591500843170319968e+02 1.229224283305227573e+03
6.568557906458797788e+02 1.229257238307349553e+03
6.549435438792621653e+02 1.229233091112353350e+03
6.542210998877665133e+02 1.229115600448933719e+03
6.544222468179302723e+02 1.228446043165467700e+03
6.547965536409116112e+02 1.228468037798777004e+03
6.552428491306786782e+02 1.228169377453729567e+03
6.552315022421524873e+02 1.227658632286995498e+03
6.543614997202014365e+02 1.226989927252378266e+03
6.536623883928571104e+02 1.226351004464285779e+03
6.534117647058823195e+02 1.225963928967813445e+03
6.541055304740406200e+02 1.225877539503386060e+03
6.552898142937534658e+02 1.225692177827799696e+03
6.561431805319750765e+02 1.225827956989247241e+03
6.561357466063348056e+02 1.225871606334841545e+03
6.546182019977802611e+02 1.226173140954495011e+03
6.527857142857143344e+02 1.226599330357142890e+03
6.517909192825112541e+02 1.227543721973094080e+03
6.525944134078212073e+02 1.228326256983240228e+03
6.547573898494143805e+02 1.228817624093697759e+03
6.575281531531531982e+02 1.229371058558558616e+03
6.596851230425055519e+02 1.229370246085011104e+03
6.611250000000000000e+02 1.230119932432432506e+03
6.614823923979877236e+02 1.230373392956959151e+03
6.612859569648924207e+02 1.231022650056625253e+03
6.606343784994401176e+02 1.231242441209406479e+03
6.601447811447811773e+02 1.231764870931537644e+03
6.598530884808013752e+02 1.232026711185308841e+03
6.599114845938374856e+02 1.232270028011204431e+03
6.600381165919282012e+02 1.232614349775784831e+03
6.603792717086835182e+02 1.233593277310924350e+03
6.596765363128491799e+02 1.233975977653631389e+03
6.585178571428571104e+02 1.234174107142857110e+03
6.574729201563372953e+02 1.234054159687325409e+03
