6.597060146149522097e+02 1.227059021922428428e+03
6.581544850498338519e+02 1.227581395348837304e+03
6.553929164360819186e+02 1.228665744327614902e+03
6.523761013215859066e+02 1.229383259911894356e+03
6.506158536585365937e+02 1.230291574279379120e+03
6.495926333150082428e+02 1.230410665200659651e+03
6.509854504756575579e+02 1.230857302742025695e+03
6.535440356744704786e+02 1.230843366778149402e+03
6.558136439267886999e+02 1.230663338879644925e+03
6.589966159052453349e+02 1.230272983643541920e+03
6.624896935933147688e+02 1.229483008356545952e+03
6.657780231916068487e+02 1.228766979569298655e+03
6.684776536312849657e+02 1.228296089385474943e+03
6.693594366197182808e+02 1.227936338028169075e+03
6.673822699040090356e+02 1.228151326933935707e+03
6.625528819250139350e+02 1.228138220481253484e+03
6.572134387351778742e+02 1.229096555618294815e+03
6.522863509749303148e+02 1.230147075208913748e+03
6.495706371191135986e+02 1.230940720221606625e+03
6.487891532927503704e+02 1.231130603209740002e+03
6.477604856512141396e+02 1.231153973509933849e+03
6.477289256198347402e+02 1.230737190082644702e+03
6.485531561461793899e+02 1.229952380952380963e+03
6.503708867819296984e+02 1.229293363078639231e+03
6.533896321070234308e+02 1.228270903010033408e+03
6.553855555555555839e+02 1.227207777777777665e+03
6.574484507042253654e+02 1.226971267605633784e+03
6.575121126760562902e+02 1.227031549295774539e+03
6.557282307265668351e+02 1.227264004437049380e+03
6.532697003329633390e+02 1.228382907880133189e+03
6.506471885336272862e+02 1.229050165380374892e+03
6.486181318681318544e+02 1.230474725274725188e+03
