6.596030786146234277e+02 1.231678944474986338e+03
6.613707426018984279e+02 1.231139028475711939e+03
6.606690568119139471e+02 1.230243794815223282e+03
6.578949999999999818e+02 1.229271666666666761e+03
6.543801331853495640e+02 1.229179800221975484e+03
6.525185390149418936e+02 1.228642501383508488e+03
6.524685082872928206e+02 1.228609392265193264e+03
6.536158129175946669e+02 1.228800111358574668e+03
6.557089593767390170e+02 1.229323873121869838e+03
6.571976679622431448e+02 1.229598001110494124e+03
6.572842865074958354e+02 1.229564686285397102e+03
6.567022099447514165e+02 1.230005524861878484e+03
6.556714841578655069e+02 1.229839911061700832e+03
6.546777592900721174e+02 1.229785357737104732e+03
6.548073951434878381e+02 1.229827814569536486e+03
6.557904026475455339e+02 1.229934914506343148e+03
6.571804095185390224e+02 1.230132816823464282e+03
6.579562084257206607e+02 1.230260532150776044e+03
6.583111480865225076e+02 1.230672767609539733e+03
6.560573496659242210e+02 1.230225501113585779e+03
6.546740453790813490e+02 1.229843940232429532e+03
6.546233407079646440e+02 1.228998340707964644e+03
6.554377421140011393e+02 1.228314886552296684e+03
6.559594894561598721e+02 1.228401775804661384e+03
6.573294573643411240e+02 1.228533776301218268e+03
6.572513904338153452e+02 1.228819243604004441e+03
6.560672917815775236e+02 1.229398234969663463e+03
6.551010491441193153e+02 1.230290447266703495e+03
6.547590428491930652e+02 1.231041179744017882e+03
6.551144911504425181e+02 1.231523230088495666e+03
6.570449500554939277e+02 1.232190344062153144e+03
6.592450110864745056e+02 1.231507760532150769e+03
6.605192943770672400e+02 1.230820286659316480e+03
6.596892341842396945e+02 1.230155937846836878e+03
6.575199335548172712e+02 1.229425802879291268e+03
6.552533482142856656e+02 1.229238281250000000e+03
6.535061111111110677e+02 1.228595000000000027e+03
6.537159598214285552e+02 1.228510602678571331e+03
