6.666651685393258049e+02 1.229494382022471882e+03
6.712293423271501069e+02 1.229326025857223158e+03
6.742671194114318496e+02 1.229078098471986323e+03
6.763705583756345732e+02 1.228992103778905857e+03
6.775213770127706994e+02 1.229378678511937778e+03
6.776935840707964189e+02 1.229655420353982208e+03
6.764609418282548177e+02 1.229988365650969627e+03
6.731696832579185639e+02 1.230120475113122211e+03
6.677624434389140333e+02 1.229920248868778344e+03
6.626481069042316676e+02 1.230295657015590223e+03
6.575210409745293418e+02 1.230212624584717560e+03
6.525366126327556913e+02 1.230211291224147544e+03
6.471052631578946830e+02 1.230320828667413252e+03
6.410453038674032769e+02 1.230431491712707157e+03
6.365927552140504986e+02 1.230753018660812359e+03
6.343487858719646511e+02 1.230811258278145715e+03
6.323393344244408354e+02 1.230968357883251429e+03
6.326378169790517632e+02 1.230889746416758499e+03
6.345052631578947739e+02 1.230872576177285282e+03
6.375093612334801492e+02 1.230435022026431625e+03
6.404426048565121619e+02 1.230196467991170039e+03
6.438975501113585551e+02 1.230076280623608000e+03
6.491231028667790497e+02 1.230131534569983160e+03
6.550758266818700122e+02 1.229819270239452635e+03
6.608097098214285552e+02 1.229459821428571331e+03
6.665648512071869618e+02 1.229120157215047811e+03
6.711474943052392064e+02 1.228820615034168668e+03
6.742389479574706002e+02 1.228296026860660277e+03
6.761197975253093091e+02 1.228418447694038150e+03
6.762382286995515415e+02 1.228990470852018007e+03
