6.555476584022038651e+02 1.228640771349862234e+03
6.566591657519209093e+02 1.229178924259055975e+03
6.571164835164835267e+02 1.229486263736263709e+03
6.575215729109776248e+02 1.229580557072637930e+03
6.576569703622393490e+02 1.229821624588364330e+03
6.577626740947075632e+02 1.230137047353760408e+03
6.577183020948181138e+02 1.230162072767364862e+03
6.575568927789934150e+02 1.230300328227571072e+03
6.568710033076074524e+02 1.230622932745314301e+03
6.563470847084709021e+02 1.230590209020902194e+03
6.561458679977814654e+02 1.230499722684414792e+03
6.554293598233995226e+02 1.230126931567328938e+03
6.549536532170119472e+02 1.229701199563794944e+03
6.547156809549646823e+02 1.228623982637004929e+03
6.541143326039386920e+02 1.228678884026258174e+03
6.539080086580086117e+02 1.228528138528138470e+03
6.534401330376940678e+02 1.228309312638580877e+03
6.535022099447513710e+02 1.228122099447513847e+03
6.536564046179219076e+02 1.228305112699285246e+03
6.539755691282621228e+02 1.228462520821765793e+03
6.537676712328767508e+02 1.228432328767123181e+03
6.544178532311062781e+02 1.228490142387732703e+03
6.556330578512396414e+02 1.228845730027548143e+03
6.560473829201101807e+02 1.228899724517906407e+03
6.562080352228948641e+02 1.229282333516785911e+03
6.565599999999999454e+02 1.229460821917808289e+03
