6.537668508287292752e+02 1.227173480662983366e+03
6.546705298013245056e+02 1.227482339955849966e+03
6.556844713656387285e+02 1.227953744493392151e+03
6.565100111234705764e+02 1.228312013348164555e+03
6.565633958103638861e+02 1.228416758544652794e+03
6.564669239250275723e+02 1.228823594266813643e+03
6.567558528428094178e+02 1.228886287625418163e+03
6.567694429123000646e+02 1.229308880308880362e+03
6.567244395844724068e+02 1.229444505194095200e+03
6.583348041919470006e+02 1.229416988416988488e+03
6.601812080536913072e+02 1.229138143176733820e+03
6.615263449805879645e+02 1.228922351636161920e+03
6.622766666666666424e+02 1.228557222222222208e+03
6.619736263736264164e+02 1.228259340659340751e+03
6.608416438356164235e+02 1.228412054794520600e+03
6.593801104972375242e+02 1.228810497237569052e+03
6.580590833793484080e+02 1.229012147984538842e+03
6.568540866703236816e+02 1.229343938562808489e+03
6.557342192691029368e+02 1.229833887043189407e+03
6.535500556173526547e+02 1.230200778642936484e+03
6.514332229580573994e+02 1.230268211920529893e+03
6.494404432132963620e+02 1.230129085872576070e+03
6.486267104542966990e+02 1.229499178981937575e+03
6.498083700440528219e+02 1.229151431718061758e+03
6.508387451843698273e+02 1.228671436433681947e+03
6.512614781634938481e+02 1.228460806270996727e+03
6.520771349862259285e+02 1.228231955922864927e+03
6.527619571192963122e+02 1.228285871357888936e+03
6.538349944629014772e+02 1.228779623477297946e+03
6.547970132743363365e+02 1.228953539823008896e+03
6.556863611264494693e+02 1.229144119271120871e+03
6.563463251670378895e+02 1.229917594654788445e+03
