6.704226628895183921e+02 1.229189801699716782e+03
6.709549086757990608e+02 1.228757420091324093e+03
6.710005698005697923e+02 1.228610256410256397e+03
6.708527746319365406e+02 1.228797281993204933e+03
6.704657303370786394e+02 1.228993258426966349e+03
6.698841153193894797e+02 1.229161673261729902e+03
6.689909451046971753e+02 1.229578381437464714e+03
6.683150452488687279e+02 1.230098981900452600e+03
6.682582818641212725e+02 1.230443571027512689e+03
6.684980348119033806e+02 1.230314430095452053e+03
6.688922291548497014e+02 1.230236528644356213e+03
6.688427601809954695e+02 1.230207579185520444e+03
6.687910784867306120e+02 1.229918125352907964e+03
6.688254769921436491e+02 1.229475869809203232e+03
6.684092446448703413e+02 1.229262119503945996e+03
6.674980303882948647e+02 1.229131682611142423e+03
6.666858432036096929e+02 1.229097574732092426e+03
6.662155416903005971e+02 1.229280204197390731e+03
6.660567859170926113e+02 1.229307779670641594e+03
6.657046979865772300e+02 1.229427293064876949e+03
6.657355418304323393e+02 1.229857944974733300e+03
6.657467642093415634e+02 1.230193584693303364e+03
6.658598979013046346e+02 1.230240499149177595e+03
6.656715083798882233e+02 1.230278770949720638e+03
6.646625560538116133e+02 1.230378363228699527e+03
6.639637188208616863e+02 1.230430272108843610e+03
6.631330713082537613e+02 1.230272318921953911e+03
6.619732346241457890e+02 1.230137813211845014e+03
6.603502252252252447e+02 1.230219031531531527e+03
6.587125984251968021e+02 1.230101799775028212e+03
6.570747290359383896e+02 1.229971477467199065e+03
6.553816750983698967e+02 1.230008993816750944e+03
6.537628348214285552e+02 1.229871651785714221e+03
6.525632630410655111e+02 1.230005549389567250e+03
6.515892557358702106e+02 1.230293228875209934e+03
6.496476828587381078e+02 1.230360134003350140e+03
6.472933930571108476e+02 1.230428331466965346e+03
6.449481185860889809e+02 1.230809007981755940e+03
6.428484507042253426e+02 1.230687323943662022e+03
6.413637883008356084e+02 1.230441225626741016e+03
6.404039215686274247e+02 1.230214005602240832e+03
6.398034811903424952e+02 1.230013475575519351e+03
6.396668529904974321e+02 1.229910005589714956e+03
6.393929173693086341e+02 1.230080382237212007e+03
6.387686692869174294e+02 1.230210555867490257e+03
6.382064732142856656e+02 1.230459821428571331e+03
6.377321826280623327e+02 1.230491091314031110e+03
6.374593541202672213e+02 1.230901447661470002e+03
6.372166572875632937e+02 1.231253235790658437e+03
6.369276500280426490e+02 1.231416713404374605e+03
6.364050279329609339e+02 1.231270391061452528e+03
6.361142374788970528e+02 1.231402363534046117e+03
6.361376770538244045e+02 1.231138243626062376e+03
6.367186073059360751e+02 1.231468036529680376e+03
6.375061590145576247e+02 1.230506159014557625e+03
6.379864022662889056e+02 1.230661756373937578e+03
6.382574647887323636e+02 1.230220281690140837e+03
6.381966101694915778e+02 1.230679661016949240e+03
6.377610768367919718e+02 1.230675827257431365e+03
6.378012422360247911e+02 1.230952569169960498e+03
6.376142217245241000e+02 1.231091265397536290e+03
6.374023307436182222e+02 1.231245837957824733e+03
6.372225950782998325e+02 1.231258389261744924e+03
6.372626546681665332e+02 1.231111361079864992e+03
6.373891072431218845e+02 1.231217293655249932e+03
6.378981217985201511e+02 1.230929425156516800e+03
6.387671156004489603e+02 1.230175645342312009e+03
6.393197509903791342e+02 1.230224108658743717e+03
6.392765237020315681e+02 1.230189616252821679e+03
6.391107363687465295e+02 1.230042158516020208e+03
6.390386988222097671e+02 1.230227706113292243e+03
6.390388076490438607e+02 1.230429696287963907e+03
6.392305961754780128e+02 1.230388076490438607e+03
6.391884139482564251e+02 1.230712598425196802e+03
6.392515440763615970e+02 1.230860190903986449e+03
6.398733747880157807e+02 1.231167891464104059e+03
6.406365675827257746e+02 1.230990465507571571e+03
6.408539898132428334e+02 1.230850028296547862e+03
6.411328036322361186e+02 1.230793416572077149e+03
6.415598885793872341e+02 1.229773816155988925e+03
6.413921787709497266e+02 1.229851955307262642e+03
6.407648044692737130e+02 1.229604469273743007e+03
6.405301271420673856e+02 1.229442786069651675e+03
6.406242356864925114e+02 1.229593663146192284e+03
6.407213847012842507e+02 1.229707984366275923e+03
6.413722750139743312e+02 1.230116266070430356e+03
6.423779395296752455e+02 1.230256438969764758e+03
6.433155530600786278e+02 1.230329590117911266e+03
6.439965831435080190e+02 1.230437357630979477e+03
6.446094972067039635e+02 1.230385474860335307e+03
6.454599888080581422e+02 1.230383883603805316e+03
6.460062535531551475e+02 1.230263217737350715e+03
6.463441043083900013e+02 1.230009637188208671e+03
6.470255972696245408e+02 1.229626848691695159e+03
6.485370265686829043e+02 1.229352176370830875e+03
6.506552112676056367e+02 1.229223661971831007e+03
6.526222596964587410e+02 1.229457560427206317e+03
6.547390817469205331e+02 1.229315789473684163e+03
6.565929054054054177e+02 1.229488738738738675e+03
6.583619909502262999e+02 1.230196266968325745e+03
6.600325900514579871e+02 1.230213264722698796e+03
6.613807649043869787e+02 1.230280089988751342e+03
6.629201585503964225e+02 1.230356738391845965e+03
6.648718820861678296e+02 1.230243764172335659e+03
6.661715099715099768e+02 1.229977207977208082e+03
6.670394962793360492e+02 1.229898683457355446e+03
6.678927963698241683e+02 1.229765173000567302e+03
6.689977298524404432e+02 1.229351872871736759e+03
6.700187606594655563e+02 1.229495736213757709e+03
6.707293064876957942e+02 1.229323825503355692e+03
6.715523486134691211e+02 1.229983588002263787e+03
6.718063600227143297e+02 1.230006814310051141e+03
6.716657287563308500e+02 1.230137872819358563e+03
6.708156551332955360e+02 1.230327283040272278e+03
6.701687429218573016e+02 1.230331823329558347e+03
6.701565513329552459e+02 1.230263754963131078e+03
6.704095022624434250e+02 1.230136312217194472e+03
6.710557151062607772e+02 1.230098793796668588e+03
6.712589437819420937e+02 1.229735377626348736e+03
6.715429052159281582e+02 1.229574312955692676e+03
6.717358066329398980e+02 1.229291736930859997e+03
6.718712422007940859e+02 1.229049914917753767e+03
6.720028719126938768e+02 1.229163699023549725e+03
6.719041406693136196e+02 1.229275099262620643e+03
6.713891377379619598e+02 1.229407614781634948e+03
6.704803811659193116e+02 1.229747197309417061e+03
6.696859226023556175e+02 1.230005608524958006e+03
6.696621621621621898e+02 1.230047860360360346e+03
6.699925968109339465e+02 1.230316059225512618e+03
6.701807845366685115e+02 1.230419556566230767e+03
6.700502283105022343e+02 1.230364726027397182e+03
6.700062857142856956e+02 1.230239428571428562e+03
6.703341013824884840e+02 1.229893433179723615e+03
6.707689265536723724e+02 1.229618079096045221e+03
6.706696528555430632e+02 1.229441209406494863e+03
6.701041548093340907e+02 1.229713147410358488e+03
6.698536859876195422e+02 1.229890827236916039e+03
6.692160633484162418e+02 1.229953619909502322e+03
6.686390433815350889e+02 1.230254727474972242e+03
6.683355780022446879e+02 1.230533670033669978e+03
6.684514508928571104e+02 1.230294084821428669e+03
6.689484711211778176e+02 1.230774065685164260e+03
6.694527559055118218e+02 1.230410011248593946e+03
6.694912081678955929e+02 1.230100964265456696e+03
6.695113378684807230e+02 1.229950113378684819e+03
6.694781622234827410e+02 1.229473624503687006e+03
6.687925381571509433e+02 1.228993216506500858e+03
6.679161915621436947e+02 1.228957240592930475e+03
6.672107061503417071e+02 1.229139521640091061e+03
6.668207600680658516e+02 1.229086783891094683e+03
6.668157596371881937e+02 1.229155328798186019e+03
6.667285473920359209e+02 1.229508132361188927e+03
6.665989819004524861e+02 1.229832013574660550e+03
6.666644067796610216e+02 1.230079096045197730e+03
6.666951841359773425e+02 1.230341076487252167e+03
6.663482893998877898e+02 1.230416152551878895e+03
6.654909502262443084e+02 1.230826357466063428e+03
6.646389521640090834e+02 1.231197038724373670e+03
6.623423271500843157e+02 1.230250702641933685e+03
