6.425939890710382087e+02 1.232677049180327913e+03
6.396023900054318574e+02 1.233319934818033744e+03
6.405082508250825413e+02 1.233061606160616066e+03
6.437808896210873399e+02 1.232183415705656216e+03
6.503960176991150774e+02 1.230580752212389370e+03
6.572121212121212466e+02 1.230333333333333258e+03
6.622960708356391706e+02 1.229443276148312179e+03
6.647557039510295454e+02 1.228912632164719071e+03
6.636919247787610630e+02 1.229176991150442518e+03
6.593850446428571104e+02 1.230034040178571331e+03
6.521535038932146335e+02 1.230421579532814349e+03
6.459376367614879655e+02 1.231198577680525204e+03
6.427063969382176083e+02 1.231642974302897755e+03
6.427210065645514305e+02 1.231641137855579927e+03
6.454631986718317194e+02 1.231317100166020964e+03
6.506439732142856656e+02 1.230979352678571331e+03
6.574003350083752366e+02 1.229577331099944104e+03
6.623413140311804455e+02 1.228345768374164891e+03
6.640907079646017337e+02 1.227535398230088504e+03
6.618659279778393056e+02 1.227618836565096899e+03
6.570880858272162186e+02 1.228133258046301535e+03
6.512387811634348509e+02 1.229009418282548495e+03
6.452698154180238816e+02 1.230109120521172599e+03
6.421980466630493538e+02 1.231034183396635854e+03
6.428185816382627991e+02 1.230995601979109324e+03
6.477342119714442106e+02 1.229846238330587539e+03
6.540603837471783208e+02 1.228405756207675040e+03
6.595786830357143344e+02 1.227358816964285779e+03
6.643906250000000000e+02 1.226660156250000000e+03
6.657112597547379664e+02 1.226246934225194991e+03
6.640472175379426290e+02 1.226712759977515361e+03
6.587513873473917556e+02 1.228118756936736872e+03
6.522164429530200778e+02 1.229484340044742794e+03
6.467716621253406402e+02 1.230225613079019013e+03
6.440591397849461828e+02 1.230727956989247332e+03
6.448878555798687557e+02 1.230564551422319482e+03
6.482727272727272521e+02 1.229465013774104591e+03
6.547597547380156584e+02 1.228261984392419208e+03
6.666646102075154658e+02 1.226960740325294410e+03
