6.709672501411631629e+02 1.229242800677583318e+03
6.715511720983419082e+02 1.229280731846769640e+03
6.712239729881823678e+02 1.229577940348902757e+03
6.709566685424873640e+02 1.229952166572875740e+03
6.710692567567567721e+02 1.230066441441441384e+03
6.712937181663836554e+02 1.230239388794567049e+03
6.709810479375696559e+02 1.230421404682274215e+03
6.702319413092550349e+02 1.230066027088036208e+03
6.693713009491904131e+02 1.230318257956448861e+03
6.681852060982495232e+02 1.230627893845285143e+03
6.654470854555744381e+02 1.230827956989247241e+03
6.623170731707317600e+02 1.230765173000567302e+03
6.600684389140271833e+02 1.230735294117647072e+03
6.572811085972850833e+02 1.230618212669683317e+03
6.552974789915966767e+02 1.230417927170868325e+03
6.531994413407820730e+02 1.230397206703910570e+03
6.502390817469205331e+02 1.230335946248600294e+03
6.471861642294712738e+02 1.230232845894263164e+03
6.453053858967240330e+02 1.229950027762354239e+03
6.437829716193656395e+02 1.229703394546466370e+03
6.429287292817679145e+02 1.229526519337016680e+03
6.417559359469905758e+02 1.229491993373826517e+03
6.407440966501922048e+02 1.229448105436573314e+03
6.399060439560439590e+02 1.229280769230769238e+03
6.392209944751381272e+02 1.229337016574585732e+03
6.393637864611997657e+02 1.229198128783709308e+03
6.404850828729281602e+02 1.228974033149171191e+03
6.418394039735098886e+02 1.228893487858719709e+03
6.430405330372014987e+02 1.228703498056635226e+03
6.441472053126728952e+02 1.228628666297731115e+03
6.455780122154358196e+02 1.229053303720155554e+03
6.476932136848008668e+02 1.229039820527201300e+03
6.500345403899721077e+02 1.228971587743732698e+03
6.530094707520891006e+02 1.228535933147632250e+03
6.557938718662952624e+02 1.228381058495821662e+03
6.584313507504168683e+02 1.228117843246247958e+03
6.609118472768108177e+02 1.228380123526108946e+03
6.633073061907417696e+02 1.228405465699944216e+03
6.652262979683972617e+02 1.228855530474040734e+03
6.669627749576987981e+02 1.229068245910885480e+03
6.682878021360314733e+02 1.229245643620011151e+03
6.699344904815229711e+02 1.229374020156774804e+03
6.714551607445008585e+02 1.229118443316412822e+03
6.722424929178470165e+02 1.229138810198300234e+03
6.723400900900901433e+02 1.229212274774774869e+03
6.724033802816901471e+02 1.229503098591549360e+03
6.726504799548278015e+02 1.229624505928853750e+03
6.726557562076749264e+02 1.229603837471783208e+03
6.717676880222841191e+02 1.229713091922005560e+03
6.707977528089887755e+02 1.229704494382022403e+03
6.682903043968433394e+02 1.230081172491544521e+03
