6.459214830970556704e+02 1.225183751363140573e+03
6.483566318106769586e+02 1.225264171711612562e+03
6.503670886075949511e+02 1.225567418822234458e+03
6.524229922992299180e+02 1.226588558855885594e+03
6.546559432933478320e+02 1.227546892039258410e+03
6.573431426985008557e+02 1.228594114380899555e+03
6.603467920353982663e+02 1.229454646017699133e+03
6.622931034482758150e+02 1.230176863181312683e+03
6.643314732142856656e+02 1.230536830357142890e+03
6.673164345403899915e+02 1.231109192200557118e+03
6.679351081530782039e+02 1.231224070992789848e+03
6.663632812500000000e+02 1.231044642857142890e+03
6.648838495575221259e+02 1.231081858407079608e+03
6.648675096206707167e+02 1.230484881803188500e+03
6.633379655364091150e+02 1.228730405780989486e+03
6.595688225538972347e+02 1.228173023770038753e+03
6.557457440966502418e+02 1.227263591433278407e+03
6.528388858547241398e+02 1.226701256144183617e+03
6.507787465940054972e+02 1.226461580381471322e+03
6.497765027322404876e+02 1.226318579234972731e+03
6.487469945355190930e+02 1.225431693989070936e+03
6.468328826392644260e+02 1.225860465116279101e+03
6.459096774193548072e+02 1.225658602150537718e+03
6.468641509433962256e+02 1.225528301886792406e+03
6.496209366391184403e+02 1.226232506887052295e+03
6.516473189607518179e+02 1.226965726920950829e+03
6.535740131578946830e+02 1.228036184210526244e+03
6.585160575858250240e+02 1.230523255813953483e+03
