6.540835443037974528e+02 1.235399367088607505e+03
6.531068560840025157e+02 1.233822730080296424e+03
6.528316831683168857e+02 1.235271947194719360e+03
6.527442320369149229e+02 1.234711272247857551e+03
6.526501567398119050e+02 1.232247021943573600e+03
6.534146800501881671e+02 1.232117314930991142e+03
6.534966646452395480e+02 1.230705275924802891e+03
6.536464771322620209e+02 1.231281211372064263e+03
6.536393544382370919e+02 1.231463687150838041e+03
6.541650062266500072e+02 1.231711083437110801e+03
6.545304839723444275e+02 1.232852922690131891e+03
6.544825396825397092e+02 1.233817142857142926e+03
6.544516728624535062e+02 1.233815985130111585e+03
6.543822963438101397e+02 1.235286722257857491e+03
6.541246819338422256e+02 1.235659033078880384e+03
6.541068458093410527e+02 1.236558541266794691e+03
6.536084690553745986e+02 1.236837133550488488e+03
6.532367581365666638e+02 1.236234205488193993e+03
6.530179487179486841e+02 1.236394871794871733e+03
6.524896640826873409e+02 1.236595607235142097e+03
6.520470139771283584e+02 1.235776365946632723e+03
6.513998748435544712e+02 1.235370463078848616e+03
6.506144728633811383e+02 1.234997504678727410e+03
6.505194324491054658e+02 1.234785317705120406e+03
6.505312306740878512e+02 1.234681508967223181e+03
6.507734021949645467e+02 1.235954809554551275e+03
6.508757357750163237e+02 1.236403531720078490e+03
6.511077329808327931e+02 1.236083939193654942e+03
6.516838966202783467e+02 1.236192842942346033e+03
6.514858579509742640e+02 1.233791954745443036e+03
6.513018633540373230e+02 1.233265217391304304e+03
6.506557788944724052e+02 1.233590452261306609e+03
6.501867582760773985e+02 1.233329169269206659e+03
6.494348355663825032e+02 1.232482338611449450e+03
6.490930668332292726e+02 1.232963772642098775e+03
6.488274363749223994e+02 1.232810055865921868e+03
6.487889509621353454e+02 1.232812538795779119e+03
6.489651090342679254e+02 1.232809968847352138e+03
6.487641921397380429e+02 1.232954460386774826e+03
6.486047073023536313e+02 1.232031382015690951e+03
6.483955909369259416e+02 1.232657072872014623e+03
6.482405455672659400e+02 1.232923744575325372e+03
6.482054965646470919e+02 1.233371018113678929e+03
6.482545568824638167e+02 1.233602765556253871e+03
6.482125786163521752e+02 1.233566037735849022e+03
6.475111940298507989e+02 1.233458333333333258e+03
6.471400753768843970e+02 1.233309673366834204e+03
6.468862918509159954e+02 1.233665192672141529e+03
6.465402873204246816e+02 1.233361648969394082e+03
6.466765075376883942e+02 1.233355527638191006e+03
6.464767141009056104e+02 1.233300129366106148e+03
6.462955112219451621e+02 1.231850374064837979e+03
6.464905303030302548e+02 1.232233585858585911e+03
6.470711562897078011e+02 1.231905336721728190e+03
6.472371265098537378e+02 1.231890019071837287e+03
6.473741191543882678e+02 1.232385650224215169e+03
6.474554772581678890e+02 1.232427290198590754e+03
6.478557630392788269e+02 1.232643915003219490e+03
6.484502487562189117e+02 1.231850746268656621e+03
6.495644847699287538e+02 1.233378483473752340e+03
6.506040868454660995e+02 1.233107918263090596e+03
6.511789737171463912e+02 1.232146433041301634e+03
6.515888389993585861e+02 1.233344451571520267e+03
6.516376811594202536e+02 1.233137996219281604e+03
6.513459119496855010e+02 1.233630817610062877e+03
6.509861548143486516e+02 1.233519194461925736e+03
6.508287581699346447e+02 1.234701307189542376e+03
6.507021136063408449e+02 1.235033685601056732e+03
6.507431438127090360e+02 1.235561872909699105e+03
6.504113842173350122e+02 1.234177231565329976e+03
6.504185742315238485e+02 1.234247874427730494e+03
6.507003891050583206e+02 1.233604409857328164e+03
6.514076770350760626e+02 1.233880211780277932e+03
6.515160075329566780e+02 1.231578154425611956e+03
6.519444081098757806e+02 1.232541530412034035e+03
6.517187120291615656e+02 1.229625759416768005e+03
6.523705302096177547e+02 1.230027743526510449e+03
6.526088050314465363e+02 1.230265408805031484e+03
6.528783699059561059e+02 1.229875862068965489e+03
6.529656019656019907e+02 1.229271498771498727e+03
6.534283950617284518e+02 1.229655555555555566e+03
6.543423707440100543e+02 1.229692938209331714e+03
6.561650793650793503e+02 1.230037460317460273e+03
6.577273885350318778e+02 1.230533121019108194e+03
6.590847347994825896e+02 1.230945666235446424e+03
6.604071782178217518e+02 1.230181930693069262e+03
6.615322683706070848e+02 1.231451757188498505e+03
6.624973821989528915e+02 1.232456806282722482e+03
6.631984179301252880e+02 1.233160843770599968e+03
6.634480309877340005e+02 1.232539057456423507e+03
6.640451321727917957e+02 1.232898774983881367e+03
6.647747572815534340e+02 1.233444012944983797e+03
6.654987063389392006e+02 1.233577619663648193e+03
6.661070959264126259e+02 1.233790407358738548e+03
6.667716535433071385e+02 1.233600393700787436e+03
6.671463414634146147e+02 1.234193089430894361e+03
6.672753525856279566e+02 1.233996642041638779e+03
6.672068737607402227e+02 1.233639127561136775e+03
6.670494245091401808e+02 1.234842247799593679e+03
6.668628347485304175e+02 1.233318092749836751e+03
6.673259740259740056e+02 1.232997402597402697e+03
6.679278074866309680e+02 1.234206550802138963e+03
6.681870794078062090e+02 1.234329744279946226e+03
6.683920157068063190e+02 1.233445680628272157e+03
6.688207485226527069e+02 1.234264609323703326e+03
6.696422385076615456e+02 1.234893404397068707e+03
6.699942455242967299e+02 1.233515345268542205e+03
6.703125000000000000e+02 1.234033505154639215e+03
6.703792440743113730e+02 1.233873158231902607e+03
6.703239974538510069e+02 1.234092297899427194e+03
6.702430868167202789e+02 1.234225080385852152e+03
6.698134517766497993e+02 1.234141497461929021e+03
6.692487309644669722e+02 1.233835025380710704e+03
6.687202753441802088e+02 1.233794743429286655e+03
6.685561192136968884e+02 1.234162333544705234e+03
6.686987557301898732e+02 1.235129011132940377e+03
6.687362204724408912e+02 1.235185695538057644e+03
6.687462195923734498e+02 1.235349769888231322e+03
6.681778481012657949e+02 1.234283544303797498e+03
6.672048500319081086e+02 1.234639438417357951e+03
6.665845380263984907e+02 1.233905719673161457e+03
6.662648963730570131e+02 1.235022668393782396e+03
6.656258899676375904e+02 1.234993527508090665e+03
6.656330698287220002e+02 1.235423583662714009e+03
6.662355371900825958e+02 1.236387741046831934e+03
6.663193166885677101e+02 1.234381734559789720e+03
6.664993224932248950e+02 1.235099593495934869e+03
6.666245006657790100e+02 1.234371504660452729e+03
6.666926666666666961e+02 1.234300666666666757e+03
6.664903846153846416e+02 1.233092307692307713e+03
6.664668831168830820e+02 1.233313636363636306e+03
6.665557667934093615e+02 1.233003168567807279e+03
6.674834710743801907e+02 1.235777548209366387e+03
6.678050789293067737e+02 1.236236787920384359e+03
6.685829931972789382e+02 1.236632653061224573e+03
6.690369393139841350e+02 1.236126649076517197e+03
6.698611859838274540e+02 1.237337601078167154e+03
6.707435897435897232e+02 1.237663967611335920e+03
6.715949702183984300e+02 1.237220383851753695e+03
6.725026420079260561e+02 1.237476221928665836e+03
6.735187239944521025e+02 1.238704576976421549e+03
6.727121699935609058e+02 1.236678686413393507e+03
6.707859922178988654e+02 1.236948119325551261e+03
6.694695879659908542e+02 1.237126880313930769e+03
6.679920634920634939e+02 1.237250000000000000e+03
6.663151750972762102e+02 1.236219195849545940e+03
6.649456375838925624e+02 1.237370469798657723e+03
6.640214983713354968e+02 1.235587622149837216e+03
6.636580858085808359e+02 1.236013201320132112e+03
6.632817176317502117e+02 1.235117761873780182e+03
6.629866220735785873e+02 1.235932441471572020e+03
6.624362549800796387e+02 1.235693227091633389e+03
6.619303251493032576e+02 1.235566025215660147e+03
6.614578392621871217e+02 1.235326086956521749e+03
6.608824688115561230e+02 1.235317793827971173e+03
6.603021223470661880e+02 1.233602372034956261e+03
6.602671854734111321e+02 1.234653696498054387e+03
6.597849596022374499e+02 1.233625233064014992e+03
6.596234177215189902e+02 1.234544936708860860e+03
6.593547557840616946e+02 1.234444730077120767e+03
6.585409937888198328e+02 1.233311180124223711e+03
6.581976592977893006e+02 1.234350455136540859e+03
6.575827020202019639e+02 1.233130681818181756e+03
6.576616688396348991e+02 1.234125814863102960e+03
6.576220472440944604e+02 1.234437007874015762e+03
6.568613281250000000e+02 1.233600911458333258e+03
6.561615581098340044e+02 1.232853128991059975e+03
6.558746139592341251e+02 1.231778875849289761e+03
6.560513320337881851e+02 1.233770630279402212e+03
6.561441441441440929e+02 1.233689189189189165e+03
6.563171206225680407e+02 1.233754215304798890e+03
6.566456026058632460e+02 1.233953094462540776e+03
6.566335044929396645e+02 1.233222721437740802e+03
6.570383851753805402e+02 1.233998676373262697e+03
6.569318611987381473e+02 1.232558359621451018e+03
6.566718146718146727e+02 1.233086872586872687e+03
6.563615333773958582e+02 1.233761401189689423e+03
6.557963800904977916e+02 1.232915966386554601e+03
6.558647406434668028e+02 1.233290873276428101e+03
6.563491321762350026e+02 1.233391855807743696e+03
6.566638381201044012e+02 1.232675587467362902e+03
6.575351213282248182e+02 1.232275862068965580e+03
6.578549715009500005e+02 1.232343255224825953e+03
6.580522341095028196e+02 1.232663310258024012e+03
6.581947882736155861e+02 1.234422801302931703e+03
6.583022486772487127e+02 1.235531746031746025e+03
6.579171052631578505e+02 1.236219078947368416e+03
6.579697567389874848e+02 1.236218277449046582e+03
6.580114555256064932e+02 1.237219002695417885e+03
6.574207077326343551e+02 1.236235910878112691e+03
6.565608152531229962e+02 1.236521367521367438e+03
6.564545454545454959e+02 1.237050881953867020e+03
6.557303149606299257e+02 1.235003280839895069e+03
6.553816300129366255e+02 1.233984476067270407e+03
6.544481865284974447e+02 1.233511658031088018e+03
6.536359649122806559e+02 1.232172932330827052e+03
6.529236067626800377e+02 1.231533500313086961e+03
6.520964856230032183e+02 1.231939297124600671e+03
6.512960784313725071e+02 1.232548366013071927e+03
6.502906148867314187e+02 1.232437540453074462e+03
6.493526383526383370e+02 1.232490990990990895e+03
6.494805447470816944e+02 1.233051232166018053e+03
6.503473613894456093e+02 1.234224448897795583e+03
6.505718015665796656e+02 1.233505221932114864e+03
6.511125166444739989e+02 1.234080559254327454e+03
6.513781841933376882e+02 1.233566296538210281e+03
6.515888888888888459e+02 1.233864705882352837e+03
6.513685567010309114e+02 1.233513530927835063e+03
6.510672955974843035e+02 1.232935849056603729e+03
6.503111387678904975e+02 1.233044181705040501e+03
6.503812621990891785e+02 1.234355237475601825e+03
6.503904282115869364e+02 1.233034005037783345e+03
6.504911392405062998e+02 1.233310759493670957e+03
6.511070317361543403e+02 1.232924704418170450e+03
6.514930025445293040e+02 1.233718193384223923e+03
6.518690932311621964e+02 1.234185185185185219e+03
6.522020330368487748e+02 1.234216645489199436e+03
6.523620140216698928e+02 1.234376035691523157e+03
6.526443883984867398e+02 1.234109709962169063e+03
6.531013384321223612e+02 1.234480560866794121e+03
6.533909677419354693e+02 1.235054838709677369e+03
6.533893178893179083e+02 1.234988416988416930e+03
6.534990163934426164e+02 1.235592786885245914e+03
6.532723297938788392e+02 1.234204871955028011e+03
6.532500000000000000e+02 1.234206658291457188e+03
6.534132075471698045e+02 1.233878616352201334e+03
6.540437017994859161e+02 1.234194087403599042e+03
6.543070348454963323e+02 1.235016436554898064e+03
6.542812089356110619e+02 1.235031537450722681e+03
6.541730523627074945e+02 1.233888250319284907e+03
6.541624843161856688e+02 1.233392095357590961e+03
6.542469841269841027e+02 1.234322539682539627e+03
6.544724462365591080e+02 1.236704301075268859e+03
6.544273670557716969e+02 1.235946173800259430e+03
6.546352405721715968e+02 1.236511053315994786e+03
6.552212848799480298e+02 1.236275146009085120e+03
6.554468223086900025e+02 1.236247730220492940e+03
6.555547073791348112e+02 1.235594783715012682e+03
6.553841349156776914e+02 1.235012492192379796e+03
6.546900000000000546e+02 1.235374375000000100e+03
6.539348230912477220e+02 1.234765363128491572e+03
6.532772727272727025e+02 1.235835064935065020e+03
6.523374114616871111e+02 1.234693496458467507e+03
6.520070332480818251e+02 1.234070332480818479e+03
6.519980903882876646e+02 1.233364735837046510e+03
6.526215505913271500e+02 1.234727989487516425e+03
6.526945551128818579e+02 1.234691235059760857e+03
6.524797468354430521e+02 1.233058860759493655e+03
6.526572528883183395e+02 1.233519897304236110e+03
6.534032051282051725e+02 1.233726923076923185e+03
6.535897114178168295e+02 1.233175031367628662e+03
6.536278337531485931e+02 1.233830604534005033e+03
6.538598604946100750e+02 1.234083703233988672e+03
6.539993682880606229e+02 1.234936197094125191e+03
6.538295019157087609e+02 1.236061302681992402e+03
6.534924337957124862e+02 1.235916141235813257e+03
6.534686882003954906e+02 1.237450230718523471e+03
6.532147909967845862e+02 1.236598713826366520e+03
6.531538461538461888e+02 1.237458930899608958e+03
6.528965295629819821e+02 1.236971079691516707e+03
6.525548589341692605e+02 1.235906583072100375e+03
6.521218769043266548e+02 1.234873248019500352e+03
6.514117291414752344e+02 1.234678960096735182e+03
6.514039900249376842e+02 1.235871571072319284e+03
6.511284743668931014e+02 1.235345892526250736e+03
6.507813641900121411e+02 1.235160170523751503e+03
6.505808457711442543e+02 1.236116293532338204e+03
6.504576587795766045e+02 1.235939601494395902e+03
6.507020592020592176e+02 1.236652509652509707e+03
6.509336670838548571e+02 1.235220901126408080e+03
6.507736196319018518e+02 1.234515337423312985e+03
6.505675512665862925e+02 1.234171893848009631e+03
6.502768750000000182e+02 1.235056874999999991e+03
6.500966334164588716e+02 1.235117830423940177e+03
6.493871374527112721e+02 1.234970996216897902e+03
6.492939317319847987e+02 1.235216814159291971e+03
6.492099936748893469e+02 1.235390891840607310e+03
6.491608832807570479e+02 1.235231545741324908e+03
6.490407779171894163e+02 1.235013801756587100e+03
6.490782227784731049e+02 1.235180225281601906e+03
6.493443579766536686e+02 1.236522697795071281e+03
6.496407953816549252e+02 1.236397049390634947e+03
6.500658385093167908e+02 1.235314285714285688e+03
6.503304020100503067e+02 1.235299623115577788e+03
6.506054922973878547e+02 1.237551239115874068e+03
6.500389610389610198e+02 1.236505844155844215e+03
6.492445278298936273e+02 1.235266416510319004e+03
6.485554854981083963e+02 1.235239596469104754e+03
