6.648580110497237001e+02 1.227618232044198976e+03
6.622383333333333439e+02 1.228557777777777801e+03
6.582558398220244271e+02 1.229551167964404840e+03
6.533509641873278042e+02 1.230558126721763074e+03
6.499646993932708483e+02 1.231658025372311158e+03
6.484887424492037553e+02 1.232376166941241081e+03
6.488688705234159215e+02 1.232582920110192845e+03
6.513184107442641562e+02 1.232257974258533750e+03
6.553605823068309064e+02 1.231388577827547579e+03
6.602391426959954970e+02 1.230171460800902423e+03
6.629977502812148487e+02 1.229419572553430726e+03
6.625863409217101889e+02 1.228865630205441448e+03
6.595286975717439191e+02 1.228498896247240509e+03
6.517717569786535705e+02 1.228339354132457629e+03
6.487796426637791001e+02 1.228154304277206393e+03
6.477249329758712975e+02 1.227837533512064283e+03
6.487429030530262253e+02 1.227878950187466444e+03
6.525749318801090340e+02 1.227470844686648434e+03
6.577368715083798634e+02 1.227310614525139727e+03
6.621226415094339472e+02 1.227320199778024516e+03
6.654159242761692212e+02 1.227286748329621332e+03
6.655683333333333849e+02 1.227693888888888978e+03
6.632864378165447761e+02 1.228907146876758588e+03
6.587493112947657892e+02 1.229905785123967007e+03
6.541522702104097107e+02 1.230841085271317752e+03
6.484037403740373975e+02 1.232914741474147377e+03
