6.491361171366594363e+02 1.226447396963123538e+03
6.483989071038250813e+02 1.226211475409836112e+03
6.479956331877729099e+02 1.225953602620087395e+03
6.486862960924601111e+02 1.226203082003302143e+03
6.503644346871569724e+02 1.226312294182217329e+03
6.521549917264203486e+02 1.226822393822393906e+03
6.537030567685590086e+02 1.227520742358078678e+03
6.556141124586548585e+02 1.228302094818081514e+03
6.578350799779370845e+02 1.229410921125206869e+03
6.595926333150082428e+02 1.230023089609675708e+03
6.606341730558598329e+02 1.230500547645126062e+03
6.611362144420131699e+02 1.231331509846827203e+03
6.621012035010941190e+02 1.231781728665207766e+03
6.625919508105087061e+02 1.231970933482392411e+03
6.621759259259259807e+02 1.231790849673202501e+03
6.612827282728272849e+02 1.231610011001100020e+03
6.603057851239669844e+02 1.231147658402203888e+03
6.582781420765027178e+02 1.230339344262295072e+03
6.565751776927282890e+02 1.230310552214324844e+03
6.542861842105263577e+02 1.229320175438596380e+03
6.520849210669570084e+02 1.228359281437125674e+03
6.502306434023990960e+02 1.227650490730643469e+03
6.485469343461746803e+02 1.226948996201844921e+03
6.477272727272727479e+02 1.226795862819814829e+03
6.472217391304347984e+02 1.226582608695652198e+03
6.471791125541125211e+02 1.226480519480519433e+03
6.498555617044825112e+02 1.227173215273934602e+03
