6.542688470066518676e+02 1.228192904656319342e+03
6.554402654867257070e+02 1.228252765486725593e+03
6.564857142857142662e+02 1.228847802197802139e+03
6.565309589041096388e+02 1.229042191780821895e+03
6.564421397379912833e+02 1.229282205240174562e+03
6.566100110011001334e+02 1.229668316831683114e+03
6.571260319207484599e+02 1.229803522289488228e+03
6.567757675438596152e+02 1.229678728070175339e+03
6.563851239669421602e+02 1.229980165289256092e+03
6.563264966740576938e+02 1.229993348115299341e+03
6.563436807095343966e+02 1.229734478935698462e+03
6.561960352422908045e+02 1.229579845814977944e+03
6.550507641921396953e+02 1.229239628820960661e+03
6.535140997830802689e+02 1.228408893709327458e+03
6.526320087098530394e+02 1.228338595536200273e+03
6.517433962264151432e+02 1.227657681940700741e+03
6.508558315334772715e+02 1.227590172786177163e+03
6.506657579062159584e+02 1.227999454743729530e+03
6.513404958677685954e+02 1.227976859504132335e+03
6.518238512035011354e+02 1.227590262582056994e+03
6.524904109589041354e+02 1.227928767123287571e+03
6.532749861954721382e+02 1.228091109884041998e+03
6.546112938596490949e+02 1.228280701754385973e+03
6.556095290251917049e+02 1.228417853231106164e+03
6.557945054945055290e+02 1.229105494505494562e+03
6.558490153172866712e+02 1.229787746170678247e+03
