6.588868653421633326e+02 1.228324503311258241e+03
6.585689181768259459e+02 1.228677100494233855e+03
6.578039322774440052e+02 1.229153468050245692e+03
6.564462452728255357e+02 1.229172879524581276e+03
6.551883821932682395e+02 1.229756786102062961e+03
6.545747001090512640e+02 1.229905125408942240e+03
6.541135371179038884e+02 1.229969432314410369e+03
6.547630992196209263e+02 1.230002229654403664e+03
6.557046718576195872e+02 1.229478309232480569e+03
6.566512534818941731e+02 1.229218384401114236e+03
6.566731734523145860e+02 1.228677077523703247e+03
6.567658157602663778e+02 1.228416204217536006e+03
6.557678767876788015e+02 1.228085258525852623e+03
6.524317204301074753e+02 1.227592473118279486e+03
6.508044062332079420e+02 1.227726491133799072e+03
6.499151905528717634e+02 1.227659688674181325e+03
6.505157437567861507e+02 1.227553745928338685e+03
6.519440789473684390e+02 1.227897478070175339e+03
6.539933665008292110e+02 1.228234383637368637e+03
6.556882255389717784e+02 1.228232172470978412e+03
6.578399110617009455e+02 1.228429127292940620e+03
6.595359116022099215e+02 1.228717679558011014e+03
6.592958217270195291e+02 1.229055710306406581e+03
6.583404255319148888e+02 1.229926091825308049e+03
6.574005524861878484e+02 1.229912154696132575e+03
6.556067722555980026e+02 1.230133260513380719e+03
