6.543386740331491183e+02 1.229158563535911526e+03
6.523983516483516496e+02 1.229410439560439499e+03
6.506857610474631883e+02 1.230037643207856036e+03
6.509287686361126362e+02 1.229836002208724494e+03
6.529132821075741049e+02 1.229144895718990028e+03
6.550671764063353066e+02 1.228401419989077112e+03
6.563259911894273273e+02 1.228384911894273046e+03
6.575146977260121730e+02 1.228095396561286634e+03
6.582049723756906587e+02 1.228239779005524952e+03
6.569173508483853539e+02 1.228331143951833610e+03
6.552334609075998060e+02 1.228382722799343810e+03
6.534841008771929864e+02 1.228893092105263122e+03
6.520926535087719458e+02 1.229365679824561312e+03
6.520307861462341634e+02 1.229439252336448590e+03
6.534523026315789593e+02 1.229325657894736878e+03
6.554083654375343713e+02 1.229313153549807339e+03
6.566574585635358972e+02 1.228804419889502697e+03
6.590260387811633791e+02 1.228436565096953018e+03
6.604402445803224282e+02 1.228523624235686384e+03
6.601023796347537882e+02 1.228339236303265125e+03
6.583194212576516975e+02 1.228365052865887492e+03
6.564091158704009104e+02 1.228451400329489388e+03
6.548614025400331684e+02 1.229424075096631668e+03
6.526531506849314610e+02 1.229421369863013751e+03
6.509023051591657349e+02 1.230575192096597220e+03
6.535683453237410276e+02 1.230126175982290988e+03
