6.585282705099778013e+02 1.226983924611973407e+03
6.586571906354514567e+02 1.227039576365663379e+03
6.588231066887783527e+02 1.226995024875621993e+03
6.591101173840133924e+02 1.227171604248183257e+03
6.592624789680313597e+02 1.227346606842400433e+03
6.594555555555555202e+02 1.227366111111111195e+03
6.591871539313399353e+02 1.227310077519379774e+03
6.588916064480266641e+02 1.227214563646470197e+03
6.584240924092408704e+02 1.226892189218921885e+03
6.580971682398667326e+02 1.227219877845641349e+03
6.579082872928177039e+02 1.227153038674033041e+03
6.580011273957159119e+02 1.227505636978579560e+03
6.582902506963788483e+02 1.227228969359331586e+03
6.582290969899665924e+02 1.227327759197324440e+03
6.582195664257920953e+02 1.227420789327404009e+03
6.587883008356545815e+02 1.227928690807799512e+03
6.590219101123595919e+02 1.228021348314606712e+03
6.591467116357504210e+02 1.228262507026419371e+03
6.590956375838926533e+02 1.228185682326621873e+03
6.587887168141593293e+02 1.228273783185840784e+03
6.583595567867035925e+02 1.228089196675900212e+03
6.580581005586592482e+02 1.227894972067039134e+03
6.579144444444444844e+02 1.227934444444444352e+03
6.581959345002823056e+02 1.228239412761151925e+03
6.587268128161888399e+02 1.228261944912872423e+03
6.587084499160604310e+02 1.228498601007274829e+03
6.587473329590118283e+02 1.228679393599101559e+03
6.587686651583710500e+02 1.228970588235294144e+03
6.591701644923425647e+02 1.229339761769710776e+03
6.593678551216751202e+02 1.229725523486134762e+03
6.596456120737842639e+02 1.229619899385131248e+03
6.603346568349404606e+02 1.229839478162223486e+03
6.608235622557230045e+02 1.229423227247347768e+03
6.612673098751419047e+02 1.229444381384789949e+03
6.612502837684450014e+02 1.229374006810442779e+03
6.607708565072302918e+02 1.229313681868743060e+03
6.599459610027855661e+02 1.229411142061281225e+03
6.592096045197739613e+02 1.229782485875706243e+03
6.588311906092789059e+02 1.230086640581330357e+03
6.586327777777777328e+02 1.230251111111111186e+03
6.584966216216216708e+02 1.230443693693693604e+03
6.585092748735244186e+02 1.230339516582349688e+03
6.583577878103837975e+02 1.230193002257336275e+03
6.582948207171315289e+02 1.230043824701195263e+03
6.582288472458830029e+02 1.229948324815445858e+03
6.576430167597765148e+02 1.230187150837988838e+03
6.575417366946778657e+02 1.230331652661064481e+03
6.574415730337078685e+02 1.230473033707865170e+03
6.573340845070422347e+02 1.230402253521126795e+03
6.571692133559705553e+02 1.230464629315223647e+03
6.572345183486238511e+02 1.230993692660550550e+03
6.575773606370876223e+02 1.230959613196814644e+03
6.580498853211008736e+02 1.230927752293577896e+03
6.586418842224744594e+02 1.231102724177071423e+03
6.590561604584527231e+02 1.230875644699140366e+03
6.587726757369614461e+02 1.230970521541950120e+03
6.582240990990991349e+02 1.231073198198198270e+03
6.579870495495495106e+02 1.230998310810810835e+03
6.578340832395950883e+02 1.230567491563554540e+03
6.577654668166479723e+02 1.230182227221597259e+03
6.576330894766459778e+02 1.230110861001688136e+03
6.570555555555555429e+02 1.229816893424036380e+03
6.563694801565120542e+02 1.229640022358859596e+03
6.557193963107881700e+02 1.229305198434879912e+03
6.552302558398220071e+02 1.229349833147942263e+03
6.552329769274057298e+02 1.229665166010129496e+03
6.555651930609960800e+02 1.229800223838836018e+03
6.561189402480270019e+02 1.230035512965050657e+03
6.564991539763113906e+02 1.230092498589960542e+03
6.567976324689966532e+02 1.229669673055242356e+03
6.566638655462185170e+02 1.229293557422969116e+03
6.565707890318969930e+02 1.229200335758254141e+03
6.565372966909702654e+02 1.228927650028042535e+03
6.565088888888889187e+02 1.228401111111111049e+03
6.560850472484713691e+02 1.228142857142857110e+03
6.555445877734156284e+02 1.228042063937184594e+03
6.548414905450500783e+02 1.228025027808676214e+03
6.547192884936075643e+02 1.228178432462479122e+03
6.547739420935412227e+02 1.228195991091313999e+03
6.551710452766908475e+02 1.228397428731134823e+03
6.553342696629213151e+02 1.228558426966292245e+03
6.555083240843507610e+02 1.228561043285238611e+03
6.553875069098950235e+02 1.228242122719734652e+03
6.547081949058692771e+02 1.227800110741971139e+03
6.541261707988981016e+02 1.227479889807162635e+03
6.540872222222221808e+02 1.227467777777777883e+03
6.540545050055617367e+02 1.227497219132369310e+03
6.545809151785714448e+02 1.227386160714285779e+03
6.554091671324762274e+02 1.227432643935159376e+03
6.556212458286985338e+02 1.227482202447163445e+03
6.559367369589344889e+02 1.227485571587125378e+03
6.561150639244024205e+02 1.227563090605892057e+03
6.561234636871508883e+02 1.227638547486033531e+03
6.561015625000000000e+02 1.227672991071428669e+03
6.563767546322291082e+02 1.228305446378439001e+03
6.564988851727981682e+02 1.228299888517279896e+03
6.565365448504983306e+02 1.228369324473975666e+03
6.564438888888888641e+02 1.228418333333333294e+03
6.558766592920353560e+02 1.228152101769911496e+03
6.553703498056635226e+02 1.228029428095502453e+03
6.549611758180809602e+02 1.228145867997781579e+03
6.548267543859649322e+02 1.227882675438596380e+03
6.546461453133665600e+02 1.227778702163061553e+03
6.546914539400665944e+02 1.227825194228634928e+03
6.549080267558528021e+02 1.228230769230769283e+03
6.551028507546114952e+02 1.228533258803801118e+03
6.552131608548930899e+02 1.228755343082114678e+03
6.554974986103391075e+02 1.228755419677598638e+03
6.556162402669632456e+02 1.228880422691879858e+03
6.556332046332046275e+02 1.228597904026475362e+03
