6.440016339869281410e+02 1.227667211328976009e+03
6.441348684210526017e+02 1.228123903508771946e+03
6.446206896551724412e+02 1.228531472359058625e+03
6.452094040459267035e+02 1.229097867687260759e+03
6.458450244698206006e+02 1.229292006525285387e+03
6.476732782369145980e+02 1.230031404958677740e+03
6.498611111111110858e+02 1.230406111111111159e+03
6.523972222222222399e+02 1.230779444444444380e+03
6.555780474351903422e+02 1.230514065085493712e+03
6.607954035874439569e+02 1.230229260089686022e+03
6.655331476323119659e+02 1.230108077994428868e+03
6.684309670206819192e+02 1.229894913359418751e+03
6.692283813747228578e+02 1.229677383592017804e+03
6.689029768467474923e+02 1.229286108048511551e+03
6.679762036524626865e+02 1.228058107360265694e+03
6.665843870258383959e+02 1.227356239692138615e+03
6.643770764119601608e+02 1.226717607973421991e+03
6.616202247191010883e+02 1.226087640449438140e+03
6.593215469613260211e+02 1.225254143646408920e+03
6.556523915461624483e+02 1.224665739710789694e+03
6.506662958843159004e+02 1.225177419354838776e+03
6.461950138504155348e+02 1.225357340720221600e+03
6.434793388429751531e+02 1.226003305785123985e+03
6.426998368678629276e+02 1.226509516041326833e+03
6.432385674931128960e+02 1.227435261707988957e+03
6.436176148796498637e+02 1.228413019693654178e+03
6.436353711790393390e+02 1.229462336244541575e+03
6.459945054945054608e+02 1.230968681318681320e+03
