6.599748358862144642e+02 1.226347374179430972e+03
6.577566976489885064e+02 1.226950792782941562e+03
6.548976592270005312e+02 1.227633641807294453e+03
6.518989071038250813e+02 1.228526775956284155e+03
6.500251641137855358e+02 1.229489059080962761e+03
6.495293794618341963e+02 1.230178473366282333e+03
6.511409618573798070e+02 1.230568822553897235e+03
6.537617209045780555e+02 1.230431880860452338e+03
6.561340782122905466e+02 1.230105027932960866e+03
6.575576166385609440e+02 1.230031478358628419e+03
6.580690623245367306e+02 1.229877035373385752e+03
6.573171683389074360e+02 1.229924191750278624e+03
6.555551858014420077e+02 1.229715474209650665e+03
6.534864864864864558e+02 1.229622724765582007e+03
6.508461117196056875e+02 1.229518619934282697e+03
6.497751769188895423e+02 1.229493739793141003e+03
6.503936577364680716e+02 1.228942044833242107e+03
6.520415300546447952e+02 1.228568852459016398e+03
6.548982035928144114e+02 1.227373979314099188e+03
6.577818974918211552e+02 1.227036532170119926e+03
6.603512168141593293e+02 1.226439712389380475e+03
6.606487671232877119e+02 1.226381369863013788e+03
6.597082649151615215e+02 1.226594964422550674e+03
6.573047304730473570e+02 1.227382288228822972e+03
6.542807017543859729e+02 1.228194627192982352e+03
6.494945235487404034e+02 1.230160460021905692e+03
