6.466598676957000862e+02 1.230408489525909545e+03
6.480066298342541131e+02 1.230497790055248515e+03
6.503796143250688147e+02 1.230287603305785069e+03
6.544402234636871754e+02 1.229930167597765376e+03
6.602081678956324140e+02 1.229691435053885471e+03
6.646270996640537305e+02 1.229211646136618128e+03
6.673707865168539684e+02 1.228698876404494285e+03
6.690831918505941758e+02 1.228945104697226952e+03
6.687910863509749788e+02 1.229221169916434519e+03
6.668561872909699559e+02 1.229744704570791555e+03
6.646401114206128113e+02 1.230135376044568147e+03
6.633849999999999909e+02 1.230508888888888805e+03
6.629070673344463103e+02 1.230218697829716120e+03
6.643815937149270212e+02 1.230399551066217782e+03
6.666602924634420333e+02 1.230139482564679383e+03
6.694301014656144844e+02 1.230009019165727068e+03
6.716559503666102273e+02 1.229650874224478230e+03
6.723973774230330491e+02 1.229667046750284953e+03
6.711761716544325509e+02 1.229573122529644252e+03
6.677982954545454959e+02 1.229968181818181847e+03
6.635115623237450109e+02 1.230346869712351918e+03
6.590982495765103977e+02 1.230718238283455776e+03
6.553666294642856656e+02 1.231195870535714221e+03
6.529689922480620226e+02 1.231410299003322280e+03
6.522665186007773173e+02 1.231289838978345415e+03
6.532162011173184055e+02 1.230582681564245831e+03
6.555347801892041844e+02 1.229607679465776300e+03
6.553548387096774377e+02 1.229218020022246947e+03
6.532933930571108476e+02 1.229207726763717801e+03
6.501345720720720465e+02 1.229162162162162076e+03
6.461588994946658886e+02 1.229257158899494698e+03
6.427509727626459153e+02 1.229765425236242436e+03
6.398331491712707475e+02 1.230228729281767983e+03
6.384821526633717212e+02 1.230327841845140028e+03
6.388236914600551017e+02 1.230307988980716345e+03
6.409217970049917312e+02 1.229945091514143087e+03
6.441734750979294404e+02 1.229264689423614982e+03
6.471290868094700954e+02 1.228993235625704529e+03
6.493869882220975569e+02 1.228927089175546826e+03
6.500355530474040506e+02 1.228983634311512333e+03
6.494389567147613889e+02 1.228970033296337306e+03
6.484520775623268491e+02 1.229396121883656406e+03
6.471966573816156370e+02 1.229810584958217305e+03
6.471633221850613609e+02 1.230321627647714649e+03
6.483737596471885354e+02 1.230436604189636228e+03
6.508726968174204330e+02 1.230190396426577308e+03
6.550434782608696196e+02 1.229512140033879177e+03
6.603423728813559137e+02 1.229297175141242860e+03
6.651578648495172956e+02 1.228885860306643963e+03
6.678724832214765001e+02 1.228193512304250589e+03
6.694241745942921398e+02 1.228184107442641334e+03
6.671293393057111416e+02 1.229223404255319110e+03
