6.561693683622135040e+02 1.228365008384572320e+03
6.555085777531820668e+02 1.228324847814056511e+03
6.550802675585284760e+02 1.228389632107023317e+03
6.545220547180346102e+02 1.228610831937465036e+03
6.540831928049466342e+02 1.228888701517706522e+03
6.531311198649409562e+02 1.229409679234665191e+03
6.517775919732441707e+02 1.229366778149386846e+03
6.507330367074526976e+02 1.230151835372636242e+03
6.505622932745313847e+02 1.230419514884233649e+03
6.515994413407821639e+02 1.230669273743016674e+03
6.541690300623936309e+02 1.230697107203630139e+03
6.567488789237668243e+02 1.230315582959641233e+03
6.594775028121484866e+02 1.230399325084364364e+03
6.612417893544734397e+02 1.230190260475651257e+03
6.616561974200785698e+02 1.230113853056646121e+03
6.617982012366497884e+02 1.229783024170882527e+03
6.623689538807649342e+02 1.229644544431946088e+03
6.629003939223409816e+02 1.229314012380416443e+03
6.627867935086737816e+02 1.228953553441522217e+03
6.617328116266070310e+02 1.228293460033538395e+03
6.606646067415730386e+02 1.228334269662921315e+03
6.581332209106238906e+02 1.228396290050590324e+03
6.551276595744681117e+02 1.228515677491601309e+03
6.527525083612040362e+02 1.228317168338907550e+03
6.509889135254989014e+02 1.228341463414634063e+03
6.506786703601108002e+02 1.228376731301939117e+03
6.507701725097384724e+02 1.228318864774624444e+03
6.518223209328150460e+02 1.228463076068850569e+03
6.531634023503078197e+02 1.228443200895355403e+03
6.541893258426965758e+02 1.228652808988764036e+03
6.552267343485617630e+02 1.228637337845459570e+03
6.560703432751828359e+02 1.228612830613393271e+03
6.568952646239554269e+02 1.228569359331476335e+03
6.584578918014500459e+02 1.228468488566648148e+03
6.602319909245603640e+02 1.228802609188882570e+03
6.615122646891044269e+02 1.228942954934398131e+03
6.617554038680318627e+02 1.228894197952218519e+03
6.606217440543601924e+02 1.229158550396376086e+03
6.587050847457627469e+02 1.229462711864406856e+03
6.561799210377890859e+02 1.229735476593344629e+03
6.546092530657748512e+02 1.229735228539576383e+03
6.541567415730337416e+02 1.229765168539325941e+03
6.540936098654708530e+02 1.229411434977578438e+03
6.541134831460674377e+02 1.229101685393258322e+03
6.530578651685393652e+02 1.228803370786516780e+03
6.507378694924707361e+02 1.228732292247629630e+03
6.488914127423822720e+02 1.228511357340720224e+03
6.485636061946902373e+02 1.228325221238937957e+03
6.496851540616246439e+02 1.228135014005602216e+03
6.521390616167326471e+02 1.227723007348784677e+03
6.537570462232243926e+02 1.227308906426155545e+03
6.549965850882185805e+02 1.227665338645418387e+03
6.551670441676104701e+02 1.227529445073612578e+03
6.542186098654708530e+02 1.228081838565022508e+03
6.532391304347826235e+02 1.228325529542920776e+03
6.530623955431755121e+02 1.229174930362117038e+03
6.537043429844097773e+02 1.229520601336302889e+03
6.545644171779141516e+02 1.230135527049637403e+03
6.543608477412158209e+02 1.230721137757947645e+03
6.538006700167504732e+02 1.231098827470686729e+03
6.533190423162583329e+02 1.231366926503340665e+03
6.527073170731707705e+02 1.231634146341463520e+03
6.526934589800443973e+02 1.231526053215077582e+03
6.535660694288914101e+02 1.231455207166853370e+03
6.551853107344633145e+02 1.231151412429378524e+03
6.561107344632767990e+02 1.230968926553672418e+03
6.569611048478016073e+02 1.230152198421646062e+03
6.579931506849314928e+02 1.229803652968036431e+03
6.584435028248587969e+02 1.229371751412429376e+03
6.584163822525597425e+02 1.229118885096700751e+03
6.577654320987654728e+02 1.229074074074074133e+03
6.570924369747899618e+02 1.229043137254901922e+03
6.564600000000000364e+02 1.229253333333333330e+03
6.561411764705882206e+02 1.229335574229691929e+03
6.557989949748744039e+02 1.229486320491345623e+03
6.545768799102132789e+02 1.230162738496071825e+03
6.528968386023294670e+02 1.230504159733776987e+03
6.517549074593381420e+02 1.231081323611890184e+03
6.516094707520891234e+02 1.231859052924791058e+03
6.526806722689075286e+02 1.232259383753501425e+03
6.549350282485875141e+02 1.232474576271186379e+03
6.577544843049327028e+02 1.232194506726457348e+03
6.607250704225351683e+02 1.232156056338028066e+03
6.627962542565267086e+02 1.231908626560726361e+03
