6.538558708959376418e+02 1.230283806343906463e+03
6.561983098591549606e+02 1.230040563380281583e+03
6.585507002801120962e+02 1.229262184873949536e+03
6.603054932735426519e+02 1.228315582959641233e+03
6.612240896358543978e+02 1.227330532212885146e+03
6.617427130044843580e+02 1.227116591928251182e+03
6.614671492204900005e+02 1.226440423162583556e+03
6.594408004446914902e+02 1.226495831017231694e+03
6.572007874015747575e+02 1.227149606299212564e+03
6.551194863204913190e+02 1.227393634840871073e+03
6.536600221483942050e+02 1.228445182724252390e+03
6.528840820854131834e+02 1.229264559068219569e+03
6.525955117679255864e+02 1.229589490968801329e+03
6.531454849498327349e+02 1.229660535117056952e+03
6.548791270285394148e+02 1.229459429210968210e+03
6.568284589426322100e+02 1.228521934758155339e+03
6.586988700564971850e+02 1.227799999999999955e+03
6.597291082445317443e+02 1.227107683679192405e+03
6.600180893159977131e+02 1.226674957603165694e+03
6.594894678492239564e+02 1.226500554323725055e+03
6.586030235162373856e+02 1.226872900335946269e+03
6.567042410714285552e+02 1.227300223214285779e+03
6.545758582502768377e+02 1.228277408637873805e+03
6.530106323447117802e+02 1.228869054280917680e+03
6.523758314855875824e+02 1.229435698447893628e+03
6.528199663488502438e+02 1.229713965227145309e+03
6.538119034250421464e+02 1.230154407636159476e+03
6.553378684807256604e+02 1.230074263038548679e+03
6.568665540540540633e+02 1.229402027027027088e+03
6.570893665158371277e+02 1.228828619909502322e+03
6.567328499721137405e+02 1.228320133853876087e+03
6.557071823204420298e+02 1.227198895027624303e+03
6.549455252918287442e+02 1.226367426347971104e+03
6.539850166481686529e+02 1.226159267480577228e+03
6.534853348090757663e+02 1.226399003873824086e+03
6.532121883656509453e+02 1.226510249307479171e+03
6.525737250554324191e+02 1.227245011086474506e+03
6.520497206703910251e+02 1.228426815642457996e+03
6.512247887323943587e+02 1.229314366197183062e+03
6.522898876404494786e+02 1.230019101123595419e+03
6.531375631667602875e+02 1.229877035373385752e+03
6.538698822209759101e+02 1.229540661805945092e+03
6.543768928771733044e+02 1.229275939427930552e+03
6.553024170882517865e+02 1.228532883642495790e+03
6.562976324689966532e+02 1.228058060879368668e+03
6.564652076318742502e+02 1.227634680134680139e+03
6.565306919642856656e+02 1.227714285714285779e+03
6.564377777777777965e+02 1.227862777777777865e+03
6.562988378527946907e+02 1.228514665190924234e+03
6.557638888888889142e+02 1.229126111111111186e+03
6.547372505543237367e+02 1.229976164079822638e+03
6.538742415885272976e+02 1.230859349145063334e+03
6.541681564245809568e+02 1.231344134078212392e+03
6.547092829349638805e+02 1.231305725403001588e+03
6.557604224569205371e+02 1.230481934408004463e+03
6.575756232686981093e+02 1.229695844875346211e+03
6.599053452115813343e+02 1.228545100222717110e+03
6.620935738444194385e+02 1.227799887260428477e+03
6.624944134078211846e+02 1.227344134078212392e+03
6.616687014428413249e+02 1.227120421753607161e+03
6.602689926842994055e+02 1.228233539673607311e+03
6.586294843049327028e+02 1.229098654708520144e+03
6.564163424124513995e+02 1.229932740411339637e+03
6.549637074260190275e+02 1.231048017867113458e+03
6.543532366071428896e+02 1.231458147321428669e+03
6.542934662236988288e+02 1.231787929125138362e+03
6.554983221476510380e+02 1.231593959731543691e+03
6.571946802490095934e+02 1.231414827391058225e+03
6.589395635142697074e+02 1.230362618914381756e+03
6.601389508928571104e+02 1.229558035714285779e+03
6.609485002829654832e+02 1.228970571590265990e+03
6.609622535211267405e+02 1.227878309859155024e+03
6.601758118701008016e+02 1.227335946248600294e+03
6.583044456949916139e+02 1.227308947664603238e+03
6.559270601336303343e+02 1.227440979955456669e+03
6.531400669642856656e+02 1.228467075892857110e+03
6.512595291479821071e+02 1.229637892376681521e+03
6.496604292790314048e+02 1.230379746835443029e+03
6.507786429365962704e+02 1.230573414905450591e+03
