6.570439189189189619e+02 1.230247184684684726e+03
6.566559865092748396e+02 1.231089938167509899e+03
6.566225462703308722e+02 1.231733034212002167e+03
6.566250000000000000e+02 1.232181919642857110e+03
6.574057400112549203e+02 1.232232976927405844e+03
6.581096664782362495e+02 1.231395138496325671e+03
6.583389355742297084e+02 1.230871148459383676e+03
6.579233780760625905e+02 1.229328299776286258e+03
6.571716375914462560e+02 1.228779966235227903e+03
6.562867564534230951e+02 1.227718855218855197e+03
6.558362831858406707e+02 1.227279867256637090e+03
6.556822742474915913e+02 1.227111482720178401e+03
6.552805354155046871e+02 1.227361963190184042e+03
6.549423183582916863e+02 1.227606766500277217e+03
6.546388735505245222e+02 1.228275538376587519e+03
6.541199333703498269e+02 1.228476401998889514e+03
6.536987424822307275e+02 1.228483870967741950e+03
6.538080087767416444e+02 1.228444871091607183e+03
6.546423477783872613e+02 1.227708173340647363e+03
6.556047540077390750e+02 1.227027086788280712e+03
6.562410913140312232e+02 1.225695991091313999e+03
6.565653128430296874e+02 1.224600439077936244e+03
6.560617760617760723e+02 1.224167677881963527e+03
6.556058595909341875e+02 1.224246545052515103e+03
6.547879120879121047e+02 1.224232417582417611e+03
6.546224768139661592e+02 1.224631751227495897e+03
6.541138613861386375e+02 1.225191969196919672e+03
6.539852054794520200e+02 1.225463013698630220e+03
6.540648351648351309e+02 1.226418681318681365e+03
6.545901639344261866e+02 1.226791256830601014e+03
6.549237147595356419e+02 1.227205085682697700e+03
6.554221243808475492e+02 1.227152999449642266e+03
6.561777041942605138e+02 1.226624724061810184e+03
6.574883592017738465e+02 1.226347560975609667e+03
6.580044198895027421e+02 1.225354696132596700e+03
6.582576346474180582e+02 1.224630205441421367e+03
6.581408763172490808e+02 1.224460343871325676e+03
6.573039161610589645e+02 1.224441257584114737e+03
6.563174515235457420e+02 1.224906925207756331e+03
6.557460404150737077e+02 1.225462042599672259e+03
6.557483480176211970e+02 1.226319933920704898e+03
6.560958149779735322e+02 1.227041850220264223e+03
6.566215469613259756e+02 1.227583425414364683e+03
6.575181918412348523e+02 1.228442116868798166e+03
6.575923883066740245e+02 1.228403199117484746e+03
6.574134509371554032e+02 1.228417861080485181e+03
6.568758351893095551e+02 1.227702672605790667e+03
6.566753175041413897e+02 1.227377691882937597e+03
6.573127802690582939e+02 1.226497757847533649e+03
6.577856341189674367e+02 1.226273849607182910e+03
6.577383073496658881e+02 1.226277839643652669e+03
6.569883462819090028e+02 1.226504994450610411e+03
6.567904656319290098e+02 1.227736141906873627e+03
6.571029082774049357e+02 1.228535234899328771e+03
6.581276958002270021e+02 1.229815550510783169e+03
6.593920358945597400e+02 1.230462142456533911e+03
6.603954674220963170e+02 1.231156940509915103e+03
6.603858356940510248e+02 1.231248158640226620e+03
6.599774774774774642e+02 1.231337274774774869e+03
6.595835678109173159e+02 1.230844119302194713e+03
6.585487873660462128e+02 1.230069373942470293e+03
6.578704954954954474e+02 1.229603040540540633e+03
6.575059088351154060e+02 1.229006752954417607e+03
6.573633276740238216e+02 1.228932088285229156e+03
6.569053221288515942e+02 1.229259383753501425e+03
6.563361534122955163e+02 1.229966723068245983e+03
6.561794001131861478e+02 1.231114318053197621e+03
6.566638418079096482e+02 1.232064406779661113e+03
6.572392179413456006e+02 1.232880391029327257e+03
6.582315608919382157e+02 1.233054316752429941e+03
6.587924743443558100e+02 1.232943557582668291e+03
6.592932719953996639e+02 1.232838987924094226e+03
6.598163148887621219e+02 1.232284084426697063e+03
6.593065527065526794e+02 1.232156695156695150e+03
6.590260033917467126e+02 1.231589598643301315e+03
6.586781479390175491e+02 1.231077357425183436e+03
6.584788329519450372e+02 1.231111556064073284e+03
6.582670842824601323e+02 1.230872437357631043e+03
6.576706214689265835e+02 1.231181355932203360e+03
6.571828018223234267e+02 1.231883826879271055e+03
6.567220646625071367e+02 1.232814520703346489e+03
6.560523891767414852e+02 1.233504893494530734e+03
6.561404911479154407e+02 1.233933752141633249e+03
6.571385404789053837e+02 1.234054161915621535e+03
6.584058553386911399e+02 1.233924225028702722e+03
6.593626499143346109e+02 1.233134780125642465e+03
6.595412635173590843e+02 1.232396129766647618e+03
6.593516609392897863e+02 1.231518900343642599e+03
6.583484934621944831e+02 1.230914724275156232e+03
6.578990411731527956e+02 1.230323745064861896e+03
6.582025028441411223e+02 1.229956200227531326e+03
6.590614684120660058e+02 1.230270347182697833e+03
6.592541499713795474e+02 1.230857469948483185e+03
6.587715250422060080e+02 1.231431626336522186e+03
6.576937187326292360e+02 1.232199555308504614e+03
6.574243273542600718e+02 1.232747757847533649e+03
6.577691441441440929e+02 1.233225788288288186e+03
6.590323863636364194e+02 1.232740340909090946e+03
6.596245103525461673e+02 1.231665920537213196e+03
6.593154929577465282e+02 1.231118873239436653e+03
6.582089887640449888e+02 1.230117977528089796e+03
6.577381351200447170e+02 1.229117252931323264e+03
6.567764182424916726e+02 1.228278642936596270e+03
6.559100558659217768e+02 1.227837988826815717e+03
6.550189204229270672e+02 1.227855314412910502e+03
6.549073251942286333e+02 1.228331853496115400e+03
6.549051580698835551e+02 1.228429839156960725e+03
6.545799338478500431e+02 1.228748621830209458e+03
6.536987285793255751e+02 1.229522940851299154e+03
6.537266187050360031e+02 1.229745434421693517e+03
6.558943820224718593e+02 1.228929213483145986e+03
