6.624617547806524271e+02 1.229471316085489207e+03
6.629373942470389238e+02 1.229689227298364358e+03
6.635947309417040287e+02 1.229584080717488860e+03
6.642892045454545951e+02 1.230073863636363740e+03
6.650698739977090099e+02 1.230281214203894706e+03
6.660182648401826100e+02 1.230167237442922442e+03
6.667507050197405079e+02 1.230028200789622133e+03
6.669982905982906232e+02 1.229706552706552657e+03
6.669767045454545951e+02 1.229459090909090946e+03
6.667239641657334914e+02 1.229279395296752455e+03
6.663420158550396764e+02 1.229202151755379418e+03
6.657856739988719710e+02 1.228992103778905857e+03
6.655137408861469339e+02 1.228918676388109816e+03
6.654412591343451595e+02 1.228868465430016840e+03
6.654239007891769688e+02 1.229134160090191699e+03
6.653662691652469903e+02 1.229117546848381608e+03
6.654373937677054300e+02 1.229335410764872449e+03
6.654275198187995102e+02 1.229257644394110912e+03
6.660378657487091232e+02 1.229074584050487601e+03
6.670132259919494118e+02 1.228734905117883955e+03
6.676400911161731528e+02 1.228735763097949985e+03
6.675796937039137902e+02 1.228823596142938186e+03
6.670188248716485759e+02 1.228857387335995327e+03
6.662792946530147447e+02 1.228906143344709790e+03
6.654460067491563677e+02 1.229427446569178755e+03
6.643487584650113149e+02 1.229206546275395112e+03
6.633350311262025798e+02 1.229040181097906043e+03
6.628373800112930212e+02 1.229380011293054849e+03
6.626864834548513272e+02 1.229311833987661203e+03
6.629834190966266760e+02 1.229129216695254399e+03
6.631139747995417792e+02 1.229102520045819119e+03
6.634104178591871914e+02 1.229171150543789281e+03
6.635868945868945730e+02 1.229115099715099632e+03
6.637699771689498220e+02 1.229077054794520564e+03
6.640108695652173765e+02 1.229406178489702597e+03
6.644566210045661592e+02 1.229617579908675907e+03
6.646322360953462294e+02 1.229792281498297370e+03
6.646910935738444550e+02 1.229733934611048426e+03
6.647125917560699691e+02 1.229823828345567563e+03
6.644974619289340581e+02 1.229443880428651937e+03
6.642045454545454959e+02 1.229306818181818244e+03
6.642133105802047339e+02 1.229316268486916897e+03
6.639409090909091447e+02 1.229250000000000000e+03
6.637814269535673475e+02 1.229152887882219602e+03
6.637382702091576903e+02 1.229048049745618982e+03
6.640131880733945309e+02 1.229135321100917508e+03
6.640836676217764989e+02 1.229206303724928375e+03
6.641751990898748090e+02 1.229270193401592678e+03
6.641541076487252440e+02 1.229436827195467458e+03
6.641306561085972362e+02 1.229467194570135689e+03
6.645913488901536539e+02 1.229758679567444460e+03
6.649851682829435049e+02 1.229590416428978870e+03
6.645719866071428896e+02 1.229407924107142890e+03
6.637775900900901433e+02 1.229710585585585477e+03
6.633307086614173613e+02 1.229819460067491491e+03
6.627965148960089437e+02 1.229592467678470939e+03
6.615849691531127519e+02 1.229722378014582091e+03
6.608371040723982333e+02 1.230144796380090611e+03
6.601986379114642887e+02 1.230029511918274693e+03
6.595751964085297914e+02 1.229777777777777828e+03
6.593943977591036401e+02 1.229555742296918879e+03
6.591216901408450894e+02 1.229640000000000100e+03
6.586852678571428896e+02 1.229271763392857110e+03
6.581647855530474089e+02 1.229336343115124237e+03
6.570005675368898892e+02 1.229322928490351842e+03
6.560198976691301596e+02 1.229413303013075620e+03
6.551974055273548174e+02 1.229534686971235260e+03
6.546290143964562276e+02 1.229431339977851621e+03
6.542813199105145259e+02 1.229680089485458666e+03
6.537230941704035558e+02 1.230029708520179383e+03
6.533124647490129746e+02 1.230092498589960542e+03
6.527637178051511455e+02 1.230268197088465740e+03
6.523447887323943633e+02 1.229939718309859245e+03
6.517033090297252329e+02 1.230002804262479003e+03
6.508431483578708594e+02 1.229753114382785952e+03
6.501511235955056236e+02 1.229428089887640454e+03
6.497650334075723322e+02 1.229540645879732665e+03
6.491907449209932111e+02 1.229655191873589274e+03
6.483536036036035739e+02 1.230013513513513544e+03
6.468198757763975664e+02 1.230037267080745323e+03
6.456450531022917403e+02 1.230016210173281252e+03
6.454278495227400754e+02 1.230129702414373924e+03
6.452940180586907672e+02 1.230094808126410726e+03
6.454593220338982746e+02 1.230066666666666606e+03
6.461302378255945769e+02 1.229806908267270728e+03
6.470752565564424685e+02 1.229988027366020560e+03
6.478475815523059964e+02 1.230158605174353170e+03
6.484594137542277394e+02 1.230061443066516404e+03
6.487402597402597166e+02 1.229980237154150245e+03
6.487195945945945823e+02 1.230074324324324380e+03
6.483832402234636447e+02 1.229821787709497130e+03
6.479383753501400633e+02 1.230197759103641374e+03
6.476185968819598884e+02 1.230207683741647998e+03
6.472333333333333485e+02 1.230016666666666652e+03
6.466339832869081192e+02 1.230155431754874598e+03
6.463273340832396343e+02 1.229852080989876185e+03
6.459811320754716917e+02 1.229584905660377444e+03
6.457235817575083274e+02 1.229760845383759715e+03
6.456765695067264232e+02 1.229940582959641233e+03
6.456045606229143914e+02 1.229940489432703089e+03
6.457877252252252447e+02 1.230296734234234236e+03
6.459189801699716327e+02 1.230351274787535431e+03
6.463963862224732111e+02 1.230068887634105067e+03
6.466026785714285552e+02 1.230411830357142890e+03
6.465262276785714448e+02 1.230477120535714221e+03
6.464963828603227967e+02 1.230466889259877462e+03
6.464024458032240545e+02 1.230290717065036233e+03
6.462189944134078132e+02 1.230211173184357449e+03
6.459243183082916175e+02 1.230111296605453617e+03
6.453359550561797278e+02 1.230167977528089978e+03
6.446514730405781393e+02 1.230262923846581543e+03
6.447008928571428896e+02 1.230227678571428669e+03
6.453491525423728490e+02 1.230047457627118547e+03
6.461182126696832029e+02 1.230242647058823422e+03
6.468500851788755881e+02 1.230222032935831976e+03
6.480166379804934422e+02 1.230082042455536339e+03
6.487074408117249504e+02 1.230043968432919883e+03
6.491008595988538445e+02 1.230091690544412586e+03
6.496023688663282201e+02 1.230097574732092426e+03
6.495162738496071597e+02 1.230167227833894458e+03
6.491130582249858207e+02 1.230410966647823670e+03
6.486185164528723135e+02 1.230438371444506402e+03
6.483680981595092589e+02 1.230563301728945817e+03
6.482189781021897943e+02 1.230495227400336944e+03
6.481891586674195196e+02 1.230306606437041182e+03
6.482158640226629132e+02 1.230045325779036830e+03
6.483084323712506603e+02 1.230004527447651299e+03
6.486238068500841791e+02 1.229377877596855797e+03
6.489954519613417006e+02 1.229247868106878968e+03
6.493169617361508017e+02 1.229237007424329022e+03
6.494357668364459641e+02 1.229308998302207101e+03
6.497074677147669490e+02 1.229390230207748345e+03
6.500982495765103977e+02 1.229385657820440429e+03
6.508471051152332620e+02 1.229508150646430522e+03
6.514190637337845828e+02 1.229763113367174356e+03
6.517859966120835225e+02 1.230170525127046858e+03
6.523713962690785593e+02 1.230006218202374157e+03
6.532544109277176858e+02 1.229897552646556733e+03
6.544669282511210895e+02 1.229371076233183885e+03
6.557100792751981544e+02 1.229634767836919536e+03
6.564612337294850022e+02 1.229312393887945746e+03
6.568912919749573120e+02 1.229252703471827090e+03
6.574446965399886267e+02 1.229382870107770941e+03
6.583244469653999431e+02 1.229374361883153824e+03
6.588159682899207610e+02 1.229437146092865305e+03
6.594172335600907218e+02 1.229224489795918316e+03
6.600253018976422936e+02 1.229307648073605606e+03
6.606625282167043451e+02 1.229266365688487667e+03
6.615571913929784387e+02 1.229189127972819961e+03
6.620896551724138135e+02 1.229141954022988557e+03
6.625346590909091447e+02 1.229255681818181756e+03
6.630807097882083099e+02 1.229240412135088718e+03
6.637373167981961615e+02 1.229471251409244587e+03
6.644980102330870295e+02 1.229855599772597998e+03
6.653515535097814109e+02 1.230044303797468274e+03
6.661961120640365834e+02 1.229865637507146857e+03
6.669942594718713735e+02 1.230057979334098718e+03
6.675233485193622300e+02 1.229803530751708422e+03
6.680478662053056951e+02 1.229311995386389754e+03
6.682847341337907210e+02 1.229250428816466638e+03
6.682587292501431193e+02 1.229235832856325032e+03
6.679099150141643122e+02 1.228857790368271935e+03
6.674153409090909008e+02 1.229059090909090855e+03
6.671324616259238383e+02 1.229132461625923725e+03
6.668865570051049190e+02 1.229188315371525732e+03
6.667782779966235012e+02 1.229298818232976828e+03
6.668908988128886222e+02 1.229681741096664837e+03
6.667559188275084807e+02 1.229726042841037270e+03
6.670525714285714685e+02 1.229655999999999949e+03
6.678225988700564812e+02 1.229312429378531078e+03
6.685837129840546140e+02 1.229264806378132107e+03
6.688100113765642618e+02 1.229137087599544884e+03
6.685872388481084272e+02 1.229186900056465220e+03
6.679823562891291431e+02 1.229047239612976682e+03
6.672402266288951296e+02 1.229091218130311518e+03
6.662144469525959494e+02 1.229210496613995474e+03
6.651838691483361572e+02 1.229317540891144972e+03
6.645157303370787076e+02 1.229189887640449342e+03
6.638905809362662467e+02 1.229434856175972982e+03
6.640633200228180613e+02 1.229247005134055826e+03
6.645051020408163822e+02 1.229173469387755176e+03
