6.595074626865671235e+02 1.226644002211166480e+03
6.566777777777778056e+02 1.227951111111111004e+03
6.539916154276131692e+02 1.228987702627166072e+03
6.513187603763143443e+02 1.230192030990592230e+03
6.488319513543393668e+02 1.230846323935876171e+03
6.470389467910038093e+02 1.231402633022490363e+03
6.463387096774193878e+02 1.232344827586206975e+03
6.468211111111111222e+02 1.231851111111111095e+03
6.494634146341463747e+02 1.231574833702882415e+03
6.536085249579360834e+02 1.230802019068984919e+03
6.576867945823927357e+02 1.229819977426636569e+03
6.616989307822171895e+02 1.228623522791221149e+03
6.655109735509284974e+02 1.227738323016319555e+03
6.674686098654708530e+02 1.226662556053811613e+03
6.687048532731377009e+02 1.225965575620767595e+03
6.696751412429377979e+02 1.225955932203389921e+03
6.690753768844220986e+02 1.225809603573422692e+03
6.670022271714922226e+02 1.226178173719376446e+03
6.629012276785714448e+02 1.226973772321428669e+03
6.591057962858750443e+02 1.228266178953291956e+03
6.515922437673129934e+02 1.230239335180055377e+03
6.491753998896856501e+02 1.231142857142857110e+03
6.481772853185595977e+02 1.231488642659279776e+03
6.483625344352617503e+02 1.231389531680440768e+03
6.495583333333332803e+02 1.231646111111111168e+03
6.510033149171271134e+02 1.231197790055248561e+03
6.542150055991041881e+02 1.230215005599104188e+03
6.575931919642856656e+02 1.228631696428571331e+03
6.611477079796264889e+02 1.227977362761743052e+03
6.638502227171492223e+02 1.226597995545657113e+03
6.656563380281689888e+02 1.226010140845070509e+03
6.662883747178329941e+02 1.225776523702031682e+03
6.649731993299832311e+02 1.225437185929648194e+03
6.624384875846501473e+02 1.225948645598194162e+03
6.592768107804604369e+02 1.226460976979225052e+03
6.556302428256070698e+02 1.227484547461368720e+03
6.523551246537396082e+02 1.228598891966759084e+03
6.496703539823008668e+02 1.229746128318584169e+03
6.468572222222222763e+02 1.230747222222222263e+03
6.453430777716491775e+02 1.231597352454495422e+03
6.460741360089185719e+02 1.232002229654403664e+03
