6.608072022160664574e+02 1.229706925207756285e+03
6.596943982251802936e+02 1.229785912368275149e+03
6.578136818687430605e+02 1.230479421579532755e+03
6.561385041551246786e+02 1.230127423822714718e+03
6.555832872163807679e+02 1.230170448256779082e+03
6.564349775784753547e+02 1.230409192825112086e+03
6.579897843359818808e+02 1.229921679909194154e+03
6.598116187253243652e+02 1.229294980259447357e+03
6.613148043108337788e+02 1.229454339194554677e+03
6.623305036785511675e+02 1.229366723259762239e+03
6.621498021481062324e+02 1.229003391746749685e+03
6.601734234234234009e+02 1.229096846846846802e+03
6.581980973698937305e+02 1.229439843312814673e+03
6.560457589285714448e+02 1.229560267857142890e+03
6.541983333333333803e+02 1.229473888888888951e+03
6.525424944812361900e+02 1.229362582781456922e+03
6.521278615298715522e+02 1.229313791178112751e+03
6.526350364963503807e+02 1.228897810218978066e+03
6.539057029926594851e+02 1.228971202710333046e+03
6.547788516202388109e+02 1.228816941444002168e+03
6.550404328018223623e+02 1.229014236902050015e+03
6.547452085682074312e+02 1.228695603156708103e+03
6.543185642176107422e+02 1.228669657879977649e+03
6.539739033870072262e+02 1.228476957245974518e+03
6.537461453744493838e+02 1.228488436123348038e+03
6.538900055834728846e+02 1.228860413176996190e+03
6.541897233201581230e+02 1.228984754376058618e+03
6.540522512506947805e+02 1.228839911061700832e+03
6.535793296089385649e+02 1.228846368715083827e+03
6.535616285554935985e+02 1.228602900167317330e+03
6.539472206625491708e+02 1.228645704660303181e+03
6.546154276131917413e+02 1.228749580771380579e+03
6.553824521934758423e+02 1.228831271091113649e+03
6.541616331096197428e+02 1.228629753914988896e+03
6.531615769017212187e+02 1.228430316490838322e+03
6.530000000000000000e+02 1.228532850779509999e+03
6.538289693593314951e+02 1.228784401114206048e+03
6.554913262451035507e+02 1.228944599888080575e+03
6.567005681818181984e+02 1.229056818181818244e+03
6.573938179736691154e+02 1.229128792215226213e+03
6.576108597285067390e+02 1.229391968325791822e+03
6.575044792833147085e+02 1.229465285554311322e+03
6.580516165626772818e+02 1.228994327850255331e+03
6.596616246498599594e+02 1.229237535014005516e+03
6.610820312500000000e+02 1.229399553571428669e+03
6.611777158774373220e+02 1.229085236768802133e+03
6.599581473214285552e+02 1.229229910714285779e+03
6.587255995538204161e+02 1.229297824874511889e+03
6.579713160854893204e+02 1.229173790776153055e+03
6.578058525604951683e+02 1.229332020258863167e+03
6.587298065984073219e+02 1.229873151308304841e+03
6.602122587968217431e+02 1.229342224744608302e+03
6.618010291595197714e+02 1.228915380217267057e+03
6.622022727272727707e+02 1.229215340909090855e+03
6.619325842696629252e+02 1.229347752808988844e+03
6.610999438517686713e+02 1.229233015160022433e+03
6.596422222222222445e+02 1.229427222222222326e+03
6.579257398101618719e+02 1.229926298157453857e+03
6.563288740245261579e+02 1.229675027870679969e+03
6.562453781512605246e+02 1.229701400560224101e+03
6.573914269599548561e+02 1.230174280879864682e+03
6.592831908831908549e+02 1.229837037037037135e+03
6.609410096426545351e+02 1.228995462280204265e+03
6.620129723632261403e+02 1.229239706711787903e+03
6.626642253521126804e+02 1.229276056338028184e+03
6.595498878923766597e+02 1.229716367713004502e+03
