6.524465753424657350e+02 1.229175890410958800e+03
6.518840177580466388e+02 1.230004994450610411e+03
6.523084522502743994e+02 1.230037870472008763e+03
6.531350304371886750e+02 1.229548976203652501e+03
6.535596481583287414e+02 1.228542056074766379e+03
6.548385331143952044e+02 1.227955665024630434e+03
6.558908392759187791e+02 1.227562808557323024e+03
6.566815920398009894e+02 1.228143173023770032e+03
6.566382743362831889e+02 1.228396570796460082e+03
6.552674157303371203e+02 1.229510112359550476e+03
6.547862595419846912e+02 1.229314612868048016e+03
6.556772602739725926e+02 1.229301369863013633e+03
6.563027777777778056e+02 1.229311111111111131e+03
6.565313714602998516e+02 1.229228761799000495e+03
6.572667410714285552e+02 1.229212053571428669e+03
6.586337177375069132e+02 1.228523887973640967e+03
6.587024793388429771e+02 1.228387878787878890e+03
6.580579150579150109e+02 1.228137892995035827e+03
6.578312328767123063e+02 1.227472328767123372e+03
6.572722283205268923e+02 1.227395718990120713e+03
6.558457330415754996e+02 1.227323304157549273e+03
6.540197910940077008e+02 1.228275426058273752e+03
6.528965327462850610e+02 1.228638414969730320e+03
6.522854803493449936e+02 1.229415393013100356e+03
6.529384953322349929e+02 1.229603514552443812e+03
6.552773763201778365e+02 1.228260144524736006e+03
