6.917573734001113053e+02 1.222521424596549878e+03
6.896859688195991112e+02 1.221193207126948664e+03
6.849615384615384528e+02 1.220242647058823422e+03
6.754948863636363967e+02 1.220879545454545450e+03
6.657184633027522977e+02 1.222607798165137638e+03
6.570830017055144481e+02 1.224758385446276407e+03
6.468532518065592285e+02 1.227091717620900454e+03
6.384701284198771418e+02 1.229023450586264744e+03
6.319854586129754352e+02 1.230630313199105103e+03
6.254931280923584609e+02 1.232470038482682867e+03
6.206243794815222827e+02 1.233537782680639793e+03
6.183198895027624076e+02 1.234678453038673979e+03
6.172560495216657728e+02 1.235904895891952719e+03
6.190529612756264441e+02 1.236764806378132107e+03
6.232130211307824084e+02 1.236168475157053081e+03
6.293375722543352140e+02 1.235643930635838160e+03
6.370393794749403469e+02 1.234723150357995337e+03
6.465843301435406829e+02 1.233227870813397203e+03
6.571300291545189793e+02 1.232547521865889166e+03
6.671176122931442478e+02 1.231539598108746986e+03
6.752853009259259807e+02 1.230524884259259352e+03
6.821275014293881895e+02 1.228999428244711225e+03
6.875048268029528344e+02 1.227078932424758705e+03
6.907321729365525016e+02 1.224787198203256594e+03
6.921783723522853506e+02 1.223240802675585201e+03
6.913847438752784456e+02 1.222045100222717110e+03
6.890654827968922973e+02 1.220704772475027767e+03
6.824439436619718435e+02 1.220556619718309776e+03
6.641012799109627167e+02 1.223110183639399111e+03
