6.444198557958957281e+02 1.229089295618413644e+03
6.440022222222222581e+02 1.229051666666666733e+03
6.439305555555555429e+02 1.229031666666666752e+03
6.438207705192629646e+02 1.229135678391959800e+03
6.437013422818791923e+02 1.229188478747203590e+03
6.439786995515695480e+02 1.229595852017937204e+03
6.443166760247052025e+02 1.229669286917462159e+03
6.452476029328821596e+02 1.229780597856740087e+03
6.464115684093436585e+02 1.229305895439377082e+03
6.479564002235886164e+02 1.229436556735606473e+03
6.499604015616286006e+02 1.229319576129392090e+03
6.522068577852726321e+02 1.229001124227093896e+03
6.548107502799551867e+02 1.228758678611422283e+03
6.574845418774592645e+02 1.228207982012366529e+03
6.603471444568868947e+02 1.228185330347144372e+03
6.629949692565679698e+02 1.228507546115148216e+03
6.649775784753363723e+02 1.228412556053811613e+03
6.665376404494381859e+02 1.228589887640449433e+03
6.681662883087400360e+02 1.228917707150964816e+03
6.692332955832389416e+02 1.229090600226500555e+03
6.698405797101448798e+02 1.229060758082497159e+03
6.705324384787471672e+02 1.229261185682326641e+03
6.705515895147797210e+02 1.229267150027886146e+03
6.701710748452447888e+02 1.228858187957231394e+03
6.694894561598224527e+02 1.228555493895671589e+03
6.687138888888888459e+02 1.228464999999999918e+03
6.676332964601770072e+02 1.228357300884955748e+03
6.661088053841839383e+02 1.228463825014021268e+03
6.645820399113082431e+02 1.228561529933481097e+03
6.633815642458100683e+02 1.228674860335195490e+03
6.619297658862876688e+02 1.229262541806019954e+03
6.599005030743431917e+02 1.229404136389044197e+03
6.573368715083798861e+02 1.229470391061452574e+03
6.547219458264233936e+02 1.229517965726920920e+03
6.523899441340781777e+02 1.229325698324022369e+03
6.495889570552146779e+02 1.229324037925264975e+03
6.463385387618516233e+02 1.229123814835471194e+03
6.447598665925513615e+02 1.229151750972762557e+03
6.436380165289256183e+02 1.228873829201101898e+03
6.427879624516841659e+02 1.228810049696300439e+03
6.423795940756994014e+02 1.228549643444870981e+03
6.420011111111110722e+02 1.229026111111111049e+03
6.417426511369939135e+02 1.229058236272878503e+03
6.417374239911553104e+02 1.229342730790491942e+03
6.418861878453038798e+02 1.229585635359115940e+03
6.436001115448967766e+02 1.229687116564417238e+03
