6.782870159453302676e+02 1.229313781321184479e+03
6.781646723646723558e+02 1.229357834757834780e+03
6.776081081081081265e+02 1.229431869369369451e+03
6.769023569023569280e+02 1.229331649831649884e+03
6.762845070422534945e+02 1.229429295774647926e+03
6.756672231496938821e+02 1.229180856983861986e+03
6.756821748878924154e+02 1.229189461883408057e+03
6.758253968253968651e+02 1.229181972789115662e+03
6.757660884163402670e+02 1.229382204812535065e+03
6.755882022471910204e+02 1.229603370786516962e+03
6.751534541336353641e+02 1.229515855039637700e+03
6.748106274731486565e+02 1.229719615602034992e+03
6.742445838084378238e+02 1.229743443557582623e+03
6.732019340159272360e+02 1.229741751990898820e+03
6.718368953880765275e+02 1.229937007874015762e+03
6.708405221339387481e+02 1.229977298524403977e+03
6.700516458569807128e+02 1.230146992054483462e+03
6.689710556186151962e+02 1.230130533484676562e+03
6.678513513513513544e+02 1.230221283783783747e+03
6.666417322834645347e+02 1.230209786276715477e+03
6.644906726964386507e+02 1.230196156020350372e+03
6.614558907228230282e+02 1.230142857142857110e+03
6.576743792325056575e+02 1.230155756207675040e+03
6.536421761076836674e+02 1.230263600673022893e+03
6.504050704225352320e+02 1.230309295774647808e+03
6.477632170978628210e+02 1.230110236220472416e+03
6.453799887577290519e+02 1.230315345699831369e+03
6.432073446327683541e+02 1.230192655367231737e+03
6.409414084507042162e+02 1.230344225352112744e+03
6.383929569591950894e+02 1.230514812744549999e+03
6.361822272215972589e+02 1.230575928008998972e+03
6.341531986531986149e+02 1.230839506172839492e+03
6.323650000000000091e+02 1.230859999999999900e+03
6.312847608453837438e+02 1.230770300333704199e+03
6.303006134969325558e+02 1.230459564974902378e+03
6.297311529933481324e+02 1.230363082039911205e+03
6.297777777777778283e+02 1.230393333333333430e+03
6.298974358974359120e+02 1.230487736900780419e+03
6.297088186356073720e+02 1.230455906821963481e+03
6.295714285714285552e+02 1.230616657473800387e+03
6.293051409618574326e+02 1.230571033720287460e+03
6.286524861878452839e+02 1.230482320441989032e+03
6.279983314794216085e+02 1.230370411568409281e+03
6.276596800882515481e+02 1.230389409817981232e+03
6.282722717149219989e+02 1.230380846325167113e+03
6.292889137737961391e+02 1.230340425531914889e+03
6.303724719101123810e+02 1.230157865168539274e+03
6.311681715575621183e+02 1.230167607223476352e+03
6.313344575604271540e+02 1.230462057335581676e+03
6.311638418079096482e+02 1.231018644067796686e+03
6.306002233389168623e+02 1.230946957007258561e+03
6.303499161542761158e+02 1.230958636109558483e+03
6.306965595036660943e+02 1.230874788494077848e+03
6.322226628895184604e+02 1.230668555240793239e+03
6.333832673827021154e+02 1.230079140757489995e+03
6.338336153412295744e+02 1.229535250987027666e+03
6.337329227323627947e+02 1.229304031354983181e+03
6.332390326209223304e+02 1.229529808773903369e+03
6.326767337807606282e+02 1.229554809843400335e+03
6.324384485666104183e+02 1.229872400224845478e+03
6.327946832579185639e+02 1.229588800904977461e+03
6.333425196850394059e+02 1.229163667041619874e+03
6.336279594137541835e+02 1.228984216459977461e+03
6.341081388730791559e+02 1.229062606715993070e+03
6.344153066966797496e+02 1.228785030951041108e+03
6.347386877828054139e+02 1.228517533936651489e+03
6.348603066439522991e+02 1.228352072685973781e+03
6.350446075663467127e+02 1.228571428571428669e+03
6.351064552661381413e+02 1.228724801812004443e+03
6.351302378255945769e+02 1.228734994337485887e+03
6.351114253393665194e+02 1.228631787330316683e+03
6.352379875635951976e+02 1.228422837761447227e+03
6.353839638622247321e+02 1.228072275550536460e+03
6.363554929577464918e+02 1.227962816901408360e+03
6.375554317548746894e+02 1.227434540389972199e+03
6.382794117647058556e+02 1.227631221719457017e+03
6.387488814317673587e+02 1.228040827740492205e+03
6.389903791737408483e+02 1.228020373514431185e+03
6.396757812500000000e+02 1.228058035714285779e+03
6.413766233766233427e+02 1.228157538114059889e+03
6.436519058295964442e+02 1.228049327354260186e+03
6.460587229190422249e+02 1.227775370581528023e+03
6.481828571428571877e+02 1.227490857142857067e+03
6.500108200455580345e+02 1.227443052391799483e+03
6.516679775280898639e+02 1.227289325842696599e+03
6.541404911479154407e+02 1.227451741861793153e+03
6.568790644609241554e+02 1.227451226468910363e+03
6.597391793142214738e+02 1.227299044406970097e+03
6.631672394043528129e+02 1.227247422680412456e+03
6.664960182025027962e+02 1.227399317406143382e+03
6.695555555555555429e+02 1.227229629629629699e+03
6.723929804372842227e+02 1.227181242807825129e+03
6.747110855829982938e+02 1.227109707064905251e+03
6.768845491097071090e+02 1.227021826536473327e+03
6.784237385321100646e+02 1.227189220183486214e+03
6.790502019619157181e+02 1.227036930178880539e+03
6.794352538505419261e+02 1.227217912150598977e+03
6.799473684210526017e+02 1.227268878718535461e+03
6.806738882554161592e+02 1.227854618015963524e+03
6.816343963553530330e+02 1.227773348519362116e+03
6.826355353075171024e+02 1.227956150341685543e+03
6.831763022323983705e+02 1.227488838008013772e+03
6.831177142857143281e+02 1.227423999999999978e+03
6.820639269406392486e+02 1.227490867579908581e+03
6.811084611016467534e+02 1.227530948324815427e+03
6.807749576988155695e+02 1.227558375634517688e+03
6.810930232558139323e+02 1.227625070901871823e+03
6.814169971671387884e+02 1.227742776203966059e+03
6.818770631758679883e+02 1.227589641434263058e+03
6.820802752293577669e+02 1.227498279816513786e+03
6.820994854202401712e+02 1.227556317895940538e+03
6.814135593220338478e+02 1.227725988700565040e+03
6.800028280542986749e+02 1.227825791855203533e+03
6.791290322580645125e+02 1.228033955857385308e+03
6.788009024252679637e+02 1.228232374506486167e+03
6.785730274202574037e+02 1.228259653049804228e+03
6.786599664991624650e+02 1.228322724734784970e+03
6.789734613212874592e+02 1.228425183512139938e+03
6.790902896081771587e+02 1.228491766042021482e+03
6.790584231423709980e+02 1.228515031196823657e+03
6.787041387024607957e+02 1.228295302013422770e+03
6.781822297679683516e+02 1.228483870967741950e+03
6.774647256438969407e+02 1.228336506159014561e+03
6.771120495495495106e+02 1.228398085585585477e+03
6.768299435028249036e+02 1.228776271186440681e+03
6.769852188743603847e+02 1.229046617396247939e+03
6.773868194842407320e+02 1.229696275071633181e+03
6.778016901408450394e+02 1.229193239436619706e+03
6.777155655095184557e+02 1.229373460246360537e+03
6.774637843907917159e+02 1.229404828747894499e+03
6.764284090909090992e+02 1.230000568181818153e+03
6.757810750279954846e+02 1.229469764837625917e+03
6.748687782805429833e+02 1.229501696832579228e+03
6.747423728813558910e+02 1.229582485875706197e+03
6.748220579874929399e+02 1.229657760090960664e+03
6.748175099488345268e+02 1.229818646958499130e+03
6.745807174887892188e+02 1.229591928251121089e+03
6.742312500000000455e+02 1.229774431818181711e+03
6.738820192853091839e+02 1.229744186046511686e+03
6.733148043108337788e+02 1.229762904140669207e+03
6.723660612939841030e+02 1.229712258796821743e+03
6.710130533484676789e+02 1.229511350737798011e+03
6.697766610831937442e+02 1.229721943048576122e+03
6.690679999999999836e+02 1.229954285714285788e+03
6.680365505425471611e+02 1.229910908052541345e+03
6.668880090497737001e+02 1.229715497737556461e+03
6.658354072398190056e+02 1.230090497737556461e+03
6.642007963594994635e+02 1.229940273037542738e+03
6.607082152974504652e+02 1.230060623229461726e+03
6.570381766381766511e+02 1.230256980056979955e+03
6.533846153846153584e+02 1.230078054298642428e+03
6.496668526785714448e+02 1.229803571428571331e+03
6.451934574168076324e+02 1.229800902425267850e+03
