6.597416893732970493e+02 1.226247956403269654e+03
6.578044420368363490e+02 1.226716684723726985e+03
6.554393442622950943e+02 1.227333333333333258e+03
6.528875611080934505e+02 1.228552417164584540e+03
6.513572210065646004e+02 1.229363785557986830e+03
6.512301324503310980e+02 1.230026490066225278e+03
6.523847850055126401e+02 1.230208930540242591e+03
6.538197706171490609e+02 1.230250682687056269e+03
6.552701657458563886e+02 1.229896132596684993e+03
6.566983951300497893e+02 1.229826231322634158e+03
6.578352745424292607e+02 1.230127010537992192e+03
6.576884700665189030e+02 1.230060975609756042e+03
6.560992868897421886e+02 1.229978058145913337e+03
6.540707964601770072e+02 1.230235066371681341e+03
6.525241532481954891e+02 1.229874514158800594e+03
6.519545703338807243e+02 1.229519430760810110e+03
6.520965783664458968e+02 1.229360927152317799e+03
6.532061742006615077e+02 1.228626240352811465e+03
6.555757244395845191e+02 1.227683433570256966e+03
6.577053669222343615e+02 1.226907447973713033e+03
6.590467546754675823e+02 1.226249174917491700e+03
6.596194933920704671e+02 1.226283590308370094e+03
6.590520547945205863e+02 1.226267397260274038e+03
6.569764254385964932e+02 1.226730811403508824e+03
6.544885496183205760e+02 1.227501090512540941e+03
6.509058050383351883e+02 1.229291894852135783e+03
