6.552751263335204612e+02 1.229409320606400797e+03
6.577943143812708513e+02 1.229588071348940957e+03
6.598304517568320762e+02 1.229443948689347508e+03
6.615808052950909541e+02 1.229286265857694389e+03
6.626910614525139636e+02 1.228907821229050342e+03
6.625598885793872341e+02 1.229026740947075268e+03
6.616224433388612169e+02 1.229042012161415187e+03
6.612768456375838468e+02 1.229151006711409309e+03
6.612712527964205265e+02 1.229111297539149973e+03
6.615850111856823332e+02 1.228960290827740437e+03
6.621693002257336502e+02 1.229009593679458249e+03
6.626438508625486747e+02 1.229021702838063447e+03
6.628977777777778329e+02 1.228609444444444534e+03
6.628106312292359235e+02 1.228620708748615698e+03
6.622476137001684720e+02 1.229047164514317728e+03
6.608648498331479004e+02 1.229190211345940043e+03
6.593932773109244181e+02 1.229073389355742393e+03
6.578571428571428896e+02 1.229046119235095603e+03
6.562585722315907333e+02 1.229042158516020208e+03
6.551312849162011389e+02 1.228783240223463736e+03
6.553783933518005824e+02 1.228658171745152458e+03
6.554204355108877280e+02 1.228892238972641053e+03
6.528387276785714448e+02 1.229081473214285779e+03
6.511275167785234999e+02 1.229232662192393718e+03
6.501020635805912207e+02 1.229350808700502057e+03
6.489811946902655109e+02 1.229586283185840784e+03
6.485919381557150700e+02 1.229483158475980190e+03
6.490781250000000000e+02 1.229765066964285779e+03
6.495212589729430874e+02 1.229374378796245082e+03
6.504538375973303346e+02 1.228982202447163445e+03
6.513409090909091219e+02 1.229053215077605273e+03
6.520221606648199213e+02 1.229500277008310150e+03
6.524284922394678006e+02 1.229437361419068793e+03
6.523370349805663864e+02 1.229666296501943407e+03
6.523549280177187484e+02 1.229610188261351141e+03
6.530956618464961139e+02 1.229535038932146790e+03
6.550609960828203384e+02 1.229684387241186414e+03
6.575841694537347166e+02 1.229610367892976683e+03
6.598349082823790468e+02 1.229703724291272920e+03
6.613398220244716867e+02 1.229503337041156783e+03
6.627375690607734668e+02 1.229239779005524952e+03
6.627946873270614105e+02 1.229153292750414948e+03
6.619307095343680203e+02 1.229230044345898023e+03
6.611902901785714448e+02 1.229460379464285779e+03
