6.583899057127010792e+02 1.229816417082640100e+03
6.588072887907233053e+02 1.228606847045831046e+03
6.573529735682819819e+02 1.227615088105726954e+03
6.548232711306256988e+02 1.226424259055982475e+03
6.521567867036011421e+02 1.226609972299168930e+03
6.504920198128784250e+02 1.226629058888277314e+03
6.507316804407713562e+02 1.226696969696969745e+03
6.523700440528634772e+02 1.227155837004405385e+03
6.545287610619468524e+02 1.227955752212389370e+03
6.563285398230088958e+02 1.228185287610619525e+03
6.565327102803738626e+02 1.228361737218251847e+03
6.553454947484798367e+02 1.228933112216694326e+03
6.527947310647640506e+02 1.229065861690449992e+03
6.514455930359085869e+02 1.228993471164309085e+03
6.517343578485181297e+02 1.229647639956092235e+03
6.538960612691465712e+02 1.229368161925601726e+03
6.566624449339207104e+02 1.229328193832599027e+03
6.578302929795466980e+02 1.230110558319513530e+03
6.576188118811880940e+02 1.230164466446644610e+03
6.534108910891088726e+02 1.229273927392739324e+03
6.515622950819672496e+02 1.229037158469945325e+03
6.518105436573310953e+02 1.228331136738056102e+03
6.526926454445664376e+02 1.228214599341383064e+03
6.538494800218937826e+02 1.228417077175697841e+03
6.550021774632552933e+02 1.228344583560152387e+03
6.549983660130718590e+02 1.229212962962963047e+03
6.545324959038777024e+02 1.230535226652102665e+03
6.533758241758241638e+02 1.231179120879120774e+03
6.527987971569162937e+02 1.231570803717878562e+03
6.542369878183831133e+02 1.232203211517165073e+03
6.564801980198019464e+02 1.231519251925192521e+03
6.582059800664451359e+02 1.230910852713178201e+03
6.592599778270509887e+02 1.230490022172949011e+03
6.582763157894736423e+02 1.230149671052631675e+03
6.559319429198682201e+02 1.229309001097694818e+03
6.525142700329308809e+02 1.229280461031833056e+03
6.499610958904110021e+02 1.229484383561643881e+03
6.509181318681319226e+02 1.229358791208791217e+03
