6.533983286908078298e+02 1.229295821727019529e+03
6.537518207282913636e+02 1.229344537815126159e+03
6.541531073446327582e+02 1.229209604519774075e+03
6.547103641456582181e+02 1.229233613445378069e+03
6.557953020134227700e+02 1.229280760626398205e+03
6.561892797319933379e+02 1.229157453936348475e+03
6.561584269662921542e+02 1.229129213483146032e+03
6.567506971556051667e+02 1.228989403234802012e+03
6.572147727272727025e+02 1.229285795454545450e+03
6.573099775784753547e+02 1.228908071748878911e+03
6.577156477846326652e+02 1.229258553000560823e+03
6.583654708520178929e+02 1.229044282511210668e+03
6.582185915492957520e+02 1.229013521126760452e+03
6.583822048125349511e+02 1.229204252937884803e+03
6.585692652832304930e+02 1.229356702187324800e+03
6.583301675977653531e+02 1.229032402234636947e+03
6.587042253521126440e+02 1.229148169014084488e+03
6.587516891891891646e+02 1.229082207207207148e+03
6.585712688652878342e+02 1.229230296254891073e+03
6.587038288288288186e+02 1.229137950450450489e+03
6.587446569178852087e+02 1.229308211473565734e+03
6.586176634991614947e+02 1.229369480156512054e+03
6.585404949381327242e+02 1.229482564679414963e+03
6.585490745933819881e+02 1.229379697139652308e+03
6.584310538116592397e+02 1.229269058295964214e+03
6.581925884334643797e+02 1.229094329028635684e+03
6.581711711711711814e+02 1.229128941441441384e+03
6.577145260796410184e+02 1.229392596747055450e+03
6.574675900277007941e+02 1.229173407202216140e+03
6.569595567867036152e+02 1.229381163434903101e+03
6.566532887402452161e+02 1.229418060200668833e+03
6.562388982574479996e+02 1.229397414277683993e+03
6.556575418994412985e+02 1.229371508379888155e+03
6.553849999999999909e+02 1.229259999999999991e+03
6.548383500557413299e+02 1.229239687848383483e+03
6.541484593837534476e+02 1.229205602240896269e+03
6.533622222222222717e+02 1.229309444444444352e+03
6.528596004439511944e+02 1.229348501664816922e+03
6.525374376039933395e+02 1.229396561286744372e+03
6.522988313856427567e+02 1.229341680578742398e+03
6.520587576944600414e+02 1.229318970341354316e+03
6.516784116331095902e+02 1.229371364653243745e+03
6.515428253615127687e+02 1.229241379310344882e+03
6.513426028921023772e+02 1.229286985539488342e+03
6.512036933407946435e+02 1.229378847229994335e+03
6.512677871148459872e+02 1.229417366946778657e+03
6.512945128779394963e+02 1.229417133258678632e+03
6.512140860816098211e+02 1.229480156512017857e+03
6.512179988820570316e+02 1.229494130799329241e+03
6.512342090553381695e+02 1.229424818334264955e+03
6.512333519865696871e+02 1.229322887520984978e+03
6.512255892255892604e+02 1.229093714927048268e+03
6.513904338153504341e+02 1.229228587319243616e+03
6.515294771968854093e+02 1.229283092324805239e+03
6.516179775280899094e+02 1.229085393258427075e+03
6.521551043429216179e+02 1.229216018048505248e+03
6.525866141732283268e+02 1.229127671541057452e+03
6.527472035794183967e+02 1.229309284116331128e+03
6.536021324354658191e+02 1.229271043771043878e+03
6.542305540011192306e+02 1.229502518186905490e+03
6.546545556176635046e+02 1.229390162101732813e+03
6.551607843137254577e+02 1.229278991596638662e+03
6.561357746478872741e+02 1.229490704225352147e+03
6.571476698483998007e+02 1.229138686131386748e+03
6.575059154929577971e+02 1.229290704225352101e+03
6.576540178571428896e+02 1.229373325892857110e+03
6.587223780145822047e+02 1.229430734716769393e+03
6.592849035187286972e+02 1.229315550510783169e+03
6.592175379426644213e+02 1.229388982574479996e+03
6.601394041596402076e+02 1.229295109612141687e+03
