6.580768808347062304e+02 1.229936847885777070e+03
6.597113798790544479e+02 1.229224299065420610e+03
6.591250000000000000e+02 1.228512061403508824e+03
6.564161660294920466e+02 1.227977061714909951e+03
6.526908690869087195e+02 1.227992299229922992e+03
6.504846659364732204e+02 1.227914567360350475e+03
6.494582417582417975e+02 1.228196153846153948e+03
6.511988857938719093e+02 1.228364902506963745e+03
6.543878787878787762e+02 1.228431404958677604e+03
6.568348926802422056e+02 1.229023665382498621e+03
6.574635216675809488e+02 1.228799232035107025e+03
6.565621562156215987e+02 1.229242024202420225e+03
6.536608122941821648e+02 1.229242041712403989e+03
6.510686813186813424e+02 1.229284615384615336e+03
6.499535010940918482e+02 1.229115973741794278e+03
6.507671232876712111e+02 1.229333698630136951e+03
6.527528893780958015e+02 1.229153549807374702e+03
6.542482152663371835e+02 1.228954969796815021e+03
6.546664841182913506e+02 1.228933187294633171e+03
6.486635254988913175e+02 1.228390798226164179e+03
6.462359426681366585e+02 1.228139470782800345e+03
6.463631895139268408e+02 1.227496996176952507e+03
6.475298013245032962e+02 1.227120860927152307e+03
6.516396247240618322e+02 1.227092163355408502e+03
6.551578366445916117e+02 1.227231788079470107e+03
6.563401662049861898e+02 1.228151246537396219e+03
6.553550524572059430e+02 1.228896742131419160e+03
6.532512506948304463e+02 1.230444135630905976e+03
6.517044825677919562e+02 1.231178195904814629e+03
6.518485682819383555e+02 1.231315528634361272e+03
6.537330743618201723e+02 1.231322974472808028e+03
6.564274596998332072e+02 1.230961645358532451e+03
6.576452145214520897e+02 1.230388338833883381e+03
6.568370694368506975e+02 1.229512301804264553e+03
6.539323059988993236e+02 1.228761695101816258e+03
6.502798898071625899e+02 1.228531680440771424e+03
6.485985761226725117e+02 1.228496166484118248e+03
6.508213096559378528e+02 1.228416204217536006e+03
