6.542614704256495770e+02 1.229368159203980213e+03
6.541460735859417355e+02 1.229395936298737070e+03
6.548345205479452034e+02 1.229886027397260250e+03
6.552181818181818471e+02 1.230147107438016519e+03
6.552403528114663231e+02 1.230334068357221668e+03
6.552971776425014241e+02 1.230344216934144924e+03
6.552098017621145800e+02 1.229339207048458093e+03
6.564741523068371407e+02 1.229677598665925416e+03
6.570510543840177888e+02 1.229709766925638178e+03
6.572162312395774961e+02 1.229509171762090091e+03
6.565382920110192799e+02 1.229004958677685863e+03
6.572998343456654311e+02 1.229611816675869704e+03
6.573275862068965125e+02 1.229971635150166776e+03
6.575597796143250662e+02 1.230242975206611618e+03
6.575378704720087626e+02 1.230326564215148210e+03
6.574796926454445156e+02 1.230424259055982475e+03
6.568835804503020199e+02 1.230235035694673343e+03
6.565008246289170302e+02 1.229862561847168763e+03
6.556080786026201395e+02 1.229202510917030622e+03
6.553886438809261108e+02 1.229300992282249126e+03
6.555962596259626025e+02 1.229252475247524671e+03
6.558669598680593253e+02 1.229313358988455093e+03
6.562578125000000000e+02 1.229811941964285779e+03
6.559735682819383555e+02 1.229767070484581609e+03
6.550328227571116031e+02 1.230036652078774523e+03
6.547826324412889107e+02 1.230185690879300864e+03
6.545458539264141109e+02 1.230128500823723243e+03
6.537755324959039172e+02 1.229630802839978060e+03
6.536144251626898267e+02 1.229062906724512004e+03
6.535661404463800181e+02 1.228955362003266146e+03
6.537099069512862570e+02 1.228768472906403986e+03
6.537498631636563005e+02 1.228760262725779967e+03
6.541107419712070623e+02 1.228881506090808443e+03
6.549197160021846003e+02 1.229253959584926179e+03
6.553037974683544462e+02 1.229500825536598768e+03
6.555180327868852146e+02 1.229845901639344220e+03
6.557013698630137242e+02 1.229281643835616478e+03
