6.537964601769911042e+02 1.228995575221239051e+03
6.536775262286030284e+02 1.228942020982882468e+03
6.532429127292940620e+02 1.229030572540300227e+03
6.532591768631813238e+02 1.229259733036707530e+03
6.536850828729282057e+02 1.229177900552486108e+03
6.536802646085998276e+02 1.229088754134509372e+03
6.532174154187465547e+02 1.228961175818081074e+03
6.534427227448810527e+02 1.228583840619811781e+03
6.539651548672566150e+02 1.228702986725663777e+03
6.542876179900055149e+02 1.228590782898389762e+03
6.548958677685950533e+02 1.229010468319559322e+03
6.559103486441615587e+02 1.229386828998339752e+03
6.564568868980962861e+02 1.229734042553191557e+03
6.569890109890110352e+02 1.229312637362637361e+03
6.576716253443526057e+02 1.229159228650137720e+03
6.580618384401113872e+02 1.229066295264623932e+03
6.578203856749311171e+02 1.229095316804407730e+03
6.585360881542699190e+02 1.229813774104683262e+03
6.584082085413200502e+02 1.229952301719356683e+03
6.580011007154650997e+02 1.230095762245459582e+03
6.586604292790314048e+02 1.229497523390203696e+03
6.591494124230554235e+02 1.229537213206491288e+03
6.583429844097995556e+02 1.229543986636971113e+03
6.567341772151899022e+02 1.229709961474958618e+03
6.565453539823008668e+02 1.229903761061946852e+03
6.564372918978912139e+02 1.230001109877913450e+03
6.548904109589041127e+02 1.229916164383561636e+03
6.537271232876712475e+02 1.229746849315068403e+03
6.536757940854325852e+02 1.229336801752464453e+03
6.536237623762376643e+02 1.229278877887788667e+03
6.528303327877796391e+02 1.229312056737588591e+03
6.528455640744797392e+02 1.229639649507119429e+03
6.535482093663912337e+02 1.229892561983471069e+03
6.531201764057332184e+02 1.229931091510474062e+03
