6.510923248053392172e+02 1.229498331479421495e+03
6.520614868641699786e+02 1.229319172722191070e+03
6.527686692869174294e+02 1.229064008983717031e+03
6.528723404255318883e+02 1.229075587905934981e+03
6.521350140056022155e+02 1.228938375350139950e+03
6.514389165284687806e+02 1.228778883360972941e+03
6.511869107043816030e+02 1.228708818635607258e+03
6.514453688297281815e+02 1.228319467554076482e+03
6.521638702460850254e+02 1.228227069351230512e+03
6.526470917225950643e+02 1.227906040268456309e+03
6.527566371681415376e+02 1.228189159292035356e+03
6.527855567805953569e+02 1.228227122381477329e+03
6.533181565796779751e+02 1.228387562465297151e+03
6.542015590200445558e+02 1.228525612472160446e+03
6.552638036809815958e+02 1.228571667596207362e+03
6.564799554565701101e+02 1.228512806236080223e+03
6.572619988706944696e+02 1.228982495765104431e+03
6.568122905027933029e+02 1.228860335195530752e+03
6.553370288248337374e+02 1.228600332594234942e+03
6.552875275938189361e+02 1.228757174392935895e+03
6.557236403995560750e+02 1.228387347391786989e+03
6.567216954824316417e+02 1.228349135527049611e+03
6.577254901960784537e+02 1.228329411764705810e+03
6.581480244852532451e+02 1.228408458542014387e+03
6.583395913859745860e+02 1.228490889011595755e+03
6.579658213891951846e+02 1.228906835722161077e+03
6.581016759776535991e+02 1.228797765363128519e+03
6.586136236739251899e+02 1.228458961474036869e+03
6.594721913236929822e+02 1.228759733036707530e+03
6.596737430167597722e+02 1.228998324022346424e+03
6.593213891951488677e+02 1.228831312017640585e+03
6.587209560867148639e+02 1.229076709282934871e+03
6.583162868260144478e+02 1.229014452473596521e+03
6.581100000000000136e+02 1.228980555555555611e+03
6.583136818687430605e+02 1.228973303670745281e+03
6.591373318385650464e+02 1.229137892376681521e+03
6.596270903010033635e+02 1.229282608695652243e+03
6.593918843802111951e+02 1.229381322957198336e+03
6.585950138504155120e+02 1.229359556786703706e+03
6.577474972191323559e+02 1.229244160177975573e+03
6.574078366445916117e+02 1.229176600441501023e+03
6.574367053620784418e+02 1.229314538419016117e+03
6.573100775193798881e+02 1.229171650055370947e+03
6.567452725250277581e+02 1.229215795328142349e+03
6.559836987071388421e+02 1.229156267566048427e+03
6.548370411568408826e+02 1.229050611790878747e+03
6.538527131782946071e+02 1.229140642303432969e+03
6.537764900662251648e+02 1.229129690949227324e+03
6.541212968138625001e+02 1.229288988261598661e+03
6.547093541202672213e+02 1.229223830734966668e+03
6.544438943894389240e+02 1.229314081408140737e+03
6.531574846967167787e+02 1.229391207568169193e+03
6.515496141124586984e+02 1.229325799338478419e+03
6.506710889994471927e+02 1.229527363184079604e+03
6.505077605321507690e+02 1.229620842572061974e+03
6.506309060589215960e+02 1.229270150083379576e+03
6.508795986622073997e+02 1.229162207357859643e+03
6.510252383623106880e+02 1.229025238362310802e+03
6.506648044692736903e+02 1.229155865921787608e+03
6.504427227448810527e+02 1.229220254565578216e+03
6.499630650496141016e+02 1.229401874310915218e+03
6.504091415830546339e+02 1.229629319955406800e+03
6.510884163402350850e+02 1.229664801343033105e+03
6.512811447811448033e+02 1.229708754208754272e+03
6.509053156146179617e+02 1.229825581395348763e+03
6.495760088446655800e+02 1.230250414593698224e+03
6.488739680792515401e+02 1.230285635663180983e+03
6.490133407448582830e+02 1.230227904391328593e+03
6.500531914893616658e+02 1.230099664053751439e+03
6.512068194522079239e+02 1.229871995528228126e+03
6.517533259423503296e+02 1.229456208425720661e+03
6.518154960981047452e+02 1.229501114827201718e+03
6.519530988274707397e+02 1.229446119486320413e+03
