6.466465038845726667e+02 1.229492230854606078e+03
6.466770428015564676e+02 1.229478043357420802e+03
6.469254901960783855e+02 1.229087394957983179e+03
6.472564389697648721e+02 1.228972004479283214e+03
6.475814732142856656e+02 1.228861049107142890e+03
6.477682926829268126e+02 1.228664634146341541e+03
6.477697003329633390e+02 1.228701442841287417e+03
6.476224545954870564e+02 1.228694001100715468e+03
6.473542128603104402e+02 1.228853104212860217e+03
6.474735964424680787e+02 1.229300722623679803e+03
6.484349276974415943e+02 1.229332035595105708e+03
6.502899833978971174e+02 1.228683453237410049e+03
6.527074527252502776e+02 1.228442157953281367e+03
6.551507847533632685e+02 1.228421524663677019e+03
6.562412060301508063e+02 1.228271915131211699e+03
6.562987736900780646e+02 1.228326086956521749e+03
6.567279249448123437e+02 1.228487858719646738e+03
6.579354120267261123e+02 1.229300111358574668e+03
6.587942984907770096e+02 1.229337059809949778e+03
6.600000000000000000e+02 1.229524553571428669e+03
6.620011173184357176e+02 1.229571508379888201e+03
6.639741136747327346e+02 1.229208216094541285e+03
6.658080808080808310e+02 1.228956228956228870e+03
6.673645541222658721e+02 1.228977565900168202e+03
6.680355530474040506e+02 1.229262415349887078e+03
6.679008356545961078e+02 1.229338718662952715e+03
6.675044493882090819e+02 1.229656840934371530e+03
6.665559866962305478e+02 1.230056541019955603e+03
6.661761426978818008e+02 1.230026198439241853e+03
6.672127180641530231e+02 1.230296567248171186e+03
6.682692091979808993e+02 1.229409983174425179e+03
6.681994366197183126e+02 1.229088450704225352e+03
6.670945945945945823e+02 1.229201013513513544e+03
6.657477728285077774e+02 1.229496659242761780e+03
6.640089635854342305e+02 1.229602240896358580e+03
6.616855064353665057e+02 1.229724678231673124e+03
6.597585243152599332e+02 1.229903297931805582e+03
6.578856026785714448e+02 1.230032366071428669e+03
6.564488667772250210e+02 1.229362631288004422e+03
6.562237136465324738e+02 1.229566554809843410e+03
6.561415041782729531e+02 1.229430640668523665e+03
6.555245810055865832e+02 1.228802234636871617e+03
6.549226918798665338e+02 1.228590100111234733e+03
6.532396416573348006e+02 1.229048712206046957e+03
6.506319599109131104e+02 1.229150890868596889e+03
6.491809576837416671e+02 1.229531737193764002e+03
6.486077562326869383e+02 1.229792243767313039e+03
6.485766871165644716e+02 1.229641383156720622e+03
6.483990038738239718e+02 1.229038184836746041e+03
6.485019347705914470e+02 1.229209508015478150e+03
6.485729457797651776e+02 1.228996646171045313e+03
6.484780920687742309e+02 1.228906267332224161e+03
6.482175848636616138e+02 1.229237618252643188e+03
6.476240977234868978e+02 1.229335924486396380e+03
