6.516240936977133060e+02 1.229839375348577732e+03
6.535788300835654354e+02 1.230404456824512636e+03
6.554865168539325850e+02 1.230407303370786622e+03
6.566599552572706671e+02 1.230457494407158947e+03
6.577450759707371617e+02 1.230042768711311282e+03
6.583301081388731291e+02 1.229843483210016984e+03
6.589003397508494118e+02 1.228907701019252499e+03
6.593742262239729826e+02 1.228308384918401771e+03
6.594161036036035739e+02 1.227728603603603688e+03
6.590164027149321555e+02 1.226988122171945633e+03
6.582229654403566883e+02 1.226005016722408072e+03
6.576002245929253149e+02 1.225665356541268920e+03
6.575296420581655639e+02 1.225448545861297589e+03
6.583123241418120415e+02 1.225369161508159777e+03
6.592804946599212599e+02 1.226150646430578945e+03
6.601800225733634306e+02 1.227262415349887078e+03
6.620930626057529480e+02 1.228342921601804846e+03
6.637556053811658785e+02 1.230098654708520144e+03
6.642187676653476274e+02 1.231395703787450429e+03
6.649790368271955003e+02 1.232425495750708251e+03
6.656724719101123355e+02 1.232737078651685351e+03
6.655393195761294010e+02 1.232522030117122085e+03
6.644118967452300240e+02 1.231469696969696997e+03
6.637194163860830258e+02 1.229790123456790070e+03
6.630913216108905317e+02 1.229018150879183167e+03
6.621381466742467410e+02 1.227910744741330291e+03
6.606644295302013461e+02 1.227161073825503308e+03
6.598488241881299246e+02 1.227072228443449148e+03
6.587810055865921868e+02 1.226667039106145239e+03
6.575944134078212073e+02 1.226572625698323918e+03
6.574652076318742502e+02 1.226965768799102079e+03
6.573275572945780141e+02 1.227870318613750669e+03
6.575024903154398999e+02 1.229093525179856215e+03
6.576746252082176625e+02 1.230454192115491423e+03
6.581273135165452004e+02 1.232514862591138581e+03
6.590157568936409689e+02 1.233576252110298356e+03
6.601018675721561522e+02 1.234091680814940673e+03
6.600912162162162531e+02 1.234202702702702709e+03
6.591039325842696144e+02 1.233361235955056145e+03
6.579865168539325850e+02 1.232263483146067529e+03
6.559653049804140892e+02 1.231288192501398953e+03
6.537173913043478706e+02 1.230373467112597609e+03
6.514742729306487945e+02 1.229496085011185642e+03
6.496904367053621172e+02 1.228584300718629038e+03
6.476066852367688398e+02 1.227956545961002803e+03
6.459298831385642643e+02 1.227498052309404557e+03
6.446748193440799923e+02 1.227073929961089561e+03
6.439021017699114964e+02 1.227076880530973540e+03
6.438562708102108445e+02 1.227512763596004334e+03
6.443082114735658479e+02 1.227960629921259851e+03
6.447426183844011121e+02 1.229055153203342570e+03
6.448346456692913762e+02 1.229948818897637693e+03
6.463877665544332558e+02 1.230250841750841801e+03
6.483348264277715316e+02 1.230477603583426571e+03
6.498929577464788281e+02 1.230743098591549369e+03
6.518991549295774348e+02 1.230434929577464800e+03
6.533238797504253625e+02 1.229377765173000626e+03
6.534603624009059786e+02 1.229125141562853969e+03
6.526873949579832015e+02 1.228714845938375447e+03
6.520382452193475729e+02 1.228218785151856082e+03
6.522423556058889744e+02 1.227536806342015780e+03
