6.759007210205213596e+02 1.224254021075984383e+03
6.756409544950055306e+02 1.226067147613762472e+03
6.732463276836158457e+02 1.227794350282485766e+03
6.693676470588235361e+02 1.229725113122171933e+03
6.655691519635743134e+02 1.231470119521912238e+03
6.625521191294386654e+02 1.232607674684994208e+03
6.600163170163169752e+02 1.233827505827505775e+03
6.573695271453590294e+02 1.234980151780501956e+03
6.546303962152572922e+02 1.235826729745712555e+03
6.508487194758785108e+02 1.236531864204883959e+03
6.479490101979604333e+02 1.237321535692861517e+03
6.460701545778834998e+02 1.237659334126040449e+03
6.448006006006005464e+02 1.238245045045045117e+03
6.422413173652694240e+02 1.238212574850299461e+03
6.397968936678613545e+02 1.238434289127837474e+03
6.369970113568440411e+02 1.238345487148834536e+03
6.354108527131783148e+02 1.238754919499105654e+03
6.352184776292853030e+02 1.237730389308541589e+03
6.349821222606690299e+02 1.236606689734717520e+03
6.346189389617798042e+02 1.236011409013120328e+03
6.347239018824872119e+02 1.235298916143753559e+03
6.362073310423826342e+02 1.233896907216494810e+03
6.389863325740318487e+02 1.232099658314350791e+03
6.417174157303370521e+02 1.230666853932584218e+03
6.443286985539488114e+02 1.228989988876529424e+03
6.465085588072887504e+02 1.226944229707343993e+03
6.486402604449267528e+02 1.225320672816060778e+03
6.519728850325379881e+02 1.223207158351410044e+03
6.555503246753246458e+02 1.221198593073592974e+03
6.584830005396654542e+02 1.219674042093901789e+03
6.615128205128205536e+02 1.217670940170940185e+03
6.635002675227394775e+02 1.216098983413590076e+03
6.654542066027688634e+02 1.215314164004259737e+03
6.675029302077783768e+02 1.214629728289824243e+03
6.686862640299304985e+02 1.214592196686264060e+03
6.706359743040685544e+02 1.214666488222698035e+03
6.724531672983215458e+02 1.215522468868435226e+03
6.744893848666304166e+02 1.216678824169842073e+03
6.756545553145335816e+02 1.217450650759219116e+03
6.755640886965927621e+02 1.219101676581936090e+03
6.748003246753246458e+02 1.220603354978354901e+03
6.739220208676550783e+02 1.222444810543657240e+03
6.734997245179063157e+02 1.224779614325068906e+03
6.724560044272274126e+02 1.226451577199778740e+03
6.694785992217898638e+02 1.228147859922178895e+03
6.653669673055242129e+02 1.230492108229988617e+03
6.611569734613212859e+02 1.232037831733483927e+03
6.587857549857550339e+02 1.233010826210826281e+03
6.565639534883721353e+02 1.234448837209302383e+03
6.510627962085308127e+02 1.235652251184834086e+03
