6.526508024349750485e+02 1.230802434975096958e+03
6.520671436433682402e+02 1.231392405063291108e+03
6.525840266222961645e+02 1.231703826955074874e+03
6.534357541899440776e+02 1.231316759776536401e+03
6.541957134799774849e+02 1.230917089678511047e+03
6.553886068809927110e+02 1.230034404963339057e+03
6.574248587570621112e+02 1.228693220338983110e+03
6.589904171364148624e+02 1.227902480270574870e+03
6.587481607243915960e+02 1.227672891907187250e+03
6.566937394247038355e+02 1.228137619853356000e+03
6.534853107344632690e+02 1.228176271186440772e+03
6.498422551252847370e+02 1.229068906605922621e+03
6.463533707865168481e+02 1.230117415730337143e+03
6.446740947075209078e+02 1.230824512534818950e+03
6.446271563717306208e+02 1.230800222593210947e+03
6.466458797327394450e+02 1.230263919821826221e+03
6.496216666666666697e+02 1.229827777777777783e+03
6.528377168438723857e+02 1.229409065472859538e+03
6.552157085941946661e+02 1.228884462151394473e+03
6.567316666666666833e+02 1.228117222222222154e+03
6.575588399330730454e+02 1.228337423312883402e+03
6.571014005602240786e+02 1.228525490196078408e+03
6.562320224719101134e+02 1.229220224719101225e+03
6.548353863381859128e+02 1.229508958566629417e+03
6.522107925801011561e+02 1.230301854974704838e+03
6.501588366890380257e+02 1.230328299776286258e+03
6.494591265397535835e+02 1.230310750279955300e+03
6.497038917089678307e+02 1.230041737168640793e+03
6.508690744920993438e+02 1.230111173814898393e+03
6.529492385786802515e+02 1.229650310208685823e+03
6.552810902896081870e+02 1.229561612720045332e+03
6.574527334851936757e+02 1.229620159453302904e+03
6.633914772727272293e+02 1.229846022727272839e+03
6.655033975084937765e+02 1.230041902604756615e+03
6.672137188208616863e+02 1.229810657596371811e+03
6.672915025323578675e+02 1.229562746201463142e+03
6.652814606741573016e+02 1.229185955056179864e+03
6.621432600112802902e+02 1.229186689227298302e+03
6.592095238095238301e+02 1.229249859943977526e+03
6.576247203579417828e+02 1.229624161073825462e+03
6.566203238414293537e+02 1.229935790061418174e+03
6.562825361512791460e+02 1.230113459399332669e+03
6.564702581369248264e+02 1.230620089786756353e+03
6.576230899830220551e+02 1.231151669496321347e+03
6.596183685111237764e+02 1.231047917855105425e+03
6.621238584474886011e+02 1.230256278538812694e+03
6.651871078151739312e+02 1.229699372504278472e+03
6.680243902439024168e+02 1.228395916052183793e+03
6.689094533029613103e+02 1.227829157175398677e+03
6.675115753811405739e+02 1.227487295313382219e+03
6.638387458006718589e+02 1.228002799552071565e+03
6.601387640449438550e+02 1.228385955056179682e+03
6.570038975501113327e+02 1.229611915367483334e+03
6.552611111111110631e+02 1.230391666666666652e+03
6.543372093023256184e+02 1.230894795127353291e+03
6.545270798436627047e+02 1.231042992741485250e+03
6.551971910112359865e+02 1.230717415730337052e+03
6.560152801358234456e+02 1.229889643463497350e+03
6.570240761478163449e+02 1.229127659574467998e+03
6.592224731789949601e+02 1.228152456239412686e+03
6.610131578947368780e+02 1.227103546910755085e+03
6.610554285714285925e+02 1.226419428571428625e+03
6.591844052361980175e+02 1.226594763801935187e+03
6.529680911680911777e+02 1.228041025641025726e+03
