6.542966242390702973e+02 1.229251798561151190e+03
6.538107957707289870e+02 1.229307735114078923e+03
6.534243093922651724e+02 1.229085082872928069e+03
6.533879358052020052e+02 1.229171555063641335e+03
6.530291850220264678e+02 1.229211453744493383e+03
6.529823106688778580e+02 1.229259812050856908e+03
6.527804072647220437e+02 1.229297743533296625e+03
6.522239467849224184e+02 1.229309312638580877e+03
6.520752928053541382e+02 1.229416620189626428e+03
6.521541899441340320e+02 1.229432960893854670e+03
6.522023411371237671e+02 1.229450390189520704e+03
6.523171412618648901e+02 1.229244556113902945e+03
6.526037631433314345e+02 1.229290536801328244e+03
6.526392265193370577e+02 1.229284530386740244e+03
6.523788888888889232e+02 1.229522777777777719e+03
6.519716823986674399e+02 1.229759022765130567e+03
6.518246102449888895e+02 1.229698218262806222e+03
6.520811724915445211e+02 1.229775084554678642e+03
6.522289088863891493e+02 1.229534308211473672e+03
6.524095982142856656e+02 1.229136718750000000e+03
6.529064587973274456e+02 1.229430957683741553e+03
6.531793721973093625e+02 1.229191143497757821e+03
6.533136818687430605e+02 1.229211345939933153e+03
6.535637883008356539e+02 1.229339275766016726e+03
6.543538633818589005e+02 1.229530795072788351e+03
6.552668523676879886e+02 1.229340947075208987e+03
6.559831932773108747e+02 1.229785994397759168e+03
6.562271205357143344e+02 1.229888950892857110e+03
6.566293393057111416e+02 1.229840985442329156e+03
6.566530039303761441e+02 1.229950028074115608e+03
6.563373893805310217e+02 1.230035398230088504e+03
6.562270179372197845e+02 1.230270739910313978e+03
6.571967305524239009e+02 1.230202367531003347e+03
6.586233183856502365e+02 1.230170964125560431e+03
6.594254606365159361e+02 1.230304299274148434e+03
6.591245810055866059e+02 1.230326815642458087e+03
6.585967831392124481e+02 1.230302273987798117e+03
6.580882352941176805e+02 1.230320701357466078e+03
6.578196994991652673e+02 1.230147468002225878e+03
6.584639865996649633e+02 1.229977666108319454e+03
6.595473920358945179e+02 1.230123948401570487e+03
6.600824915824915706e+02 1.230070145903479215e+03
6.598208124652197739e+02 1.230127434613244304e+03
6.591210585585585022e+02 1.230106981981982017e+03
6.588165548098434101e+02 1.230067114093959844e+03
6.589971830985915631e+02 1.229865915492957811e+03
6.594540873460246075e+02 1.230099104143337172e+03
6.596601562500000000e+02 1.230203125000000000e+03
6.596966983771684454e+02 1.230173475097929440e+03
6.595245261984392755e+02 1.230222408026755829e+03
6.587504196978176196e+02 1.229998880805819908e+03
6.584589345172031472e+02 1.230115427302996750e+03
6.584555617663498879e+02 1.230258244829513615e+03
6.584665178571428896e+02 1.230299107142857110e+03
6.582096774193548754e+02 1.230346496106785253e+03
6.577319243604003987e+02 1.230241935483870975e+03
6.571431767337807059e+02 1.230255033557047000e+03
6.561211441390913706e+02 1.229852495793606295e+03
6.556218905472636607e+02 1.229428966279712540e+03
6.557148394241417009e+02 1.229532668881506197e+03
6.560979294907666599e+02 1.229940682708449913e+03
6.561638702460850254e+02 1.229625279642058103e+03
6.557162687395891680e+02 1.229491393670183243e+03
6.553169247787610630e+02 1.229584070796460082e+03
6.547937915742793393e+02 1.229319290465631866e+03
6.542821075740944252e+02 1.229041163556531274e+03
6.538766666666666652e+02 1.229082222222222299e+03
6.536963788300835176e+02 1.228916434540389901e+03
6.535580627407814518e+02 1.228596037424325914e+03
6.533856280855732166e+02 1.228686780032912793e+03
6.527105118326912816e+02 1.228314254265272439e+03
6.524972375690607578e+02 1.228466298342541450e+03
6.525462603878116852e+02 1.228442105263157828e+03
6.526040044493881851e+02 1.228402669632925381e+03
6.533297931805477674e+02 1.228369480156512054e+03
