6.549716231555050854e+02 1.231562429057888721e+03
6.583459119496855010e+02 1.231326472269868418e+03
6.612831807780320332e+02 1.231175057208238059e+03
6.634790960451977071e+02 1.230389265536723087e+03
6.656594900849858050e+02 1.230155240793201074e+03
6.667580736543909552e+02 1.229960339943342888e+03
6.668880723572640363e+02 1.229814019219898228e+03
6.658760659465605158e+02 1.229976691301876144e+03
6.646161616161616621e+02 1.230347362514029101e+03
6.630188248716485759e+02 1.230369081574443726e+03
6.616853617498597941e+02 1.230725743129557031e+03
6.606949915588070326e+02 1.231341586944288110e+03
6.597834645669291831e+02 1.231574803149606396e+03
6.590606575963719251e+02 1.232108843537414941e+03
6.590657969370391811e+02 1.232138400453771965e+03
6.598781725888325127e+02 1.231980259447264416e+03
6.617639751552794678e+02 1.231498023715415002e+03
6.640431282346175976e+02 1.231301322599194918e+03
6.663620296465222737e+02 1.231027936145952026e+03
6.688509070294784351e+02 1.230388888888888914e+03
6.710546919976972049e+02 1.230058146229130671e+03
6.727212741751991416e+02 1.229491467576791820e+03
6.737296528173021670e+02 1.229028457598178647e+03
6.732309017805858957e+02 1.229171740379092398e+03
6.713477272727272975e+02 1.228759090909090901e+03
6.690750426378624525e+02 1.228434337691870269e+03
6.663798756359525441e+02 1.228499717354437507e+03
6.636316085489313537e+02 1.228718222722159680e+03
6.613739424703891245e+02 1.229272419627749514e+03
6.594750140370578038e+02 1.229649635036496420e+03
6.581899886234357382e+02 1.230450511945392464e+03
6.576059584035975831e+02 1.230834738617200628e+03
6.576166385609893723e+02 1.230784710511523372e+03
6.583465683494043788e+02 1.230815087918321069e+03
6.596668552036198889e+02 1.230812782805429833e+03
6.615594366197183263e+02 1.230344225352112744e+03
6.638816837315131352e+02 1.230316268486916897e+03
6.663785632839225173e+02 1.229591790193842598e+03
6.680809879379667109e+02 1.229289488799540550e+03
6.693604320636725333e+02 1.229211483797612345e+03
6.703780557134736000e+02 1.229583285957930684e+03
6.703868945868946412e+02 1.229649002849002954e+03
6.697222850678732584e+02 1.229787330316742100e+03
6.678647727272726797e+02 1.229922159090909190e+03
6.650933409220261865e+02 1.230568013659647022e+03
6.623338954468803195e+02 1.230607644744238314e+03
6.598247597512719267e+02 1.231102317693612122e+03
6.578253790005614974e+02 1.231207748455923593e+03
6.566432189082723880e+02 1.231359594822734834e+03
6.562250280583614312e+02 1.231130190796857505e+03
6.564089887640449206e+02 1.230971348314606757e+03
6.574715083798882915e+02 1.230825698324022369e+03
6.592038614423622676e+02 1.230480976717773956e+03
6.611960113960113858e+02 1.230240455840455752e+03
6.632005681818181984e+02 1.229418750000000045e+03
6.652828456683878358e+02 1.228956970740103316e+03
6.670114025085518961e+02 1.228523375142531449e+03
6.679914481185860495e+02 1.228397377423033049e+03
6.686291053227632801e+02 1.228729898074745279e+03
6.684353276353276669e+02 1.228990883190883096e+03
6.673759954493742725e+02 1.229262798634812270e+03
6.646054114994362862e+02 1.229469560315670833e+03
6.617137210615471759e+02 1.230198193111236606e+03
6.592926280247608020e+02 1.230664040517726562e+03
6.565542505592841280e+02 1.230549217002237128e+03
6.544632107023411436e+02 1.230540133779264124e+03
6.533409598214285552e+02 1.230648437500000000e+03
6.529125622578859520e+02 1.230643054786939729e+03
6.533271604938271366e+02 1.230556677890011315e+03
6.542384441939120734e+02 1.230493235625704529e+03
6.554323413812464878e+02 1.230415496911847185e+03
6.563248154457694454e+02 1.230145939806927800e+03
6.573669724770642233e+02 1.229905389908256893e+03
6.584630261660978476e+02 1.229109215017064798e+03
6.591703703703703923e+02 1.228314529914529885e+03
6.591909403669724270e+02 1.228032683486238511e+03
6.582592804111935720e+02 1.227981153626499236e+03
6.567604284103720147e+02 1.228213077790304396e+03
6.550564424173318230e+02 1.228615735461801705e+03
6.530619670267196852e+02 1.229497441728254671e+03
6.508452380952380736e+02 1.230409863945578309e+03
6.483875140607424328e+02 1.230881327334083153e+03
6.455662921348314285e+02 1.231981460674157233e+03
6.440389170896785345e+02 1.232272983643541920e+03
6.437916434540389901e+02 1.232523676880222865e+03
6.442649717514124177e+02 1.232216949152542384e+03
6.452957351290684755e+02 1.231708754208754272e+03
6.467470422535211583e+02 1.231334084507042235e+03
6.485915014164305603e+02 1.231251558073654451e+03
6.504817313097245233e+02 1.230744800449690729e+03
6.521125565610859667e+02 1.230597850678733039e+03
6.529954311821816191e+02 1.230090805254140378e+03
6.534376068376068361e+02 1.229663817663817554e+03
6.531745309835133639e+02 1.229309835133598654e+03
6.506278153153152743e+02 1.229220720720720692e+03
6.484723163841807718e+02 1.229194350282485857e+03
6.459376063528077339e+02 1.229742484401588172e+03
6.438018068887633945e+02 1.230255223037831684e+03
6.424644839067702833e+02 1.230478912319644905e+03
6.412706344750140488e+02 1.230978102189781112e+03
6.405332216638748832e+02 1.231243439419318747e+03
6.405047725996630561e+02 1.231332959011791218e+03
6.413244620611551454e+02 1.230941109852774616e+03
6.431199095022624306e+02 1.230507352941176578e+03
6.453299261783078009e+02 1.230032935831913619e+03
6.478164414414414978e+02 1.229832770270270203e+03
6.499915110356536161e+02 1.229551782682512794e+03
6.517361033127456267e+02 1.229610331274564942e+03
6.527692743764172292e+02 1.229256235827664341e+03
6.531192660550458413e+02 1.229766055045871553e+03
6.530097701149425120e+02 1.229978735632183998e+03
6.520255827174530623e+02 1.229960204661739681e+03
6.504036076662908954e+02 1.230137542277339435e+03
6.482041973908111459e+02 1.230216676120249531e+03
6.456603351955307062e+02 1.230346927374301686e+03
6.432966909702747671e+02 1.230742568704430823e+03
6.411706214689265835e+02 1.230976836158192100e+03
6.394727171492204434e+02 1.231396436525612444e+03
6.387231197771587858e+02 1.232160445682451154e+03
6.388513966480446697e+02 1.232191061452514077e+03
6.405613340870548882e+02 1.232127755794233963e+03
6.428773531089560720e+02 1.231869937250427938e+03
6.454021432600112576e+02 1.231163000564015874e+03
6.481684689812179840e+02 1.230746158224245846e+03
6.508556818181817789e+02 1.230339204545454550e+03
6.527726244343891722e+02 1.230138574660633594e+03
6.540968481375358579e+02 1.230046418338108879e+03
6.546364148816234092e+02 1.230202931228861416e+03
6.545143661971831079e+02 1.230313239436619824e+03
6.537315700619020618e+02 1.230927968486212649e+03
6.524730337078651701e+02 1.231282584269662948e+03
6.511727688787185571e+02 1.231820366132723166e+03
6.491412365286444128e+02 1.231875212705615468e+03
6.468283455674760489e+02 1.232210050818746367e+03
6.448066329398538983e+02 1.232195053400786946e+03
6.437277840269965736e+02 1.232209223847019075e+03
6.434593679458239421e+02 1.231879796839729124e+03
6.436286516853932653e+02 1.231831460674157370e+03
6.445874164810689990e+02 1.231491648106904222e+03
6.460833809251855655e+02 1.231195316961736125e+03
6.481832104367555303e+02 1.230419739081111629e+03
6.511156036446469670e+02 1.229735193621867893e+03
6.534581920903955279e+02 1.229272881355932213e+03
6.547311401020987205e+02 1.228977311401021097e+03
6.555301069217782697e+02 1.228887450759707463e+03
6.555351716375914748e+02 1.228958919527293119e+03
6.550509153318078006e+02 1.229079519450800944e+03
6.542580281690140964e+02 1.229456901408450676e+03
6.529370748299319303e+02 1.230285147392290355e+03
6.516229782487450848e+02 1.230603457891801554e+03
6.501602708803611677e+02 1.231385440180587011e+03
6.491124227093872605e+02 1.231414839797639161e+03
6.486166294642856656e+02 1.231303571428571331e+03
6.486146532438478971e+02 1.231442393736017948e+03
6.491523216308040674e+02 1.231251981879954656e+03
6.505134983127109081e+02 1.231219347581552256e+03
6.524360135900340083e+02 1.231037372593431428e+03
6.549678530424798737e+02 1.230894948335246909e+03
6.578711691259932195e+02 1.230394438138479018e+03
6.607658013544017876e+02 1.230065462753950442e+03
6.631602305475504409e+02 1.229986167146974140e+03
6.651256484149855623e+02 1.229740634005763695e+03
6.661876782658299589e+02 1.229148887621220865e+03
6.657744488411532302e+02 1.229237987563595198e+03
6.647065095398428411e+02 1.229441077441077368e+03
6.631966005665722150e+02 1.229674220963172729e+03
6.614438138479000600e+02 1.230015891032917125e+03
6.601672335600907218e+02 1.230334467120181444e+03
6.589813979706876808e+02 1.231135287485907611e+03
6.583211678832117286e+02 1.231341381246490755e+03
6.579365881032547350e+02 1.231811447811447806e+03
6.581415577032404371e+02 1.231799886299033460e+03
6.592490051165434579e+02 1.231297896532120603e+03
6.611657142857143299e+02 1.231213714285714332e+03
6.637105855855855907e+02 1.230742680180180287e+03
6.663123938879456318e+02 1.230469156762874945e+03
6.683563677898343940e+02 1.230102227298686557e+03
6.706385269121813053e+02 1.229464589235127505e+03
6.723567318757192197e+02 1.229195051783659437e+03
6.731032702237521335e+02 1.229032702237521562e+03
6.722907311456534671e+02 1.229086931491076484e+03
6.704581695676586151e+02 1.228533408197641847e+03
6.681649601820250837e+02 1.228375995449374386e+03
6.650040068689181680e+02 1.228354894104178584e+03
6.620148232611174990e+02 1.228485176738882501e+03
6.598544018058690881e+02 1.228703160270880289e+03
6.579144811858608364e+02 1.229473204104903061e+03
6.568756302521007910e+02 1.229768627450980375e+03
6.567453521126760734e+02 1.230413521126760543e+03
