6.664363738738738903e+02 1.229212837837837924e+03
6.651324689966178312e+02 1.228256482525366437e+03
6.632047781569965537e+02 1.227462457337883961e+03
6.602201365187713691e+02 1.226827645051194622e+03
6.576386414253897783e+02 1.226116369710467779e+03
6.551114237478897167e+02 1.225746201463140096e+03
6.528011019283746919e+02 1.225347658402203933e+03
6.506029735682819819e+02 1.225177863436123289e+03
6.481483728626585616e+02 1.225361279646994035e+03
6.464199229499174635e+02 1.226344523940561430e+03
6.454750137287204552e+02 1.226679297089511238e+03
6.445752599890530519e+02 1.227379310344827672e+03
6.447802988378527971e+02 1.228323187603763245e+03
6.471098104793757102e+02 1.229277591973244171e+03
6.493594186696478801e+02 1.230169368362213618e+03
6.509548746518105418e+02 1.231561002785515257e+03
6.521882352941177032e+02 1.232404481792716979e+03
6.540044469149527231e+02 1.233214563646470197e+03
6.566222222222222626e+02 1.233908262108262079e+03
6.589349179400113599e+02 1.234071307300509261e+03
6.603209039548022474e+02 1.234383050847457525e+03
6.603114109050028446e+02 1.234488476672287788e+03
6.601683445190157045e+02 1.234243288590603925e+03
6.590948131622977826e+02 1.233517568321249200e+03
6.582058328659562676e+02 1.233081323611890184e+03
6.577729789590255223e+02 1.232454042081948955e+03
6.566727373068432598e+02 1.231377483443708570e+03
6.545211654755360087e+02 1.230317207256734491e+03
6.524374313940724051e+02 1.229308452250274513e+03
6.509383259911894584e+02 1.228460352422907590e+03
6.507324945295405314e+02 1.227854485776805177e+03
6.513980099502487064e+02 1.227399115533443819e+03
6.523455964325529521e+02 1.227109810479375710e+03
6.530761052042529400e+02 1.226592613318410713e+03
6.527649006622516481e+02 1.227013245033112526e+03
6.527541436464088065e+02 1.227822099447513892e+03
6.531880965749578536e+02 1.229083660864682770e+03
6.542015721504772046e+02 1.230049971925884392e+03
6.555257558790593748e+02 1.230895296752519698e+03
6.564425770308123447e+02 1.231723249299719782e+03
6.563596442468037822e+02 1.232518065591995537e+03
6.557028665931642308e+02 1.233506063947078246e+03
6.549518072289156407e+02 1.234345564074479626e+03
6.543291139240506027e+02 1.234485965877820490e+03
6.529807797913234708e+02 1.234437122460186629e+03
6.524018794914317141e+02 1.234132117191818679e+03
6.518060606060605551e+02 1.232988429752066168e+03
6.517600671140939994e+02 1.232135346756152103e+03
6.519791431792559706e+02 1.230612739571589600e+03
6.508853288364249465e+02 1.229472175379426744e+03
6.484190687361418668e+02 1.228307649667405713e+03
6.471246490735542238e+02 1.227304323413812426e+03
6.469533183352081096e+02 1.226293025871766076e+03
6.471936758893281194e+02 1.225493506493506402e+03
6.472200337647720971e+02 1.224954980303882849e+03
6.472760942760942271e+02 1.224465768799102079e+03
6.469871076233183658e+02 1.225141255605381275e+03
6.463957072096862930e+02 1.225456796917996598e+03
6.467928374655647303e+02 1.226253443526170713e+03
6.488309312638581332e+02 1.227283813747228351e+03
6.513401889938854765e+02 1.227675931072818230e+03
6.541766666666666197e+02 1.228472777777777765e+03
6.559319313779745926e+02 1.229546209186496981e+03
6.566540154015401640e+02 1.230375687568756803e+03
6.583633818589025850e+02 1.231222284434490575e+03
6.615266404935501896e+02 1.231216489063376230e+03
6.641439051918736141e+02 1.231588600451467300e+03
6.661792986425339222e+02 1.231074660633484200e+03
6.670363843092666229e+02 1.230896532120523034e+03
6.668775852431525664e+02 1.230287870318613841e+03
6.668181309457190764e+02 1.229813094571908323e+03
6.665036496350364814e+02 1.229191465468837805e+03
6.651061547148503905e+02 1.228350084697910688e+03
6.628158192090395460e+02 1.227568926553672327e+03
6.599462786793508258e+02 1.226830442081701221e+03
6.576123688569850856e+02 1.226091662065157379e+03
6.557103372028744843e+02 1.225852404643449518e+03
6.535181318681318317e+02 1.225528021978022025e+03
6.515616061606160656e+02 1.225383388338833811e+03
6.494988962472406229e+02 1.225705849889624687e+03
6.477091306724986453e+02 1.226246036085292417e+03
6.472164502164501982e+02 1.226404220779220850e+03
6.473212321232123259e+02 1.227205720572057317e+03
6.488756218905472224e+02 1.228195688225539016e+03
6.526094444444444207e+02 1.230357777777777756e+03
