6.530751964085297914e+02 1.229689113355779909e+03
6.526876404494381632e+02 1.229904494382022449e+03
6.522761151891586451e+02 1.229888763410502634e+03
6.522536557930259278e+02 1.229603487064116962e+03
6.532079820123665286e+02 1.229302417088251786e+03
6.536284429454749443e+02 1.229053400786958946e+03
6.539440715883669100e+02 1.229096196868008974e+03
6.545727119595733257e+02 1.229195957327344104e+03
6.553263692828910507e+02 1.229372670807453460e+03
6.556653498871331749e+02 1.229182279909706494e+03
6.553904923599320682e+02 1.229661007357102335e+03
6.561370328425821299e+02 1.229639297848244723e+03
6.564338444065871272e+02 1.229785349233390207e+03
6.566408808582721122e+02 1.229749294184076689e+03
6.570112107623318707e+02 1.229358183856502137e+03
6.576418499717991608e+02 1.229253243090806563e+03
6.582419263456090448e+02 1.229453257790368298e+03
6.584328442437923741e+02 1.229591986455981896e+03
6.584640044994375785e+02 1.229588301462317304e+03
6.581969696969697452e+02 1.229682940516273902e+03
6.584904063205417515e+02 1.229788939051918760e+03
6.590721590909090537e+02 1.229794886363636351e+03
6.592801136363635806e+02 1.229517045454545496e+03
6.590175240248728414e+02 1.229178631995477645e+03
6.587698815566835719e+02 1.229319232938522191e+03
6.592360637087599571e+02 1.229126848691695159e+03
6.595872747747747553e+02 1.229061936936936945e+03
6.595906531531531982e+02 1.229089527027027088e+03
6.595326209223846945e+02 1.228924071991001028e+03
6.594730337078651701e+02 1.228947752808988753e+03
6.591702367531003119e+02 1.228972378804960499e+03
6.587139652271453087e+02 1.229098710039259686e+03
6.585909345271404618e+02 1.229080581980973648e+03
6.587680586907449651e+02 1.228966139954853361e+03
6.590545144804088977e+02 1.228823963657013110e+03
6.588143982002250141e+02 1.228751968503936951e+03
6.581032148900169432e+02 1.229175972927241901e+03
6.574288913773796139e+02 1.229351063829787336e+03
6.573890765765765991e+02 1.229166666666666742e+03
6.570503355704697697e+02 1.229107941834451822e+03
6.561207865168539684e+02 1.229203932584269751e+03
6.557594866071428896e+02 1.229166852678571331e+03
6.554465691788526556e+02 1.229254780652418503e+03
6.549032979318054686e+02 1.229177193963107811e+03
6.541180438448566292e+02 1.229023608768971371e+03
6.541697582911748441e+02 1.228879145587408630e+03
6.540633408071748818e+02 1.228769058295964214e+03
6.534422110552764025e+02 1.228662758235622505e+03
6.526042600896861359e+02 1.228752802690582939e+03
6.512910406232609830e+02 1.228535893155258691e+03
6.507673900946020922e+02 1.228607122982748933e+03
6.506305803571428896e+02 1.228754464285714221e+03
6.505869927737631997e+02 1.228780989438577080e+03
6.505743016759776083e+02 1.228811173184357585e+03
6.505196408529741348e+02 1.228748597081930484e+03
6.506841811067635035e+02 1.228432643935159376e+03
6.505192629815745704e+02 1.228736460078168648e+03
6.505267605633803214e+02 1.228969014084507080e+03
6.506914833615340967e+02 1.228988155668358786e+03
6.506978579481398128e+02 1.228973506200676411e+03
6.505188096574958081e+02 1.229050533408197680e+03
6.502695995487873688e+02 1.229033276931754017e+03
6.501758737316798715e+02 1.229011837655016961e+03
6.504874090654728889e+02 1.229155567991046382e+03
6.514456338028169284e+02 1.229034929577464709e+03
6.518780213603147331e+02 1.228756042720629466e+03
6.518773213280810523e+02 1.228574001125492487e+03
6.524250281848928807e+02 1.228750281848929035e+03
6.535479143179255743e+02 1.228684892897407053e+03
6.542095774647887083e+02 1.228761690140845076e+03
6.543563348416289500e+02 1.229041855203619889e+03
6.553626499143346109e+02 1.229075385494003513e+03
