6.560687323943661795e+02 1.231219718309859218e+03
6.514969359331475971e+02 1.231236211699164414e+03
6.477638810992708613e+02 1.231829500841278787e+03
6.432301675977653304e+02 1.231962569832402323e+03
6.397534473248758786e+02 1.232450082735796968e+03
6.376500559910414268e+02 1.233196528555431087e+03
6.354457964601770072e+02 1.233810287610619525e+03
6.330474330357143344e+02 1.234197544642857110e+03
6.319955776672194361e+02 1.234491984521835320e+03
6.314972436604189170e+02 1.234740352811466437e+03
6.309020902090209120e+02 1.234542904290429078e+03
6.311398210290827819e+02 1.234359060402684463e+03
6.316845600442723025e+02 1.233679026009961262e+03
6.335699281370923472e+02 1.232530127142067386e+03
6.355923248053392172e+02 1.232249721913236954e+03
6.384933333333333394e+02 1.231454444444444334e+03
6.411127313516544746e+02 1.230301177790241127e+03
6.438661461238148149e+02 1.229462911321807042e+03
6.477559888579387462e+02 1.228622284122562633e+03
6.514827008928571104e+02 1.228059151785714221e+03
6.560584894946052827e+02 1.227412833617263004e+03
6.616363122171945861e+02 1.226856900452488617e+03
6.662662154540327037e+02 1.226240834743372716e+03
6.690840431572969464e+02 1.226039750141964760e+03
6.723376404494382541e+02 1.225534831460674241e+03
6.751013016411998251e+02 1.225408602150537718e+03
6.768523301516001993e+02 1.224792813026389695e+03
6.781439010680157935e+02 1.224194491287239998e+03
6.787298818232976600e+02 1.224074845244794687e+03
6.790947840717891495e+02 1.223304542905215840e+03
6.787315284827975574e+02 1.222937958262831444e+03
6.781575112107623227e+02 1.223031950672645735e+03
6.775038975501113327e+02 1.223350779510022221e+03
6.764103139013452619e+02 1.224182174887892415e+03
6.747938888888888869e+02 1.225211111111111222e+03
6.723126059920858779e+02 1.226482758620689765e+03
6.691293447293447798e+02 1.227896866096866006e+03
6.656814606741572788e+02 1.229125842696629206e+03
6.617935267857143344e+02 1.229545758928571331e+03
6.565841252096142853e+02 1.229533817775293528e+03
6.518982102908277056e+02 1.229890939597315537e+03
6.481847887323943951e+02 1.230256901408450631e+03
6.439380979178390589e+02 1.230516601012943056e+03
6.404292873051224433e+02 1.231115256124721554e+03
6.379630665920536785e+02 1.232306099608282011e+03
6.355765363128491572e+02 1.232903351955307244e+03
6.318963585434173638e+02 1.233478991596638707e+03
