6.489765667574931740e+02 1.227146049046321423e+03
6.481972972972972684e+02 1.226702162162162267e+03
6.475501089324618533e+02 1.226655773420479363e+03
6.475426229508196911e+02 1.226529508196721281e+03
6.486046255506607849e+02 1.226478524229074992e+03
6.503232711306256988e+02 1.227203073545554389e+03
6.523051126992853597e+02 1.228197910940077008e+03
6.538761593016912457e+02 1.228733224222585932e+03
6.560877967973494833e+02 1.229359469906129107e+03
6.583348139922264863e+02 1.230354802887284905e+03
6.599281370923162058e+02 1.231078496406854583e+03
6.609260679079956162e+02 1.231635268346111616e+03
6.616882546652030896e+02 1.232298024149286448e+03
6.626484848484848271e+02 1.232369696969696861e+03
6.627660979636764296e+02 1.232394056136488643e+03
6.620081699346404775e+02 1.232465141612200341e+03
6.611269754768392204e+02 1.232186376021798424e+03
6.596688705234159897e+02 1.231377410468319567e+03
6.569863238512034513e+02 1.231064004376367620e+03
6.547666303162486656e+02 1.230280261723009744e+03
6.526287425149700994e+02 1.229334240609689687e+03
6.504639737991266202e+02 1.228417030567685515e+03
6.485479825517993504e+02 1.228107960741548595e+03
6.474358974358974592e+02 1.227325150027277687e+03
6.466597374179431199e+02 1.227244529540481381e+03
6.459737561509020907e+02 1.226898305084745743e+03
6.480580821917808407e+02 1.227120547945205544e+03
