6.661761716544325509e+02 1.230029926595143934e+03
6.647191201353638235e+02 1.231209249858996145e+03
6.633412698412698774e+02 1.232159297052154216e+03
6.617161326587970507e+02 1.232786396852164216e+03
6.611512935883014279e+02 1.232798087739032553e+03
6.611965188096575048e+02 1.232526108927568885e+03
6.616657287563308500e+02 1.232096792346651682e+03
6.625819304152637415e+02 1.231398428731762124e+03
6.634454443194600799e+02 1.230453880764904397e+03
6.642441661923733136e+02 1.230259533295389929e+03
6.649731428571428751e+02 1.230117142857142881e+03
6.659526795895096711e+02 1.230023375142531449e+03
6.670702857142856601e+02 1.229777142857142962e+03
6.677221908526256584e+02 1.229552795031055894e+03
6.681208981001726670e+02 1.229485319516407571e+03
6.683041738136078038e+02 1.229094339622641428e+03
6.690281285878301105e+02 1.229143513203214752e+03
6.704025085518813967e+02 1.228090649942987511e+03
6.716780432309442403e+02 1.227590443686006893e+03
6.718797250859106498e+02 1.227110538373425015e+03
6.706780238500851965e+02 1.226823963657013110e+03
6.688611422172452876e+02 1.226699328107502879e+03
6.680468661773010126e+02 1.227044607566346713e+03
6.671175478065241577e+02 1.227358830146231639e+03
6.663003374578178182e+02 1.228203599550056197e+03
6.655980780101751861e+02 1.229042396834369811e+03
6.645479528883903413e+02 1.230353897924845796e+03
6.634901408450704139e+02 1.231220845070422456e+03
6.626017947279865439e+02 1.231709478407178949e+03
6.614394110985277848e+02 1.232102491506228716e+03
6.608445945945945823e+02 1.232251126126126110e+03
6.618004509582863193e+02 1.231917136414881725e+03
6.637735742518351572e+02 1.231308300395256992e+03
6.650750426378624525e+02 1.230463899943149499e+03
6.657387133182844536e+02 1.229380925507900656e+03
6.664648370497427550e+02 1.229196112064036697e+03
6.671547687035979379e+02 1.228357509994288876e+03
6.677303370786517007e+02 1.227693258426966395e+03
6.688266741699493423e+02 1.227778840742824968e+03
6.695814877910278256e+02 1.227421351504826816e+03
6.700750853242320773e+02 1.227646188850967064e+03
6.701191827468785505e+02 1.227769580022701575e+03
6.700524515393386764e+02 1.227754275940706975e+03
6.702104664391354163e+02 1.227639931740614429e+03
6.707417181358787275e+02 1.227435710275126439e+03
6.706961668545659450e+02 1.227068771138669717e+03
6.687346938775509670e+02 1.227063492063492049e+03
6.656584130557118897e+02 1.227644907146876676e+03
6.632397959183673493e+02 1.228332766439909392e+03
6.612261904761904816e+02 1.228714852607709645e+03
6.587806122448979522e+02 1.229247732426303855e+03
6.568522278623801185e+02 1.229966159052453577e+03
6.554144400227402230e+02 1.230998294485503038e+03
6.536218020022247401e+02 1.231490545050055516e+03
6.523746494671901246e+02 1.232255748738081820e+03
6.513652762119503450e+02 1.232771702367530906e+03
6.503843995510661671e+02 1.232566217732884297e+03
6.503208496366685267e+02 1.232447177193963171e+03
6.507432126696832029e+02 1.232269796380090611e+03
6.515586907449210230e+02 1.231290067720090292e+03
6.516824058459808384e+02 1.230674536256323790e+03
6.521809903244165980e+02 1.230381900967558295e+03
6.524301075268816703e+02 1.229248443689869873e+03
6.523079999999999927e+02 1.229208571428571531e+03
6.522033410138249110e+02 1.228991359447004697e+03
6.524269662921348072e+02 1.228380898876404444e+03
6.516048970506399201e+02 1.228281580411797449e+03
6.503431151241535417e+02 1.228642776523701968e+03
6.488993174061433820e+02 1.229247440273037455e+03
6.476653543307086238e+02 1.229154105736782867e+03
6.471608154020384518e+02 1.229378822197055570e+03
6.464742729306487945e+02 1.229363534675615256e+03
6.452416525183928115e+02 1.229401810979060656e+03
6.436121313299944404e+02 1.230025041736226967e+03
6.425849162011172666e+02 1.230397206703910570e+03
6.418411267605633839e+02 1.231139154929577444e+03
6.407434320849636151e+02 1.231397987702627233e+03
6.391138028169013978e+02 1.231880000000000109e+03
6.382913165266106716e+02 1.232230252100840289e+03
6.380725041829335851e+02 1.232339654210819845e+03
6.388845720720720465e+02 1.232998873873873890e+03
6.398294879009566785e+02 1.232842993809791778e+03
6.402889518413597898e+02 1.232698583569405173e+03
6.409748743718593005e+02 1.232351758793969793e+03
6.418456260720411137e+02 1.232008576329330936e+03
6.427474460839954418e+02 1.231322928490351842e+03
6.445661226786719453e+02 1.230072031513787351e+03
6.478571428571428896e+02 1.228206411698537750e+03
6.490564334085778455e+02 1.227645033860045260e+03
6.492231638418079456e+02 1.227370056497175028e+03
6.492248722316865042e+02 1.227288472458830256e+03
6.488664421997755198e+02 1.227594276094275983e+03
6.482820945945945823e+02 1.228417792792792852e+03
6.476129753914989351e+02 1.228645973154362309e+03
6.470830977953646652e+02 1.229305257207461864e+03
6.467758426966291836e+02 1.229844382022472018e+03
6.463736017897091415e+02 1.229728747203579360e+03
6.453101123595505442e+02 1.230340449438202313e+03
6.445390625000000000e+02 1.230599330357142890e+03
6.444026845637583847e+02 1.230466442953020078e+03
6.443608305274972281e+02 1.230312570145903464e+03
6.439521158129175546e+02 1.230219376391982223e+03
6.434420817011751978e+02 1.230532736429770466e+03
6.428094972067038952e+02 1.230504469273743098e+03
6.429760273972602818e+02 1.230998858447488601e+03
6.439738041002277669e+02 1.230871867881548951e+03
6.460926243567753318e+02 1.230895368782161313e+03
6.479590210586226249e+02 1.230474672737620949e+03
6.494174208144796694e+02 1.230013574660633594e+03
6.515123595505617686e+02 1.229526404494381950e+03
6.526437889960294569e+02 1.228851389676687404e+03
6.536118309859155033e+02 1.227998309859154915e+03
6.545544275239706167e+02 1.227254371122391376e+03
6.550762281197063430e+02 1.226258610954263077e+03
6.552261363636363285e+02 1.225947159090909054e+03
6.552819358469330382e+02 1.225436128306133924e+03
6.549686274509804207e+02 1.225487955182072938e+03
6.539431946006749286e+02 1.226120359955005597e+03
6.525760626398209752e+02 1.226390380313199103e+03
6.513971910112359183e+02 1.227451123595505578e+03
6.505838440111421050e+02 1.228187743732590434e+03
6.505131065253764291e+02 1.229273842721695473e+03
6.502713397399660380e+02 1.229938948558507718e+03
6.501097972972972912e+02 1.230515202702702709e+03
6.501837655016911413e+02 1.230594701240135237e+03
6.509766647694934818e+02 1.230499715424018177e+03
6.519488345650937617e+02 1.230395110858442195e+03
6.523433427762039400e+02 1.230198866855524102e+03
6.527206047032474316e+02 1.230356103023516198e+03
6.532140033879164775e+02 1.230314511575381175e+03
6.537206047032474316e+02 1.230381298992161192e+03
6.550992667794698718e+02 1.230407783417935661e+03
6.571832959641255911e+02 1.230410313901345262e+03
6.595632698768197315e+02 1.230442329227323626e+03
6.618283286118979731e+02 1.230164305949008394e+03
6.639411764705882888e+02 1.230177612792689843e+03
6.657329192546584409e+02 1.229792772444946422e+03
6.676263486655309407e+02 1.229084043157296946e+03
6.692783446712018076e+02 1.228360544217686993e+03
6.704346590909091219e+02 1.227486931818181802e+03
6.705207740466704536e+02 1.227297666476949416e+03
6.705308781869688346e+02 1.227294050991501308e+03
6.702518560822387599e+02 1.228079383209594425e+03
6.693675553034599943e+02 1.228709018718094057e+03
6.681266400456360088e+02 1.229379920136908140e+03
6.662300283286118656e+02 1.230337110481586478e+03
6.643488901536710500e+02 1.231598178713716607e+03
6.630735294117647527e+02 1.232500565610859667e+03
6.617595936794582485e+02 1.233237584650112922e+03
6.610150669642856656e+02 1.233294084821428669e+03
6.612015855039637700e+02 1.233117214043035119e+03
6.617412031782065469e+02 1.232723041997729752e+03
6.627352112676056777e+02 1.232423661971831052e+03
6.633999999999999773e+02 1.231385875706214620e+03
6.638518518518518476e+02 1.231208547008546930e+03
6.639178470254958029e+02 1.230554674220963079e+03
6.640921501706484378e+02 1.230525028441410768e+03
6.650649202733485481e+02 1.230448747152619489e+03
6.660347021399652476e+02 1.230390399074609604e+03
6.666194285714285570e+02 1.230308571428571440e+03
6.670555237550086076e+02 1.230008013737836336e+03
6.677772727272727025e+02 1.229722159090909145e+03
6.690840480274442825e+02 1.229052029731275070e+03
6.711156036446469670e+02 1.228526195899772119e+03
6.724017094017093541e+02 1.227628490028489978e+03
6.722673153978248592e+02 1.227257584430452198e+03
6.710422857142857538e+02 1.227121714285714233e+03
6.695169683257918223e+02 1.227036764705882433e+03
6.681688238604389198e+02 1.227262802476083380e+03
6.668210050818746595e+02 1.227746470920383899e+03
6.654401129943503292e+02 1.228881355932203405e+03
6.641984171848502001e+02 1.229829282080271241e+03
6.631123085649461473e+02 1.230816222348270003e+03
6.620839436619718299e+02 1.231485070422535273e+03
6.604359550561797505e+02 1.232297752808988662e+03
