6.463846581434130485e+02 1.229994997220678215e+03
6.457440677966101248e+02 1.230531638418079183e+03
6.454718785151856082e+02 1.230550618672665905e+03
6.454698251551043313e+02 1.230498025944726351e+03
6.457846674182637798e+02 1.230457158962796029e+03
6.460864406779661522e+02 1.230475141242937752e+03
6.465128491620112072e+02 1.230606703910614442e+03
6.472113866967305285e+02 1.230824126268320242e+03
6.478226990400903560e+02 1.231207227555053578e+03
6.480732122587968433e+02 1.230891032917139682e+03
6.483003412969283090e+02 1.230948236632536918e+03
6.484767045454545951e+02 1.230782386363636306e+03
6.485237020316027383e+02 1.230800790067720072e+03
6.484614093959731917e+02 1.230284116331096129e+03
6.483625140291807156e+02 1.230158249158249191e+03
6.484505061867266704e+02 1.230027559055118218e+03
6.485044444444444025e+02 1.229671111111111031e+03
6.485837053571428896e+02 1.229467633928571331e+03
6.487104377104377591e+02 1.229456790123456813e+03
6.487396950875212269e+02 1.229369282891022067e+03
6.491202279202278760e+02 1.229364102564102495e+03
6.494048697621743713e+02 1.229464892412230938e+03
6.500563460443938766e+02 1.229720546385884973e+03
6.510754395916052317e+02 1.229531480431083310e+03
6.519994340690435592e+02 1.229518392756083813e+03
6.525727119595733257e+02 1.229841100505333998e+03
6.526603032004492206e+02 1.229895002807411629e+03
6.527861173814898166e+02 1.230060948081264087e+03
6.528540022547914532e+02 1.230125140924464404e+03
6.528101408450704639e+02 1.230092394366197141e+03
6.527869589657110510e+02 1.230023608768971371e+03
6.525551839464883415e+02 1.230057971014492750e+03
6.532525366403607450e+02 1.229670800450958268e+03
6.539019058295964442e+02 1.229681053811659240e+03
6.544295415959253432e+02 1.229302773061686366e+03
6.547511312217194472e+02 1.229304298642533922e+03
6.553234960272417311e+02 1.228834846765039629e+03
6.560266742338252470e+02 1.228914301929625481e+03
6.565493197278912021e+02 1.228955782312925066e+03
6.570335799658508904e+02 1.228894706886738732e+03
6.575553681843732647e+02 1.229121978639685267e+03
6.582196235025670603e+02 1.229292070735881452e+03
6.585215909090909463e+02 1.229394318181818107e+03
6.590249858035207353e+02 1.229436683702441769e+03
6.592508551881413723e+02 1.230011402508551782e+03
6.593556437889960762e+02 1.230014747589336366e+03
6.593308740068104044e+02 1.229742905788876215e+03
6.594538288288288186e+02 1.229603603603603688e+03
6.595245346869712648e+02 1.229538071065989925e+03
6.596549971767362877e+02 1.229324675324675354e+03
6.600441176470587834e+02 1.228547511312217239e+03
6.605411230856494740e+02 1.228707884288145124e+03
6.608332387975042366e+02 1.228792399319341939e+03
6.617276836158191600e+02 1.228289830508474552e+03
6.623815489749430299e+02 1.228150341685649209e+03
6.632248722316865042e+02 1.228417944349801246e+03
6.638055713473564765e+02 1.228925525866969792e+03
6.647594793435200700e+02 1.229357668364459641e+03
6.655487323943661977e+02 1.229796056338028166e+03
6.660462328767123381e+02 1.230085045662100356e+03
6.662152336987882109e+02 1.230674552798615196e+03
6.667529880478087989e+02 1.230340352874217388e+03
6.672034285714286170e+02 1.230189714285714217e+03
6.676089417091114910e+02 1.229984719864176668e+03
6.676821005081874318e+02 1.229805759457933391e+03
6.675905245346870061e+02 1.229701071630005572e+03
6.672368866328257582e+02 1.229072758037224958e+03
6.664613649182176687e+02 1.229245346869712421e+03
6.654757062146892395e+02 1.229207909604519728e+03
6.649634285714286079e+02 1.229300571428571402e+03
6.646583990980834642e+02 1.229275084554678642e+03
6.645898437500000000e+02 1.229508370535714221e+03
6.645204252937884348e+02 1.229429770565193166e+03
6.646758426966291609e+02 1.229649438202247211e+03
6.647808764940239143e+02 1.230343767785998807e+03
6.644173716864072503e+02 1.230438240270727647e+03
6.644076792772444833e+02 1.230438170525127134e+03
6.645630347974899905e+02 1.230698802053622330e+03
6.647068477645726716e+02 1.230490096208262685e+03
6.647611518915866782e+02 1.230312817617165365e+03
6.649965655409273495e+02 1.230474527761877425e+03
6.649810453762205498e+02 1.230415852958069991e+03
6.647671777399204984e+02 1.230492901760363338e+03
6.643545301069217430e+02 1.230422059651097243e+03
6.638822863610639615e+02 1.230902093944538819e+03
6.636998304126625499e+02 1.230867156585641624e+03
6.640000000000000000e+02 1.230634076615208642e+03
6.647331812998859277e+02 1.230897947548460706e+03
6.653387096774193878e+02 1.230807027649769680e+03
6.664956672443673824e+02 1.230897169266320134e+03
6.676456558773423922e+02 1.230629755820556511e+03
6.678837342497135978e+02 1.230822451317296782e+03
6.674936708860759609e+02 1.231118527042577625e+03
6.671120591581342296e+02 1.231153583617747472e+03
6.666704352741661523e+02 1.231299039005087707e+03
6.658535494689771213e+02 1.231535494689770758e+03
6.653564189189189619e+02 1.231451576576576599e+03
6.649966235227911966e+02 1.231459763646595320e+03
6.642473178994918044e+02 1.231591756070017027e+03
6.634647651006711158e+02 1.231704697986577230e+03
6.627167694896241983e+02 1.231810431856421701e+03
6.622898142937534658e+02 1.231411367473269593e+03
6.615340136054421691e+02 1.231211451247165542e+03
6.609430022573363885e+02 1.231212189616252772e+03
6.605039149888143584e+02 1.230597874720358050e+03
6.602228474957794333e+02 1.230522791221159196e+03
6.598377464788732141e+02 1.230707042253521195e+03
6.595944726452340774e+02 1.231172024816694829e+03
6.594096792346651910e+02 1.231360720315137769e+03
6.594032620922384922e+02 1.231561867266591662e+03
6.594066059225513072e+02 1.232054100227790514e+03
6.592616769836803314e+02 1.232580754079909866e+03
6.587934115019542105e+02 1.232632607481853711e+03
6.578957055214723368e+02 1.232378137200223136e+03
6.569361702127660010e+02 1.231863941769316853e+03
6.560444319460067391e+02 1.231491001124859395e+03
6.556139169472502317e+02 1.231451178451178521e+03
6.549326599326599307e+02 1.231134118967452196e+03
6.545643454038996651e+02 1.230764902506963836e+03
6.545221729490021971e+02 1.230650221729490113e+03
6.543329646017699588e+02 1.230592920353982208e+03
6.533483333333333576e+02 1.230640000000000100e+03
6.528373392956958696e+02 1.231243711570709820e+03
6.527978782802903197e+02 1.231273590173087769e+03
6.527737430167597950e+02 1.231484357541899499e+03
6.524644444444444389e+02 1.231946666666666715e+03
6.522391061452514123e+02 1.231551396648044602e+03
6.517331491712707248e+02 1.231608287292817749e+03
6.513316694398224627e+02 1.231660011092623336e+03
6.505876460767946128e+02 1.231508625486922710e+03
6.504057078903189222e+02 1.231269725797425963e+03
6.498337053571428896e+02 1.231181919642857110e+03
6.494860801781736654e+02 1.230829064587973335e+03
6.487782122905027791e+02 1.230477653631284966e+03
6.486694490818030090e+02 1.230321647189760824e+03
6.484644048943270036e+02 1.230241935483870975e+03
6.478223830734966668e+02 1.229998329621380890e+03
6.474224569205114221e+02 1.230421901056142360e+03
6.469059543683918037e+02 1.230490261547022783e+03
6.467264623955431944e+02 1.230638440111420550e+03
6.464841048522030178e+02 1.230635805911879515e+03
6.465030538589672915e+02 1.230619100499722435e+03
6.466852990497484370e+02 1.230636668529904910e+03
6.469081746920493288e+02 1.230671892497200361e+03
6.469534753363228674e+02 1.230659192825112086e+03
6.466319599109131104e+02 1.230805679287305111e+03
6.461650704225352229e+02 1.230690140845070346e+03
6.454264952487422988e+02 1.230501956400223662e+03
6.444694915254236776e+02 1.231045762711864427e+03
6.431761395610579939e+02 1.230854811480022590e+03
6.425025238362310347e+02 1.231106001121705049e+03
6.422906127037662145e+02 1.230867903316469892e+03
6.423645070422535355e+02 1.230546478873239494e+03
6.425950644980370043e+02 1.230535614133482795e+03
6.431549857549857734e+02 1.230284330484330440e+03
6.434885583524027197e+02 1.230561784897025063e+03
6.440251860331998159e+02 1.230258156840297715e+03
6.446847457627118274e+02 1.230293785310734393e+03
6.454555680539932609e+02 1.230517997750281211e+03
6.460000000000000000e+02 1.230367497168742830e+03
6.466595264937993761e+02 1.230954904171364205e+03
6.471879232505643813e+02 1.230922686230248246e+03
6.476440294284096808e+02 1.231267685342388177e+03
6.481154064809551301e+02 1.231192154633314431e+03
6.484738339021615730e+02 1.231177474402730468e+03
6.485123634272570143e+02 1.231660724554341641e+03
6.489699421965317470e+02 1.231296531791907455e+03
6.491492281303602567e+02 1.230689536878216131e+03
6.491615819209039273e+02 1.230331073446327764e+03
6.486419189034837700e+02 1.230805825242718356e+03
6.486392333709131890e+02 1.230140360766629101e+03
6.485280269058296199e+02 1.230057735426009003e+03
6.486331460674157370e+02 1.230002247191011293e+03
6.490988571428571277e+02 1.230058857142857050e+03
6.498047808764940783e+02 1.230430278884462041e+03
6.500957264957264670e+02 1.230706552706552657e+03
6.501050228310501780e+02 1.230829337899543361e+03
6.501243611584327482e+02 1.231021578648495279e+03
6.499267877412031567e+02 1.231191827468785505e+03
6.493850085178875133e+02 1.231017603634298666e+03
6.491784302653867371e+02 1.231000000000000000e+03
6.486719817767653922e+02 1.231506264236902098e+03
6.480972300734878218e+02 1.230755228942905660e+03
6.475055803571428896e+02 1.230413504464285779e+03
6.470961754780652200e+02 1.230232845894263164e+03
6.471494641849972140e+02 1.230031020868584392e+03
6.473150837988827107e+02 1.229627932960893759e+03
6.477081232492997742e+02 1.229668347338935519e+03
6.485083705357143344e+02 1.229651227678571331e+03
6.492247887323943587e+02 1.229575774647887329e+03
6.496965399886556725e+02 1.230273964832671481e+03
6.503174332765473764e+02 1.230176604202157932e+03
6.509346478873239903e+02 1.230410704225352220e+03
6.516640493550196425e+02 1.230625911385305699e+03
6.523558939650309867e+02 1.230448392554991642e+03
6.528914510686164476e+02 1.230563554555680639e+03
6.536341189674523093e+02 1.230543771043771130e+03
6.543563799887576806e+02 1.230353569421022939e+03
6.548175637393767374e+02 1.230329745042492959e+03
6.552264472190692004e+02 1.230014188422247344e+03
6.554704558244231976e+02 1.229729319077096307e+03
6.555131065253764291e+02 1.229747908533184500e+03
6.554446290143964688e+02 1.229560908084163884e+03
6.554178690344061806e+02 1.229572142064372883e+03
6.553955555555555748e+02 1.229543333333333294e+03
6.553553948832035303e+02 1.229507786429365979e+03
6.555222717149219989e+02 1.229594654788418666e+03
6.560870786516853741e+02 1.229703370786516871e+03
6.574265695067264232e+02 1.229640695067264687e+03
6.586583054626532885e+02 1.229368450390189537e+03
6.595062287655719047e+02 1.229944507361268506e+03
6.599654586636467002e+02 1.229633069082672819e+03
6.599173272933181806e+02 1.229573046432616138e+03
6.596726157278304754e+02 1.229667596207473480e+03
6.591381431767338199e+02 1.229604026845637691e+03
6.585568496949528026e+02 1.229829728230726460e+03
6.580403813796971235e+02 1.230429613011777974e+03
6.584490481522956316e+02 1.229880739081746924e+03
6.590426378624218842e+02 1.230213757816941552e+03
6.594050561797753289e+02 1.229889887640449388e+03
6.596963380281690661e+02 1.229963380281690206e+03
6.602704686617730658e+02 1.230031620553359744e+03
6.606653543307086238e+02 1.229877952755905426e+03
