6.688378531073445856e+02 1.230205649717514234e+03
6.687490174059516903e+02 1.230284110050533400e+03
6.686802911534155101e+02 1.230315789473684163e+03
6.691204070096099485e+02 1.230219332956472499e+03
6.701029825548677081e+02 1.230163759144625828e+03
6.711397970687711450e+02 1.229875422773393439e+03
6.714930128563443077e+02 1.230055897149245311e+03
6.709473684210526017e+02 1.230101903695408737e+03
6.692415540540540633e+02 1.229738175675675620e+03
6.676070234113711876e+02 1.229319397993310986e+03
6.664331281477336688e+02 1.229364297705652007e+03
6.660163472378804954e+02 1.229392333709131890e+03
6.660853453116226319e+02 1.229267827063447612e+03
6.664234234234234009e+02 1.229359797297297291e+03
6.667278338945005771e+02 1.228942760942760970e+03
6.664384485666104183e+02 1.229063518830803787e+03
6.650893665158371277e+02 1.228697963800904972e+03
6.637624093697713761e+02 1.228558282208588935e+03
6.631227477477477805e+02 1.228806306306306396e+03
6.628970174451322919e+02 1.229189082723691627e+03
6.631636466591166936e+02 1.229190826727066906e+03
6.637029592406477150e+02 1.229159687325516416e+03
6.642725724020442613e+02 1.229427030096536100e+03
6.641955907292255006e+02 1.229426229508196684e+03
6.637959754052543531e+02 1.229015092230296204e+03
6.635391014975041344e+02 1.229187465335551906e+03
6.628100278551531801e+02 1.229172701949860766e+03
6.622611142374788642e+02 1.229454698930782115e+03
6.617533407572383339e+02 1.229170378619153780e+03
6.615686383928571104e+02 1.229287946428571331e+03
6.615501113585745543e+02 1.229159799554565780e+03
6.616104910714285552e+02 1.228811383928571331e+03
6.617189944134078132e+02 1.228539664804469339e+03
6.615252357182473588e+02 1.228557958957293295e+03
6.604426503340757790e+02 1.228536748329621332e+03
6.591594366197183490e+02 1.228392676056338132e+03
6.583077354260090033e+02 1.228253363228699527e+03
6.577883863763261161e+02 1.228097710776102758e+03
6.580598531902879813e+02 1.227996047430830004e+03
6.584489910313901646e+02 1.228418161434977492e+03
6.589402480270574642e+02 1.228256482525366437e+03
6.587359017308765488e+02 1.228731434952540440e+03
6.582169758291174730e+02 1.228893198426082108e+03
6.571069794050342807e+02 1.229675057208238059e+03
6.566153846153846416e+02 1.229150477259966237e+03
6.563873318385650464e+02 1.229263452914798108e+03
6.564191011235955102e+02 1.229287078651685306e+03
6.565179573512906472e+02 1.229368686868686837e+03
6.557094255437813217e+02 1.229336307863915181e+03
6.541197975253093091e+02 1.229480877390326214e+03
6.518446927374301367e+02 1.229322905027932848e+03
6.501168539325842630e+02 1.229412359550561860e+03
6.487661469933184435e+02 1.229274498886414221e+03
6.479435438792621653e+02 1.229186696478479689e+03
6.472874720357941669e+02 1.229062080536912845e+03
6.462916432978126977e+02 1.229065619742007812e+03
6.448094701240135009e+02 1.228996054114994422e+03
6.433149295774647953e+02 1.229010140845070509e+03
6.417987633501967366e+02 1.228881394041596423e+03
6.414666292765002709e+02 1.228965227145260769e+03
6.416842400448681474e+02 1.228911946158160390e+03
6.427246782316732379e+02 1.228903749300503705e+03
6.436577181208053844e+02 1.229335011185682333e+03
6.437497200447928662e+02 1.229385778275476014e+03
6.428854748603351936e+02 1.229416201117318451e+03
6.422397529477821081e+02 1.230042111173498142e+03
6.417477578475336486e+02 1.229842488789237677e+03
6.440249009620825973e+02 1.230400679117147774e+03
6.455865546218487907e+02 1.230403921568627538e+03
6.467491620111732118e+02 1.230415083798882733e+03
6.471947250280583148e+02 1.230430415263748500e+03
6.471901289960740087e+02 1.230445316881660119e+03
6.466954824316787835e+02 1.230508644729503658e+03
6.460175141242938253e+02 1.230910734463276867e+03
6.460226372382569480e+02 1.230880022637238199e+03
6.465285149632975390e+02 1.231009034443816972e+03
6.470734048560135534e+02 1.230714850367024383e+03
6.476993281075027653e+02 1.230301231802911616e+03
6.482963169642856656e+02 1.230097656250000000e+03
6.485392817059483832e+02 1.230106621773288452e+03
6.483748603351955353e+02 1.230221229050279362e+03
6.478723404255318883e+02 1.230255319148936223e+03
6.477173792337590612e+02 1.230468073292615145e+03
6.477692307692307168e+02 1.230385730211817190e+03
6.481132394366196650e+02 1.230400563380281710e+03
6.490158730158730123e+02 1.230590702947845784e+03
6.502063134160090385e+02 1.230581172491544521e+03
6.510947012401352367e+02 1.230738444193912073e+03
6.517526760563380321e+02 1.230930140845070355e+03
6.520376193149916162e+02 1.231337450870297516e+03
6.519581920903955279e+02 1.231277401129943428e+03
6.516949247071946729e+02 1.231637479085331734e+03
6.516131917272218743e+02 1.231666852990497546e+03
6.522325450450450717e+02 1.231559121621621671e+03
6.535095936794582485e+02 1.231305304740406427e+03
6.545171830985915449e+02 1.231287323943661931e+03
6.551460928652321627e+02 1.231338618346545900e+03
6.548850252383623456e+02 1.231019629837352795e+03
6.543412029229904192e+02 1.231108487914558737e+03
6.541533333333333076e+02 1.230682222222222208e+03
6.545691964285714448e+02 1.230367187500000000e+03
6.558653198653198615e+02 1.230428731762065127e+03
6.574259988745076271e+02 1.230477771525042272e+03
6.586489659027389507e+02 1.230261039686975892e+03
6.596968680089485133e+02 1.230149328859060461e+03
6.608024760832864786e+02 1.230287000562746243e+03
6.618227349465390716e+02 1.230202025886325373e+03
6.632663656884875536e+02 1.230246613995485404e+03
6.652979683972912426e+02 1.230279345372460511e+03
6.675506435366536380e+02 1.230314493564633494e+03
6.686927374301676537e+02 1.230393854748603417e+03
6.690305602716468911e+02 1.230396717600452803e+03
6.692946530147895601e+02 1.230796359499431219e+03
6.692312886888013281e+02 1.230554867754642601e+03
6.695905511811023416e+02 1.230340269966254255e+03
6.705042348955392981e+02 1.230459627329192472e+03
6.711755079006771894e+02 1.230352144469525911e+03
6.719730941704035558e+02 1.230317825112107585e+03
6.719518207282912954e+02 1.230210084033613384e+03
6.711474576271186834e+02 1.230140677966101748e+03
6.696265536723163905e+02 1.229963276836158229e+03
6.682234762979684319e+02 1.229497742663656936e+03
6.679257175014068935e+02 1.229247608328643764e+03
6.680508474576271283e+02 1.229395480225988649e+03
6.683136027319294499e+02 1.229476380193511659e+03
6.687984278495227954e+02 1.229042111173498142e+03
6.688031407739764518e+02 1.229181155356141289e+03
6.677490217998881690e+02 1.229083845723868080e+03
6.664915445321307743e+02 1.229095264937993306e+03
6.654236812570145503e+02 1.229118406285072979e+03
6.647920847268673015e+02 1.229240245261984455e+03
6.649320224719101589e+02 1.229249438202247120e+03
6.655570545250141095e+02 1.229444069702079787e+03
6.662721626199887623e+02 1.229535290796160325e+03
