6.791176136363636715e+02 1.229962500000000091e+03
6.786248574686430857e+02 1.230080387685290816e+03
6.789465824238943696e+02 1.230211372774267602e+03
6.787702005730659494e+02 1.230491690544412677e+03
6.773967797584818982e+02 1.230851063829787336e+03
6.755031374786080960e+02 1.230912150598973085e+03
6.720341685649202645e+02 1.230313211845102614e+03
6.680330861380490433e+02 1.230088990302338743e+03
6.641982954545454731e+02 1.230253409090909145e+03
6.606905702992659144e+02 1.230261434217955866e+03
6.576998313659358928e+02 1.230126475548060625e+03
6.548307174887892188e+02 1.230261771300448345e+03
6.510658783783783292e+02 1.230422860360360346e+03
6.474625698324022096e+02 1.229989944134078314e+03
6.436184357541899317e+02 1.229545810055866013e+03
6.393830376940132965e+02 1.229416297117516706e+03
6.364490358126721503e+02 1.229391184573002647e+03
6.348844686648501465e+02 1.229223433242506871e+03
6.345253682487724518e+02 1.229259683578832437e+03
6.335315560391729832e+02 1.228915125136017423e+03
6.322105263157894797e+02 1.228357569180683640e+03
6.305110750945434575e+02 1.227634251755807782e+03
6.301290322580645125e+02 1.227726881720430129e+03
6.307069059271343576e+02 1.227747688961391987e+03
6.329162162162161849e+02 1.227957297297297373e+03
6.374335135135135033e+02 1.227736216216216235e+03
6.394774088187261896e+02 1.227563418617310845e+03
6.417683863885839628e+02 1.227500000000000000e+03
6.445283746556473261e+02 1.227408264462809939e+03
6.479790864061640150e+02 1.227578425976885001e+03
6.519638286032276255e+02 1.228168057874234819e+03
6.563641425389755568e+02 1.228373051224944220e+03
6.615402554136591107e+02 1.228525818989450272e+03
6.657671309192201079e+02 1.228466295264624023e+03
6.683930571108622871e+02 1.228447368421052715e+03
6.703127128263337227e+02 1.228770715096481354e+03
6.722816581487791154e+02 1.228919363997728624e+03
6.750438496583143433e+02 1.229403758542141304e+03
6.781328751431843784e+02 1.229728522336769856e+03
6.801808755760368967e+02 1.229885944700460868e+03
6.810987370838116703e+02 1.229893226176808184e+03
6.802786978869218046e+02 1.229796116504854353e+03
6.790660160734787496e+02 1.229962112514351247e+03
6.790706490522687773e+02 1.229944859276278066e+03
6.792551369863014088e+02 1.229996004566210104e+03
6.784168096054888792e+02 1.230529445397369955e+03
6.769330280480824058e+02 1.230698340011448181e+03
6.740684695051783137e+02 1.230473532796317613e+03
6.703880681818181984e+02 1.230043181818181893e+03
6.625088018171493331e+02 1.230284497444633644e+03
