6.664505061867266704e+02 1.228436445444319361e+03
6.672619718309858854e+02 1.228402816901408414e+03
6.685286516853932426e+02 1.228285955056179773e+03
6.691634723788049541e+02 1.228204058624577328e+03
6.693702224757558952e+02 1.228058756417569839e+03
6.696426953567383862e+02 1.227793318233295622e+03
6.695605633802816783e+02 1.227593802816901416e+03
6.692439436619717981e+02 1.227541408450704239e+03
6.691711864406779569e+02 1.227590960451977480e+03
6.692868525896413985e+02 1.227397837222538328e+03
6.694222972972972912e+02 1.227382319819819713e+03
6.693529745042493460e+02 1.227161473087818649e+03
6.692055025266704433e+02 1.227129140932060636e+03
6.687016666666667106e+02 1.227087222222222181e+03
6.682765957446808898e+02 1.227140537513997742e+03
6.683152848279752334e+02 1.227291032148900058e+03
6.682710809281268212e+02 1.227444821731748789e+03
6.682866855524079028e+02 1.227555240793201165e+03
6.682634256642170385e+02 1.227507066139061635e+03
6.684371122391427207e+02 1.227481105470953253e+03
6.684186831738885530e+02 1.227569499155880749e+03
6.682770005595971270e+02 1.227739787353105839e+03
6.680445321307779523e+02 1.227710259301014730e+03
6.678364145658263169e+02 1.228050980392156816e+03
6.676620189626324873e+02 1.228198549916341335e+03
6.674067226890756501e+02 1.228453221288515351e+03
6.673494926719278055e+02 1.228454904171364205e+03
6.671849775784753547e+02 1.228441143497757821e+03
6.671949720670390889e+02 1.228500000000000000e+03
6.671811553561412893e+02 1.228557487380818884e+03
6.669673607203151278e+02 1.228288688801350645e+03
6.667488864142538887e+02 1.228376948775055780e+03
6.663006718924972347e+02 1.228544792833146630e+03
6.659146681539319843e+02 1.228512548800892318e+03
6.656365149833518444e+02 1.228370144284128855e+03
6.655189520624303441e+02 1.228526755852842825e+03
6.656335195530725741e+02 1.228540223463687198e+03
6.657467714766984273e+02 1.228588994946659113e+03
6.655589714924539066e+02 1.228738401341531471e+03
6.652806722689075514e+02 1.229215126050420167e+03
6.646913649025069617e+02 1.229187743732590434e+03
6.642852311161217358e+02 1.229488726042841108e+03
6.639303761931498684e+02 1.229405390230207786e+03
6.638094972067038952e+02 1.229354748603351936e+03
6.637797085201793834e+02 1.229651905829596444e+03
6.633642977056518930e+02 1.229841634023503048e+03
6.624302521008403346e+02 1.230230812324929957e+03
6.614324172742568635e+02 1.230189007291082362e+03
6.602376630743051464e+02 1.230231990924560478e+03
6.589400113186190993e+02 1.229607243916242169e+03
6.577034135422495638e+02 1.229433687744823828e+03
6.562700280112044311e+02 1.229287394957983224e+03
6.542681690140844921e+02 1.229260845070422647e+03
6.529027543563800009e+02 1.229345699831365891e+03
6.509254484304932475e+02 1.229125560538116588e+03
6.492768711311198331e+02 1.228802476083286365e+03
6.476139380530973995e+02 1.228502212389380475e+03
6.462941834451901286e+02 1.228771252796420640e+03
6.456204583566237716e+02 1.228968697596422544e+03
6.456449803701626706e+02 1.229047111609646663e+03
6.457525309336333521e+02 1.228963442069741177e+03
6.456491326245103437e+02 1.229064913262451000e+03
6.449977477477477805e+02 1.229306869369369451e+03
6.446990560799555396e+02 1.229584675180455406e+03
6.446499162479061624e+02 1.229768285873813511e+03
6.445654126895002491e+02 1.229937675463222831e+03
6.450284738041002583e+02 1.229983485193621846e+03
6.456468609865470398e+02 1.230076233183856402e+03
6.447652608213096528e+02 1.229803551609322994e+03
6.446006674082314021e+02 1.229838709677419274e+03
6.453327740492170506e+02 1.230196868008948513e+03
6.453378001116694804e+02 1.230222222222222172e+03
6.456268992684299519e+02 1.230261114237478978e+03
6.460993227990970809e+02 1.230233069977426567e+03
6.462147727272727025e+02 1.230104545454545359e+03
6.461853325753269246e+02 1.230028993746446758e+03
6.462158192090395232e+02 1.229909604519774120e+03
6.462597623089983472e+02 1.229861346915676222e+03
6.462522624434388945e+02 1.229854072398190056e+03
6.462583380440927385e+02 1.229863764838891939e+03
6.462504249291785072e+02 1.229918413597733661e+03
6.463525423728813166e+02 1.229748022598869966e+03
6.464444444444444571e+02 1.229400673400673440e+03
6.469424054206663186e+02 1.229178994918125454e+03
6.474241573033707482e+02 1.229245505617977415e+03
6.476149943630214239e+02 1.229214205186020308e+03
6.478028089887640135e+02 1.229146067415730386e+03
6.478891389983117506e+02 1.229135059088351227e+03
6.477903587443946662e+02 1.229428811659192888e+03
6.480395033860045260e+02 1.229303047404063136e+03
6.481751700680272279e+02 1.229328798185940968e+03
6.484292160180484643e+02 1.229164692611393093e+03
6.486148648648648987e+02 1.229010135135135215e+03
6.487011299435027922e+02 1.229094350282485948e+03
6.487723440134907378e+02 1.229068015739179373e+03
6.487569091934574317e+02 1.228802030456852890e+03
6.487500000000000000e+02 1.228361607142857110e+03
6.490650084793668384e+02 1.228369135104578845e+03
6.495025323579066026e+02 1.228129994372538022e+03
6.499009566685424488e+02 1.227616207090602074e+03
6.506339285714285552e+02 1.227609933035714221e+03
6.516270330902972319e+02 1.227724621424565385e+03
6.521568739304050268e+02 1.227732458642327401e+03
6.527488839285714448e+02 1.227443638392857110e+03
6.537865168539325396e+02 1.227362359550561905e+03
6.553670814479637556e+02 1.227481900452488617e+03
6.573402582818640667e+02 1.227518809657495694e+03
6.597352941176470722e+02 1.227883484162895911e+03
6.620898169336384171e+02 1.228200800915331911e+03
6.634828939988782395e+02 1.228426247896803034e+03
6.647941342357586336e+02 1.228602932882120740e+03
6.658488636363636033e+02 1.228514772727272657e+03
6.661706621004566387e+02 1.228742579908675907e+03
6.669645469893077916e+02 1.228448508722566203e+03
6.680529279279279535e+02 1.228514639639639654e+03
6.685736694677871128e+02 1.228515966386554510e+03
6.690922467458970004e+02 1.228432937181663874e+03
6.690580936266215986e+02 1.228332769317540851e+03
6.690684776457271710e+02 1.228176570458404058e+03
6.684410943606923183e+02 1.227895589056392964e+03
6.683555804823331528e+02 1.227745372966909599e+03
6.684760563380281155e+02 1.227646197183098593e+03
6.684896125772038431e+02 1.227549691184727635e+03
6.685792134831460771e+02 1.227526404494381950e+03
6.685626052779336987e+02 1.227434587310499637e+03
6.682434099831743879e+02 1.227195176668536078e+03
6.677693602693602770e+02 1.227017396184062818e+03
6.676770949720670387e+02 1.227036312849161959e+03
6.677453833240067524e+02 1.227037493005036367e+03
6.680215664018161306e+02 1.227332576617480072e+03
6.680974647887323954e+02 1.227340845070422574e+03
6.681585778781038698e+02 1.227354401805868974e+03
6.681311936936937173e+02 1.227476351351351241e+03
6.677386237513873084e+02 1.227388457269700439e+03
6.674156424581005922e+02 1.227514525139664784e+03
