6.447572062084257141e+02 1.230403547671840442e+03
6.426666666666666288e+02 1.231037714919578548e+03
6.444090657822000594e+02 1.230747927031509107e+03
6.497106310403638645e+02 1.229899374644684485e+03
6.567705011389521133e+02 1.228920273348519459e+03
6.651358664363846174e+02 1.228213010938399520e+03
6.697271186440677866e+02 1.227470621468926538e+03
6.696279594137541835e+02 1.227043404735062040e+03
6.650585893060296030e+02 1.227304323094425399e+03
6.583775332947307106e+02 1.228147075854082232e+03
6.510277935337493318e+02 1.228775382870107705e+03
6.448172222222221990e+02 1.230189444444444462e+03
6.422081521739130494e+02 1.230522282608695605e+03
6.434299944659657058e+02 1.230769230769230717e+03
6.487084499160604310e+02 1.230416340235030702e+03
6.556565242832065223e+02 1.229867758923347083e+03
6.631779420125070601e+02 1.228670267197271187e+03
6.693203661327231657e+02 1.227670480549199056e+03
6.698044469783352497e+02 1.227040478905359123e+03
6.658075170842824946e+02 1.227175968109339465e+03
6.581595441595441116e+02 1.228447863247863324e+03
6.507538461538460979e+02 1.228923076923076906e+03
6.448651498335183305e+02 1.230537735849056617e+03
6.424057174271578106e+02 1.231073666849917572e+03
6.444125835189310010e+02 1.230306792873051336e+03
6.501100451467268613e+02 1.229191309255078977e+03
6.574705549263873081e+02 1.227430917327293400e+03
6.636406160867085191e+02 1.226329720479178604e+03
6.673380520951302515e+02 1.226276330690826626e+03
6.671775910364145830e+02 1.226567507002801221e+03
6.629600456621004696e+02 1.227451484018264864e+03
6.554046538024971369e+02 1.228585130533484744e+03
6.470847362514028873e+02 1.230295735129068362e+03
6.420738292011019439e+02 1.230749311294765903e+03
6.406974330966685329e+02 1.230951938831239659e+03
6.437453936348408661e+02 1.230703517587939587e+03
6.496577600909607781e+02 1.230171688459351799e+03
6.569592188397472228e+02 1.228898908673176265e+03
6.705378103837472281e+02 1.227268058690744965e+03
