6.575446035242290463e+02 1.229203744493392151e+03
6.567851284855112226e+02 1.229271733187534210e+03
6.565600870038064159e+02 1.229335508428493767e+03
6.562880434782608745e+02 1.229269565217391346e+03
6.557949836423118768e+02 1.229278625954198560e+03
6.554970157352142905e+02 1.229450895279435599e+03
6.550254466702760965e+02 1.229530048727666554e+03
6.546164757228586950e+02 1.229374795417348651e+03
6.539859078590785657e+02 1.229259078590785975e+03
6.535941468801767087e+02 1.229711761457758257e+03
6.534239911553344200e+02 1.229638474295190690e+03
6.533673130193906218e+02 1.229477562326869702e+03
6.533590883824347202e+02 1.229463035019455219e+03
6.535057787561914893e+02 1.229171161254815615e+03
6.538095238095238528e+02 1.229262725779967241e+03
6.542520729684908929e+02 1.229631840796019787e+03
6.549147540983606177e+02 1.229640983606557484e+03
6.556926027397259986e+02 1.229162191780822013e+03
6.562706725468577815e+02 1.229110253583241501e+03
6.569620747350808188e+02 1.229217512548800869e+03
6.573680709534368134e+02 1.228677383592017804e+03
6.579158826784725989e+02 1.229298837852794577e+03
6.587138964577657134e+02 1.229086103542234241e+03
6.590426356589147190e+02 1.229369324473975666e+03
6.589032967032967463e+02 1.229541208791208874e+03
6.596503841931943271e+02 1.229329857299670721e+03
6.598449697636064002e+02 1.229285321605277659e+03
6.596327312534209568e+02 1.229201970443349865e+03
6.593882158590308791e+02 1.229207048458149757e+03
6.589168490153173252e+02 1.229068927789934378e+03
6.586039173014145263e+02 1.229081610446137120e+03
6.584771601541001473e+02 1.228932305998899210e+03
6.582903402854007027e+02 1.229004390779363348e+03
6.575988023952095318e+02 1.229024496461622221e+03
6.566641179683233531e+02 1.229195521572911048e+03
