6.567320153761669417e+02 1.228909939593629815e+03
6.588051733626857640e+02 1.229249862410566948e+03
6.599300546448087061e+02 1.229315300546448043e+03
6.602737368128816797e+02 1.229461410327595786e+03
6.598828039430449053e+02 1.229050383351588152e+03
6.595276243093923085e+02 1.229197237569060690e+03
6.594100719424460522e+02 1.229021029330381907e+03
6.597667766776677354e+02 1.229405940594059302e+03
6.604054054054054177e+02 1.229801985659128604e+03
6.605512890839275997e+02 1.229353263850795429e+03
6.605715852989577570e+02 1.229228743828853567e+03
6.598502468458584644e+02 1.229461327482172237e+03
6.588986856516977468e+02 1.229157174151150002e+03
6.586078107810781148e+02 1.229162816281628238e+03
6.585793216630196412e+02 1.229539934354485695e+03
6.584491803278688167e+02 1.229589617486338739e+03
6.547472707423580687e+02 1.229329148471615781e+03
6.529392778993435513e+02 1.229089168490153270e+03
6.523417721518986809e+02 1.228689047881122633e+03
6.526477777777778329e+02 1.229592777777777883e+03
6.537386550027337080e+02 1.228907053034444971e+03
6.547832052689352622e+02 1.228866081229418114e+03
6.548806787082648952e+02 1.229154898741105626e+03
6.544292763157894797e+02 1.229174342105263122e+03
6.536208219178082572e+02 1.228680000000000064e+03
6.528958904109589412e+02 1.228612054794520645e+03
6.541549062844542277e+02 1.228998897464167612e+03
6.562214839424141246e+02 1.228649501661129534e+03
6.579482470784640782e+02 1.229199220923761914e+03
6.593619733924612092e+02 1.229378603104212971e+03
6.598139149641082213e+02 1.229247929320817320e+03
6.595649315068493479e+02 1.228855890410958864e+03
6.586180517336268849e+02 1.229052283984590076e+03
