6.565355191256830949e+02 1.229563934426229480e+03
6.560000000000000000e+02 1.229970540098199763e+03
6.558980926430517684e+02 1.230188010899182473e+03
6.553360972913211526e+02 1.230351022664455513e+03
6.556038461538461206e+02 1.230317032967032901e+03
6.558088397790055524e+02 1.230259116022099533e+03
6.556114754098360891e+02 1.229685792349726853e+03
6.558666666666666742e+02 1.229316253443526193e+03
6.563612506979341106e+02 1.229022333891680546e+03
6.564060066740822776e+02 1.228939377085650676e+03
6.566951960242960240e+02 1.229014356709000594e+03
6.567621145374449725e+02 1.229472466960352449e+03
6.568554083885210275e+02 1.229663355408388497e+03
6.566885604816638988e+02 1.230008210180624019e+03
6.558870523415978369e+02 1.230137741046831934e+03
6.557943107221007040e+02 1.229971553610503179e+03
6.562644444444443934e+02 1.229402222222222235e+03
6.562162162162162531e+02 1.229088251516822993e+03
6.563667590027700953e+02 1.228757894736842218e+03
6.567429362880886856e+02 1.228751246537396128e+03
6.566859504132231677e+02 1.228992837465564662e+03
6.566293245469522617e+02 1.229058209774849047e+03
6.567349862258953408e+02 1.229211570247933878e+03
6.566049315068493115e+02 1.229404931506849380e+03
