6.584846322722282821e+02 1.229584522502744221e+03
6.590539488320356440e+02 1.229465517241379303e+03
6.590738068812430583e+02 1.229428967813540567e+03
6.589282164549972549e+02 1.229424627277747049e+03
6.586096756459593280e+02 1.229036283672347508e+03
6.587063969382176083e+02 1.229278840896664860e+03
6.585493962678375510e+02 1.229257409440175707e+03
6.579149863760218295e+02 1.229203269754768371e+03
6.577749863462588564e+02 1.229290005461496548e+03
6.574989023051591630e+02 1.229344127332601602e+03
6.568761695101816258e+02 1.229105668684645025e+03
6.567769863013699023e+02 1.228865753424657441e+03
6.565453056768559463e+02 1.228987991266375502e+03
6.556708652792990506e+02 1.228895947426068005e+03
6.548529088913281839e+02 1.228618002195389636e+03
6.547408619749045329e+02 1.228821058374249787e+03
6.543891328210756910e+02 1.229268935236004381e+03
6.544432876712328380e+02 1.229173698630137096e+03
6.550433092726262885e+02 1.229162132148806222e+03
6.545834242093784496e+02 1.229259541984732778e+03
6.547027762656505274e+02 1.229028851388132807e+03
6.551356309060589638e+02 1.229173985547526399e+03
6.552006615214994554e+02 1.229310363836824763e+03
6.553975569128261895e+02 1.229195446973903472e+03
6.558010958904109202e+02 1.229197808219178114e+03
6.565773874862787807e+02 1.229426454445664149e+03
6.565823754789272471e+02 1.229493158182813431e+03
6.572853200883001819e+02 1.229396799116997727e+03
6.578526663001649695e+02 1.229246838922484812e+03
6.583340720221606261e+02 1.229509695290858645e+03
6.586347634763476435e+02 1.229310231023102233e+03
6.585747126436781400e+02 1.229305418719211730e+03
6.584476872246696075e+02 1.229381057268722543e+03
6.579377729257641931e+02 1.229251091703056773e+03
6.582295442064800000e+02 1.229387149917627767e+03
6.575841530054644863e+02 1.229799453551912620e+03
