6.541414935429534125e+02 1.229243121841662060e+03
6.567961926091825262e+02 1.229388577827547579e+03
6.584179687500000000e+02 1.229438616071428669e+03
6.599398663697104439e+02 1.229601336302895334e+03
6.607708102108767889e+02 1.229397336293007811e+03
6.606432522123893705e+02 1.229318584070796533e+03
6.601855153203342752e+02 1.229349303621169838e+03
6.603085522638345992e+02 1.229438233650083930e+03
6.609826038159371819e+02 1.229636924803591455e+03
6.614958448753462790e+02 1.229589473684210589e+03
6.621968592260235482e+02 1.229708917554683012e+03
6.627077523703291035e+02 1.229928053541550526e+03
6.630404267265581666e+02 1.229746209994385254e+03
6.625594908688433406e+02 1.230125069175428962e+03
6.613715724678231709e+02 1.230242305540011102e+03
6.602315022421524873e+02 1.230262331838564933e+03
6.591221288515406513e+02 1.230263865546218540e+03
6.579492753623188719e+02 1.230158305462653288e+03
6.568789237668161149e+02 1.230211322869955211e+03
6.557218836565097035e+02 1.229782825484764544e+03
6.553145879732738877e+02 1.229708797327394223e+03
6.550592141671278341e+02 1.229531267293857127e+03
6.535558628318584624e+02 1.229319690265486770e+03
6.518384955752212591e+02 1.229516592920354014e+03
6.502690156599552438e+02 1.229587248322147616e+03
6.489766016713091403e+02 1.229678551532033453e+03
6.477400000000000091e+02 1.229488888888888823e+03
6.476555740432612538e+02 1.229499168053244603e+03
6.485903010033445071e+02 1.229374024526198355e+03
6.493361250697934111e+02 1.229029034059184823e+03
6.496852164137155796e+02 1.229101180438448637e+03
6.498544018058690881e+02 1.229123024830699705e+03
6.501979809310151950e+02 1.229277621985417909e+03
6.503692992213570960e+02 1.229172413793103487e+03
6.504755826859045555e+02 1.229012763596004334e+03
6.508244531688166035e+02 1.229125070106561907e+03
6.517982062780268961e+02 1.228948430493273463e+03
6.543809523809524080e+02 1.228766888150609020e+03
6.571053221288515260e+02 1.229240896358543523e+03
6.591513966480447380e+02 1.229250279329608929e+03
6.608535634743875562e+02 1.229323496659242664e+03
6.620000000000000000e+02 1.229260748185371313e+03
6.624278495227400754e+02 1.228993823694553612e+03
6.619006734006734405e+02 1.229052749719416397e+03
