6.573932893289328376e+02 1.231440594059405839e+03
6.590211463550361941e+02 1.231339454646633385e+03
6.598132596685082945e+02 1.230276243093922631e+03
6.602842865074958354e+02 1.229686840644086715e+03
6.599955406911929003e+02 1.228845596432553066e+03
6.592320534223706545e+02 1.228922648859209858e+03
6.577079207920792214e+02 1.229088558855885594e+03
6.563582172701950412e+02 1.230113649025069662e+03
6.555211887727022031e+02 1.230565217391304259e+03
6.551369636963696621e+02 1.231246974697469796e+03
6.558517089305402124e+02 1.231669790518191803e+03
6.578713968957871430e+02 1.231486696230598682e+03
6.592155655095184557e+02 1.231063269876819732e+03
6.594794900221729677e+02 1.230558203991130767e+03
6.596001118568232187e+02 1.229583333333333258e+03
6.587893274041133509e+02 1.228939410783768835e+03
6.572704646017699588e+02 1.228659292035398266e+03
6.558073747936158497e+02 1.229157952669235101e+03
6.550837438423645835e+02 1.229597153804050322e+03
6.541461794019933222e+02 1.230421926910298907e+03
6.535365720524017661e+02 1.230183406113537103e+03
6.552607734806630333e+02 1.230259116022099533e+03
6.565244716351501211e+02 1.229852614015572954e+03
6.578125346644480942e+02 1.229722129783693845e+03
6.587454242928453141e+02 1.229173599556295130e+03
6.597654525386313935e+02 1.228476821192052967e+03
6.593839335180055059e+02 1.229037119113573453e+03
6.585388888888888914e+02 1.229527222222222235e+03
6.576923500275179322e+02 1.230148596587782095e+03
6.563694196428571104e+02 1.231009486607142890e+03
6.559150684931506703e+02 1.231643835616438309e+03
6.558680897646414678e+02 1.231613574165298360e+03
6.571531680440771197e+02 1.231501928374655563e+03
6.587458100558659453e+02 1.231494413407821185e+03
6.599605336297943268e+02 1.230843246247915431e+03
6.611981026785714448e+02 1.229661272321428669e+03
6.608993362831857894e+02 1.228816371681415831e+03
6.604745011086474733e+02 1.228626940133037806e+03
6.566247942951179084e+02 1.229326385079539250e+03
