6.513461117196056875e+02 1.228354326396495026e+03
6.511287671232876164e+02 1.228453698630137069e+03
6.516093922651933781e+02 1.229046408839778906e+03
6.526117196056954981e+02 1.229390470974808295e+03
6.540350194552529501e+02 1.230182323513062784e+03
6.569380234505862290e+02 1.230173087660524743e+03
6.603892617449664613e+02 1.229503914988814358e+03
6.621555806087936844e+02 1.229741262683201739e+03
6.623854686633388837e+02 1.229604547975596233e+03
6.625938359933957145e+02 1.229372592184920222e+03
6.624525790349417775e+02 1.229430393788130914e+03
6.614809075816269797e+02 1.229374100719424405e+03
6.603901895206242898e+02 1.229130992196209490e+03
6.586228602981777840e+02 1.229141910546659346e+03
6.556703539823008668e+02 1.229779867256637090e+03
6.534094922737307343e+02 1.230106512141280291e+03
6.525840659340659613e+02 1.230520879120879044e+03
6.523696969696969745e+02 1.230742699724517934e+03
6.529177777777778147e+02 1.230838888888888960e+03
6.535232300884955521e+02 1.230580199115044252e+03
6.536072022160665256e+02 1.230306925207756194e+03
6.530094287298945801e+02 1.229884082085413183e+03
6.526481277533039247e+02 1.229185572687224749e+03
6.524476454293628649e+02 1.228776177285318454e+03
6.516751101321585793e+02 1.228319933920704898e+03
6.512079912424740087e+02 1.228347564313081648e+03
6.514411276948590057e+02 1.228477059148700846e+03
6.510549148819329730e+02 1.228824272377814395e+03
6.511311566131710151e+02 1.229345877144438191e+03
6.516907386990077384e+02 1.229568357221609631e+03
6.526102253985706056e+02 1.229700934579439263e+03
6.573850446428571104e+02 1.229819754464285779e+03
