6.861605074462216862e+02 1.224408163265306030e+03
6.853529738743746975e+02 1.224319066147859985e+03
6.835537422622397798e+02 1.224276308384918366e+03
6.788790776152981152e+02 1.223663104611923472e+03
6.721944601469756435e+02 1.224586772187676615e+03
6.643460674157303174e+02 1.226495505617977415e+03
6.562348993288591146e+02 1.228046979865771846e+03
6.496185968819598884e+02 1.229307349665924221e+03
6.424279354479688209e+02 1.230503617139677317e+03
6.350871298405467087e+02 1.231584282460136592e+03
6.296791294642856656e+02 1.232207589285714221e+03
6.256024430871738105e+02 1.232640199888950519e+03
6.230083240843507610e+02 1.232974472807991106e+03
6.219202657807309151e+02 1.233549833887043178e+03
6.286316705336427049e+02 1.233088747099767943e+03
6.340377574370709226e+02 1.232710526315789366e+03
6.414656268053148551e+02 1.231992489890236811e+03
6.513526970954357012e+02 1.230985773562537133e+03
6.598065458796025951e+02 1.231421390999415507e+03
6.681592718998862210e+02 1.231158134243458562e+03
6.750446479679450249e+02 1.230258729250143006e+03
6.791417995444190865e+02 1.229315489749430526e+03
6.831904761904761472e+02 1.227354061624649830e+03
6.857957110609480651e+02 1.226087471783295769e+03
6.859516129032258505e+02 1.225226918798665110e+03
6.841326644370122949e+02 1.224739687848383483e+03
6.814655756207674813e+02 1.224222911963882552e+03
6.765600907029478321e+02 1.223865079365079282e+03
6.605322398190045305e+02 1.226397624434389172e+03
