6.559757709251101687e+02 1.228443281938325981e+03
6.564964266080263542e+02 1.228282023089609766e+03
6.564895259095920892e+02 1.228265711135611809e+03
6.565399449035812722e+02 1.228109641873278179e+03
6.565962389380531476e+02 1.228269358407079608e+03
6.565775577557756151e+02 1.228426842684268422e+03
6.570697934115019052e+02 1.228972082635399147e+03
6.572915500839395690e+02 1.229016228315612807e+03
6.574674751929437662e+02 1.228484013230430037e+03
6.575646221248630354e+02 1.228469879518072275e+03
6.567420417124039886e+02 1.228310098792535655e+03
6.562620498614958251e+02 1.228295290858725821e+03
6.552981194690265738e+02 1.228391592920354014e+03
6.540977484898407965e+02 1.228659527732015476e+03
6.541328594860580097e+02 1.228605248769819582e+03
6.547852054794520882e+02 1.228705205479452161e+03
6.552515337423312758e+02 1.228923034021193644e+03
6.554941634241245083e+02 1.228889382990550303e+03
6.549950467804072787e+02 1.229387451843698500e+03
6.544964344487109429e+02 1.229296763576522153e+03
6.549355371900826412e+02 1.229618732782369079e+03
6.552880044223327332e+02 1.229606412382531744e+03
6.555939226519336671e+02 1.229240331491712595e+03
6.554655647382919597e+02 1.228472176308539929e+03
6.563740374037404308e+02 1.228427942794279488e+03
