6.583109480812640868e+02 1.228982505643340801e+03
6.575290215588722731e+02 1.229175787728026535e+03
6.568102592388306675e+02 1.229183121897407545e+03
6.562904997254255477e+02 1.229515101592531664e+03
6.555581014729950766e+02 1.229393344244408127e+03
6.545038419319429295e+02 1.229607025246981266e+03
6.530407488986784301e+02 1.229762665198237983e+03
6.516934507429829182e+02 1.230160704457897737e+03
6.509010331702012309e+02 1.230239260467645408e+03
6.518999999999999773e+02 1.230129834254143589e+03
6.537240997229916957e+02 1.229922437673130162e+03
6.551550474065811613e+02 1.229750139431120942e+03
6.556569222283508225e+02 1.229319911748483264e+03
6.557237569060773694e+02 1.229854143646408829e+03
6.558578623391158544e+02 1.230266368214885233e+03
6.570016853932584127e+02 1.230230898876404581e+03
6.589182072829131585e+02 1.229782633053221389e+03
6.605077605321507690e+02 1.229511086474501099e+03
6.606130653266332047e+02 1.229570630932440054e+03
6.593279419966536352e+02 1.229437255995538180e+03
6.576626106194689783e+02 1.229840154867256615e+03
6.560660429279031405e+02 1.230406714364336722e+03
6.560155210643015380e+02 1.230674611973392530e+03
6.557320940404592875e+02 1.230338436303991330e+03
6.546291208791209328e+02 1.230405494505494516e+03
6.536601092896174805e+02 1.230454644808743069e+03
6.534917582417582480e+02 1.230400549450549534e+03
6.542615470228157619e+02 1.230601558152476400e+03
6.555237569060773239e+02 1.230291712707182342e+03
6.572455056179775283e+02 1.230256741573033651e+03
6.577976588628762329e+02 1.230394648829431389e+03
6.582897982062780784e+02 1.230076233183856402e+03
6.591399662731871558e+02 1.229657110736368850e+03
6.594263959390863192e+02 1.229492949802594467e+03
6.593494926719278055e+02 1.229720969560315780e+03
6.587882352941176123e+02 1.230207282913165272e+03
6.582079820123665286e+02 1.229992130410342952e+03
6.574298490776969857e+02 1.230116266070430356e+03
6.566922651933701900e+02 1.229780662983425373e+03
6.557360574268360551e+02 1.229937051352843810e+03
6.547635060639470339e+02 1.229919514884233649e+03
6.516380535811919117e+02 1.230484417714598067e+03
