6.542047592695074627e+02 1.228934144991698986e+03
6.579593541202672213e+02 1.229641425389755113e+03
6.609565701559019999e+02 1.230546213808463335e+03
6.634022099447513483e+02 1.231248066298342565e+03
6.648389783453636710e+02 1.231815102720710684e+03
6.655692307692307850e+02 1.232012087912087964e+03
6.653004410143329324e+02 1.232428335170892979e+03
6.639912806539509802e+02 1.232402724795640324e+03
6.630622610595303286e+02 1.232206444565811125e+03
6.623111111111111313e+02 1.231875555555555593e+03
6.609917446340120932e+02 1.231288387451843619e+03
6.592975663716814552e+02 1.230535951327433622e+03
6.568499452354874393e+02 1.229615553121577250e+03
6.542914600550964224e+02 1.228567493112947659e+03
6.510185286103542239e+02 1.227795640326975445e+03
6.478887683125338981e+02 1.227201844818231166e+03
6.465429347826086541e+02 1.226591847826086905e+03
6.462142070484582064e+02 1.226390969162995589e+03
6.462132148806218765e+02 1.226031649083842240e+03
6.467550684931507021e+02 1.225769315068493142e+03
6.474576457645764549e+02 1.226235423542354283e+03
6.485114879649891009e+02 1.226380743982494550e+03
6.499086433260393960e+02 1.226693107221006585e+03
6.523802197802198179e+02 1.227517582417582389e+03
6.561535063500828073e+02 1.228401987852015509e+03
6.602711581291760012e+02 1.229228841870823999e+03
6.626641011544804769e+02 1.229456294667399561e+03
6.650822679266259456e+02 1.230355753196220121e+03
