6.586036892118502237e+02 1.228349357182783706e+03
6.578432794199665068e+02 1.228393195761294010e+03
6.567010022271714433e+02 1.228403674832962224e+03
6.553059411438090365e+02 1.228444752915047275e+03
6.541820697288322890e+02 1.228404537908135126e+03
6.540892359174567900e+02 1.228476296709425469e+03
6.546272321428571104e+02 1.228473214285714221e+03
6.558117977528089568e+02 1.228346067415730431e+03
6.569376063528077339e+02 1.228163357912648962e+03
6.575778527262507396e+02 1.228310286677908834e+03
6.572298657718121149e+02 1.228612416107382614e+03
6.560814732142856656e+02 1.228655691964285779e+03
6.548614357262104022e+02 1.229002782415136380e+03
6.543329621380846675e+02 1.229451559020044442e+03
6.544288888888888778e+02 1.229422222222222217e+03
6.548421348314607258e+02 1.228958988764044989e+03
6.553490990990991349e+02 1.229167792792792852e+03
6.557500000000000000e+02 1.229222972972972912e+03
6.561062500000000455e+02 1.229118181818181711e+03
6.560203160270880289e+02 1.229160270880361168e+03
6.551934758155230156e+02 1.229502812148481553e+03
6.545150334075723322e+02 1.229664810690423110e+03
6.534151047409040984e+02 1.230016538037486271e+03
6.528099999999999454e+02 1.230289999999999964e+03
6.532274509803921774e+02 1.230147899159663893e+03
6.544971846846847257e+02 1.230046734234234236e+03
6.554070494599203585e+02 1.229835133598635593e+03
6.556323777403035820e+02 1.229413153456998316e+03
6.553243243243243796e+02 1.229667229729729797e+03
6.541198863636363967e+02 1.229977272727272748e+03
6.524191919191919169e+02 1.230193041526374827e+03
6.509797752808988207e+02 1.230212359550561814e+03
6.507722717149219989e+02 1.230244988864142442e+03
6.515332216638748832e+02 1.230351758793969793e+03
6.526049521665728435e+02 1.230010692177827877e+03
6.535050505050504626e+02 1.229533108866442262e+03
6.544717832957110204e+02 1.229207674943566644e+03
6.544378165447383253e+02 1.229264490714687781e+03
6.537968662562955160e+02 1.229386681589255659e+03
6.524156862745097669e+02 1.229797198879551843e+03
6.515974244120940284e+02 1.230006159014557625e+03
6.516381431767338199e+02 1.229904921700223667e+03
6.524795058955643299e+02 1.229896125772038204e+03
6.541911514463981803e+02 1.229795802609188968e+03
6.555609893198426334e+02 1.229534007869589686e+03
6.563523111612175853e+02 1.229234498308906495e+03
6.564548532731377009e+02 1.229200338600451460e+03
6.560482603815937637e+02 1.229272166105499537e+03
6.552016759776536219e+02 1.229394972067039134e+03
6.543286595625351083e+02 1.229839596186202925e+03
6.536621998883305196e+02 1.230133445002791632e+03
6.536796875000000000e+02 1.230157924107142890e+03
6.545228684359119598e+02 1.229810841332580367e+03
6.557078651685393424e+02 1.229476404494381995e+03
6.566883116883117282e+02 1.229102202145680394e+03
6.570457627118644268e+02 1.229399435028248490e+03
6.567621985417835049e+02 1.229225462703308949e+03
6.558208286674132523e+02 1.229596304591265380e+03
6.545954113038611695e+02 1.230188584219362156e+03
6.540513679508654832e+02 1.229871021775544477e+03
6.560062749572161920e+02 1.229984597832287591e+03
6.574062500000000000e+02 1.229944318181818289e+03
6.585783540022547413e+02 1.229461668545659450e+03
6.590918425556188822e+02 1.229345122646891014e+03
6.587668161434977492e+02 1.229330717488789332e+03
6.582754759238521274e+02 1.229450167973124280e+03
6.577138121546961429e+02 1.229707734806629787e+03
6.574847814056447532e+02 1.229910348644161559e+03
6.574012174875484789e+02 1.229546762589927994e+03
6.574398433128147872e+02 1.229461667599328393e+03
6.584097261039687510e+02 1.229100055897149332e+03
6.599120317820658101e+02 1.228877979568671890e+03
6.606115189158667818e+02 1.228802371541501998e+03
6.601259175607001453e+02 1.229071146245059253e+03
6.590264193367059988e+02 1.229105677346823995e+03
6.579275280898876872e+02 1.228946067415730340e+03
6.570543417366947097e+02 1.229077871148459280e+03
6.571219101123595010e+02 1.229191011235955102e+03
6.583792526491912440e+02 1.228833240379252629e+03
6.595863228699552110e+02 1.228489349775784831e+03
6.600439684329199963e+02 1.228263810597519750e+03
6.601002816901408323e+02 1.228187605633802832e+03
6.599495798319327378e+02 1.228282913165266109e+03
6.590926966292134921e+02 1.228207865168539229e+03
6.578055555555555429e+02 1.228319999999999936e+03
6.567246376811593791e+02 1.228394091415830644e+03
6.563826955074874832e+02 1.228534664448141939e+03
6.566285397001665842e+02 1.228605774569683490e+03
6.576292573981015721e+02 1.228535455053043052e+03
6.593939393939393767e+02 1.228508417508417551e+03
6.604904815229563155e+02 1.228344904815229484e+03
6.605714285714285552e+02 1.228329971988795478e+03
6.593519865696698616e+02 1.228365976496922258e+03
6.577032474804030926e+02 1.228710526315789366e+03
6.567643454038997106e+02 1.229178830083565572e+03
6.565044296788482825e+02 1.229245293466223757e+03
6.567418994413408200e+02 1.229074860335195581e+03
6.572816027088035753e+02 1.229374153498871237e+03
6.584499437570303826e+02 1.229117547806524271e+03
6.591558956916099987e+02 1.229281746031746025e+03
6.587563308947665064e+02 1.229069217782780015e+03
6.577247191011235827e+02 1.228997752808988707e+03
6.562959240647683146e+02 1.229219988833054231e+03
6.547963272120200600e+02 1.229364496382860352e+03
6.538479108635096964e+02 1.229426183844011121e+03
6.537301057317752111e+02 1.229472454090150222e+03
6.540546786922209321e+02 1.229472942502818569e+03
6.552657303370787076e+02 1.229477528089887528e+03
6.561387478849408126e+02 1.229407219402143255e+03
6.564361702127660010e+02 1.229464725643897054e+03
6.558587381351200065e+02 1.229238414293690766e+03
6.545313366611203492e+02 1.229598447032723243e+03
6.535727777777777874e+02 1.230130000000000109e+03
6.530072747621712779e+02 1.230208729714605397e+03
6.532616926503341119e+02 1.229916481069042220e+03
6.536445444319459739e+02 1.229959505061867276e+03
6.542295830953740960e+02 1.230006853226727571e+03
6.547209172259507568e+02 1.229417785234899384e+03
6.550141482739105641e+02 1.229249009620826200e+03
6.546601562500000000e+02 1.229509486607142890e+03
