6.562185246810870467e+02 1.228471991125901241e+03
6.559057971014492523e+02 1.228349498327759193e+03
6.546079514080618083e+02 1.228307012700165615e+03
6.533427620632279513e+02 1.228257348863006200e+03
6.528054173576562107e+02 1.228331674958540589e+03
6.524167585446526800e+02 1.228351157662624018e+03
6.516454794520548148e+02 1.228582465753424685e+03
6.514096185737977294e+02 1.229098949695964620e+03
6.516962095875139767e+02 1.229379598662207400e+03
6.520601799775027985e+02 1.229787401574803198e+03
6.526205555555555975e+02 1.230347222222222172e+03
6.545095505617977096e+02 1.230944943820224807e+03
6.565520134228188454e+02 1.231324384787472127e+03
6.587045707915273169e+02 1.231792642140468161e+03
6.598571428571428896e+02 1.232412823397075272e+03
6.605401785714285552e+02 1.232410714285714221e+03
6.609092945128779775e+02 1.232376819708846597e+03
6.617103794642856656e+02 1.232338727678571331e+03
6.620857467348097316e+02 1.232461101646791576e+03
6.621071630005640145e+02 1.232297800338409388e+03
6.613667413213885311e+02 1.231582866741321368e+03
6.598082959641255911e+02 1.231390134529147872e+03
6.577099832682654323e+02 1.230602342442833333e+03
6.554872222222222717e+02 1.230466111111111104e+03
6.543591314031179991e+02 1.229733296213808444e+03
6.535164896590273429e+02 1.229294577976523215e+03
6.522163677130045016e+02 1.228884529147981993e+03
6.515699223085460972e+02 1.228821864594894578e+03
6.513487723214285552e+02 1.228549107142857110e+03
6.506902901785714448e+02 1.228710379464285779e+03
6.504151047409040984e+02 1.228518191841234739e+03
6.507219132369299359e+02 1.228531701890990007e+03
6.517983098591549833e+02 1.228886197183098602e+03
6.524938340807175337e+02 1.229443946188340760e+03
6.536268075639599147e+02 1.230067296996662890e+03
6.552090140845070891e+02 1.230445070422535309e+03
6.558283624085537440e+02 1.231143500281373008e+03
6.558830146231721301e+02 1.231080989876265448e+03
6.558111731843575853e+02 1.231020670391061458e+03
6.562341024198086643e+02 1.231299380979178295e+03
6.568682735426009458e+02 1.231257847533632230e+03
6.577575587905935208e+02 1.231234042553191557e+03
6.579758562605278485e+02 1.231077484559236382e+03
6.571236589497459590e+02 1.230028797289666954e+03
6.565342618384401021e+02 1.229319777158774286e+03
6.561979752530933183e+02 1.229046681664792004e+03
6.556736842105262895e+02 1.228209972299169067e+03
6.551685330347144145e+02 1.227750279955207134e+03
6.540635097493036483e+02 1.227467409470752045e+03
6.530078081427774350e+02 1.227069157836029035e+03
6.522874789444132375e+02 1.226983155530600698e+03
6.516993281075027653e+02 1.227017357222844339e+03
6.508605555555556066e+02 1.227135555555555584e+03
6.505605976757055942e+02 1.227195351411178763e+03
6.508611111111110858e+02 1.227776666666666642e+03
6.511189944134077905e+02 1.228375418994413394e+03
6.511031613976705330e+02 1.228479201331114837e+03
6.515541294642856656e+02 1.229404575892857110e+03
6.531265466816647631e+02 1.229834645669291376e+03
6.535782122905028473e+02 1.230201675977653622e+03
6.537098560354373831e+02 1.230359357696567031e+03
6.546556365675827465e+02 1.231103757711721755e+03
6.556865839909808074e+02 1.231222660653889534e+03
6.565553681843732647e+02 1.231323777403035365e+03
6.574680249009620638e+02 1.231209960384833039e+03
6.579109977324262672e+02 1.230774943310657591e+03
6.579404424276800682e+02 1.230264322178105431e+03
6.581109224674589768e+02 1.229792303338992724e+03
6.580593891402714917e+02 1.229385746606334806e+03
6.568708590679393637e+02 1.228797866367209508e+03
6.562101449275362484e+02 1.228295986622073542e+03
6.559137931034482563e+02 1.228235817575083502e+03
6.545030572540300682e+02 1.227986103390772541e+03
6.531384872080088826e+02 1.227984983314794135e+03
6.529130434782608745e+02 1.228090809025866747e+03
6.525671641791044522e+02 1.228099502487562177e+03
6.518380320619127133e+02 1.228551686014372535e+03
6.520962389380531476e+02 1.228663163716814097e+03
6.523038116591927746e+02 1.229394618834080802e+03
6.526711185308847689e+02 1.229912632164719071e+03
6.534722999440402873e+02 1.230410744264129789e+03
6.553391353172374920e+02 1.230885457608085289e+03
6.576254912970241548e+02 1.231138124649073461e+03
6.599446327683615436e+02 1.232141242937853121e+03
