6.618776859504132517e+02 1.229147658402203888e+03
6.639645232815964846e+02 1.229201219512195166e+03
6.631189692982455881e+02 1.229344298245614027e+03
6.605957330415754996e+02 1.229613238512034968e+03
6.574396267837540790e+02 1.229487925356750793e+03
6.563304061470911392e+02 1.229474753018660749e+03
6.573526170798897965e+02 1.229366942148760245e+03
6.594372581536761118e+02 1.229144278606965145e+03
6.617183718371836676e+02 1.229161716171617172e+03
6.624324624791551059e+02 1.229162868260144478e+03
6.615730027548208909e+02 1.228731129476584101e+03
6.591092715231787906e+02 1.228507174392935895e+03
6.568641364136414040e+02 1.228294829482948217e+03
6.549436464088397543e+02 1.228553591160221004e+03
6.533539480949751805e+02 1.228610712313638942e+03
6.528174821330401301e+02 1.229361737218251847e+03
6.520230896096755941e+02 1.229291918636613445e+03
6.520746023038947214e+02 1.228664838178826130e+03
6.525801860974274859e+02 1.228126436781609300e+03
6.536436464088397997e+02 1.228155801104972397e+03
6.553962264150943611e+02 1.228355715871254233e+03
6.563732667775929031e+02 1.228514143094841984e+03
6.561571906354514567e+02 1.228821627647714649e+03
6.546609983543609133e+02 1.228874382885353725e+03
6.534437086092715390e+02 1.228612582781456922e+03
6.530869803063457084e+02 1.228720459518599455e+03
6.545697802197802275e+02 1.228386263736263800e+03
6.572945091514143314e+02 1.229003882418192006e+03
6.604850663716814552e+02 1.229362831858407162e+03
6.622831225948323208e+02 1.229594282572842303e+03
6.616418732782368579e+02 1.229722865013774026e+03
6.586932819383259812e+02 1.230127753303964710e+03
6.541553829078801527e+02 1.230108768035516050e+03
