6.445296089385475398e+02 1.230303351955307335e+03
6.449243183082916175e+02 1.229963272120200372e+03
6.454969393433500500e+02 1.229962159154145866e+03
6.460341736694678048e+02 1.230091316526610626e+03
6.465934004474272569e+02 1.230091722595078409e+03
6.472373737373737868e+02 1.229760381593715010e+03
6.481646992692524236e+02 1.230111860595840426e+03
6.488791759465478890e+02 1.230136971046770668e+03
6.493178511471739967e+02 1.230123111359820996e+03
6.494246344206974300e+02 1.230094488188976356e+03
6.495094972067039407e+02 1.229848603351955262e+03
6.496978699551569889e+02 1.229931053811659240e+03
6.501854565952648954e+02 1.229609357384441864e+03
6.511610549943883370e+02 1.229266554433221017e+03
6.522191549295774848e+02 1.229147042253521022e+03
6.531257046223224734e+02 1.228527621195039501e+03
6.536181211784324887e+02 1.228392440244580257e+03
6.536393989983305346e+02 1.228565386755703912e+03
6.534733333333333576e+02 1.228755555555555475e+03
6.534303164908384360e+02 1.228853414769572510e+03
6.536330326944757871e+02 1.229001691093573754e+03
6.542400671516508055e+02 1.228927252378287676e+03
6.554983240223464236e+02 1.229210055865921731e+03
6.571785317018909609e+02 1.228778642936596270e+03
6.575794234030526013e+02 1.229126625211984219e+03
6.577155605131065386e+02 1.228455103179029493e+03
6.577043040804918519e+02 1.228451648965902677e+03
6.575853251806559001e+02 1.228003335186214599e+03
6.573824188129899539e+02 1.228031914893617113e+03
6.572987158012283544e+02 1.227935790061418174e+03
6.581892497200448133e+02 1.227592385218365052e+03
6.591134194272880222e+02 1.227623245367771005e+03
6.596677852348993838e+02 1.227758948545861358e+03
6.600716284275322323e+02 1.227982092893116942e+03
6.601250000000000000e+02 1.228336322869955211e+03
6.599594894561598721e+02 1.228443396226415189e+03
6.603258928571428896e+02 1.228412946428571331e+03
6.614279403644395643e+02 1.228559359469906212e+03
6.626110803324099834e+02 1.228520221606648192e+03
6.633416805787423982e+02 1.228495269894268176e+03
6.635161469933184435e+02 1.228458240534521110e+03
6.633900552486187507e+02 1.228461878453038707e+03
6.628140043763676204e+02 1.228222100656455041e+03
6.623520661157024279e+02 1.228469972451790682e+03
6.621703539823008668e+02 1.228358960176991104e+03
6.623977961432507300e+02 1.228375206611570320e+03
6.627321624588364557e+02 1.228013721185510349e+03
6.632548369264786743e+02 1.227813709231619669e+03
6.634697053918844176e+02 1.227970539188438124e+03
6.634723145071982344e+02 1.227730343300110690e+03
6.633585217870931956e+02 1.227772200772200677e+03
6.633495038588754369e+02 1.227803748621830209e+03
6.633497237569060871e+02 1.227370165745856411e+03
6.637639889196675540e+02 1.227483656509695265e+03
6.648188405797101268e+02 1.227795986622073542e+03
6.659342618384400794e+02 1.227815041782729850e+03
6.667214484679665247e+02 1.227729247910863478e+03
6.672282181000562105e+02 1.227756042720629466e+03
6.672675585284281397e+02 1.227866778149386846e+03
6.671518151815181454e+02 1.228145764576457623e+03
6.665625686059275949e+02 1.228267288693743239e+03
6.663566666666666833e+02 1.228718888888888841e+03
6.659476872246696075e+02 1.228644823788546319e+03
6.656572379367720487e+02 1.229030504714364952e+03
6.649703910614524602e+02 1.229029608938547426e+03
6.642368275097060177e+02 1.228918469217970141e+03
6.634256381798002167e+02 1.228685904550499345e+03
6.625935769656699676e+02 1.228409745293466131e+03
6.617823431426985508e+02 1.228278734036646256e+03
6.617011494252873263e+02 1.228082649151614760e+03
6.616828461114175752e+02 1.228484831770545952e+03
6.615541436464088747e+02 1.228813812154696052e+03
6.614070407040703685e+02 1.229074807480748177e+03
6.608614190687361543e+02 1.229431818181818244e+03
6.601818687430478576e+02 1.229804226918798577e+03
6.595879757308329090e+02 1.230088251516822993e+03
6.591061700944969743e+02 1.230101167315175189e+03
6.588480176211453454e+02 1.229879405286343626e+03
6.590666666666667197e+02 1.229877871148459462e+03
6.595937673900946265e+02 1.229375626043405646e+03
6.602779017857143344e+02 1.229171875000000000e+03
6.605276381909548036e+02 1.229113902847571126e+03
6.602157190635451798e+02 1.229370680044593200e+03
6.593405555555555111e+02 1.229883333333333439e+03
6.593747899159664030e+02 1.230082352941176396e+03
6.602617713004484585e+02 1.230255605381165878e+03
6.612000000000000455e+02 1.231000568181818153e+03
6.622630691399663192e+02 1.231055087127599791e+03
6.635526018099546945e+02 1.231591628959276022e+03
6.642195812110921906e+02 1.231423882286361049e+03
6.633732433951657868e+02 1.231231590781337900e+03
6.624758698092031182e+02 1.231115600448933719e+03
6.616906232453677603e+02 1.231151600224592812e+03
6.614997198879551661e+02 1.231079551820728284e+03
6.611946158160403684e+02 1.230968592260235482e+03
6.611359278059785538e+02 1.231062605752961190e+03
6.605641316685585025e+02 1.231096481271282528e+03
6.601611804767310332e+02 1.231245175936435771e+03
6.590120068610634689e+02 1.231292166952544221e+03
6.581647791619478767e+02 1.231265005662514113e+03
6.574221472737492604e+02 1.231308600337268217e+03
6.568908371040723750e+02 1.231014140271493261e+03
6.570476730987513747e+02 1.231053348467650494e+03
6.573895809739524339e+02 1.231144960362400980e+03
6.574827195467422598e+02 1.231094617563739348e+03
6.575039237668161149e+02 1.230968609865470853e+03
6.567951002227171102e+02 1.230997216035634665e+03
6.561060349689790883e+02 1.231145516074450143e+03
6.556526610644257289e+02 1.231400000000000091e+03
6.557445621862799499e+02 1.231277189068600137e+03
6.563322109988777129e+02 1.231214927048260279e+03
6.564876681614349536e+02 1.231265695067264687e+03
6.565111982082867144e+02 1.231207166853303534e+03
6.562368125701459576e+02 1.230964085297418706e+03
6.553853467561521029e+02 1.231102908277404822e+03
6.541021814006888917e+02 1.231894374282434001e+03
6.527813901345291470e+02 1.231070067264573936e+03
6.523706606942888584e+02 1.231113101903695451e+03
6.523493303571428896e+02 1.230949218750000000e+03
6.524648044692737585e+02 1.230618435754189932e+03
6.525235127478753157e+02 1.230979036827195387e+03
6.530711462450592535e+02 1.230439864483342717e+03
6.534835227272727707e+02 1.230806818181818244e+03
6.532900113507378137e+02 1.230582292849035184e+03
6.528985426008969171e+02 1.230232623318385549e+03
6.522711011738401794e+02 1.230403018446059150e+03
6.520629921259842376e+02 1.230486501687289092e+03
6.517987633501967366e+02 1.230686340640809476e+03
6.515891559530464292e+02 1.230321967579653347e+03
6.511770657672849438e+02 1.230366498032602522e+03
6.505316881660123727e+02 1.230013460459899079e+03
6.497819297267150205e+02 1.229753485778025606e+03
6.492810567734682081e+02 1.229341202922990533e+03
6.491643139469226753e+02 1.229128740824392935e+03
6.491439135381115193e+02 1.228901592718998927e+03
6.494904708520178929e+02 1.228876681614349764e+03
6.498567383918459655e+02 1.229105322763306958e+03
6.498577097505668689e+02 1.229243197278911566e+03
6.495027964205816033e+02 1.229216442953020078e+03
6.486484814398199887e+02 1.229473003374578184e+03
6.482299944040290711e+02 1.229585338556239549e+03
6.479351441241684597e+02 1.229509423503325934e+03
6.477924318308291731e+02 1.229471341124095716e+03
6.480712682379348735e+02 1.229264309764309701e+03
6.481386363636363512e+02 1.229143181818181802e+03
6.478312849162010707e+02 1.228738547486033440e+03
6.471352112676056549e+02 1.228649014084507144e+03
6.461121758737316441e+02 1.228708004509582906e+03
6.446991549295775030e+02 1.228860281690140937e+03
6.441604729729730252e+02 1.228883445945946050e+03
6.442301951779563751e+02 1.229281285878300878e+03
6.450742630385487928e+02 1.228768140589569157e+03
6.456732505643341256e+02 1.228879232505643358e+03
6.463025495750707705e+02 1.228716147308781956e+03
6.465507002801120962e+02 1.228894677871148360e+03
6.465064425770308389e+02 1.228919327731092380e+03
6.466012338754907205e+02 1.228971396522714485e+03
6.472584841628959111e+02 1.228640837104072489e+03
6.482158962795941761e+02 1.228807215332581791e+03
6.494451939291736835e+02 1.228901630129286104e+03
6.503958215697346077e+02 1.228733483907396931e+03
6.508921348314606803e+02 1.228843258426966258e+03
6.507819209039547559e+02 1.228929378531073553e+03
6.504660684240044475e+02 1.228990465507571571e+03
6.502566271855612285e+02 1.229007896221094143e+03
6.504016997167138925e+02 1.228955240793201028e+03
6.511073636874648400e+02 1.228080382237212007e+03
6.516368214885283123e+02 1.228366536094012417e+03
6.520939977349943319e+02 1.228514722536806403e+03
6.522368125701459576e+02 1.228547138047138105e+03
6.517380011293055304e+02 1.228778091473743643e+03
6.511379697139652762e+02 1.228669097027481712e+03
6.506229050279329158e+02 1.228982681564245922e+03
6.506310788149804694e+02 1.228969815539407591e+03
6.507784667418263780e+02 1.229006764374295471e+03
6.515916993830622914e+02 1.228906898485698321e+03
6.520504821327283480e+02 1.228871242200794086e+03
6.519591605218378163e+02 1.228819058423142451e+03
6.514269788182831462e+02 1.228832218506131539e+03
6.504259465478842230e+02 1.228765590200445331e+03
6.494721603563474446e+02 1.228877505567928665e+03
6.483337059809949778e+02 1.228748462828395759e+03
6.475330005546311440e+02 1.228671103716028938e+03
6.474927937915742859e+02 1.228680155210643079e+03
6.475503057254029500e+02 1.228569205113952194e+03
6.476898096304590808e+02 1.228505599104143357e+03
6.480005643340857659e+02 1.228335214446952705e+03
6.482058823529412166e+02 1.228501696832579228e+03
6.485783602900166898e+02 1.228436698271054183e+03
6.491468253968254203e+02 1.228898526077097586e+03
6.495411303861219494e+02 1.229166200335758276e+03
6.503234792495736656e+02 1.229107447413302907e+03
6.510979498861047432e+02 1.229747722095672088e+03
6.514422535211267586e+02 1.229863098591549260e+03
6.515300794551645822e+02 1.230005107832009116e+03
6.514148571428571586e+02 1.230655428571428502e+03
6.514019384264538530e+02 1.230656784492588258e+03
6.516906636670415764e+02 1.230026996625421816e+03
6.522851428571428869e+02 1.230105714285714384e+03
6.527838600451467528e+02 1.229811512415349853e+03
6.535214446952595608e+02 1.230034424379232405e+03
6.535287810383747455e+02 1.230020880361173795e+03
6.533076923076922640e+02 1.229904682274247534e+03
6.525890563930764756e+02 1.230087102177554470e+03
6.524077010192524995e+02 1.230878822197055570e+03
6.525278873239436734e+02 1.230836056338028129e+03
6.530946948088990212e+02 1.230942954934398131e+03
6.541852907639680552e+02 1.231026225769669281e+03
6.555756893640967746e+02 1.230951041080472805e+03
6.564512471655328909e+02 1.231022675736961446e+03
6.561447219069239054e+02 1.230922247446083929e+03
6.553588134626354531e+02 1.231415288077581181e+03
6.547292626728110463e+02 1.231353686635944769e+03
6.540668189605939915e+02 1.231101085094231848e+03
6.537250000000000227e+02 1.231101704545454595e+03
6.547148526077097586e+02 1.230766439909297105e+03
6.556947904869762169e+02 1.230717440543601469e+03
6.564178510517339191e+02 1.230837407617964800e+03
6.567663074305161217e+02 1.230964265456608018e+03
6.564348072562357856e+02 1.231066893424036380e+03
6.561925884334643797e+02 1.231220101066816369e+03
6.568513667425968379e+02 1.231518223234624202e+03
