6.546438356164383094e+02 1.228663561643835692e+03
6.560296540362438691e+02 1.228894014277869246e+03
6.570737704918033160e+02 1.229248633879781437e+03
6.571982618142313868e+02 1.229535035306898408e+03
6.575500550055005533e+02 1.229807480748074795e+03
6.578536853685368442e+02 1.230207370737073688e+03
6.579001097694840610e+02 1.230175082327113159e+03
6.574357976653697051e+02 1.230029460811561876e+03
6.567783278327832477e+02 1.230162266226622705e+03
6.564541436464088520e+02 1.230048618784530390e+03
6.563375831485587923e+02 1.229949002217294947e+03
6.559007717750827169e+02 1.229402976846747606e+03
6.547375068643602845e+02 1.229088412959912148e+03
6.534081300813007829e+02 1.228570189701897107e+03
6.526388888888889142e+02 1.228393790849673223e+03
6.517868047982551616e+02 1.228339149400218048e+03
6.509539295392953591e+02 1.228337127371273709e+03
6.508628198149156106e+02 1.228329341317365333e+03
6.516812465828321592e+02 1.228404045926735989e+03
6.525813698630137196e+02 1.228445479452054769e+03
6.535599999999999454e+02 1.228823561643835546e+03
6.547922865013773617e+02 1.229039669421487588e+03
6.563423373759646893e+02 1.229388643880926111e+03
6.575462506841817003e+02 1.229625068418171850e+03
6.576036283672347054e+02 1.229991753710830153e+03
6.577940854326396902e+02 1.230423877327491709e+03
