6.443688340807175337e+02 1.231427690582959713e+03
6.388589601769911042e+02 1.233880530973451414e+03
6.355817174515235592e+02 1.234981717451523537e+03
6.342433628318584624e+02 1.235568584070796533e+03
6.354678492239468142e+02 1.235415188470066596e+03
6.386101123595506124e+02 1.234537078651685306e+03
6.432740574001124969e+02 1.232970737197523931e+03
6.482502837684450014e+02 1.230729852440408649e+03
6.531122507122506704e+02 1.228429059829059725e+03
6.584219817767653922e+02 1.226368451025056856e+03
6.639207807118255005e+02 1.224623421354764560e+03
6.672897727272727479e+02 1.223544886363636351e+03
6.686175141242937343e+02 1.222964971751412349e+03
6.678306997742663498e+02 1.223418171557562118e+03
6.653479749001711525e+02 1.224949800342270464e+03
6.615695774647887220e+02 1.226553239436619606e+03
6.566976351351351013e+02 1.228868806306306396e+03
6.518495774647886947e+02 1.231141971830985995e+03
6.475536912751678074e+02 1.233791387024608412e+03
6.439050527484730537e+02 1.235977790116601909e+03
6.413284174702212113e+02 1.237380034032898493e+03
6.411053511705686105e+02 1.237591973244147084e+03
6.439820928931169419e+02 1.236939563514269821e+03
6.483111236589497821e+02 1.235364765669113467e+03
6.527857948139796918e+02 1.233328072153325820e+03
6.583340974212034098e+02 1.230286532951289473e+03
6.636060606060606233e+02 1.226844405594405544e+03
6.685348173515981216e+02 1.224481164383561691e+03
6.733705815279361104e+02 1.221720638540478831e+03
6.755503126776577574e+02 1.220811256395679266e+03
6.750361445783132694e+02 1.220788296041308058e+03
6.691664772727273203e+02 1.223801704545454641e+03
6.646250000000000000e+02 1.226563068181818153e+03
6.586919617762788448e+02 1.229689713322091166e+03
6.532749999999999773e+02 1.232418181818181893e+03
6.480297752808988889e+02 1.234737640449438231e+03
6.434711484593836985e+02 1.236477871148459371e+03
6.416961815163253959e+02 1.236786939679026091e+03
6.420972222222221717e+02 1.236873333333333221e+03
6.438014380530973995e+02 1.235479535398230155e+03
6.457532176832680761e+02 1.233978735310576440e+03
6.487723214285714448e+02 1.231696986607142890e+03
6.524061971830985840e+02 1.229207887323943623e+03
6.569631728045326327e+02 1.226717280453257899e+03
6.609470085470085223e+02 1.225005698005697923e+03
6.631429378531073553e+02 1.223871751412429376e+03
6.630039795338260546e+02 1.223373507674815301e+03
6.621818696883852908e+02 1.223459490084985873e+03
6.597190692395005271e+02 1.225130533484676562e+03
6.559363532110091910e+02 1.226716169724770680e+03
6.506294184720638896e+02 1.228753135689851661e+03
6.440927717700626545e+02 1.231421741605008492e+03
6.397284580498866262e+02 1.233116213151927468e+03
6.364474272930648340e+02 1.234356263982102973e+03
6.351193946188341215e+02 1.234600336322869907e+03
6.358637632607482146e+02 1.234642099385818028e+03
6.380376522702104012e+02 1.233528792912513836e+03
6.421368778280542529e+02 1.232117081447963756e+03
6.472445589919816484e+02 1.230199312714776624e+03
6.530676993689041865e+02 1.227878370625358684e+03
6.596870011402507998e+02 1.225497149372861941e+03
6.676638465877044837e+02 1.223029892836999352e+03
