6.566470258136924940e+02 1.229401795735129099e+03
6.583983333333333121e+02 1.229198888888888860e+03
6.601439051918736141e+02 1.229095936794582485e+03
6.616613259668508817e+02 1.229112154696132620e+03
6.623992204899777789e+02 1.229007795100222665e+03
6.618910505836576021e+02 1.228842134519177307e+03
6.611536735838474215e+02 1.229135726303981983e+03
6.609393770856506762e+02 1.229389877641824341e+03
6.609849582172702185e+02 1.229394986072423308e+03
6.613244296048970909e+02 1.229521424596549878e+03
6.618419889502762317e+02 1.229338674033149118e+03
6.624919399666481468e+02 1.229523624235686384e+03
6.627086788280818155e+02 1.229254284134881118e+03
6.624113749309773311e+02 1.229467697404748833e+03
6.615748898678414207e+02 1.229834801762114466e+03
6.603404136389044652e+02 1.229775852431525891e+03
6.587636967349197903e+02 1.229330381848367551e+03
6.571399776035834748e+02 1.229333706606942997e+03
6.554240750966316682e+02 1.229254555494202123e+03
6.551715713492503710e+02 1.229558023320377515e+03
6.553013927576602100e+02 1.229318105849582253e+03
6.556513048306496785e+02 1.229630205441421367e+03
6.533344500279173417e+02 1.229561139028475736e+03
6.522154105736782412e+02 1.229761529808773957e+03
6.512926008968610176e+02 1.230010089686098581e+03
6.501358787198203117e+02 1.230088714205502583e+03
6.499424902289223382e+02 1.230090452261306609e+03
6.503884810841332182e+02 1.230138904573687114e+03
6.509488035614913315e+02 1.229585420144685486e+03
6.514723309111235494e+02 1.229438233650083930e+03
6.522302962548909591e+02 1.229361095584125223e+03
6.530374510899944198e+02 1.229655673560648438e+03
6.535686492495831317e+02 1.229560867148415809e+03
6.535599104143336717e+02 1.229922732362821989e+03
6.535232232792388913e+02 1.229893676552881971e+03
6.545176866928691197e+02 1.229720381807973126e+03
6.563016853932584809e+02 1.229706741573033696e+03
6.583125000000000000e+02 1.229638513513513544e+03
6.599279731993299265e+02 1.229395309882747142e+03
6.613076490438695600e+02 1.229183352080989835e+03
6.623480941704035558e+02 1.229043721973094080e+03
6.618720930232558430e+02 1.228728128460686548e+03
6.610353535353535790e+02 1.229123456790123555e+03
6.603577008928571104e+02 1.229375000000000000e+03
