6.431922005571030923e+02 1.232137047353760408e+03
6.428749311294766358e+02 1.232212672176308615e+03
6.441003904071388888e+02 1.231696597880647005e+03
6.464421579532814803e+02 1.231168520578420384e+03
6.494068927181767776e+02 1.230294608115619894e+03
6.525170868347338455e+02 1.229409523809523762e+03
6.546668533034714983e+02 1.228982642777155661e+03
6.571012943162634201e+02 1.228322453573438452e+03
6.591283361726291332e+02 1.228109596819988610e+03
6.594263959390863192e+02 1.228156232374506544e+03
6.587590293453724826e+02 1.228839729119638832e+03
6.565995500562429470e+02 1.229422947131608453e+03
6.544531602708804030e+02 1.229896726862302557e+03
6.521825352112675773e+02 1.230288450704225397e+03
6.492986651835373095e+02 1.230863181312569623e+03
6.471086711711711814e+02 1.231092905405405418e+03
6.455428730512248876e+02 1.230862472160356447e+03
6.448304898183819205e+02 1.230576774903687465e+03
6.454044198895027193e+02 1.230241988950276209e+03
6.467541528239203217e+02 1.229693244739756437e+03
6.485233592880979359e+02 1.229128476084538306e+03
6.512300734878461981e+02 1.229147540983606632e+03
6.552970241437394634e+02 1.228822010106681546e+03
6.593771331058020451e+02 1.229141069397042202e+03
6.624870056497175028e+02 1.229115819209039500e+03
6.650385050962627247e+02 1.229271234428086018e+03
6.668620689655172100e+02 1.229911249293386163e+03
6.680832854681217441e+02 1.230062607696725991e+03
6.678160854893138776e+02 1.230028121484814392e+03
6.654531602708804030e+02 1.229940180586907445e+03
6.626674169949352518e+02 1.229507034327518340e+03
6.598255223037831456e+02 1.229262563523433073e+03
6.564952698942681764e+02 1.228950473010573205e+03
6.538949416342412633e+02 1.229265703168426853e+03
6.516281128942999885e+02 1.229330381848367551e+03
6.505049833887043178e+02 1.230195459579180579e+03
6.508354641467482224e+02 1.230556420233463086e+03
6.528020190689848050e+02 1.230956253505328050e+03
6.553641425389755568e+02 1.231392538975501111e+03
6.578033426183843630e+02 1.231244011142061254e+03
6.608295008412787865e+02 1.230895120583286598e+03
6.642734994337486114e+02 1.230416761041902646e+03
6.666216975829117928e+02 1.229409218662169678e+03
6.677520984890878708e+02 1.228257414661443818e+03
6.674198086662914875e+02 1.227124366910523349e+03
6.662902137232846371e+02 1.226598425196850485e+03
6.648833426808748754e+02 1.226131800336511560e+03
6.619682359614294000e+02 1.226652297220646687e+03
6.588171074845245130e+02 1.227296567248171186e+03
6.553413948256468302e+02 1.228067491563554540e+03
6.512859550561797732e+02 1.229443820224719047e+03
6.486326304106548832e+02 1.230254716981132106e+03
6.465146814404432689e+02 1.230855401662049871e+03
6.448068622025456307e+02 1.231343663530713911e+03
6.446791827719491721e+02 1.231393705135284335e+03
6.459188129899216619e+02 1.230886338185890281e+03
6.487994413407820957e+02 1.230132960893854715e+03
6.519416430594900476e+02 1.229158640226628904e+03
6.548076709282935326e+02 1.228384658143412935e+03
6.571400226757369865e+02 1.227696145124716622e+03
6.592942167321729130e+02 1.227203818079730581e+03
6.607687074829932499e+02 1.226829365079365061e+03
6.595027901785714448e+02 1.227281808035714221e+03
