6.516205533596837540e+02 1.236664031620553260e+03
6.517508327781479238e+02 1.236782811459027243e+03
6.520975292587776266e+02 1.235617035110533152e+03
6.528271028037382848e+02 1.236303070761014624e+03
6.529002695417789255e+02 1.236214959568733093e+03
6.528523401450230494e+02 1.236000659195781054e+03
6.525703899537343204e+02 1.236225380039656329e+03
6.517711154094132553e+02 1.235154738878143235e+03
6.520655629139072289e+02 1.235942384105960173e+03
6.520529801324503296e+02 1.235495364238410502e+03
6.524464633354964462e+02 1.234648280337443111e+03
6.530253741054001466e+02 1.233945348080676695e+03
6.533834732085216501e+02 1.234146546158812043e+03
6.536923076923077360e+02 1.234943633952254686e+03
6.535408886027043991e+02 1.234316162266580704e+03
6.530462130937098664e+02 1.234510269576379869e+03
6.522610364683301896e+02 1.234566218809980910e+03
6.512170795306388982e+02 1.235472620599739230e+03
6.506135009927201054e+02 1.236262739907346031e+03
6.498800539083557624e+02 1.237297169811320828e+03
6.486899534264804288e+02 1.236966067864271508e+03
6.463955414012739311e+02 1.235690445859872625e+03
6.446159029649595595e+02 1.238117250673854414e+03
6.430990163934426391e+02 1.237451803278688431e+03
6.426086956521738784e+02 1.237912384716732504e+03
6.426164658634538682e+02 1.238500000000000000e+03
6.436195652173912549e+02 1.239004076086956502e+03
6.451139410187668091e+02 1.238815683646112575e+03
6.466812080536913072e+02 1.238492617449664522e+03
6.481800136892538831e+02 1.238960985626283446e+03
6.495465587044534459e+02 1.238217273954116081e+03
6.504862876254180719e+02 1.237456856187290896e+03
6.513795423956931927e+02 1.237628532974428026e+03
6.518733062330622943e+02 1.238030487804878021e+03
6.520000000000000000e+02 1.237043103448275815e+03
6.524928522804628983e+02 1.238015656909462223e+03
6.523140770252324501e+02 1.237088977423638880e+03
6.522592348284960053e+02 1.236784300791556689e+03
6.520071013557134165e+02 1.235739832149773974e+03
6.520940499040307259e+02 1.235628278950735876e+03
6.524980340760157560e+02 1.236634338138925386e+03
6.525905820797906927e+02 1.236476128188358416e+03
6.526387264457439414e+02 1.236256010396361262e+03
6.526677545691906062e+02 1.236366840731070397e+03
6.527756578947368098e+02 1.236568421052631493e+03
6.533326835607537078e+02 1.235972709551656862e+03
6.538667979002624406e+02 1.236255249343832020e+03
6.546845199216198807e+02 1.236321358589157398e+03
6.547528015820698784e+02 1.236163480553724412e+03
6.545326016785022603e+02 1.235581665590703778e+03
6.542138069705093812e+02 1.236767426273458341e+03
6.535837696335078135e+02 1.236064136125654386e+03
6.534007989347536522e+02 1.236761651131824237e+03
6.532692050768202989e+02 1.236756847027388176e+03
6.534700399467376428e+02 1.236317576564580577e+03
6.538915989159891069e+02 1.236974254742547373e+03
6.538736772486772679e+02 1.235980820105820158e+03
6.540423560555923359e+02 1.235603573792190673e+03
6.542839011356045376e+02 1.235961255845023288e+03
6.544011976047904682e+02 1.235946107784431206e+03
6.544006600660065942e+02 1.235761716171617081e+03
6.544758117958913317e+02 1.235804506295560032e+03
6.543424479166666288e+02 1.235626953125000000e+03
6.543773833004602238e+02 1.236093359631821158e+03
6.543713545042126043e+02 1.235714193130265812e+03
6.545798701298700735e+02 1.236141558441558345e+03
6.548506787330317138e+02 1.235612798965740240e+03
6.551731381285804900e+02 1.235174411203055342e+03
6.551082138200782765e+02 1.236264667535853960e+03
6.549224137931034875e+02 1.237043103448275815e+03
6.546601815823605648e+02 1.236499351491569314e+03
6.540710994075049030e+02 1.237422646477946046e+03
6.535667539267016082e+02 1.237184554973822060e+03
6.535876152832674961e+02 1.237356389986824752e+03
6.535805609915198602e+02 1.237113502935420684e+03
6.539272486772487127e+02 1.237327380952380963e+03
6.540528074866309680e+02 1.237241310160427702e+03
6.540270805812417620e+02 1.236996697490092401e+03
6.544565070802427726e+02 1.237625084288604285e+03
6.548508064516129252e+02 1.237198924731182842e+03
6.565348035837353109e+02 1.237743625086147404e+03
6.585618729096989910e+02 1.236368561872909595e+03
6.609473684210526017e+02 1.235796135909393797e+03
6.628035248041775276e+02 1.234761749347258501e+03
6.641281553398058577e+02 1.233923624595469164e+03
6.646761658031088018e+02 1.233704663212435207e+03
6.652261827608555222e+02 1.233572261827608600e+03
6.655325872284397519e+02 1.234200789993416720e+03
6.654874274661508480e+02 1.233951644100580324e+03
6.651836195508586798e+02 1.234697490092470389e+03
6.646065359477124730e+02 1.234484967320261376e+03
6.644496021220159037e+02 1.234821618037135295e+03
6.640512991339106748e+02 1.235285143237841339e+03
6.636923076923077360e+02 1.235455621301775182e+03
6.631459566074951226e+02 1.235243261012491757e+03
6.627455968688844905e+02 1.235279191128506227e+03
6.626565188616809792e+02 1.235672402382528162e+03
6.626358148893359612e+02 1.236492957746478851e+03
6.625334242837653846e+02 1.236703956343792697e+03
6.624477815699658549e+02 1.236505119453924863e+03
6.625261070720423504e+02 1.235701255783212218e+03
6.627270929466051257e+02 1.235319709953856318e+03
6.635497347480105645e+02 1.235652519893899125e+03
6.637138136153337200e+02 1.235265036351619301e+03
6.635482804232804028e+02 1.235384920634920718e+03
6.632746666666666897e+02 1.236210000000000036e+03
6.627162977867203608e+02 1.236847082494969754e+03
6.625440874914559117e+02 1.237230348598769751e+03
6.625044247787610630e+02 1.236995915588835942e+03
6.633010238907850180e+02 1.237143344709897519e+03
6.638885906040268310e+02 1.236861073825503354e+03
6.644732673267326390e+02 1.235877227722772204e+03
6.647008603573792698e+02 1.235903375248180055e+03
6.647612137203166185e+02 1.236135883905013088e+03
6.647982155113246563e+02 1.237827041866849640e+03
6.642660130718953724e+02 1.236198039215686322e+03
6.639885444743935068e+02 1.237394878706199506e+03
6.639848380427291659e+02 1.237917298414886318e+03
6.640750708215297209e+02 1.238929886685552447e+03
6.637331989247311412e+02 1.237426075268817158e+03
6.635502754820936389e+02 1.237765840220385599e+03
6.630965277777777374e+02 1.238001388888888869e+03
6.630638445523941300e+02 1.237899375433726618e+03
6.631519337016574127e+02 1.237762430939226533e+03
6.629842896174862972e+02 1.237486338797814142e+03
6.626793220338983019e+02 1.237208135593220277e+03
6.627713310580204507e+02 1.237108532423208089e+03
6.627510231923602078e+02 1.237038881309686303e+03
6.632398373983739930e+02 1.236335365853658459e+03
6.635295681063122402e+02 1.235457142857142799e+03
6.638070761014686241e+02 1.235072763684913298e+03
6.644481132075471805e+02 1.234923180592991912e+03
6.649089041095890025e+02 1.235717123287671257e+03
6.650437756497948385e+02 1.236125170998632029e+03
6.650460704607046409e+02 1.235699864498644956e+03
6.651457765667574904e+02 1.235790190735694750e+03
6.655835543766578439e+02 1.235284482758620697e+03
6.665095709570956615e+02 1.235129372937293738e+03
6.671332007952286176e+02 1.234778661365142398e+03
6.673583278035832791e+02 1.235276708692766988e+03
6.666561290322580362e+02 1.234518064516129016e+03
6.655078328981722962e+02 1.235204308093994769e+03
6.639513365318711067e+02 1.237017135023989113e+03
6.627389530931338868e+02 1.237271244051665462e+03
6.625734989648033206e+02 1.237991718426500938e+03
6.621450326323422360e+02 1.239807106598984774e+03
6.613900069396252093e+02 1.238918112421929209e+03
6.605167693360712065e+02 1.238639972621492234e+03
6.604343983684568684e+02 1.238348742352141471e+03
6.605541006202619201e+02 1.238550654720882221e+03
6.606816326530612287e+02 1.238138095238095275e+03
6.608013937282230472e+02 1.238652264808362361e+03
6.610437500000000455e+02 1.238293055555555611e+03
6.617474048442907133e+02 1.238071280276816651e+03
6.624539340954943327e+02 1.237158036314727724e+03
6.631375085091899564e+02 1.237345813478556920e+03
6.637003968253968651e+02 1.236713624338624413e+03
6.641664447403461509e+02 1.236378828229027931e+03
6.641862022772940009e+02 1.236573342263898212e+03
6.638330033003300059e+02 1.236861386138613852e+03
6.633466057441253270e+02 1.236414490861618788e+03
6.627418086500655363e+02 1.236896461336828224e+03
6.621105157401206043e+02 1.237161419959812520e+03
6.615799731182795540e+02 1.237236559139784958e+03
6.614380442062960128e+02 1.237110515740120491e+03
6.617087508350033431e+02 1.236830995323981369e+03
6.619199466310874413e+02 1.236340893929286267e+03
6.620849498327759193e+02 1.236226755852842871e+03
6.617324883255503210e+02 1.236464976651100642e+03
6.606068152031455156e+02 1.235615334207077240e+03
6.604207317073170316e+02 1.236608401084010893e+03
6.597974079126876177e+02 1.236828785811732587e+03
6.598573416840640675e+02 1.237447459986082094e+03
6.600239605355884578e+02 1.237765327695560245e+03
6.605881513204853945e+02 1.237823697359029211e+03
6.608451388888888687e+02 1.237347222222222172e+03
6.608466386554621295e+02 1.237413865546218403e+03
6.604725503822098744e+02 1.236988186240444747e+03
6.605521557719054044e+02 1.236885952712100107e+03
6.608185654008439087e+02 1.237514767932489349e+03
6.611834992887623912e+02 1.237524182076813759e+03
6.616744186046511231e+02 1.237572233967582861e+03
6.618174273858920742e+02 1.237384508990318182e+03
6.616686666666666952e+02 1.236251333333333378e+03
6.617297116029510562e+02 1.236197853789403098e+03
6.616735099337748807e+02 1.235664900662251739e+03
6.618371934604904254e+02 1.236893051771117143e+03
6.611955233706386252e+02 1.235914417379855195e+03
6.604645247657296068e+02 1.236805220883534048e+03
6.598480161398789505e+02 1.237143913920645673e+03
6.598318644067796868e+02 1.237652881355932095e+03
6.598609772883688720e+02 1.237460426703372377e+03
6.599271844660194120e+02 1.237736477115117850e+03
6.599235010337698668e+02 1.237611302549965558e+03
6.598757721345230038e+02 1.237753603294440609e+03
6.597606779661016390e+02 1.237332203389830511e+03
6.589889119889120366e+02 1.238373527373527395e+03
6.583548840477864132e+02 1.238883345045678197e+03
6.576457898399443138e+02 1.238706332637439118e+03
6.572000000000000455e+02 1.238640830449827035e+03
6.576529902642558909e+02 1.238370653685674597e+03
6.588860497237568552e+02 1.237973756906077369e+03
6.599281271596406668e+02 1.237551485832757407e+03
6.604277966101694801e+02 1.235793898305084667e+03
6.606890645586297524e+02 1.234490118577075009e+03
6.612370572207084933e+02 1.235391008174387025e+03
6.617541974479516966e+02 1.235223640026863677e+03
6.622710926694329601e+02 1.235270401106500685e+03
6.628428571428571558e+02 1.235015646258503466e+03
6.629079837618403417e+02 1.234807848443843113e+03
6.625530104712041748e+02 1.234134162303664880e+03
6.615108418367346985e+02 1.233239795918367236e+03
6.600791808873719901e+02 1.235218430034129597e+03
6.584631229235880028e+02 1.234621926910298953e+03
6.563456310679612216e+02 1.233427184466019526e+03
6.547505003335556921e+02 1.234851901267511721e+03
6.532320841551610329e+02 1.234261012491781685e+03
6.523593333333333248e+02 1.234908666666666704e+03
6.517602143335566325e+02 1.235493636972538525e+03
6.515540275049115735e+02 1.234562540929927991e+03
6.516771241830065264e+02 1.234380392156862854e+03
6.521826086956522204e+02 1.234804013377926367e+03
6.528341044282881285e+02 1.234674157303370748e+03
6.532365229110512246e+02 1.235337601078167154e+03
6.530510805500982769e+02 1.235153241650294603e+03
6.527708333333333712e+02 1.235520182291666742e+03
6.526057441253263960e+02 1.235815926892950301e+03
6.525833333333333712e+02 1.236235333333333301e+03
6.527212681638044387e+02 1.235788639365918016e+03
6.531646586345381138e+02 1.236171352074966535e+03
6.533688685415304462e+02 1.235221713538260246e+03
6.535574523965856315e+02 1.235820748522652593e+03
6.527610506085842417e+02 1.235389493914157583e+03
6.524319793681495412e+02 1.235641521598968438e+03
6.521171112556928620e+02 1.236018217306441102e+03
6.518872422680412910e+02 1.235791881443298962e+03
6.521005802707929888e+02 1.235812379110251413e+03
6.522880258899676846e+02 1.235812944983818852e+03
6.524714656290532275e+02 1.236049935149156909e+03
6.524191502853519751e+02 1.235196575776791406e+03
6.521512444160816813e+02 1.235486279514996795e+03
6.516018276762401911e+02 1.236019582245430911e+03
6.512617666021920968e+02 1.235905867182462998e+03
6.509531043593131017e+02 1.236559445178335636e+03
6.508069011280690574e+02 1.236512939615129426e+03
6.508211654387140470e+02 1.236823174815807079e+03
6.509571045576407187e+02 1.236823726541555061e+03
6.513493737640079644e+02 1.235519446275543942e+03
6.520785478547854837e+02 1.235629702970297103e+03
6.525467816854678631e+02 1.235966821499668185e+03
6.526566063044936072e+02 1.236291750503018193e+03
6.524568151147097979e+02 1.236429824561403620e+03
6.516177248677248599e+02 1.235737433862433818e+03
6.514689153439153415e+02 1.235882275132275026e+03
6.512269779507133762e+02 1.234933852140077761e+03
6.515494722955145335e+02 1.235428100263852230e+03
6.518995311453448949e+02 1.234997990622906855e+03
6.526127547666009150e+02 1.234871794871794918e+03
6.527325581395348308e+02 1.233965116279069662e+03
6.528889610389610425e+02 1.234173376623376726e+03
6.525406091370558670e+02 1.233863578680203091e+03
6.518726925525143088e+02 1.234012094207511154e+03
6.508055190538764236e+02 1.235565703022338994e+03
6.497775551102204190e+02 1.236295257181028774e+03
6.493717693836978242e+02 1.235962889330682628e+03
6.486275303643724328e+02 1.236670715249662635e+03
6.473297801465689645e+02 1.236397734843437775e+03
6.454034526854219393e+02 1.235627237851662358e+03
6.436218158066623118e+02 1.236783148269105141e+03
6.426640211640211646e+02 1.237256613756613660e+03
6.422174770039422356e+02 1.237718134034165587e+03
6.424930046635575991e+02 1.237801465689540237e+03
6.436438923395445499e+02 1.238682539682539755e+03
6.449649831649832095e+02 1.238119191919191962e+03
6.468169014084506898e+02 1.238228034875922276e+03
6.483543046357615367e+02 1.237385430463576085e+03
6.497558372248165597e+02 1.237553035356904502e+03
6.506752645502645009e+02 1.236891534391534378e+03
6.514414295168762692e+02 1.236583719391131808e+03
6.517015323117921071e+02 1.236693537641572220e+03
6.518539852645679957e+02 1.236933690555927569e+03
6.516930693069307381e+02 1.236401320132013097e+03
6.518301387970918768e+02 1.236198281559814859e+03
6.520026490066225051e+02 1.235699337748344306e+03
6.522279555845852883e+02 1.234973873285434365e+03
6.524078249336870385e+02 1.235417108753315688e+03
6.527468354430379804e+02 1.235687541638907305e+03
6.525885450954575617e+02 1.235184990125082322e+03
6.524638633377135193e+02 1.235475689881734525e+03
6.524675066312997842e+02 1.236018567639257299e+03
6.524615894039735622e+02 1.235923841059602637e+03
6.528782961460445904e+02 1.236340770791075101e+03
6.535083836351442415e+02 1.235676056338028275e+03
6.538924590163934454e+02 1.234750819672131229e+03
6.540201429499675214e+02 1.234579597141000704e+03
