6.614429604897051149e+02 1.230038953811908641e+03
6.619135527049637631e+02 1.229939765755716735e+03
6.625137717818998908e+02 1.230127599775154522e+03
6.630429447852760632e+02 1.230229782487451303e+03
6.635513180033651679e+02 1.230151991026360065e+03
6.636166759932848436e+02 1.229738668158925520e+03
6.631368131868132423e+02 1.229209890109890011e+03
6.628352810239288146e+02 1.228997217584863620e+03
6.617632017787659606e+02 1.229144524735964524e+03
6.599778147531891364e+02 1.229057127010537897e+03
6.577699115044247264e+02 1.229267699115044252e+03
6.567472466960352904e+02 1.229964207048458093e+03
6.558136439267886999e+02 1.230279534109816950e+03
6.549313019390581303e+02 1.230327977839335290e+03
6.538340659340659613e+02 1.230223076923076860e+03
6.526716253443526057e+02 1.230256749311294698e+03
6.512686980609418015e+02 1.230246537396121994e+03
6.495693753454947910e+02 1.230038695411829849e+03
6.487178492239468142e+02 1.229966740576496704e+03
6.476981339187706226e+02 1.229656970362239235e+03
6.466769740474875334e+02 1.229806184428492543e+03
6.475383342526199613e+02 1.229441809156094905e+03
6.485600442722744674e+02 1.229366353071389085e+03
6.493781232648528885e+02 1.229404219877845662e+03
6.504413067552602570e+02 1.229404761904761926e+03
6.512090707964601961e+02 1.229355088495575274e+03
6.518644444444444161e+02 1.229612222222222272e+03
6.528223209328150460e+02 1.230109383675735671e+03
6.538864142538975557e+02 1.230257238307349553e+03
6.549190396426577081e+02 1.230195421552205516e+03
6.557755443886096600e+02 1.230173087660524743e+03
6.575577354260090033e+02 1.230136210762331757e+03
6.593685092127303733e+02 1.229227247347850380e+03
6.605908328675237726e+02 1.228996646171045313e+03
6.609665551839465252e+02 1.228750836120401345e+03
6.617091922005571405e+02 1.229309749303621174e+03
6.624949944382647118e+02 1.229822024471635132e+03
6.628243167875069730e+02 1.229767428890128258e+03
6.634517029592406061e+02 1.230223897264098241e+03
6.639034598214285552e+02 1.229978236607142890e+03
6.642750139742872761e+02 1.230029066517607589e+03
6.640088691796008789e+02 1.229594235033259338e+03
6.626907158836688723e+02 1.229273489932885923e+03
