7.089140271493212140e+02 1.191106900452488617e+03
7.021521739130434980e+02 1.190448512585812296e+03
6.924724454649827976e+02 1.191494833524684282e+03
6.773470623864324125e+02 1.196370078740157396e+03
6.610714285714285552e+02 1.203637065637065689e+03
6.439198337292161796e+02 1.212995843230403807e+03
6.261720116618075735e+02 1.224300291545189566e+03
6.136737430167597722e+02 1.233486033519553075e+03
6.045951482479783863e+02 1.242536927223719658e+03
5.977661717921527043e+02 1.251091198303287456e+03
5.946786469344608577e+02 1.255910676532769457e+03
5.933068362480127007e+02 1.259199788023317524e+03
5.957368995633187296e+02 1.261173034934497764e+03
6.002449209932279928e+02 1.261334650112866711e+03
6.072611723737667262e+02 1.257591990713871155e+03
6.204043683589137572e+02 1.252754427390791079e+03
6.374056865464632438e+02 1.248159500693481277e+03
6.560963781461018698e+02 1.240664211172498426e+03
6.779170225747407130e+02 1.232948139109212889e+03
6.929293059125964191e+02 1.223882390745501198e+03
7.040825958702065464e+02 1.216709144542772947e+03
7.117761877504293579e+02 1.207395535203205554e+03
7.141655367231638820e+02 1.201173446327683678e+03
7.141329577464788372e+02 1.195385352112675946e+03
7.105005656108597805e+02 1.191667420814479556e+03
7.045571014492753648e+02 1.189804637681159420e+03
6.959843478260869460e+02 1.190410434782608718e+03
6.828717948717949184e+02 1.193748360166964858e+03
6.503697978596908342e+02 1.208070154577883386e+03
