6.558639867841409341e+02 1.228559471365638728e+03
6.567842163355408047e+02 1.228915011037527620e+03
6.574075513603553418e+02 1.228879511382565170e+03
6.569282164549972549e+02 1.229154058531198189e+03
6.558268805309734262e+02 1.229112831858407162e+03
6.555893347993403495e+02 1.229255085211654659e+03
6.553068432671082064e+02 1.229333885209713117e+03
6.552476506357103290e+02 1.229168601437258076e+03
6.561191275167785761e+02 1.229266219239373640e+03
6.567043956043955859e+02 1.229081868131868077e+03
6.562649667405764831e+02 1.229212860310421320e+03
6.549106359649123306e+02 1.229231907894736878e+03
6.539083469721767869e+02 1.229469176213857054e+03
6.543923076923076678e+02 1.229532967032967008e+03
6.556356715606307262e+02 1.229507340946166323e+03
6.559232468249585963e+02 1.229319160684704684e+03
6.556577364680152868e+02 1.229375615090213159e+03
6.553602860286028999e+02 1.229436193619362029e+03
6.545443592552026075e+02 1.229237130339540045e+03
6.538201202843083593e+02 1.229080371787862305e+03
6.537342465753424676e+02 1.229186849315068457e+03
6.540143408714836823e+02 1.229375068946497549e+03
6.548985745614035068e+02 1.229317434210526244e+03
6.547791712104689168e+02 1.229246455834242170e+03
