6.539143646408839459e+02 1.229416574585635317e+03
6.524234581497797762e+02 1.229432819383259812e+03
6.510418293363078419e+02 1.229681539319576132e+03
6.501658291457285941e+02 1.229788386376326116e+03
6.493776800439802628e+02 1.229938977460142951e+03
6.488724461623412481e+02 1.229852567642186614e+03
6.481426183844010893e+02 1.229910863509749333e+03
6.478767274737424486e+02 1.229840243228302825e+03
6.477321232123211985e+02 1.229745874587458729e+03
6.476432105552501071e+02 1.229747113798790451e+03
6.476265060240963294e+02 1.229560788608981284e+03
6.474631057268722998e+02 1.229784140969162991e+03
6.475987825124515211e+02 1.229670724958494702e+03
6.478404669260700075e+02 1.230078376876042284e+03
6.482763452914798563e+02 1.230053251121076300e+03
6.493662366797532286e+02 1.230084688726864897e+03
6.504754464285714448e+02 1.229640625000000000e+03
6.514491384102278744e+02 1.229614785992218003e+03
6.519994416527080148e+02 1.229616415410385343e+03
6.527051070840198008e+02 1.229294343767160854e+03
6.534377421140011393e+02 1.229220254565578216e+03
6.544229050279329840e+02 1.229460335195530661e+03
6.556556919642856656e+02 1.229665736607142890e+03
6.566383928571428896e+02 1.229811383928571331e+03
6.584062674874090817e+02 1.229885842193620647e+03
6.596891741071428896e+02 1.229803571428571331e+03
6.612397298818233367e+02 1.229634214969049026e+03
6.634746235359732509e+02 1.229631344116006630e+03
6.639461581604037974e+02 1.229947840717891268e+03
6.642136414881623523e+02 1.230023675310033923e+03
6.646531531531531982e+02 1.230098536036035966e+03
6.648689265536722814e+02 1.230242372881356005e+03
6.653626126126125655e+02 1.230155968468468473e+03
6.653508968609864951e+02 1.230022982062780329e+03
6.651912751677851929e+02 1.229711409395973078e+03
6.639660545353366388e+02 1.229893155258764637e+03
6.627309392265193537e+02 1.229720441988950370e+03
6.618807799442896567e+02 1.229792200557103115e+03
6.603210702341136766e+02 1.229594202898550748e+03
6.592558659217877448e+02 1.229664804469273804e+03
6.580640311804008888e+02 1.229614142538975557e+03
6.570011185682326413e+02 1.229568232662192486e+03
6.563981173864895027e+02 1.229251937984496180e+03
6.559221424627277202e+02 1.229078961899502929e+03
6.552481994459833459e+02 1.228819944598337997e+03
6.540132669983415781e+02 1.229150912106136047e+03
6.526400669642856656e+02 1.229088169642857110e+03
6.511746384872079716e+02 1.229453837597330448e+03
6.503205980066445591e+02 1.229450719822812744e+03
6.496189950303700016e+02 1.229218663721700750e+03
6.490905555555555111e+02 1.229288888888888778e+03
6.486294052863436264e+02 1.229202092511013234e+03
6.484685777287761539e+02 1.229447629547960332e+03
6.484519867549669243e+02 1.229158940397350989e+03
6.486826710816776540e+02 1.229188189845474653e+03
