6.519481026785714448e+02 1.234791294642857110e+03
6.527836029001673523e+02 1.235590630228667123e+03
6.547814793901750363e+02 1.236125352907961542e+03
6.562954417557681381e+02 1.236290377039955047e+03
6.571278409090908781e+02 1.235934090909090855e+03
6.582432432432432279e+02 1.235356981981982017e+03
6.593384267119411106e+02 1.235101867572156152e+03
6.605089988751406054e+02 1.234407199100112393e+03
6.614205765969473987e+02 1.233730356133408804e+03
6.607313933967543562e+02 1.233081141578063807e+03
6.591187782805429833e+02 1.232587104072398233e+03
6.567358384744811701e+02 1.232077397644419534e+03
6.546993865030674442e+02 1.231652537646402607e+03
6.533696017947279415e+02 1.231367358384744875e+03
6.523235460191981474e+02 1.230900056465273792e+03
6.525350140056021928e+02 1.230049299719888040e+03
6.538741496598639742e+02 1.228869614512471571e+03
6.560488914155770317e+02 1.227575895395110820e+03
6.581187111362351061e+02 1.226457320520067924e+03
6.597536640360766569e+02 1.226074408117249050e+03
6.613077796706417075e+02 1.224985235661555862e+03
6.617237507018528504e+02 1.224200449185850630e+03
6.603905359179019570e+02 1.223623147092360341e+03
6.578620689655172100e+02 1.223310910118711035e+03
6.550579216354344680e+02 1.223320272572402018e+03
6.522021640091115842e+02 1.224040432801822362e+03
6.495715889949466373e+02 1.224292532285232937e+03
6.475479375696767192e+02 1.224510033444816145e+03
6.463813796971396641e+02 1.224783510936623770e+03
6.457727777777778329e+02 1.225197777777777674e+03
6.458747903856902894e+02 1.225470095025153796e+03
6.466202460850112175e+02 1.226220917225950870e+03
6.483861607142856656e+02 1.226546316964285779e+03
6.505910364145657923e+02 1.227339495798319376e+03
6.522913870246085253e+02 1.227747203579418283e+03
6.537230255839822348e+02 1.228432146829810790e+03
6.536394633873673001e+02 1.229575740637227454e+03
6.524512331838565160e+02 1.230694506726457348e+03
6.502230296254890618e+02 1.232236444941308037e+03
6.487512520868114052e+02 1.233319421257651584e+03
6.487395192845165184e+02 1.234101173840134152e+03
6.498661064425770064e+02 1.234473949579831924e+03
6.517651685393258276e+02 1.234405617977527982e+03
6.542074198988195803e+02 1.234268128161888626e+03
6.571141888072356778e+02 1.234456755228942939e+03
6.598865047995483337e+02 1.234115189158667363e+03
6.622138826185101834e+02 1.233625282167042997e+03
6.645411499436302165e+02 1.233186020293122965e+03
6.665245346869712648e+02 1.232385786802030452e+03
6.680186757215619764e+02 1.232225806451612925e+03
6.679420371412493296e+02 1.232081598199212067e+03
6.663051325437112382e+02 1.231344613649182065e+03
6.644893258426966440e+02 1.231296629213483129e+03
6.621577181208053844e+02 1.230398210290827819e+03
6.608351034097261163e+02 1.229757965343767410e+03
6.605414798206278419e+02 1.229059417040358767e+03
6.607163000564015647e+02 1.227812746756909291e+03
6.615574229691876553e+02 1.226275630252100882e+03
6.626451431779898940e+02 1.224982032565974123e+03
6.637480446927373805e+02 1.223187150837988838e+03
6.645177865612648702e+02 1.222008469791078596e+03
6.645307042253521104e+02 1.221162816901408405e+03
6.635171830985915449e+02 1.220971267605633784e+03
6.615897291196388323e+02 1.221015801354401901e+03
6.598980392156862536e+02 1.221137254901960887e+03
6.576908887646729909e+02 1.221801565120178793e+03
6.558037694013303280e+02 1.222130820399113190e+03
6.547788300835654809e+02 1.222945961002785452e+03
6.542364145658262942e+02 1.223653221288515397e+03
6.541383928571428896e+02 1.224294642857142890e+03
6.542329227323627947e+02 1.224676371780515183e+03
6.551540191118606344e+02 1.224922428330522735e+03
6.566618942731277002e+02 1.225071585903083587e+03
6.583480200780813902e+02 1.225206358059118884e+03
6.602533783783783292e+02 1.226208896396396312e+03
6.612536557930259278e+02 1.227000000000000000e+03
6.607324805339266049e+02 1.228307007786429267e+03
6.586379406827084040e+02 1.229362618914381756e+03
6.554860022396416070e+02 1.230764277715565413e+03
6.527384013415315849e+02 1.232072666294018973e+03
6.507244050913116098e+02 1.233303818483674604e+03
6.503324068927181543e+02 1.234433018343524282e+03
6.512246498599439519e+02 1.235279551820728329e+03
6.528263305322128645e+02 1.235864985994397784e+03
6.543183098591549651e+02 1.236196056338028257e+03
6.550289608177172340e+02 1.236308915388983451e+03
6.558074986010072962e+02 1.235390598768886321e+03
6.574360269360269058e+02 1.235277777777777828e+03
6.590119658119658652e+02 1.234799999999999955e+03
6.598594014680970758e+02 1.234153020892151289e+03
6.592152974504249414e+02 1.233781303116147228e+03
6.577408450704225515e+02 1.233130140845070400e+03
6.556254891000559155e+02 1.232684181106763617e+03
6.536978297161936098e+02 1.232513077351140737e+03
6.524768026830631698e+02 1.232318054779206250e+03
6.516184649610678434e+02 1.231433815350389295e+03
6.536333147009502227e+02 1.229301285634432588e+03
