6.597530120481927725e+02 1.229271084337349293e+03
6.595611629182666320e+02 1.228740537575425151e+03
6.594496422674739051e+02 1.228616951018161899e+03
6.593436293436293454e+02 1.228755653612796550e+03
6.590860927152317572e+02 1.228976269315673335e+03
6.583729372937293647e+02 1.229118261826182561e+03
6.576604600219058057e+02 1.229333515881708763e+03
6.572231995601979406e+02 1.229454095656954451e+03
6.568015350877193441e+02 1.229210526315789366e+03
6.566312603192075130e+02 1.229056686846450248e+03
6.561262349066959132e+02 1.228959934138309563e+03
6.553807947019867015e+02 1.228773178807947033e+03
6.548781946710168995e+02 1.228493746601413704e+03
6.548067501360914093e+02 1.228565051714752371e+03
6.546117196056954981e+02 1.228623220153340526e+03
6.552515269294835889e+02 1.228950583009439242e+03
6.553021702838063902e+02 1.228961046188091359e+03
6.559382579933848092e+02 1.229356119073869877e+03
6.560789183222957490e+02 1.228969094922737213e+03
6.566269972451790409e+02 1.228658953168044036e+03
6.570982339955850193e+02 1.228467991169977950e+03
6.576343732895456924e+02 1.228416529830323043e+03
6.585323110624315177e+02 1.228561336254107346e+03
6.583949671772428474e+02 1.228680525164113760e+03
6.586907894736841627e+02 1.229027412280701810e+03
6.593150912106135593e+02 1.229510779436152461e+03
6.595230263157894797e+02 1.229355263157894797e+03
6.601592674805771139e+02 1.229306881243063344e+03
6.601340033500837308e+02 1.229154662199888435e+03
6.597506909894970022e+02 1.228941404090657898e+03
6.596069268829027124e+02 1.228708631115997832e+03
6.592614958448752986e+02 1.228835457063711829e+03
6.592354235423542832e+02 1.228970297029703033e+03
6.586410256410256352e+02 1.229156028368794296e+03
6.571940626717977239e+02 1.229340846619021477e+03
