6.541774370208105438e+02 1.229478641840087676e+03
6.540000000000000000e+02 1.229427866154690037e+03
6.539818581638262458e+02 1.229402968664101081e+03
6.539451219512195621e+02 1.229143569844789454e+03
6.543425720620842867e+02 1.228329822616407910e+03
6.549869067103110183e+02 1.227379159847244864e+03
6.564972222222222626e+02 1.227747222222222263e+03
6.570630182421226664e+02 1.227911000552791620e+03
6.565821880153930579e+02 1.228406816932380480e+03
6.562658157602663778e+02 1.228968368479467244e+03
6.564433221099887987e+02 1.229698653198653119e+03
6.565484931506849762e+02 1.229382465753424640e+03
6.568163826278174611e+02 1.229454095656954451e+03
6.568279274326553150e+02 1.229533260032985254e+03
6.567188533627343077e+02 1.229218853362734308e+03
6.573220055710306724e+02 1.229116991643453957e+03
6.569460649422123879e+02 1.228674188222344583e+03
6.560580110497237456e+02 1.228910497237568961e+03
6.560689464975179135e+02 1.229024820739106417e+03
6.560419657647707936e+02 1.229526780784097127e+03
6.555764576457645489e+02 1.230228822882288341e+03
6.554751929437707076e+02 1.230554575523704443e+03
6.556247240618101841e+02 1.230554083885209820e+03
6.556158536585365937e+02 1.230105875831485491e+03
6.564787175234936285e+02 1.228686014372581440e+03
