6.465752212389380702e+02 1.230294247787610630e+03
6.461148912437256513e+02 1.231394868934746228e+03
6.453912800447177460e+02 1.232239239798770313e+03
6.458887634105025199e+02 1.232553359683794497e+03
6.475423919146546723e+02 1.232106681639528460e+03
6.499710556186151962e+02 1.231591373439273639e+03
6.525871766029246146e+02 1.230393700787401485e+03
6.550985277463194052e+02 1.229317100792751944e+03
6.569937817976257293e+02 1.228009044657998857e+03
6.589040862656072477e+02 1.226738933030647104e+03
6.604850872256612320e+02 1.226056274620146269e+03
6.615087323943662341e+02 1.225931267605633820e+03
6.614708193041526556e+02 1.226034231200897921e+03
6.603696868008948968e+02 1.226228187919463153e+03
6.593314638250139978e+02 1.227110487941671408e+03
6.580970654627539034e+02 1.228298532731377009e+03
6.569640044994375785e+02 1.229350956130483610e+03
6.567487493051695537e+02 1.230167315175097201e+03
6.566050139275765787e+02 1.230962674094707609e+03
6.566548423423423628e+02 1.232087274774774869e+03
6.568953356086461781e+02 1.232237770193401502e+03
6.583674732695553757e+02 1.231602138435565621e+03
6.600039660056656885e+02 1.230844759206798926e+03
6.616698483997754465e+02 1.229878719820325614e+03
6.631097285067872917e+02 1.229153280542986522e+03
6.637519685039370643e+02 1.228011811023622158e+03
6.643644544431946315e+02 1.227385826771653456e+03
6.652464428002276691e+02 1.226883892999430827e+03
6.651963984243105870e+02 1.226468204839617329e+03
6.643958215697346077e+02 1.227042913608130903e+03
6.626707657909446425e+02 1.227694242593627678e+03
6.608304225352112553e+02 1.229285070422535227e+03
6.588048368953881209e+02 1.230138920134983209e+03
6.571455372370664918e+02 1.231530983513359843e+03
6.564693080357143344e+02 1.232426339285714221e+03
6.555847693162868381e+02 1.233205669816564750e+03
6.544173184357541686e+02 1.233135754189944237e+03
6.536753462603877551e+02 1.232677562326869747e+03
6.540646430578976833e+02 1.231623946037099586e+03
6.553262331838565160e+02 1.230444506726457348e+03
6.567303116147309083e+02 1.228882719546742237e+03
6.575422969187675335e+02 1.227219607843137283e+03
6.575100671140939994e+02 1.226180089485458666e+03
6.571509327303560895e+02 1.225271339739966152e+03
6.568807390817469241e+02 1.224137737961926177e+03
6.563528418683173413e+02 1.223727630838491905e+03
6.551894913359418524e+02 1.223894354387926114e+03
6.532486064659977956e+02 1.224116499442586473e+03
6.507395426659230679e+02 1.225372002230898033e+03
6.482137232845893777e+02 1.226559617547806511e+03
6.465435267857143344e+02 1.228343750000000000e+03
6.456214720531266948e+02 1.229636413945766435e+03
6.455520891364902809e+02 1.231189415041782695e+03
6.456261160714285552e+02 1.232102120535714221e+03
6.457217584863661841e+02 1.232695047301057230e+03
6.467115492957746028e+02 1.232787042253521122e+03
6.484516489659027911e+02 1.232207937395192857e+03
6.511962669683257445e+02 1.231598981900452600e+03
6.536243654822335429e+02 1.230288776085730433e+03
6.554441325098259767e+02 1.229218978102189794e+03
6.573563799887576806e+02 1.228277121978639798e+03
6.604335227272727025e+02 1.227090909090909008e+03
