6.470704304080492193e+02 1.230284516489658927e+03
6.466035934868051527e+02 1.230372262773722696e+03
6.462550790067720072e+02 1.230431715575620728e+03
6.462740574001124969e+02 1.229867191896454642e+03
6.466014573991030829e+02 1.229582959641255684e+03
6.470897727272727025e+02 1.229253409090909145e+03
6.478241379310344428e+02 1.229642528735632141e+03
6.487165898617511175e+02 1.229719470046082961e+03
6.491754183496826727e+02 1.229687824581650375e+03
6.490756351039260608e+02 1.230396073903002389e+03
6.485816733067729274e+02 1.230699487763232810e+03
6.485050618672665905e+02 1.230430258717660308e+03
6.485073529411764639e+02 1.230996606334841545e+03
6.483203389830508740e+02 1.231153107344632872e+03
6.481410184667039402e+02 1.231175153889199692e+03
6.481728395061728634e+02 1.231251402918069516e+03
6.485727170236752954e+02 1.231533821871476903e+03
6.495411036036035739e+02 1.231430743243243342e+03
6.509534355479840997e+02 1.231438387279954668e+03
6.525374149659863861e+02 1.231151927437641689e+03
6.547295918367346985e+02 1.231096938775510125e+03
6.571032515687393243e+02 1.230865373645179716e+03
6.589099660249150929e+02 1.230426953567383862e+03
6.603999999999999773e+02 1.230112747875354216e+03
6.612167990919409704e+02 1.229784903518728697e+03
6.612199661590524329e+02 1.229637337845459570e+03
6.604247887323944042e+02 1.229721126760563493e+03
6.594321748878924154e+02 1.229651345291479856e+03
6.585828220858895747e+02 1.229568878973786923e+03
6.575148063781321071e+02 1.230626423690205002e+03
6.564448841153193825e+02 1.230630864895421155e+03
6.553620111731843281e+02 1.231020111731843599e+03
6.541434240362812034e+02 1.231512471655328909e+03
6.534454443194600799e+02 1.232123172103487150e+03
6.531631488876212188e+02 1.232360524814603650e+03
6.531903945111491794e+02 1.232607775871926833e+03
6.540912743972445469e+02 1.232677382319173375e+03
6.551849710982659190e+02 1.232800578034682076e+03
6.564769230769230717e+02 1.232561823361823372e+03
6.584274376417233725e+02 1.231907596371882164e+03
6.596243597040410123e+02 1.232173591348890113e+03
6.603088319088319622e+02 1.231438176638176628e+03
6.603861671469741168e+02 1.231692219020172843e+03
6.606771249286936154e+02 1.231329720479178604e+03
6.608317280453258036e+02 1.230959773371104802e+03
6.601736389684813275e+02 1.230741547277936888e+03
6.597865168539325396e+02 1.230464044943820227e+03
6.593779661016949376e+02 1.230288135593220431e+03
6.586661007357101880e+02 1.230133559705715925e+03
6.582577903682719125e+02 1.230128611898016970e+03
6.576370830977953119e+02 1.230780667043527501e+03
6.574371460928651913e+02 1.230423556058890199e+03
6.571753100338219156e+02 1.230342728297632448e+03
6.574109666478236704e+02 1.230377049180327958e+03
6.582423382519863253e+02 1.230491486946651548e+03
6.589180985108820323e+02 1.230825887743413432e+03
6.601267281105990605e+02 1.230838133640552996e+03
6.612786697247706797e+02 1.230912844036697152e+03
6.624127074985689205e+02 1.231215226101888902e+03
6.635612829324169297e+02 1.231794959908361989e+03
6.648580387685291271e+02 1.231782782212086659e+03
6.654167616875712383e+02 1.231861459521094730e+03
6.659603960396040065e+02 1.232612696563774080e+03
6.662665515256188655e+02 1.232687967760506581e+03
6.662880091795753970e+02 1.232726333907056869e+03
6.661542824730572647e+02 1.232357345433919363e+03
6.655603156708004917e+02 1.232702931228861416e+03
6.651498297389330219e+02 1.232588535754824079e+03
6.644897142857142853e+02 1.232925714285714321e+03
6.644255918827508367e+02 1.232121758737316895e+03
6.645967379077615078e+02 1.231805399325084409e+03
6.646890140845069936e+02 1.231548732394366198e+03
6.645346478873238993e+02 1.231210140845070327e+03
6.644626194491287379e+02 1.231036537380550953e+03
6.645045300113250732e+02 1.230688561721404312e+03
6.645126291618828418e+02 1.230749712973593660e+03
6.645189437428243764e+02 1.230520665901262873e+03
6.645766836445953913e+02 1.229937747594793336e+03
6.636568796776050476e+02 1.230340241796200417e+03
6.627131519274375933e+02 1.229834467120181444e+03
6.613082231167337568e+02 1.230530189764232318e+03
6.596611898016997202e+02 1.230330878186968903e+03
6.579621468926553689e+02 1.230526553672316368e+03
6.560067758328627860e+02 1.231146809712027107e+03
6.548655036578503541e+02 1.231380416432189122e+03
6.544101123595505669e+02 1.231487640449438231e+03
6.544317032040472668e+02 1.231436200112422739e+03
6.546076447442383142e+02 1.231630129286115789e+03
6.549098591549295634e+02 1.231698028169014151e+03
6.559169022046353348e+02 1.231544375353307032e+03
6.578125707814269845e+02 1.231242921857304736e+03
6.596422902494331311e+02 1.230994897959183618e+03
6.615430539609643574e+02 1.230642365097588936e+03
6.638780767029193157e+02 1.229850601030337657e+03
6.659535816618911213e+02 1.229517478510028695e+03
6.673937677053824018e+02 1.229209631728045224e+03
6.677068867387592945e+02 1.229246442800227669e+03
6.679547796222094576e+02 1.229027475672581659e+03
6.676363122171945861e+02 1.229214932126696795e+03
6.655102272727273203e+02 1.229500000000000000e+03
6.640572254335260141e+02 1.229893641618497213e+03
6.632208904109588730e+02 1.230058789954337954e+03
6.622457531143827509e+02 1.230385617214043123e+03
6.617019607843137692e+02 1.230650420168067285e+03
6.612421171171171181e+02 1.231023648648648759e+03
6.611642045454545951e+02 1.231178409090909099e+03
6.611858608893957125e+02 1.231263968072976013e+03
6.613166571915861596e+02 1.231326321773735117e+03
6.613977207977208082e+02 1.231434188034188082e+03
6.617442396313364270e+02 1.232275921658986135e+03
6.625751295336787052e+02 1.232259067357513004e+03
6.634643678160919080e+02 1.232329885057471301e+03
6.635642939150401389e+02 1.232083237657864629e+03
6.634173318129988957e+02 1.231830672748004645e+03
6.629596361569073224e+02 1.231620807276861797e+03
6.622181818181818471e+02 1.231319318181818289e+03
6.611600227790432882e+02 1.231301822323462375e+03
6.601996567505721032e+02 1.231090389016018207e+03
6.592071141709695894e+02 1.230820424555364298e+03
6.579643261608154035e+02 1.230258776896942209e+03
6.565144312393888413e+02 1.229933786078098365e+03
6.556488162344983266e+02 1.229991544532130774e+03
6.549837170129140986e+02 1.229587871982032539e+03
6.543147208121827134e+02 1.229483361534122878e+03
6.542319413092550349e+02 1.229435665914221318e+03
6.544823923979877236e+02 1.229400223588596873e+03
6.546465953854811914e+02 1.229423747889701644e+03
6.551684507042253927e+02 1.229643380281690042e+03
6.556430976430976898e+02 1.229890011223344572e+03
6.559006734006734405e+02 1.229969135802469054e+03
6.557680995475112695e+02 1.230117647058823422e+03
6.562315130830488670e+02 1.230380546075085249e+03
6.564579545454545269e+02 1.230571022727272748e+03
6.567359134889015877e+02 1.231013090495162260e+03
6.567480136208853310e+02 1.231212258796821743e+03
6.561914529914530476e+02 1.231719658119658106e+03
6.556148231330713543e+02 1.231599663110612028e+03
6.551822272215972589e+02 1.231586051743532153e+03
6.545310229178311374e+02 1.231901062045835715e+03
6.542784313725489937e+02 1.231812885154061632e+03
6.538716216216216708e+02 1.232065315315315274e+03
6.542440273037542511e+02 1.231867463026166206e+03
6.546470251716247049e+02 1.231981121281464539e+03
6.555289163391353213e+02 1.230938798427849633e+03
6.562676537585421102e+02 1.230144646924829203e+03
6.566331058020477940e+02 1.230576791808873622e+03
6.566627450980391814e+02 1.229821288515406195e+03
6.566324354657688218e+02 1.229611672278339029e+03
6.562271702367530679e+02 1.229527057497181431e+03
6.556041666666666288e+02 1.229817567567567494e+03
6.544834362717574550e+02 1.229883773161145427e+03
6.529105736782902341e+02 1.230451631046119246e+03
6.509811212814645387e+02 1.231054919908466900e+03
6.487639436619717799e+02 1.231438309859154970e+03
6.467793374508703437e+02 1.231611454239191517e+03
6.447058823529412166e+02 1.231828571428571422e+03
6.432179341657207488e+02 1.232095346197502749e+03
6.422304665542440034e+02 1.232041034288926312e+03
6.421385915492958247e+02 1.232208450704225243e+03
6.431611079706049168e+02 1.231953080836630761e+03
6.442806122448979522e+02 1.231885487528344584e+03
6.450542725173210101e+02 1.232549653579676715e+03
6.461052328924669155e+02 1.232247843588269234e+03
6.471844494892168314e+02 1.231379114642451668e+03
6.480288461538461888e+02 1.231213800904977461e+03
6.488707289293849954e+02 1.231170273348519459e+03
6.494220445459736766e+02 1.230517989720159903e+03
6.495090090090089916e+02 1.230372747747747781e+03
6.492390934844192998e+02 1.230339943342776223e+03
6.485044642857143344e+02 1.229574776785714221e+03
6.475179573512906472e+02 1.229158810325476907e+03
6.464212290502792939e+02 1.229393854748603417e+03
6.458680203045685175e+02 1.229482797518330472e+03
6.455650198750710160e+02 1.230135718341851316e+03
6.459716270990156772e+02 1.230566299942096066e+03
6.466920022688599374e+02 1.230477595008508160e+03
6.476825842696629252e+02 1.230692696629213515e+03
6.485492402926280420e+02 1.231104670793472224e+03
6.495997732426303628e+02 1.231413265306122412e+03
6.506583990980834642e+02 1.231497745208568176e+03
6.516766197183098939e+02 1.231522253521126686e+03
6.524613649182176687e+02 1.231437112239142607e+03
6.528425507900677758e+02 1.231540067720090292e+03
6.532258796821793112e+02 1.231734392735527763e+03
6.532707024557395243e+02 1.232077669902912703e+03
6.533432919954904037e+02 1.231551860202931266e+03
6.527217490062464549e+02 1.232379329926178343e+03
6.522160945413618265e+02 1.231601575689364154e+03
6.517663499161542404e+02 1.231754611514812723e+03
6.509966348850252871e+02 1.231642176107683781e+03
6.501865756541524206e+02 1.231707622298065871e+03
6.492456239412761079e+02 1.231156973461321286e+03
6.480345224395857713e+02 1.231429228998849339e+03
6.468572237960339635e+02 1.231228895184136036e+03
6.462818906605922393e+02 1.230907175398633171e+03
6.456865921787709794e+02 1.230068156424581048e+03
6.455424107142856656e+02 1.229480468750000000e+03
6.455197992191857566e+02 1.229405465699944216e+03
6.455780898876404308e+02 1.229374719101123674e+03
6.457799205899035542e+02 1.229381168462847427e+03
6.465044943820224717e+02 1.229374719101123674e+03
6.467385657820440201e+02 1.229511010728401970e+03
6.467849829351536073e+02 1.230114334470989661e+03
6.464410256410255897e+02 1.230727635327635426e+03
6.459816933638444425e+02 1.231203661327231202e+03
6.458919527293190868e+02 1.231113674732695472e+03
6.459058093626621257e+02 1.231325437112239115e+03
6.457926008968610176e+02 1.231358183856502137e+03
6.457558790593504909e+02 1.231487681970884751e+03
6.459385817978783280e+02 1.231502512562813990e+03
6.466910935738444550e+02 1.231535512965050657e+03
6.476866928691746352e+02 1.231587310499719251e+03
6.492866817155755825e+02 1.231110609480812627e+03
6.513126059920858779e+02 1.230753533069530704e+03
6.534773242630385539e+02 1.230661564625850360e+03
6.555732880588568605e+02 1.230152801358234228e+03
6.575108323831242387e+02 1.229883694412770865e+03
6.587649063032367849e+02 1.229249290176036311e+03
6.594257256687535573e+02 1.229072282299373910e+03
6.592440408626561066e+02 1.228888195232690123e+03
6.586258581235697420e+02 1.229236270022883218e+03
6.583579545454545041e+02 1.228913636363636442e+03
6.573967082860385744e+02 1.229249148694665109e+03
6.566078651685393197e+02 1.229194382022471927e+03
6.556261944912872650e+02 1.229525014052838742e+03
6.544433164128595308e+02 1.230232938522278573e+03
6.534565587734241490e+02 1.231347529812606581e+03
6.532882882882882996e+02 1.231156531531531527e+03
6.528697596422582592e+02 1.231368362213527007e+03
6.532356257046222936e+02 1.231511273957158892e+03
6.538611579539067407e+02 1.231845418774592417e+03
6.563255681818181984e+02 1.231549999999999955e+03
