6.463217821782178589e+02 1.219957645764576455e+03
6.459539978094195476e+02 1.217943044906900241e+03
6.458734246575342013e+02 1.216767671232876637e+03
6.459895547003848151e+02 1.216611874656404552e+03
6.472567196928140447e+02 1.217228195282501474e+03
6.495165929203540145e+02 1.219558628318584169e+03
6.524486396446418439e+02 1.221719044975013958e+03
6.564983240223464236e+02 1.224437430167597768e+03
6.603291995490417321e+02 1.227263810597519750e+03
6.635095078299776787e+02 1.230105704697986539e+03
6.661691093573844000e+02 1.232877113866967193e+03
6.682364449413080365e+02 1.235317495807713840e+03
6.692572706935122824e+02 1.237153243847874819e+03
6.688711656441718105e+02 1.238934746235359626e+03
6.674046434494196092e+02 1.239483139856274192e+03
6.666066852367688398e+02 1.238930919220055785e+03
6.645747508305647671e+02 1.237370431893687737e+03
6.614817073170731874e+02 1.235150776053215168e+03
6.573554317548746440e+02 1.232502506963788392e+03
6.535083148558758239e+02 1.230024390243902417e+03
6.495927552140504986e+02 1.227476399560922118e+03
6.460027397260273574e+02 1.224446575342465849e+03
6.442347161572051846e+02 1.222238537117903888e+03
6.434524463991203902e+02 1.220231445849367674e+03
6.432508178844057056e+02 1.218293347873500579e+03
6.433355481727575125e+02 1.218011074197120706e+03
6.437480620155038196e+02 1.217630675526024334e+03
6.485537513997760470e+02 1.220178051511758213e+03
