6.394855555555556066e+02 1.232728333333333239e+03
6.401864594894561833e+02 1.232463928967813445e+03
6.445856573705178789e+02 1.232058622652248232e+03
6.507804309842748580e+02 1.230581828771112441e+03
6.586477074869413855e+02 1.229282646546720798e+03
6.661246410109132512e+02 1.227409534750143621e+03
6.695379388448470763e+02 1.226216874292185821e+03
6.702775556824672094e+02 1.225243289548829352e+03
6.672509892594686107e+02 1.225318824194460149e+03
6.627956496851745669e+02 1.225690326273611845e+03
6.560691218130311881e+02 1.226786968838526946e+03
6.480550823395798261e+02 1.228292447473026641e+03
6.420239179954442079e+02 1.228782460136674217e+03
6.375911111111111040e+02 1.229797222222222217e+03
6.372989462007765269e+02 1.230104270660011025e+03
6.399060589216230710e+02 1.229509171762090091e+03
6.448674285714286043e+02 1.228900000000000091e+03
6.527106017191977116e+02 1.227251002865329610e+03
6.597271137026239103e+02 1.226211661807580185e+03
6.654997157475838776e+02 1.225215463331438286e+03
6.678969014084507307e+02 1.224836619718309748e+03
6.665230855855855907e+02 1.225152590090090143e+03
6.621430205949657193e+02 1.225791189931350118e+03
6.558395691609977121e+02 1.226753401360544331e+03
6.496514546491728197e+02 1.227757558471192169e+03
6.430368063420158933e+02 1.228698754246885528e+03
6.376771124790151362e+02 1.230158925573587112e+03
6.355175879396985010e+02 1.230476270240089434e+03
6.364003340757237766e+02 1.230084632516703778e+03
6.409204093234792481e+02 1.229224559408754885e+03
6.468109048723897558e+02 1.227824245939675166e+03
6.535079455164585625e+02 1.226753121452894447e+03
6.600571755288735858e+02 1.225564894225271473e+03
6.629200226885990332e+02 1.224663074305161672e+03
6.630430408049189737e+02 1.224114030184460489e+03
6.600478334271243739e+02 1.224890827236916039e+03
6.550638540478905725e+02 1.225781071835803914e+03
6.482222850678732584e+02 1.227247737556561106e+03
6.409449747332959078e+02 1.228905109489051029e+03
6.362463524130190535e+02 1.230199214365881062e+03
6.331424642464246517e+02 1.230746974697469796e+03
6.365613048368953741e+02 1.230775590551181040e+03
6.425726351351351013e+02 1.229882882882882996e+03
6.511935297515886987e+02 1.228633737723858985e+03
6.583949678174370774e+02 1.227180807489760127e+03
6.639977388355002859e+02 1.226451102317693540e+03
6.660608300170551956e+02 1.226135304150085176e+03
6.654445688689809231e+02 1.226230683090705497e+03
6.618587570621468785e+02 1.226964971751412349e+03
6.553765501691093505e+02 1.228225479143179200e+03
6.492987012987013031e+02 1.229627893845285143e+03
6.425567991046447105e+02 1.230689983212087327e+03
6.374768026830631698e+02 1.232178311906092858e+03
6.358873085339168938e+02 1.232440371991247275e+03
6.371357063403781922e+02 1.232835928809788584e+03
6.419515765765765991e+02 1.231570945945946050e+03
6.485248842592592382e+02 1.230612268518518476e+03
6.565770114942529290e+02 1.229412643678160975e+03
6.641058020477815944e+02 1.228110921501706571e+03
6.682410460488914623e+02 1.227206367254121687e+03
6.694141242937853349e+02 1.227211864406779569e+03
6.671872532430908223e+02 1.227617033276931807e+03
6.630355329949238694e+02 1.228443316412859531e+03
6.570611205432936686e+02 1.230102433503112707e+03
6.499621040723982333e+02 1.232230203619909389e+03
6.444238521836506379e+02 1.233246920492721074e+03
6.410497787610619298e+02 1.234314159292035356e+03
6.400220022002200722e+02 1.234849834983498340e+03
6.424577226606538716e+02 1.234662908680947112e+03
6.478478873239436098e+02 1.234259154929577562e+03
6.561415313225057844e+02 1.233290023201856229e+03
6.634662004662004620e+02 1.231418414918415010e+03
6.685090805902383408e+02 1.230014188422247344e+03
6.709550369948776734e+02 1.229074558907228266e+03
6.692870159453302676e+02 1.229026195899772119e+03
6.653425821064552110e+02 1.229275764439411205e+03
6.590272417707151362e+02 1.230348467650397197e+03
6.522001160092806913e+02 1.231493039443155340e+03
6.454827586206896513e+02 1.232436404748445511e+03
6.381655592469545581e+02 1.233892026578073001e+03
