6.546033916849015668e+02 1.228435448577680518e+03
6.537566830332788186e+02 1.227325695581014770e+03
6.526816192560174841e+02 1.227336433260393960e+03
6.515326385079539477e+02 1.227086670323642238e+03
6.507028353326063552e+02 1.227132497273718627e+03
6.503015350877193441e+02 1.227075109649122851e+03
6.500342950462710405e+02 1.226980947196516126e+03
6.506663037561240799e+02 1.227235710397387038e+03
6.522815265486725593e+02 1.227688053097345119e+03
6.537156916347730657e+02 1.228255877528704104e+03
6.547368995633187296e+02 1.228409388646288107e+03
6.558754098360656144e+02 1.229110928961748641e+03
6.578020833333333712e+02 1.229992872807017648e+03
6.598493677844969625e+02 1.230031335898845555e+03
6.607877954920286356e+02 1.230209455744914749e+03
6.607838283828382373e+02 1.230619361936193627e+03
6.608507953922106708e+02 1.230727372462973108e+03
6.606984126984126533e+02 1.230688560481663899e+03
6.599321566464423086e+02 1.230776613348042019e+03
6.594707170224411357e+02 1.230479474548440066e+03
6.586042810098792870e+02 1.229971459934138238e+03
6.567415300546448407e+02 1.229785792349726762e+03
6.548259683578831982e+02 1.229322422258592496e+03
6.537201959716929878e+02 1.228488840500816650e+03
6.527817093086554223e+02 1.227905824714207938e+03
6.519186991869918302e+02 1.227744173441734347e+03
6.503569078947368780e+02 1.227444627192982352e+03
