6.518272980501392340e+02 1.230797214484679671e+03
6.513791759465478890e+02 1.230670935412026665e+03
6.512440677966101248e+02 1.230893220338983156e+03
6.511908226077224526e+02 1.230539451594851698e+03
6.511937465103294471e+02 1.230536013400334923e+03
6.515030572540300682e+02 1.230760978321289713e+03
6.517686692869174294e+02 1.231193149915777667e+03
6.521412429378531215e+02 1.231146327683615709e+03
6.524428169014084915e+02 1.231445070422535309e+03
6.528320312500000000e+02 1.231506138392857110e+03
6.527458006718925390e+02 1.231947368421052715e+03
6.524766146993318898e+02 1.232090200445434220e+03
6.518870877585243306e+02 1.231916713247624330e+03
6.516423804226918719e+02 1.231432703003337110e+03
6.515745152354570564e+02 1.230654847645429300e+03
6.517865105908583701e+02 1.230368450390189537e+03
6.528745098039215691e+02 1.229469467787114809e+03
6.533743016759776765e+02 1.228817318435754260e+03
6.527714126807563844e+02 1.228360400444938932e+03
6.525492256637168111e+02 1.228345685840708029e+03
6.522265408106607083e+02 1.228310938367573499e+03
6.519146546883773681e+02 1.228967995508141485e+03
6.521716713881020269e+02 1.229353541076487318e+03
6.522225352112676546e+02 1.230176901408450703e+03
6.522090140845070891e+02 1.230496338028169021e+03
6.520710290827740891e+02 1.230551454138702411e+03
6.518872138470128448e+02 1.230476270240089434e+03
6.515130049806308534e+02 1.230537908135030420e+03
6.513355629877369211e+02 1.230300445930880642e+03
6.510377039954980773e+02 1.229832301631963901e+03
6.508151870463427713e+02 1.229336683417085396e+03
6.511106145251396811e+02 1.228640223463687107e+03
6.514380257992147563e+02 1.228591699383062178e+03
6.518143176733781274e+02 1.228282997762863488e+03
6.525184357541899089e+02 1.228524022346368611e+03
6.531876056338028320e+02 1.229243943661971798e+03
6.538299776286353335e+02 1.229366890380313180e+03
6.553795416433762284e+02 1.230354946897708260e+03
6.567077523703291035e+02 1.231199665365309556e+03
6.580980834272829725e+02 1.231920518602029233e+03
6.596391522587841791e+02 1.232428332403792638e+03
6.606210173281162952e+02 1.232844605925097767e+03
6.614871508379887928e+02 1.232774860335195626e+03
6.618534675615212564e+02 1.232369686800894897e+03
6.618937708565072171e+02 1.231425472747497224e+03
6.616060773480662647e+02 1.230413812154696188e+03
6.614855555555556066e+02 1.229742222222222154e+03
6.612008953553441870e+02 1.229211527700055967e+03
6.606243767313019362e+02 1.228521883656509772e+03
6.602956570155902227e+02 1.228260579064588001e+03
6.601222658440830173e+02 1.228352215367358440e+03
6.597941996653653405e+02 1.228687674288901235e+03
6.595167785234899611e+02 1.228818232662192486e+03
6.595743732590528907e+02 1.229276323119777089e+03
6.597746085011185642e+02 1.229494407158836793e+03
6.599898591549296043e+02 1.229194366197183172e+03
6.601264822134387487e+02 1.228727837380011351e+03
6.605011160714285552e+02 1.228244977678571331e+03
6.609482564679415191e+02 1.227945444319459966e+03
6.610039325842697053e+02 1.227511235955056236e+03
6.609018404907975537e+02 1.227340211935304069e+03
6.605839822024471459e+02 1.227056729699666221e+03
6.601617647058823195e+02 1.226853506787330389e+03
6.598701442841287417e+02 1.226409544950055533e+03
6.597198660714285552e+02 1.226707031250000000e+03
6.596344750140370934e+02 1.226854014598540061e+03
6.600429378531073326e+02 1.227232203389830602e+03
6.597717330342120476e+02 1.228079641054402600e+03
6.596406685236769363e+02 1.228677437325905203e+03
6.598755605381165878e+02 1.229216367713004502e+03
6.603217097862767559e+02 1.229827896512935922e+03
6.608738135120045172e+02 1.230381351200446716e+03
6.610050876201244137e+02 1.231070661390616124e+03
6.603974215246636277e+02 1.231122197309417061e+03
6.594277777777778056e+02 1.231367222222222154e+03
6.581054994388327941e+02 1.231501122334455658e+03
6.562055180180179832e+02 1.231737612612612565e+03
6.551344632768361862e+02 1.232123728813559410e+03
6.539185980780101772e+02 1.232075183719615552e+03
6.526440866185452023e+02 1.231811215991116114e+03
6.516464026770775035e+02 1.231870607919687700e+03
6.512069351230425127e+02 1.231640380313199103e+03
6.512075365579302115e+02 1.231806524184476984e+03
6.512872281093140145e+02 1.231684885666480795e+03
6.513896031302404026e+02 1.231759083286752457e+03
6.514440697020797870e+02 1.232169196177627782e+03
6.517703003337040855e+02 1.232342602892102377e+03
6.521619047619047933e+02 1.232355742296918834e+03
6.527911285794497189e+02 1.232846715328467099e+03
6.529865470852017779e+02 1.233125560538116588e+03
6.530635188308037868e+02 1.233207982012366529e+03
6.527622222222222490e+02 1.233187222222222317e+03
6.525809682804674594e+02 1.232961602671118499e+03
6.522283156127588200e+02 1.232355903749300523e+03
6.528244620611551454e+02 1.231020385050962659e+03
