6.567153243847874364e+02 1.229597315436241615e+03
6.567346711259755239e+02 1.229634336677814872e+03
6.569581005586592255e+02 1.229806145251396629e+03
6.572028169014084824e+02 1.229801690140845039e+03
6.572682379349046187e+02 1.229540404040403928e+03
6.577662049861495461e+02 1.229201108033241098e+03
6.584468558708958881e+02 1.228565943238731279e+03
6.587255011135857785e+02 1.228561247216035554e+03
6.590157126823793305e+02 1.228655443322109932e+03
6.595474330357143344e+02 1.228537946428571331e+03
6.603641488162345468e+02 1.228670236753100426e+03
6.611764705882352473e+02 1.229351809954751161e+03
6.622282669657879524e+02 1.229528883903533369e+03
6.628310886644220545e+02 1.229420314253647575e+03
6.626488764044943309e+02 1.229979213483146168e+03
6.621077270163564208e+02 1.230081782289904140e+03
6.621415730337079140e+02 1.230178089887640454e+03
6.624520471116096587e+02 1.230278182837913619e+03
6.626260480715483254e+02 1.230298490776970311e+03
6.620406911928650970e+02 1.229741360089186173e+03
6.605962074735081160e+02 1.229469046291132145e+03
6.590334448160534748e+02 1.229239130434782510e+03
6.578155988857938610e+02 1.229022284122562723e+03
6.572921970116215107e+02 1.228807969009407770e+03
6.576552498596294072e+02 1.229140370578326838e+03
6.584795975405254467e+02 1.228746785913918302e+03
6.584406685236768908e+02 1.228486908077994485e+03
6.580268456375838468e+02 1.229200223713646437e+03
6.575273934698394669e+02 1.229588821250691808e+03
6.575654596100278013e+02 1.230345961002785543e+03
6.567582356225572084e+02 1.230909547738693391e+03
6.558200442967885238e+02 1.230741971207087545e+03
6.548371191135734080e+02 1.230734626038781244e+03
6.536683305601775373e+02 1.230600110926234038e+03
6.521783333333332848e+02 1.230319999999999936e+03
6.505503318584070485e+02 1.230394911504424726e+03
6.486336469286109150e+02 1.229987271721084653e+03
6.466008844665560673e+02 1.229449972360420134e+03
6.453608360836083193e+02 1.229344334433443237e+03
6.447174638487208540e+02 1.229365962180200313e+03
6.447728531855955225e+02 1.229326869806094237e+03
6.451576879910213620e+02 1.229086419753086375e+03
6.459630459126540245e+02 1.229404255319148888e+03
6.467849522740033308e+02 1.229164514317798876e+03
6.482567264573990542e+02 1.229277466367713032e+03
6.499853603603603460e+02 1.229443130630630549e+03
6.514872364039955528e+02 1.229430632630410628e+03
6.534100558659217768e+02 1.229524022346368611e+03
6.550722689075630569e+02 1.229262184873949536e+03
6.559598662207357620e+02 1.229210702341137221e+03
6.559527252502780357e+02 1.229276974416017765e+03
6.560470324748040412e+02 1.229197648376259849e+03
6.559234184239733167e+02 1.229088235294117567e+03
6.556246529705719013e+02 1.228915047196002206e+03
6.563282997762863715e+02 1.228782997762863488e+03
6.572002237136465510e+02 1.228459172259507795e+03
6.572684563758389231e+02 1.228305369127516769e+03
6.572142459654980939e+02 1.228456872565386675e+03
6.575566722501396271e+02 1.228371300949190299e+03
6.602224089635853943e+02 1.228639215686274611e+03
