6.574542951541850471e+02 1.229055616740087999e+03
6.572811980033277450e+02 1.229278979478646761e+03
6.568396278051450281e+02 1.229300492610837409e+03
6.564788345244639913e+02 1.229239142385926243e+03
6.553825466520307828e+02 1.229212952799121922e+03
6.549615800865800566e+02 1.229266233766233654e+03
6.547925561029009032e+02 1.229277504105090202e+03
6.547686403508771491e+02 1.229160087719298190e+03
6.547652892561983435e+02 1.229272176308539883e+03
6.550166021029330068e+02 1.229227448810182523e+03
6.556461199779856770e+02 1.229150798018712067e+03
6.562093922651934008e+02 1.229440883977900512e+03
6.566523652365236785e+02 1.229614411441144057e+03
6.568452706396938083e+02 1.229303444505194193e+03
6.575286343612334576e+02 1.229148127753303925e+03
6.587802197802197952e+02 1.229233516483516496e+03
6.590916620651573794e+02 1.229060739922694665e+03
6.585467032967032992e+02 1.229139010989011012e+03
6.587237781438769844e+02 1.229274025260845747e+03
6.596428963247394677e+02 1.229308283049917691e+03
6.596467361492045711e+02 1.229309928688974196e+03
6.593207443897099438e+02 1.229395730706075483e+03
6.596040637012630441e+02 1.229439319055464011e+03
6.597789415656009169e+02 1.229420617420066264e+03
6.594774477447745085e+02 1.229245324532453196e+03
6.583153549807374247e+02 1.229381948266373229e+03
6.579906232763376011e+02 1.229379481522338665e+03
6.577332601536772927e+02 1.229262897914379892e+03
6.568422504136790394e+02 1.229386651958080620e+03
6.559721006564551544e+02 1.229152625820569028e+03
6.557746863066012111e+02 1.228998908892525833e+03
6.555085118066996301e+02 1.229057111477210356e+03
6.548423349699945675e+02 1.229177850518276045e+03
6.539626783754116559e+02 1.229153677277716724e+03
6.533472454090150450e+02 1.229114079020589770e+03
