6.612125850340136139e+02 1.230289682539682644e+03
6.601896162528216792e+02 1.230651241534988685e+03
6.605395401009534453e+02 1.231027481772293868e+03
6.623860544217686765e+02 1.230804421768707471e+03
6.650824270177447488e+02 1.230603319977103638e+03
6.682286042504307488e+02 1.229658816771970123e+03
6.719222350230414804e+02 1.228602534562211986e+03
6.745789775990809858e+02 1.227704192992533081e+03
6.763671830177854645e+02 1.227033275960986884e+03
6.770830945558739131e+02 1.227077936962750755e+03
6.756810933940774930e+02 1.227067198177676573e+03
6.726732954545454959e+02 1.227750000000000000e+03
6.685535512965050202e+02 1.228450394588500558e+03
6.652239229024943370e+02 1.229226757369614461e+03
6.627874234835837797e+02 1.229933222036727784e+03
6.617055214723926611e+02 1.230592303402119342e+03
6.620932584269662584e+02 1.230611797752809025e+03
6.640367024280067199e+02 1.230422360248447148e+03
6.670830977953646652e+02 1.229527981910684048e+03
6.695109859154929381e+02 1.229393802816901371e+03
6.715984117980714245e+02 1.228891094724900768e+03
6.726755379388448546e+02 1.227927519818799510e+03
6.727780307342060269e+02 1.227649402390438354e+03
6.719754285714285515e+02 1.227816000000000031e+03
6.696829954954954474e+02 1.228328265765765764e+03
6.668814432989690886e+02 1.229107674684994208e+03
6.631881019830028663e+02 1.229759206798866899e+03
6.598728291316526793e+02 1.230632492997198824e+03
6.580458404074703367e+02 1.231126202603282309e+03
6.574548006737787773e+02 1.231284671532846687e+03
6.588787535410764349e+02 1.231183569405099206e+03
6.616240045506257275e+02 1.230687713310580193e+03
6.653878132118451276e+02 1.229855353075170797e+03
6.693342939481268559e+02 1.229147550432276603e+03
6.720292935094772702e+02 1.228457782883400341e+03
6.730351180195739289e+02 1.227857800805987381e+03
6.724688561721404767e+02 1.227767836919592355e+03
6.712454751131222110e+02 1.227808257918552044e+03
6.687392045454545269e+02 1.228061931818181847e+03
6.652272467086434062e+02 1.229025758443045333e+03
6.617904869762174940e+02 1.230231030577576348e+03
6.582724703222158951e+02 1.230481628038439794e+03
6.563766968325792277e+02 1.231078619909502322e+03
6.566514639639639199e+02 1.231036036036035966e+03
6.584339729119639060e+02 1.230512979683972844e+03
6.615582717453098667e+02 1.230121091529277919e+03
6.648507972665148600e+02 1.229261389521640012e+03
6.681678956324446972e+02 1.228506522972206540e+03
6.694126074498567505e+02 1.228072206303724897e+03
6.689994256174612701e+02 1.228010338885697820e+03
6.673040770101924863e+02 1.228291619479048677e+03
6.644537142857143408e+02 1.229119999999999891e+03
6.613722504230117920e+02 1.229460800902425262e+03
6.579321163719338301e+02 1.230168282943525355e+03
6.544070746771476479e+02 1.230342504211117330e+03
6.522061797752809298e+02 1.230610674157303265e+03
6.509317673378076279e+02 1.230614653243847897e+03
6.516732617297908519e+02 1.230252685132843453e+03
6.534661399548532472e+02 1.229291196388261824e+03
6.561557330290929713e+02 1.228791215059897240e+03
6.590280641466208635e+02 1.228168384879725181e+03
6.610596175478065106e+02 1.227623734533183324e+03
6.620776643990930097e+02 1.227256235827664341e+03
6.612471655328797624e+02 1.227298185941043130e+03
6.592753128555176545e+02 1.227534698521046721e+03
6.560290598290598609e+02 1.228215954415954457e+03
6.513261729790842764e+02 1.229106274731486792e+03
6.468771138669673064e+02 1.229569898534385629e+03
6.426171875000000000e+02 1.230408482142857110e+03
6.395443458980043943e+02 1.230585920177383514e+03
6.388547486033519363e+02 1.230406703910614624e+03
6.402997183098591449e+02 1.230067042253521095e+03
6.431189527603870602e+02 1.229395560614684200e+03
6.457497181510710789e+02 1.228981961668545637e+03
6.482870159453302676e+02 1.228617881548974992e+03
6.502622298065983841e+02 1.228333902161547257e+03
6.507498585172609182e+02 1.228076400679117114e+03
6.501946802490095934e+02 1.228391624221844950e+03
6.481706349206349387e+02 1.228670634920634939e+03
6.457397183098591995e+02 1.229128450704225315e+03
6.433305415968732177e+02 1.229613623673925076e+03
6.413464345873104548e+02 1.230258281864121273e+03
6.395936277249860495e+02 1.230622135271101115e+03
6.387262569832402050e+02 1.230745251396647973e+03
6.396829405162739022e+02 1.230491021324354733e+03
6.421405714285714339e+02 1.230195999999999913e+03
6.455891559530464292e+02 1.229282839575181697e+03
6.493544375353307032e+02 1.228625777275296741e+03
6.519002267573696372e+02 1.228390589569160966e+03
6.531344299489506966e+02 1.228347702779353313e+03
6.524912676056337659e+02 1.228302535211267696e+03
6.505039370078740149e+02 1.228484251968503941e+03
6.476666666666666288e+02 1.229110547095318680e+03
6.443178770949721184e+02 1.229574860335195581e+03
6.415344924284912622e+02 1.230160964666292784e+03
6.389477821448624582e+02 1.230751263335204840e+03
6.372495765104461043e+02 1.231077922077922040e+03
6.368648199445983664e+02 1.230920221606648283e+03
6.381170512099043890e+02 1.231013505908835214e+03
6.415410299943406471e+02 1.230892473118279668e+03
6.453750714694110684e+02 1.230121212121212011e+03
6.494204221334854310e+02 1.229986879634911475e+03
6.523124287343215428e+02 1.229608893956670499e+03
6.528493535694210550e+02 1.229295671725688635e+03
6.521487179487179446e+02 1.229406267806267806e+03
6.497371975239167341e+02 1.229430500844119251e+03
6.467721876766535161e+02 1.229704918032786964e+03
6.434883720930232585e+02 1.230867271695972704e+03
6.413342712436691500e+02 1.230943725379853731e+03
6.403946037099493651e+02 1.231190556492411361e+03
6.404453213077790679e+02 1.231359075535513057e+03
6.422085959885387183e+02 1.231625214899713455e+03
6.447565266742337826e+02 1.231232690124858209e+03
6.480239316239316167e+02 1.230624501424501432e+03
6.515959367945823715e+02 1.230031038374717809e+03
6.541978396816373333e+02 1.229799317794201215e+03
6.555576062639820520e+02 1.229475950782997870e+03
6.555388485187255583e+02 1.229439351593068750e+03
6.539467658843732352e+02 1.229878076702919316e+03
6.513589887640449660e+02 1.229457303370786576e+03
6.474192090395480363e+02 1.230161016949152554e+03
6.443044208170117599e+02 1.230259653049804228e+03
6.418603603603603460e+02 1.231179054054053950e+03
6.411423709585933466e+02 1.231302892796369861e+03
6.420950226244343639e+02 1.231188914027149394e+03
6.443172645739909967e+02 1.230716928251121089e+03
6.480794100964264999e+02 1.230576290414066989e+03
6.521065054691997602e+02 1.230091537132987924e+03
6.568545454545454731e+02 1.229290909090909054e+03
6.607415666094910875e+02 1.229005717552887290e+03
6.625403726708074146e+02 1.228711462450592990e+03
6.623193657984145375e+02 1.228730464326160927e+03
6.610239043824701639e+02 1.228929425156516800e+03
6.591721778791334145e+02 1.229228050171037694e+03
6.568356781091728180e+02 1.229419808666291601e+03
6.545028280542986749e+02 1.230027149321266961e+03
6.528787198203256139e+02 1.230481190342504306e+03
6.532176107683678765e+02 1.230644419517666847e+03
6.556356502242152828e+02 1.230467488789237677e+03
6.589851936218678929e+02 1.230215261958997644e+03
6.629954389965791961e+02 1.229729760547320438e+03
6.670040160642570299e+02 1.228963855421686731e+03
6.700091848450057341e+02 1.228660160734787496e+03
6.719546498277841238e+02 1.228304247990815156e+03
6.721842709529277045e+02 1.228011481056257253e+03
6.709282460136673762e+02 1.227864464692482898e+03
6.686487252124645693e+02 1.228267422096317205e+03
6.654440022740193399e+02 1.229317794201250763e+03
6.627910112359550112e+02 1.229887640449438095e+03
6.607505617977527663e+02 1.230545505617977597e+03
6.602270422535211765e+02 1.231024225352112580e+03
6.610521246458923770e+02 1.231430028328611797e+03
6.631039406053683933e+02 1.231145631067961176e+03
6.662422502870264225e+02 1.230063145809414436e+03
6.692462772050400872e+02 1.229144902634593336e+03
6.725234822451317314e+02 1.228248568155784596e+03
6.753088825214899771e+02 1.227280229226361143e+03
6.766911680911680378e+02 1.226855270655270715e+03
6.763104036384308984e+02 1.226897669130187523e+03
6.737704918032786736e+02 1.227173544375353231e+03
6.704258729250143460e+02 1.227906124785346265e+03
6.663418512208971833e+02 1.228800113571834117e+03
6.629740406320541979e+02 1.229488713318284454e+03
6.611469756924816465e+02 1.230132843414358376e+03
6.604661862527716494e+02 1.230330376940132965e+03
6.615899887514060538e+02 1.230295275590551228e+03
6.640347182697780681e+02 1.230092771770062654e+03
6.668056497175141430e+02 1.229395480225988649e+03
6.695172219085262668e+02 1.228546019198193108e+03
6.711079383209594198e+02 1.227977727013135336e+03
6.720079410096426500e+02 1.227443562110039693e+03
6.716919617762788448e+02 1.227382799325463793e+03
6.702539863325740725e+02 1.227884965831435011e+03
6.675667234525838012e+02 1.228218625780806406e+03
6.637719795802609042e+02 1.229023255813953483e+03
6.604446952595936864e+02 1.229408577878103870e+03
6.576531986531986149e+02 1.230411335578002308e+03
6.564325396825396410e+02 1.230729024943310606e+03
