6.681273849607182456e+02 1.231350168350168360e+03
6.678324986087924344e+02 1.231602671118530907e+03
6.673050561797753062e+02 1.231782584269662948e+03
6.663472378804960954e+02 1.231489853438557020e+03
6.650643340857787962e+02 1.231185665914221318e+03
6.626428571428571104e+02 1.230357142857142890e+03
6.602281879194630392e+02 1.229517897091722489e+03
6.582011204481792674e+02 1.228875630252100791e+03
6.560798650168728727e+02 1.228295838020247402e+03
6.535558628318584624e+02 1.227601216814159216e+03
6.515083333333333258e+02 1.227268333333333430e+03
6.501008356545961533e+02 1.227319777158774286e+03
6.500750416898276853e+02 1.227429127292940620e+03
6.499866220735785873e+02 1.228112040133779374e+03
6.496699669966997135e+02 1.228767876787678688e+03
6.494084117321527856e+02 1.229257332595462003e+03
6.495122222222222490e+02 1.230138333333333321e+03
6.501879194630872689e+02 1.231012863534675716e+03
6.507357340720221828e+02 1.231229362880886356e+03
6.509653437674678571e+02 1.231411403018445981e+03
6.507483333333333348e+02 1.231085000000000036e+03
6.506509171762089636e+02 1.230871595330739410e+03
6.502449664429530003e+02 1.230310402684563769e+03
6.501334816462735944e+02 1.229616240266963359e+03
6.499365256124721100e+02 1.228810133630289556e+03
6.499372222222222035e+02 1.228533333333333303e+03
6.503217683268046585e+02 1.228377728035814243e+03
6.511504225352113053e+02 1.228321690140845021e+03
6.519061797752808616e+02 1.228147191011235918e+03
6.523042505592841280e+02 1.228446868008948513e+03
6.526246514221974167e+02 1.228972113775794696e+03
6.534559556786703070e+02 1.229362326869806111e+03
6.542363840539022704e+02 1.230088714205502583e+03
6.546742256637168111e+02 1.230248893805309763e+03
6.545348066298342928e+02 1.230423204419889544e+03
6.540177089097952603e+02 1.230384615384615472e+03
6.546232609905397339e+02 1.229989983305509213e+03
6.553618568232661801e+02 1.229685682326621873e+03
6.559484593837535158e+02 1.229180392156862808e+03
6.561106120157214718e+02 1.228860752386299737e+03
6.565234899328859228e+02 1.228785234899328771e+03
6.573703498056635226e+02 1.228580788450860609e+03
6.592395543175487092e+02 1.228519220055710321e+03
6.612225336322869680e+02 1.228953475336322981e+03
6.632551417454141074e+02 1.229407448582545840e+03
6.653361678004534951e+02 1.230104875283446745e+03
6.673716216216216708e+02 1.230645270270270203e+03
6.687343837929093979e+02 1.231091164884637010e+03
6.687407821229049887e+02 1.231408379888268200e+03
6.682899774774774642e+02 1.231824887387387435e+03
6.680005583472919852e+02 1.232044667783361319e+03
6.671598429613011376e+02 1.231461020751542264e+03
6.657576944599887838e+02 1.231064353665360841e+03
6.636821963394343129e+02 1.230318358291736104e+03
6.614877913429522778e+02 1.229249167591564856e+03
6.595344444444444889e+02 1.228476111111111095e+03
6.545419211549138936e+02 1.227444197667962271e+03
