6.675341476957246414e+02 1.226127706829539193e+03
6.657441731409544445e+02 1.223544950055493928e+03
6.627339246119734071e+02 1.219490576496674066e+03
6.594325221238938184e+02 1.216228429203539918e+03
6.556366165831942681e+02 1.213677239844184669e+03
6.511883977900552054e+02 1.211251933701657435e+03
6.455424873382104352e+02 1.210208778840742752e+03
6.408652993348115388e+02 1.207843680709534283e+03
6.380273284997211931e+02 1.210702175125488111e+03
6.353506420993858228e+02 1.211627582356225503e+03
6.340431614349776055e+02 1.213600896860986495e+03
6.330796160361377360e+02 1.215953133822699101e+03
6.331258465011286489e+02 1.217937358916478615e+03
6.336965595036660943e+02 1.219263395375070559e+03
6.336227578475336486e+02 1.220047085201793834e+03
6.341682719546741964e+02 1.220822096317280511e+03
6.353878822197056024e+02 1.221650622876557236e+03
6.377769662921348299e+02 1.222120786516853968e+03
6.404607122668173815e+02 1.223919163369135049e+03
6.419938581797878214e+02 1.225664991624790673e+03
6.443718592964823983e+02 1.229183696259073031e+03
6.470146314012380344e+02 1.232898142937535113e+03
6.494924623115578015e+02 1.236541038525963131e+03
6.585327586206896058e+02 1.243567241379310417e+03
6.642828571428570967e+02 1.245279999999999973e+03
6.696836445953593966e+02 1.246511601584606751e+03
6.743469156762874945e+02 1.246185625353706882e+03
6.776093310848791589e+02 1.245028667790893678e+03
6.791781055019852147e+02 1.243461712989222860e+03
6.801796306659205129e+02 1.241507554560716244e+03
6.807469545957917489e+02 1.239790697674418652e+03
6.803506637168142106e+02 1.238712942477876140e+03
6.794444444444444571e+02 1.238384742951907128e+03
6.785863787375415086e+02 1.237295681063122856e+03
6.773627342888644307e+02 1.236560088202866609e+03
6.754722679846238407e+02 1.235408017572762219e+03
6.732538975501113327e+02 1.233926503340757336e+03
6.707724252491694870e+02 1.231901439645625715e+03
6.671804008908685546e+02 1.229359688195991112e+03
6.647905555555555566e+02 1.226945555555555529e+03
6.625991116046641309e+02 1.223697945585785646e+03
6.588617434758467653e+02 1.220233759022765071e+03
6.557903494176372305e+02 1.217056572379367708e+03
6.514610244988864451e+02 1.214065701559019999e+03
6.455589056393076817e+02 1.212018425460636536e+03
6.399368362213526780e+02 1.210684740078256027e+03
6.321957730812013097e+02 1.210847608453837665e+03
