6.524617104527669653e+02 1.231153158188932366e+03
6.542742920599666832e+02 1.230475846751804511e+03
6.560990888382688127e+02 1.230210706150341593e+03
6.575770949720670160e+02 1.228758659217877039e+03
6.599250281848928807e+02 1.228045095828635795e+03
6.624385665529010794e+02 1.226835608646188803e+03
6.644430095451992884e+02 1.226078607523862956e+03
6.654224478285392479e+02 1.225193457416807632e+03
6.655008517887563357e+02 1.224881317433276536e+03
6.646306561085972362e+02 1.224845588235294144e+03
6.627131652661064436e+02 1.224888515406162469e+03
6.605089585666293033e+02 1.226069988801791624e+03
6.588906860011154549e+02 1.227046848856664838e+03
6.578366666666667015e+02 1.228468333333333248e+03
6.574846796657382129e+02 1.229504735376044664e+03
6.572620111731843053e+02 1.230340223463687153e+03
6.568892617449664613e+02 1.231125838926174538e+03
6.566008869179601106e+02 1.231823170731707251e+03
6.568404735062006239e+02 1.232007891770011383e+03
6.578187429854096990e+02 1.231350168350168360e+03
6.594787709497206833e+02 1.230423463687150843e+03
6.608962795941375816e+02 1.228911499436302165e+03
6.622145680406549673e+02 1.228019198193111151e+03
6.631097972972972912e+02 1.226331081081081038e+03
6.633365548607163191e+02 1.225620238772029552e+03
6.623442253521126304e+02 1.225321126760563402e+03
6.604107042253521058e+02 1.225325633802816810e+03
6.587934480843975962e+02 1.225642420877290306e+03
6.571124929338609491e+02 1.226755228942905660e+03
6.559809096013475482e+02 1.228156653565412626e+03
6.548319232938522418e+02 1.229238578680203091e+03
6.536551724137931387e+02 1.231101223581757495e+03
6.524005571030641022e+02 1.232280779944289634e+03
6.514107744107743656e+02 1.232969696969696997e+03
6.506971751412429512e+02 1.233338983050847446e+03
6.512422709387295754e+02 1.233109612141652633e+03
6.525760992108230312e+02 1.232658399098083464e+03
6.555097710776102531e+02 1.231293132328308275e+03
6.576683587140439613e+02 1.230117315284828010e+03
6.585025409373236016e+02 1.229051383399209499e+03
6.592977878615995451e+02 1.227819625638116804e+03
6.593088565022421790e+02 1.227187219730941706e+03
6.594522471910112245e+02 1.226742696629213469e+03
6.594485253199777617e+02 1.226416249304396160e+03
6.587473567056205184e+02 1.226912632164719071e+03
6.577642140468227581e+02 1.227286510590858370e+03
6.562411467116357926e+02 1.228381675098369897e+03
6.543128147733631295e+02 1.229898153329602792e+03
6.526176305446377910e+02 1.230842223469960800e+03
6.510868094701239670e+02 1.231910372040586253e+03
6.499910863509749106e+02 1.232739275766016817e+03
6.495395927601809944e+02 1.233227375565610828e+03
6.501628959276017667e+02 1.233067873303167516e+03
6.522636619718309703e+02 1.232493521126760470e+03
6.545284090909091219e+02 1.232035227272727298e+03
6.568153759820426103e+02 1.231101571268237876e+03
6.584675324675324646e+02 1.230047430830039502e+03
6.594284906726963982e+02 1.228987563595251459e+03
6.604608450704225788e+02 1.227483943661971807e+03
6.614692957746478896e+02 1.226700845070422474e+03
6.614271243669105615e+02 1.226211029825548621e+03
6.608157015590199990e+02 1.226052338530066891e+03
6.593809791783905894e+02 1.226735509285312219e+03
6.577490217998881690e+02 1.227793180547791962e+03
6.553116226838855027e+02 1.229133071308253875e+03
6.535741254858412503e+02 1.230392004441976724e+03
6.533266555370061042e+02 1.231440734557595988e+03
6.536537180910099778e+02 1.232581021087680256e+03
6.543428571428571558e+02 1.233402240896358535e+03
6.548242491657397295e+02 1.233484983314794135e+03
6.562316798196167156e+02 1.232974069898534481e+03
6.588129251700680697e+02 1.232228458049886513e+03
6.604260918253079353e+02 1.230581187010078338e+03
6.613874580067189299e+02 1.229215565509518456e+03
6.616431394692264121e+02 1.227494635798983609e+03
6.624515406162464615e+02 1.226398879551820755e+03
6.633654708520178929e+02 1.225412556053811613e+03
6.634619718309859309e+02 1.225229859154929500e+03
6.631606246514221539e+02 1.225156162855549383e+03
6.618678611422172935e+02 1.225693729003359522e+03
6.589798319327730951e+02 1.226522689075630296e+03
6.567056856187291487e+02 1.227756967670011136e+03
6.545508615897721256e+02 1.228861589772095613e+03
6.534269167126310549e+02 1.230118587975730861e+03
6.532246817930271163e+02 1.230569452130603167e+03
6.535514174541411876e+02 1.231133963312951664e+03
6.540664414414414978e+02 1.231136261261261325e+03
6.550039084310441240e+02 1.230580681183696242e+03
6.558005586592179270e+02 1.229870949720670296e+03
6.575866295264623886e+02 1.228641225626740834e+03
6.595862646566164358e+02 1.227675600223338961e+03
6.616735376044567829e+02 1.226316434540389992e+03
6.639345002823263258e+02 1.225640316205533509e+03
6.651574178935447890e+02 1.224947904869762169e+03
6.654649717514124632e+02 1.224510734463276776e+03
6.646556735606484381e+02 1.224240357741755133e+03
6.628459383753501015e+02 1.224662745098039295e+03
6.603447694038245572e+02 1.225777277840270017e+03
6.581074426412982348e+02 1.227250139899272426e+03
6.568389972144847206e+02 1.228308635097492925e+03
6.563942953020134610e+02 1.229327740492170051e+03
6.556709141274237709e+02 1.230455401662049780e+03
6.539562084257206607e+02 1.231988913525498901e+03
