6.511947049089906159e+02 1.232314947600661981e+03
6.521202460850112175e+02 1.231946308724832306e+03
6.529350577875619592e+02 1.231423775454045199e+03
6.543901494189263985e+02 1.230657443276148342e+03
6.581050847457627242e+02 1.230256497175141249e+03
6.595923672566372034e+02 1.229228982300885036e+03
6.592911111111111495e+02 1.229168333333333294e+03
6.583680709534368134e+02 1.229376940133037806e+03
6.572019285309131646e+02 1.229909812819058516e+03
6.548415393322014779e+02 1.230733446519524705e+03
6.523425567238516578e+02 1.230672938572219209e+03
6.517598885793871659e+02 1.231070752089136477e+03
6.518899999999999864e+02 1.231307222222222208e+03
6.525661317100166343e+02 1.231428887659103566e+03
6.540022308979364425e+02 1.231292247629671010e+03
6.565024958402661923e+02 1.230589018302828663e+03
6.583173888576252466e+02 1.230126055149127751e+03
6.585223463687150343e+02 1.229335195530726196e+03
6.585893054024255662e+02 1.228808710033076068e+03
6.556749311294765903e+02 1.229326721763085288e+03
6.536629834254143816e+02 1.229634254143646331e+03
6.519961706783369664e+02 1.230631838074398274e+03
6.517672222222222445e+02 1.230979444444444425e+03
6.529312052834342239e+02 1.230549807374793545e+03
6.550291153415453209e+02 1.229872340425532002e+03
6.572515440763615970e+02 1.229222908478383033e+03
6.584017957351290988e+02 1.228998877665544342e+03
6.584865319865319861e+02 1.228876543209876445e+03
6.583030133928571104e+02 1.229028459821428669e+03
6.571249302844395288e+02 1.229137757947573846e+03
6.544793842770752690e+02 1.229435404068169419e+03
6.525384190160309572e+02 1.229596462133775503e+03
6.519879187259747368e+02 1.230063701263042276e+03
6.518678317859092886e+02 1.229711086837793573e+03
6.526193619361936271e+02 1.229164466446644610e+03
6.545897858319605120e+02 1.228490389895661792e+03
6.574641068447411953e+02 1.228272676683361169e+03
6.579473100388241846e+02 1.228070438158624484e+03
6.574594444444444434e+02 1.228497222222222263e+03
