6.453279955825511252e+02 1.228060739922694665e+03
6.430686274509804434e+02 1.224657952069716885e+03
6.420123789020451568e+02 1.221260495156081788e+03
6.408873239436619542e+02 1.218026002166847320e+03
6.402665580890336514e+02 1.215841476655808947e+03
6.403591008771929864e+02 1.214048793859649095e+03
6.416398891966758811e+02 1.214549030470914204e+03
6.437229916897506428e+02 1.214813850415512434e+03
6.478610188261351368e+02 1.216118493909191557e+03
6.534397964951949689e+02 1.218657433578292739e+03
6.594123539232053872e+02 1.221214802448525234e+03
6.646142131979695478e+02 1.224926677946982409e+03
6.683535694210230531e+02 1.228252388982574530e+03
6.705839822024471459e+02 1.231403781979977794e+03
6.723591745677634890e+02 1.234791968767428898e+03
6.733496897913141765e+02 1.237111111111111086e+03
6.733520809898762991e+02 1.238794713160854826e+03
6.726382271468144154e+02 1.239622714681440357e+03
6.707731326644369574e+02 1.239512263099219581e+03
6.678950338600451460e+02 1.239086343115124237e+03
6.634832775919732057e+02 1.237328874024526158e+03
6.586212458286985338e+02 1.235834260289210306e+03
6.535991140642303208e+02 1.233625138427463980e+03
6.484865310610225606e+02 1.231180318856514532e+03
6.445641025641025408e+02 1.227834697217675966e+03
6.421060935799782783e+02 1.225317192600652788e+03
6.409004947773502181e+02 1.222114348543155529e+03
6.400271149674620119e+02 1.217065618221258092e+03
