6.591006637168142106e+02 1.228924225663716925e+03
6.596005571030640340e+02 1.229074094707520999e+03
6.604198557958957281e+02 1.229227398779811438e+03
6.601635150166852100e+02 1.229403781979977794e+03
6.594628190899001083e+02 1.228988346281908889e+03
6.584891726818434563e+02 1.229159355913381432e+03
6.566931506849315383e+02 1.228993424657534206e+03
6.541294765840220862e+02 1.229119008264462764e+03
6.525993467610234120e+02 1.228790963527490476e+03
6.521538461538461888e+02 1.228500806885422207e+03
6.517613079019073439e+02 1.228529155313351566e+03
6.516161007667031981e+02 1.228429901423877254e+03
6.518339705079191617e+02 1.228439650464227270e+03
6.522059966685175141e+02 1.228935591338145514e+03
6.533132328308207661e+02 1.228322724734784970e+03
6.551054099274957707e+02 1.228394311210262231e+03
6.574902179988820308e+02 1.229226383454443749e+03
6.575378619153674435e+02 1.229156458797327332e+03
6.566694169416941804e+02 1.229370737073707460e+03
6.568213891951488677e+02 1.229925578831312123e+03
6.571459251101321115e+02 1.229623898678414207e+03
6.578724573941726703e+02 1.229742166025288725e+03
6.591951354339414593e+02 1.230273631840796043e+03
6.602541163556530819e+02 1.229687156970362139e+03
6.597566830332788186e+02 1.229210038188761700e+03
6.597126499454743680e+02 1.229300436205016467e+03
6.593898956617243812e+02 1.229117517847336558e+03
6.589757442116869015e+02 1.229164277839029864e+03
6.602399328859060006e+02 1.229177852348993383e+03
6.608017967434026332e+02 1.229138686131386748e+03
6.608393551973318836e+02 1.228893274041133964e+03
6.606805324459234043e+02 1.228559622850804317e+03
6.573357261181668036e+02 1.228774710104914448e+03
