6.622609418282548859e+02 1.231664819944598321e+03
6.627891532927503704e+02 1.232338682899833884e+03
6.634225895316803872e+02 1.232066115702479237e+03
6.633803206191265645e+02 1.232136539524599129e+03
6.628232378854625040e+02 1.231713656387665196e+03
6.614360529217199201e+02 1.231130650496141016e+03
6.600924183729939614e+02 1.230759822910902130e+03
6.583935698447893401e+02 1.230181263858093189e+03
6.562441988950275800e+02 1.229259668508287405e+03
6.549983597594314233e+02 1.228418261344997291e+03
6.534781888459414176e+02 1.227198785201546116e+03
6.515328227571116031e+02 1.226591903719912580e+03
6.499113166485310558e+02 1.226334058759521213e+03
6.487073569482288349e+02 1.226282833787465961e+03
6.487185628742514609e+02 1.226365269461077787e+03
6.489824465167306471e+02 1.226855183763027981e+03
6.502752344180915998e+02 1.227484831770545952e+03
6.521329254727475018e+02 1.228385984427141238e+03
6.544343267108167765e+02 1.228652869757174358e+03
6.571196868008948968e+02 1.229732662192393718e+03
6.595002770083102632e+02 1.230133518005540054e+03
6.616836847946725584e+02 1.230996115427303039e+03
6.630343680709534055e+02 1.231205099778270551e+03
6.637599337748343942e+02 1.231405077262693112e+03
6.644828349944629053e+02 1.231284606866002150e+03
6.646930747922438059e+02 1.231316343490304689e+03
6.636549643444870981e+02 1.230259462424574849e+03
