6.436265260821310221e+02 1.231708657047724728e+03
6.445262569832402733e+02 1.232911731843575353e+03
6.462549351381838960e+02 1.233965595036660943e+03
6.486437429537767230e+02 1.234415445321307743e+03
6.503441704035874409e+02 1.233375000000000000e+03
6.510901871809415979e+02 1.232353942144072562e+03
6.518437676254935695e+02 1.230875352509870254e+03
6.526920492721164919e+02 1.229289473684210634e+03
6.538278182837913164e+02 1.227353337072349859e+03
6.546252091466815273e+02 1.226438371444506402e+03
6.555275590551181040e+02 1.226077052868391547e+03
6.553811659192824663e+02 1.225790358744394553e+03
6.557825842696629479e+02 1.225969662921348345e+03
6.563730425055928208e+02 1.227242170022371283e+03
6.564748040313550064e+02 1.228786114221724574e+03
6.570462753950338310e+02 1.230225733634311609e+03
6.574997202014549202e+02 1.231528819250139804e+03
6.575322580645160997e+02 1.233169076751946704e+03
6.579030985915493375e+02 1.233599436619718290e+03
6.597910112359550112e+02 1.233510112359550476e+03
6.626696378830083631e+02 1.232435097493036210e+03
6.641342434584755665e+02 1.231229806598407322e+03
6.645919055649241045e+02 1.229798201236649902e+03
6.654426877470356203e+02 1.228505928853754995e+03
6.652439299830604114e+02 1.227120271033314566e+03
6.650247052217855526e+02 1.225120157215047811e+03
6.653682413204325030e+02 1.223861126920887955e+03
6.652014672686229915e+02 1.223136568848758543e+03
6.628914155770323759e+02 1.223125639567936332e+03
6.599558412520960928e+02 1.223999441028507590e+03
6.591007838745800882e+02 1.225250279955207134e+03
6.594705882352941444e+02 1.227177591036414469e+03
6.587652947719689109e+02 1.229059510567296911e+03
6.581919642857143344e+02 1.231346540178571331e+03
6.580191981931112650e+02 1.233067758328627860e+03
6.577909446618222091e+02 1.234350475125768526e+03
6.571850393700786981e+02 1.234289088863891948e+03
6.581727837380011579e+02 1.233634105025409326e+03
6.598379290939785733e+02 1.232559932470455806e+03
6.599657110736368395e+02 1.231331646992692413e+03
6.584645053102291286e+02 1.229379541643376115e+03
6.553557800224466519e+02 1.228037598204264896e+03
6.532983825989961133e+02 1.226209146681539323e+03
6.526145188519977864e+02 1.224850872256612320e+03
6.518114059853190838e+02 1.223153020892151289e+03
6.493942953020134610e+02 1.222855704697986539e+03
6.462699214365881062e+02 1.222783389450056120e+03
6.422692743764172292e+02 1.223821428571428669e+03
6.394764019988895143e+02 1.225091615769017153e+03
6.382754988913525267e+02 1.226647450110864838e+03
6.386888519134774924e+02 1.228465890183028250e+03
6.404963707426019255e+02 1.230498045784477881e+03
6.410968819599108883e+02 1.232487193763919777e+03
6.418840579710144993e+02 1.233937012263099177e+03
6.450715909090909008e+02 1.234167613636363740e+03
6.484789444132509288e+02 1.234284110050533400e+03
6.519711211778029565e+02 1.233415062287655701e+03
6.545358744394618498e+02 1.232044282511210668e+03
6.565635545556805255e+02 1.230647919010123815e+03
6.582278123233464839e+02 1.228638778971170041e+03
6.583983098591548924e+02 1.226117746478873187e+03
