6.576729910714285552e+02 1.229704799107142890e+03
6.593896031302404026e+02 1.229352152040245983e+03
6.597040988208871113e+02 1.228672655811341883e+03
6.586189415041782240e+02 1.228426183844011121e+03
6.558740987243483005e+02 1.228279534109816950e+03
6.518364849833147900e+02 1.228897664071190320e+03
6.485421686746988144e+02 1.229423877327491709e+03
6.463391684901531562e+02 1.229473741794310627e+03
6.452598468271335150e+02 1.230116520787746140e+03
6.465076586433260672e+02 1.229291575492341281e+03
6.490651214128034781e+02 1.229113686534216413e+03
6.532115600448934174e+02 1.228936588103254735e+03
6.565676880222840737e+02 1.228517548746518059e+03
6.589555061179088398e+02 1.228299221357063516e+03
6.604700615556798766e+02 1.229200335758254141e+03
6.603363128491620273e+02 1.229933519553072529e+03
6.580474875759249471e+02 1.231238542241855384e+03
6.578819635962493066e+02 1.230981246552675202e+03
6.583285238623751638e+02 1.230592119866814755e+03
6.587400662251656058e+02 1.230136313465783587e+03
6.590565096952908561e+02 1.230103047091412691e+03
6.594160664819944486e+02 1.229773407202216049e+03
6.587957400327690038e+02 1.229528126706717558e+03
6.574245439469319763e+02 1.230108899944720861e+03
6.565929203539823220e+02 1.230382190265486770e+03
6.564903793293018452e+02 1.230412314458493711e+03
6.577931805477920761e+02 1.230207378423700447e+03
6.595188888888889096e+02 1.229254444444444516e+03
6.604250421111735250e+02 1.228658057271195958e+03
6.595044742729306790e+02 1.228187360178970948e+03
6.569037284362826767e+02 1.227854757929883135e+03
6.497701657458563886e+02 1.228520441988950324e+03
