6.559793411501954097e+02 1.229027917364600853e+03
6.564676339285714448e+02 1.228944754464285779e+03
6.571515151515151274e+02 1.228986531986532100e+03
6.582705286839145629e+02 1.228712598425196802e+03
6.592382286995515415e+02 1.228632847533632230e+03
6.595889877641824341e+02 1.228729143492769708e+03
6.593042992741485477e+02 1.228725293132328261e+03
6.591876750700280354e+02 1.229027450980392132e+03
6.594087389380531476e+02 1.229237831858407162e+03
6.601229737283398435e+02 1.229804359977641070e+03
6.605432372505542844e+02 1.230067073170731646e+03
6.612733893557423244e+02 1.230348459383753607e+03
6.615405555555555566e+02 1.230168333333333294e+03
6.610559556786703297e+02 1.230408864265928059e+03
6.610061009428729903e+02 1.230594564614531237e+03
6.609883849557521671e+02 1.230549778761062043e+03
6.611082589285714448e+02 1.230601562500000000e+03
6.610948131622977826e+02 1.230310652537646320e+03
6.610262569832402733e+02 1.230141340782122825e+03
6.604637119113573362e+02 1.229378393351800469e+03
6.595587089593767587e+02 1.229328881469115231e+03
6.585207756232687188e+02 1.229167313019390576e+03
6.578591314031179991e+02 1.229237193763919777e+03
6.574855394883203417e+02 1.228993882091212527e+03
6.571673151750973148e+02 1.229224013340744932e+03
6.572033519553073120e+02 1.229187709497206697e+03
6.571918344519015136e+02 1.229198545861297589e+03
6.567945434298441114e+02 1.229649777282850891e+03
6.566229782487450848e+02 1.230199665365309556e+03
6.561142857142857565e+02 1.230376470588235406e+03
6.550479108635097418e+02 1.230519777158774332e+03
6.542671840354767028e+02 1.230259423503325934e+03
6.536940133037694522e+02 1.230187361419068793e+03
6.521212290502793394e+02 1.230339664804469294e+03
6.501247216035634438e+02 1.230409242761692667e+03
6.486755852842809418e+02 1.230181716833890732e+03
6.469419318816303530e+02 1.230023450586264744e+03
6.453429203539823220e+02 1.230011615044247719e+03
6.448582545858810136e+02 1.230002223457476475e+03
6.450837053571428896e+02 1.229867187500000000e+03
6.454464882943143493e+02 1.229973244147157175e+03
6.461692913385826387e+02 1.229741282339707595e+03
6.469765100671140772e+02 1.229705816554809871e+03
6.481856017997749859e+02 1.229757592800899829e+03
6.495863028953228877e+02 1.230081291759465557e+03
6.511346368715084054e+02 1.230356424581005513e+03
6.528587443946188387e+02 1.230137331838564933e+03
6.545628476084538079e+02 1.230338709677419274e+03
6.558522030117121631e+02 1.230338538761851623e+03
6.563612040133779146e+02 1.230220178372352393e+03
6.566104260089686022e+02 1.229896300448430566e+03
6.569960850111856416e+02 1.229869686800894897e+03
6.571468453378000731e+02 1.229915689558905569e+03
6.576376811594202536e+02 1.229637681159420254e+03
6.580177975528364414e+02 1.229557285873192541e+03
6.585639013452914696e+02 1.229609304932735313e+03
6.585785953177257852e+02 1.229360646599777056e+03
6.588226436140546411e+02 1.229534300055772519e+03
6.599160134378499833e+02 1.229825867861142115e+03
6.624276940256839907e+02 1.230266890005583491e+03
