6.919465270121279445e+02 1.218864388092612899e+03
6.860512236767216336e+02 1.218882185543540118e+03
6.756442914515204166e+02 1.220384968445209324e+03
6.631225071225071588e+02 1.223012535612535657e+03
6.528562674094707745e+02 1.226196100278551512e+03
6.416254826254826185e+02 1.230107556536127959e+03
6.304950385887541415e+02 1.233560088202866609e+03
6.217495872317006160e+02 1.235806824435883300e+03
6.149136535348084180e+02 1.236879114948731740e+03
6.114699781659388691e+02 1.236867358078602592e+03
6.100358500814774061e+02 1.236393807713199294e+03
6.102631871182676377e+02 1.236801776790671738e+03
6.135114155251141028e+02 1.236864726027397182e+03
6.194016686531584810e+02 1.236399880810488639e+03
6.275706618962433367e+02 1.235604651162790788e+03
6.382759043531575571e+02 1.234503985285101180e+03
6.499929396662387262e+02 1.232532734274711174e+03
6.627443286327406895e+02 1.231127529123237309e+03
6.746857490864798592e+02 1.228809987819731987e+03
6.832286234081261682e+02 1.227653729533050409e+03
6.890104106419895516e+02 1.226509543088490545e+03
6.927234042553191102e+02 1.224694652098907454e+03
6.953755656108597805e+02 1.222825226244343867e+03
6.952877252252252447e+02 1.221872184684684726e+03
6.921872928176795767e+02 1.220711602209944658e+03
6.884994475138121288e+02 1.219639779005524815e+03
6.813182579564488606e+02 1.220008375209380347e+03
6.694720496894409507e+02 1.221566911349520069e+03
6.491580698835274461e+02 1.228440931780366100e+03
