6.626059250978199771e+02 1.229405813303521427e+03
6.626491912994980567e+02 1.229338538761851623e+03
6.629920454545454049e+02 1.230252840909090992e+03
6.639115144639818027e+02 1.230181508791832130e+03
6.651975099037916834e+02 1.230356536502546760e+03
6.667220338983050851e+02 1.230394350282485902e+03
6.678444948921679725e+02 1.230471623155505085e+03
6.682657142857142389e+02 1.230450857142857103e+03
6.684940644431882220e+02 1.230495195025438079e+03
6.682298524404086493e+02 1.230212826333711746e+03
6.678293918918918735e+02 1.230234234234234236e+03
6.676517857142856656e+02 1.230114955357142890e+03
6.671423690205011781e+02 1.230226651480637884e+03
6.667808142777467992e+02 1.229900167317345222e+03
6.664907042253521468e+02 1.230037746478873260e+03
6.658795045045045526e+02 1.230193693693693604e+03
6.655280269058296199e+02 1.230042600896860904e+03
6.655662177328844109e+02 1.229993265993266050e+03
6.664404963338973857e+02 1.230253807106598970e+03
6.677195053400787401e+02 1.230313097245643576e+03
6.687966197183098984e+02 1.230519436619718363e+03
6.692636363636363512e+02 1.230438636363636306e+03
6.690016997167139152e+02 1.230564305949008485e+03
6.680498853211008736e+02 1.230966169724770680e+03
6.671083238312428421e+02 1.230883124287343207e+03
6.661188850967007511e+02 1.231002844141069318e+03
6.651544576944917253e+02 1.230674616695059512e+03
6.646545148625910997e+02 1.230657319125070217e+03
6.646865168539326305e+02 1.230710112359550521e+03
6.650330861380490433e+02 1.230455790074158585e+03
6.650670871559633497e+02 1.230211009174312039e+03
6.649937286202964515e+02 1.230033637400228145e+03
6.648082346305697001e+02 1.230069373942470293e+03
6.647919728660259580e+02 1.230187676653476501e+03
6.648078873239436462e+02 1.230303098591549315e+03
6.654355932203390012e+02 1.230554237288135482e+03
6.662482915717539527e+02 1.230710136674259729e+03
6.667118834080717988e+02 1.230427690582959713e+03
6.674690663667041690e+02 1.230402699662542091e+03
6.673992072480181150e+02 1.230249716874292290e+03
6.665753655793025700e+02 1.230111923509561393e+03
6.656996625421821818e+02 1.230174915635545631e+03
6.652194021432600266e+02 1.230239706711787903e+03
6.647501397428731025e+02 1.230088876467300224e+03
6.650194508009153651e+02 1.229818077803203551e+03
6.650211307824100686e+02 1.229919474585950866e+03
6.647109859154929836e+02 1.229950985915492993e+03
6.643608768971332665e+02 1.229558178752108006e+03
6.643843979649519724e+02 1.229408705483323956e+03
6.643674392312041164e+02 1.229319954776709892e+03
6.647560975609756042e+02 1.229442994895065340e+03
6.658092812676853782e+02 1.229456140350877149e+03
6.666340090090089916e+02 1.229259009009009105e+03
6.665585585585585022e+02 1.229206081081081038e+03
6.653385826771653910e+02 1.229559055118110336e+03
6.641894796380090611e+02 1.229405542986425417e+03
6.631008403361344108e+02 1.229510364145658286e+03
6.619994314951677552e+02 1.230018760659465670e+03
6.614758968609864951e+02 1.229573991031390051e+03
6.608656215005598824e+02 1.229477603583426571e+03
6.607285395763656197e+02 1.229268115942028999e+03
6.607832678270634688e+02 1.229166198764738965e+03
6.607893258426965986e+02 1.229091011235954966e+03
6.599227733934610569e+02 1.228832581736189468e+03
6.586846796657381446e+02 1.228906963788300800e+03
6.573697857948139927e+02 1.229028748590755413e+03
6.559863713798978324e+02 1.228900056785917059e+03
6.551013016411998251e+02 1.229198075834748124e+03
6.544991606043648744e+02 1.229218802462227131e+03
6.542999440402909386e+02 1.229265808617795301e+03
6.536860335195531206e+02 1.229286033519553030e+03
6.529074593381940304e+02 1.229339315759955070e+03
6.520746352413019622e+02 1.229351851851851961e+03
6.510912162162162531e+02 1.229346846846846802e+03
6.503322128851540356e+02 1.229208963585434276e+03
6.501002832861189518e+02 1.229376770538243591e+03
6.499908987485779335e+02 1.229350398179749618e+03
6.496698591549295543e+02 1.229144788732394318e+03
6.485625000000000000e+02 1.229121058558558616e+03
6.472625000000000455e+02 1.229608522727272657e+03
6.457512633352049534e+02 1.229216732172936645e+03
6.444334643458730625e+02 1.229326221224031542e+03
6.437402597402597166e+02 1.229110671936758990e+03
6.436471922858763719e+02 1.229496313102665908e+03
6.437306397306397230e+02 1.229234006734006698e+03
6.443529411764706083e+02 1.229204751131221656e+03
6.447595078299776787e+02 1.229435682326621873e+03
6.451168091168091223e+02 1.229992592592592700e+03
6.451452164009111812e+02 1.229980068337129751e+03
6.451657175398632944e+02 1.229978359908883931e+03
6.451720430107526454e+02 1.230070741369552934e+03
6.453752122241086226e+02 1.230028862478777683e+03
6.454307432432432279e+02 1.229896959459459367e+03
6.453325804630152334e+02 1.230003952569169996e+03
6.446423357664233436e+02 1.230038742279618191e+03
6.435648769574944481e+02 1.229859060402684463e+03
6.426862302483069698e+02 1.230058126410835257e+03
6.422805836139169742e+02 1.229916386083052657e+03
6.422376126126125655e+02 1.229822635135135215e+03
6.428124293785310783e+02 1.230059322033898297e+03
6.435242117117117004e+02 1.230123310810810835e+03
6.441003420752565489e+02 1.230091790193842598e+03
6.443860544217686765e+02 1.230045918367346985e+03
6.449350797266514519e+02 1.230455011389521587e+03
6.452687679083094281e+02 1.230644699140401144e+03
6.458508722566123197e+02 1.230780528981429370e+03
6.462785673678225749e+02 1.230836270608300083e+03
6.465436128306133696e+02 1.230839054586381508e+03
6.466094276094275983e+02 1.230749719416386142e+03
6.462495831017231467e+02 1.230551417454141301e+03
6.449983183856502365e+02 1.230696748878923700e+03
6.442197055492638356e+02 1.230856738391845965e+03
6.443102086858432358e+02 1.230966723068245983e+03
6.451748726655348491e+02 1.230328239954725632e+03
6.461475595913734651e+02 1.230171963677639042e+03
6.473890457368718216e+02 1.230180124223602434e+03
6.485983146067416101e+02 1.230088764044943900e+03
6.494423622941510530e+02 1.230059057353776325e+03
6.501174438687392012e+02 1.230011514104778371e+03
6.505028248587570943e+02 1.229976271186440727e+03
6.500519110096976192e+02 1.230110667427267572e+03
6.496046901172529715e+02 1.230060859854829687e+03
6.495837053571428896e+02 1.230031250000000000e+03
6.498396600566571806e+02 1.230088951841359858e+03
6.498799546998867527e+02 1.230056625141562790e+03
6.503725379853685808e+02 1.229801350590883430e+03
6.503483652762118936e+02 1.229652198421646062e+03
6.502323628219485272e+02 1.229614221724523986e+03
6.500163934426229844e+02 1.229459016393442653e+03
6.499869688385268773e+02 1.229445325779036921e+03
6.503646659116648152e+02 1.229336353340883306e+03
6.511807365439093473e+02 1.229548441926345504e+03
6.521932725199543484e+02 1.229173318129988502e+03
6.531171119954519781e+02 1.229207504263786177e+03
6.535344924284912622e+02 1.229445316881660119e+03
6.536126327557294644e+02 1.229528228060368974e+03
6.541761716544325509e+02 1.229644268774703505e+03
6.551027241770715364e+02 1.229927355278093046e+03
6.560787221905304705e+02 1.229775812892184831e+03
6.572055335968379950e+02 1.229445511010728296e+03
6.585255187885586565e+02 1.229681435782389144e+03
6.593462184873949354e+02 1.229507563025210175e+03
6.598665912945166383e+02 1.229468061051441509e+03
6.600872291904219082e+02 1.229365450399087877e+03
6.601990924560408303e+02 1.229283040272263179e+03
6.614422535211267586e+02 1.229345915492957829e+03
6.627012471655328909e+02 1.229166099773242649e+03
6.636027088036117902e+02 1.229332957110609414e+03
6.644205714285714066e+02 1.229679428571428616e+03
6.647714932126697249e+02 1.229260180995475139e+03
6.650654897494305260e+02 1.229444191343963666e+03
6.653545093590470287e+02 1.229640385706182542e+03
6.654414414414414978e+02 1.229725788288288186e+03
6.654542889390519349e+02 1.229837471783295769e+03
6.658536585365853853e+02 1.230114010209869548e+03
6.670182128628343889e+02 1.230242458736482604e+03
6.678410520297312587e+02 1.230556317895940538e+03
6.687155705452501024e+02 1.230177065767285058e+03
6.691207093821510625e+02 1.230073798627002361e+03
6.693261363636363512e+02 1.230029545454545541e+03
6.692035652673951063e+02 1.229968372627947019e+03
6.689948512585812068e+02 1.230091533180778015e+03
6.684549041713642055e+02 1.229863585118376477e+03
6.679386606640405262e+02 1.229518851997748925e+03
6.672700280112044311e+02 1.229417927170868325e+03
6.667001665741254328e+02 1.229563020544142091e+03
6.659746764209342018e+02 1.229662352279122160e+03
6.651203599550055969e+02 1.229507311586051856e+03
6.649762979683972617e+02 1.229635440180587011e+03
6.652868480725624067e+02 1.229564058956916142e+03
6.665537237066514535e+02 1.229967026719727073e+03
6.675542439572793683e+02 1.229668915120854308e+03
6.680361860999425971e+02 1.230067777139574901e+03
6.678467194570135916e+02 1.230252262443438894e+03
6.670670454545454504e+02 1.230121590909090855e+03
6.661235127478753384e+02 1.230132011331444801e+03
6.650975197294250165e+02 1.230259864712514172e+03
6.640486976217440542e+02 1.230215175537938876e+03
6.633085522638345992e+02 1.230234209055338169e+03
6.628892029395138934e+02 1.230391181458451001e+03
6.627883211678831685e+02 1.230304884896125714e+03
6.631442307692307168e+02 1.229549773755656133e+03
