6.563686840644086260e+02 1.228599666851749134e+03
6.557116125481562676e+02 1.228620803522289407e+03
6.543314763231197730e+02 1.228725905292479183e+03
6.521934941110488353e+02 1.229011777902411723e+03
6.499733777038269409e+02 1.229326123128119889e+03
6.487444320712694434e+02 1.229291202672605777e+03
6.482060133630290011e+02 1.229286191536748220e+03
6.483692393114936294e+02 1.229208772903942190e+03
6.488740947075208396e+02 1.228997771587743728e+03
6.494991624790619653e+02 1.228847571189279734e+03
6.501974272930648340e+02 1.228856263982102973e+03
6.501913580246913398e+02 1.228739618406284990e+03
6.492617449664429614e+02 1.229235458612975435e+03
6.485055370985603531e+02 1.229363787375415313e+03
6.485174322080796401e+02 1.229358605423353538e+03
6.486655537006121222e+02 1.229384529771841926e+03
6.498670391061452847e+02 1.229227374301676036e+03
6.517002249718784697e+02 1.229115860517435294e+03
6.539550561797752835e+02 1.229068539325842721e+03
6.550088839533592591e+02 1.228669627984452973e+03
6.556497517926089813e+02 1.228451185879757304e+03
6.558752771618625275e+02 1.228415188470066596e+03
6.559567627494457156e+02 1.228647450110864838e+03
6.562274749721913167e+02 1.228877085650723075e+03
6.573809255079006562e+02 1.229168171557562118e+03
6.590581592320722848e+02 1.229009599096555576e+03
6.613543879262157361e+02 1.228544997205142636e+03
6.656428175263449702e+02 1.228406544647809142e+03
6.670699496362618675e+02 1.228363178511471688e+03
6.675768164170826822e+02 1.228619523017193615e+03
6.671414084507042617e+02 1.229106478873239439e+03
6.667290033594624674e+02 1.229280515117581217e+03
6.666847704367301048e+02 1.229363381858902585e+03
6.671764044943820409e+02 1.229444943820224807e+03
6.682086371284352708e+02 1.229181716208637226e+03
6.694817518248174792e+02 1.228748455923638403e+03
6.695275459098497777e+02 1.228898720089037397e+03
6.686430167597765148e+02 1.229045810055866013e+03
6.673181562675659961e+02 1.228894322653176005e+03
6.650456081081081265e+02 1.229082207207207148e+03
6.630220713073005072e+02 1.229059422750424346e+03
6.609538807649043974e+02 1.229118110236220446e+03
6.592250423011844305e+02 1.229061477721376150e+03
6.589530201342281543e+02 1.229005033557047000e+03
6.591446855870896115e+02 1.228372287145242126e+03
6.593411371237458525e+02 1.228266443701226308e+03
6.590255697609783283e+02 1.228356864924958245e+03
6.575793255942509177e+02 1.228327805417357695e+03
6.556289169873556375e+02 1.228425508521165511e+03
6.533094045631607969e+02 1.228736783528102478e+03
6.513522222222221671e+02 1.229093888888888841e+03
6.503867036011080245e+02 1.229201662049861397e+03
6.501221288515406513e+02 1.229105322128851640e+03
6.501666666666666288e+02 1.228944256756756658e+03
6.509459007250418381e+02 1.228892916899051897e+03
