6.576284122562674384e+02 1.228214484679665702e+03
6.575355951056729964e+02 1.228267519466073509e+03
6.575130773511407369e+02 1.228335002782415131e+03
6.575311457174638008e+02 1.228364849833147900e+03
6.575100222717148881e+02 1.228383073496659335e+03
6.575314063368538200e+02 1.228408004446914902e+03
6.574349276974415943e+02 1.228282536151279146e+03
6.569620462046204921e+02 1.227634213421342110e+03
6.563316694398224627e+02 1.227199112590127470e+03
6.550587583148558224e+02 1.226889135254989014e+03
6.542846955567745226e+02 1.226924300603400980e+03
6.543159340659340160e+02 1.227106593406593447e+03
6.548945916114789725e+02 1.227317328918322346e+03
6.552240133407448184e+02 1.227368538076709228e+03
6.552404432132964303e+02 1.227231578947368462e+03
6.557513873473917556e+02 1.226771920088790239e+03
6.564647418101054654e+02 1.226930594114380938e+03
6.572028011204481572e+02 1.227079551820728284e+03
6.573366890380312952e+02 1.226820469798657768e+03
6.568224195338513027e+02 1.226758601553829067e+03
6.554804837822979380e+02 1.226587135788895012e+03
6.538021978021978384e+02 1.226555494505494607e+03
6.534487885462555141e+02 1.227009361233480149e+03
6.543233995584988634e+02 1.227171081677704251e+03
6.556302660753880218e+02 1.227151330376940223e+03
6.562701793721972763e+02 1.227390134529147872e+03
6.560171176145776144e+02 1.227244064053009424e+03
6.556381798002220194e+02 1.227361820199778094e+03
6.554917400881057574e+02 1.227699889867841421e+03
6.555576496674057125e+02 1.227916297117516706e+03
6.560027533039647096e+02 1.228018171806167402e+03
6.565266666666666424e+02 1.228426666666666733e+03
6.571738642736960401e+02 1.228488502523836132e+03
6.572767154105737291e+02 1.228282902137232895e+03
6.575413407821229157e+02 1.228117318435754214e+03
6.575105438401775473e+02 1.227983906770255317e+03
6.569762036524626865e+02 1.228040398450470320e+03
6.562648199445983437e+02 1.228278670360110709e+03
6.555484764542936773e+02 1.228545152354570746e+03
6.550061043285238611e+02 1.228522197558268545e+03
6.555170868347338455e+02 1.229040336134453810e+03
6.558286674132139069e+02 1.228772676371780562e+03
6.557910364145658377e+02 1.228946218487394844e+03
6.554910414333706967e+02 1.229259238521836551e+03
6.554141018466704054e+02 1.229227756015668774e+03
6.551505617977528573e+02 1.229483146067415646e+03
6.551441340782123461e+02 1.229469273743016856e+03
6.547515218594355701e+02 1.229687880464858836e+03
6.541516853932583899e+02 1.229686516853932517e+03
6.536668517490282966e+02 1.229523598001110486e+03
6.536705816554809871e+02 1.229680648769574873e+03
6.548136261261261097e+02 1.229586711711711814e+03
6.564082907438954635e+02 1.229889267461669533e+03
6.577700955593029448e+02 1.229978639685216422e+03
6.582724703222158951e+02 1.230343697003957004e+03
6.576529808773902914e+02 1.230682227221597259e+03
6.566110174255200036e+02 1.230974142776840836e+03
6.560011396011395846e+02 1.230922507122507113e+03
6.557379077615297547e+02 1.230676040494938206e+03
6.560608300170551956e+02 1.230277998862990444e+03
6.565385915492958020e+02 1.230253521126760461e+03
6.564724409448818960e+02 1.230264904386951685e+03
6.562443693693693376e+02 1.230157657657657637e+03
6.556867266591675616e+02 1.230064679415073215e+03
6.556242969628796118e+02 1.230057367829021359e+03
6.556466629276500271e+02 1.230067863151991105e+03
6.558968253968254203e+02 1.230253401360544331e+03
6.564863636363636488e+02 1.230869318181818244e+03
6.572205628948879621e+02 1.230857553130384758e+03
6.581159337521415864e+02 1.230171330668189512e+03
6.586424104604889180e+02 1.230043774872086487e+03
6.589387871853547267e+02 1.230018306636155557e+03
6.587286602600339620e+02 1.229883550028264608e+03
6.585535512965050202e+02 1.230124577226606561e+03
6.581719457013574583e+02 1.229983597285067844e+03
6.576604938271605079e+02 1.229815937149270439e+03
6.567322834645668763e+02 1.229621484814398173e+03
6.562190692395005271e+02 1.229870034052213441e+03
6.561823863636363967e+02 1.229775568181818244e+03
6.567649717514124177e+02 1.229264971751412531e+03
6.577109728506787860e+02 1.229183823529411711e+03
6.587695774647887674e+02 1.229192112676056240e+03
6.588179255918827266e+02 1.229135287485907611e+03
6.581628959276017667e+02 1.229071266968325745e+03
6.570471645143178421e+02 1.228756878158337940e+03
6.566300610094286867e+02 1.228450915141430869e+03
6.569626324595649294e+02 1.228445064138315729e+03
6.585457094784071614e+02 1.228395961862030390e+03
6.598947957470620622e+02 1.228026860660324473e+03
6.605047725996630561e+02 1.227974171813587873e+03
6.605324309080654075e+02 1.227710659898477161e+03
6.603518930957683324e+02 1.227571269487750669e+03
6.603541899441340775e+02 1.227603910614525148e+03
6.601937465103294471e+02 1.227600223338916749e+03
6.601398992725237349e+02 1.227788472299944033e+03
6.600852017937219216e+02 1.227866031390134594e+03
6.598829728230726914e+02 1.228242928452579008e+03
6.598008874098724164e+02 1.227937881308929491e+03
6.597264623955431944e+02 1.227540947075208805e+03
6.593834254143646376e+02 1.227237016574585596e+03
6.583675735702387328e+02 1.226937257079400297e+03
6.573976705490848644e+02 1.226687742651136887e+03
6.570171840354767028e+02 1.226960643015521100e+03
6.572222838137472536e+02 1.227182926829268354e+03
6.576720400222345688e+02 1.227345747637576324e+03
6.578686252771618683e+02 1.227407427937915827e+03
6.578862506902263476e+02 1.227319712865820065e+03
6.583544796883694517e+02 1.227228714524206907e+03
6.590581980973698819e+02 1.227244543928371513e+03
6.595520487264673193e+02 1.227261904761904816e+03
