6.511250000000000000e+02 1.230220852017937204e+03
6.504128389596015722e+02 1.230250691754288937e+03
6.501265328874025045e+02 1.230298216276477206e+03
6.500367688022283801e+02 1.230509749303621220e+03
6.503486289871292456e+02 1.230725797425853443e+03
6.507354910714285552e+02 1.230626116071428669e+03
6.510152542372881044e+02 1.230436158192090488e+03
6.512413987591652358e+02 1.230522842639593819e+03
6.519825646794150771e+02 1.230387514060742433e+03
6.522362116991643006e+02 1.230594986072423353e+03
6.525602006688963002e+02 1.230959866220735876e+03
6.535164896590273429e+02 1.231097261039687055e+03
6.541314898419864221e+02 1.230981376975169269e+03
6.538867819297266806e+02 1.230807585052983768e+03
6.525518580144204179e+02 1.230813089295618511e+03
6.513379655364091150e+02 1.230906614785992133e+03
6.503562255723060161e+02 1.231218872138470033e+03
6.495241801000555597e+02 1.231067259588660363e+03
6.494774874930517399e+02 1.231072262367982148e+03
6.493348239239799113e+02 1.231219116825041965e+03
6.491760760201229914e+02 1.231171045276690847e+03
6.490246360582307261e+02 1.231073908174691951e+03
6.487822939866370007e+02 1.231226614699331776e+03
6.487153931339977362e+02 1.231405315614617848e+03
6.486982806433721862e+02 1.231383250138657786e+03
6.487444444444444116e+02 1.231463333333333367e+03
6.489825253664035927e+02 1.231675310033821916e+03
6.495267260579064441e+02 1.231309020044543331e+03
6.504800897363993499e+02 1.231301177790241127e+03
6.514495774647887174e+02 1.231100281690140946e+03
6.516515659955257433e+02 1.230650447427293102e+03
6.516224319822321149e+02 1.230698500832870650e+03
6.525830094392003957e+02 1.230511937812326551e+03
6.539786876051598483e+02 1.230289960740325341e+03
6.559341885108756287e+02 1.229792526491912895e+03
6.575482796892341639e+02 1.229826304106548378e+03
6.579489051094890328e+02 1.229358787198203345e+03
6.579292929292929557e+02 1.229328843995510624e+03
6.581430186546070900e+02 1.229379875635952430e+03
6.587065399664617189e+02 1.229282280603689287e+03
6.594455056179775738e+02 1.229034269662921361e+03
6.606149972020145924e+02 1.228604364857302699e+03
6.615651685393258958e+02 1.228261235955056236e+03
6.622518392756084040e+02 1.228226372382569252e+03
6.621635750421585271e+02 1.228103991006183151e+03
6.618163152053274416e+02 1.228168146503884600e+03
6.612897822445561360e+02 1.227764935790061372e+03
6.610463169642856656e+02 1.227728236607142890e+03
6.611833987661244691e+02 1.227569826135726316e+03
6.621183098591549196e+02 1.227365633802817001e+03
6.628268907563025323e+02 1.227429131652660999e+03
6.629359910162829692e+02 1.227336327905670942e+03
6.628671875000000000e+02 1.227294084821428669e+03
6.635363534675615256e+02 1.227381431767337745e+03
6.645397536394176541e+02 1.227226763717805170e+03
6.653444381705251089e+02 1.226975719932241645e+03
6.656343490304709576e+02 1.226363988919667690e+03
6.662487394957983042e+02 1.226450420168067240e+03
6.664399776661083479e+02 1.226585706309324451e+03
6.661793142214727368e+02 1.226697020798201265e+03
6.657160424818334832e+02 1.226927892677473437e+03
6.653102866779089481e+02 1.227013490725126530e+03
6.655457094784071614e+02 1.226974761637689198e+03
6.656630743051616719e+02 1.227039705048213364e+03
6.656969187675069861e+02 1.227301400560224010e+03
6.647205142537731035e+02 1.227356064840693080e+03
6.634503348214285552e+02 1.227446986607142890e+03
6.618500832870627164e+02 1.227744031093836838e+03
6.606432943795214214e+02 1.228005564830272760e+03
6.598927568781583659e+02 1.228085906793935919e+03
6.592317141261864890e+02 1.228173087660524743e+03
6.577623542476402463e+02 1.228390338700721713e+03
6.564817107484524286e+02 1.229195835678109233e+03
6.555382895472330347e+02 1.229418669647847992e+03
6.550909601347557327e+02 1.229587871982032539e+03
6.547548964745383273e+02 1.229653049804141119e+03
6.546581291759465557e+02 1.229695991091313999e+03
6.541151481274455364e+02 1.229949133594186605e+03
6.532799999999999727e+02 1.230171111111111031e+03
6.529855795895729216e+02 1.230200776483638492e+03
6.528544548976203714e+02 1.230172108467072576e+03
6.527395891171571520e+02 1.230157690172126649e+03
6.526053215077605500e+02 1.230279379157427911e+03
6.526328341652800873e+02 1.230352190793122645e+03
6.528167130919219971e+02 1.230344289693593282e+03
6.536624097723487239e+02 1.230238200999444643e+03
6.543015695067264232e+02 1.230455156950672745e+03
6.544352678571428896e+02 1.230663504464285779e+03
6.550181405895691569e+02 1.231226190476190368e+03
6.554169927333706482e+02 1.231003353828954687e+03
6.547915966386555056e+02 1.230875070028011123e+03
6.534226289517471287e+02 1.230842484747642857e+03
6.514508379888268337e+02 1.231158100558659271e+03
