6.579157836029002056e+02 1.226880089235917467e+03
6.578285398230088958e+02 1.226865044247787637e+03
6.581238041643218821e+02 1.227222284749577966e+03
6.581371780515117962e+02 1.227314669652855628e+03
6.581939291736930500e+02 1.227616638560989259e+03
6.583322053017484450e+02 1.227913141567963976e+03
6.585159128978224317e+02 1.227908431044109420e+03
6.588217270194985531e+02 1.228183286908077889e+03
6.596687082405345564e+02 1.228321269487750669e+03
6.606169623059867035e+02 1.228267184035476703e+03
6.605334438916528370e+02 1.228456053067993480e+03
6.597665002773155720e+02 1.228370493621741616e+03
6.588477661334803770e+02 1.228446221731936021e+03
6.583607907742998577e+02 1.228274574409665092e+03
6.582878453038673570e+02 1.228343093922651860e+03
6.577409040793826307e+02 1.228379823594266782e+03
6.572140077821011346e+02 1.228205669816564750e+03
6.562866666666666333e+02 1.228185555555555538e+03
6.552331663884251611e+02 1.228548692264885858e+03
6.547732815964523070e+02 1.228490022172949011e+03
6.554357262103505946e+02 1.228578742348358446e+03
6.565061521252796410e+02 1.228763422818791923e+03
6.574008933556672218e+02 1.228642657733109900e+03
6.579291383219954241e+02 1.228570294784580483e+03
6.584585666293393160e+02 1.228886898096304549e+03
6.586795302013422315e+02 1.228912192393735950e+03
6.590051020408163822e+02 1.229071995464852534e+03
6.594053751399776502e+02 1.229338185890257591e+03
6.595249722530521694e+02 1.229692563817980044e+03
6.596201896263246454e+02 1.230216954824316872e+03
6.593392658509454805e+02 1.230629588431590719e+03
6.589339988907377119e+02 1.230825845812534681e+03
6.583824503311258241e+02 1.230445916114790180e+03
6.575338888888888960e+02 1.230472777777777765e+03
6.570339265850946049e+02 1.230341490545049965e+03
6.567291897891232111e+02 1.230204217536070928e+03
6.565367074527252953e+02 1.229803114571746391e+03
6.563430656934306171e+02 1.229658057271195958e+03
6.553266219239374095e+02 1.229382550335570386e+03
6.542122936824132466e+02 1.229484917472965208e+03
6.537504196978176196e+02 1.229485730274202524e+03
6.535973229224763372e+02 1.229564974902398262e+03
6.536897133220910519e+02 1.229835300730747576e+03
6.538155065082059991e+02 1.230013582342954123e+03
6.539476646032638882e+02 1.230281935846933038e+03
6.546430563301728398e+02 1.230359174567763603e+03
6.546905027932961048e+02 1.230368156424581002e+03
6.547815126050420531e+02 1.230425770308123219e+03
6.551300169587337905e+02 1.230559638213680046e+03
6.554069506726457348e+02 1.230566704035874409e+03
6.551823828345567335e+02 1.230564652738565883e+03
6.549296254256527163e+02 1.230851872871736759e+03
6.551027241770715364e+02 1.231027241770715136e+03
6.539444759206799063e+02 1.230826628895184058e+03
6.541302876480541499e+02 1.230900169204737722e+03
6.546282194848823792e+02 1.230596304591265380e+03
6.552248722316865042e+02 1.230697331061896648e+03
6.553010204081632537e+02 1.230328231292517103e+03
6.549459154929577380e+02 1.230007887323943578e+03
6.540352874217416002e+02 1.229833238474672726e+03
6.536244444444444071e+02 1.229311111111111131e+03
6.536878838637632043e+02 1.229370184254606329e+03
6.543512443438913806e+02 1.229242647058823422e+03
6.547810218978102057e+02 1.229115665356541285e+03
6.547794698251551608e+02 1.228948110547095212e+03
6.542896935933147233e+02 1.228886350974930338e+03
6.537463524130190535e+02 1.229003928170594918e+03
6.537802013422818845e+02 1.228947986577181155e+03
6.538906860011154549e+02 1.228993865030674897e+03
6.544464385866517659e+02 1.229045989904655016e+03
6.549960674157302947e+02 1.228994382022471882e+03
6.554571589627959156e+02 1.228712514092446554e+03
6.558257448004496837e+02 1.228673974142776842e+03
6.560533408197642302e+02 1.228385176866928759e+03
6.561238041643218821e+02 1.228268992684299292e+03
6.562761958997722331e+02 1.228049544419134463e+03
6.565688589094996814e+02 1.227708263069140003e+03
6.572601123595505896e+02 1.227439325842696690e+03
6.577879127028539870e+02 1.227788472299944033e+03
6.580739081746920647e+02 1.227883538633818489e+03
6.576610644257702916e+02 1.228119887955182094e+03
6.575285874439462077e+02 1.227997757847533649e+03
6.573674033149171692e+02 1.227651933701657526e+03
6.575415041782729304e+02 1.227482451253481941e+03
6.576187814421464282e+02 1.227306316377864732e+03
6.572968490878938610e+02 1.226898839137645155e+03
6.564677419354839003e+02 1.226750834260289139e+03
6.561653674832962224e+02 1.226775612472160446e+03
6.560067114093959617e+02 1.226740492170022435e+03
6.562716049382715937e+02 1.226809764309764205e+03
6.562841163310962429e+02 1.226922259507829949e+03
6.562851518560180466e+02 1.226783464566929069e+03
6.563737486095661779e+02 1.227171857619577395e+03
6.564606365159129382e+02 1.227336683417085396e+03
6.565139821029082441e+02 1.227408836689038026e+03
6.571827896512935467e+02 1.227520247469066362e+03
6.577319819819820168e+02 1.227642454954954928e+03
6.586016666666666879e+02 1.227512777777777728e+03
6.592058328659562676e+02 1.227485698261357356e+03
6.587772853185595068e+02 1.227706925207756285e+03
6.583543879262157361e+02 1.227546115148127456e+03
6.577986725663716925e+02 1.227315818584070712e+03
6.577625899280575368e+02 1.227365246264526832e+03
6.577750692520775146e+02 1.227347368421052579e+03
6.572945054945055290e+02 1.226998901098901115e+03
6.564955849889624915e+02 1.226962472406180950e+03
6.543805555555555884e+02 1.227561666666666724e+03
