6.579802414928649341e+02 1.229394621295279876e+03
6.578547854785479103e+02 1.229727172717271742e+03
6.582308117062395922e+02 1.229685256764218593e+03
6.585821955215728849e+02 1.229810486073184165e+03
6.589972677595628738e+02 1.229855191256830494e+03
6.593683634373289806e+02 1.229763546798029665e+03
6.595531335149863708e+02 1.229622343324250778e+03
6.596035986913849456e+02 1.229509814612868013e+03
6.596586826347305532e+02 1.229436581382689155e+03
6.598859357696567258e+02 1.229343853820598042e+03
6.597693574958814224e+02 1.229233388248215306e+03
6.591267837541163317e+02 1.229222283205268923e+03
6.583884026258206177e+02 1.229316192560175068e+03
6.575238611713665478e+02 1.229683297180043382e+03
6.575187806205769903e+02 1.229523135547087577e+03
6.574174917491749284e+02 1.229225522552255143e+03
6.572832594235032957e+02 1.229241130820399121e+03
6.572297073440088298e+02 1.229098288238542182e+03
6.560178474851270494e+02 1.228575987020010871e+03
6.557519001085776154e+02 1.228376764386536479e+03
6.558243610657966656e+02 1.228383904295812954e+03
6.562931129476584147e+02 1.228510192837465638e+03
6.560169863013699114e+02 1.228909589041095842e+03
6.558405243036592083e+02 1.228762971054068885e+03
6.558336968375136848e+02 1.228742639040348877e+03
6.563171412618648901e+02 1.228992183137911752e+03
6.564806415929203922e+02 1.228862278761062043e+03
6.561915244909190505e+02 1.229162355531095272e+03
6.556933551198256964e+02 1.229227124183006481e+03
6.560517336268574127e+02 1.229243808475509013e+03
6.562542559033497582e+02 1.229357495881383784e+03
6.563141910546659119e+02 1.229709000552181124e+03
6.567409836065573927e+02 1.229919125683060201e+03
6.568351528384279163e+02 1.229848253275109073e+03
6.573609729132117536e+02 1.229720840243228395e+03
6.577691885964911762e+02 1.229441337719298190e+03
