6.574921787709497494e+02 1.229946368715083736e+03
6.563514412416851656e+02 1.229192350332594287e+03
6.555965304980413748e+02 1.228828763290430970e+03
6.548371572467823398e+02 1.228767767207610632e+03
6.548688340807175337e+02 1.228742713004484358e+03
6.554850704225351592e+02 1.228400000000000091e+03
6.557713004484304520e+02 1.228261771300448345e+03
6.561270285394515440e+02 1.228465025181869123e+03
6.560055617352613808e+02 1.228557842046718633e+03
6.557283333333333530e+02 1.228586666666666588e+03
6.559474576271186379e+02 1.228931073446327673e+03
6.556223463687150570e+02 1.229091620111731800e+03
6.544711484593836985e+02 1.228978711484593759e+03
6.536291132180703016e+02 1.228779141104294467e+03
6.535244716351501211e+02 1.228358731924360427e+03
6.538201803833145505e+02 1.228004509582863648e+03
6.540788288288288186e+02 1.227937500000000000e+03
6.536612903225806122e+02 1.227570634037819900e+03
6.529626740947074950e+02 1.228041782729804936e+03
6.522504164353136957e+02 1.228310383120488723e+03
6.522728285077951114e+02 1.228395879732739331e+03
6.521412556053811613e+02 1.228779708520179383e+03
6.519994347088750146e+02 1.228954776710005717e+03
6.527277808831750008e+02 1.228411961989938618e+03
6.531651685393258049e+02 1.228285393258426893e+03
6.532033802816901016e+02 1.227961126760563275e+03
6.537983240223463781e+02 1.227694413407821230e+03
6.542767507002801040e+02 1.227493557422969161e+03
6.543691275167785761e+02 1.227615212527964104e+03
6.541964185786233656e+02 1.227713486289871298e+03
6.540908581043186132e+02 1.227743690409422243e+03
6.541244394618834122e+02 1.228322309417040287e+03
6.545760808534531634e+02 1.228687254351488036e+03
6.559960541149943083e+02 1.228175310033821916e+03
6.567272727272727479e+02 1.228359147025813627e+03
6.565976562500000000e+02 1.228392299107142890e+03
6.568238255033556925e+02 1.228311521252796410e+03
6.568500557413600518e+02 1.228431438127090360e+03
6.551982032565973668e+02 1.229099382369455270e+03
6.550969187675069634e+02 1.229280672268907665e+03
6.551306076093128468e+02 1.229696195343554791e+03
6.547543079488605144e+02 1.229588660366870499e+03
6.544722530521642057e+02 1.229751942286348594e+03
6.551286353467561412e+02 1.229654362416107460e+03
6.566171875000000000e+02 1.229430803571428669e+03
6.578549916341327162e+02 1.229406581148912437e+03
6.581684446939921145e+02 1.229280741156653676e+03
6.581769616026710992e+02 1.229562047857540392e+03
6.580133555926544204e+02 1.229978853644963920e+03
6.573305322128851458e+02 1.230270588235294099e+03
6.567972144846796709e+02 1.230201114206128068e+03
6.568546674119619411e+02 1.230366685299049777e+03
6.572844344904815443e+02 1.230094624860022350e+03
6.576443701226310168e+02 1.229656633221850598e+03
6.574986056887897803e+02 1.229757389849414494e+03
6.574145394006659444e+02 1.229489456159822339e+03
6.577835570469799222e+02 1.229469239373601795e+03
6.580881032547699760e+02 1.229434343434343418e+03
6.578336153412295744e+02 1.229971235194585461e+03
6.566100000000000136e+02 1.230330555555555520e+03
6.562006651884701114e+02 1.230489467849223956e+03
6.566814109742441588e+02 1.230926091825308049e+03
6.572305065452476356e+02 1.231356858281161067e+03
6.571370558375634801e+02 1.231196277495769891e+03
6.558351034097261163e+02 1.230899385131358258e+03
6.547017937219731039e+02 1.230677130044843125e+03
6.541707452725249823e+02 1.230334816462736399e+03
6.533656093489148589e+02 1.230325542570951484e+03
6.534353665360939658e+02 1.230266927811975393e+03
6.539661781285230973e+02 1.230056933483652756e+03
6.542247757847533194e+02 1.230172645739910422e+03
6.544572222222221853e+02 1.230202777777777783e+03
6.540193370165745819e+02 1.230380110497237638e+03
6.537313844456701872e+02 1.230477661334804225e+03
6.538744419642856656e+02 1.230417968750000000e+03
6.530880538418396100e+02 1.230783510936623770e+03
6.509404231625835564e+02 1.230366369710467779e+03
