6.583344481605350893e+02 1.229011705685618836e+03
6.577390109890110352e+02 1.229028571428571468e+03
6.566433260393872615e+02 1.228805798687089691e+03
6.566282262493135704e+02 1.228827567270730469e+03
6.566655647382920051e+02 1.228722314049586885e+03
6.571329220415030932e+02 1.228744251261918180e+03
6.576615129762561764e+02 1.228705687465488609e+03
6.582267409470752000e+02 1.228812256267409566e+03
6.583785594639865622e+02 1.228731434952540440e+03
6.582979433018343798e+02 1.228818788215675340e+03
6.571394707828004584e+02 1.228707828004410203e+03
6.561701059676520345e+02 1.229357501394311157e+03
6.562828004410143876e+02 1.229054575523704443e+03
6.571515151515151274e+02 1.229184022038567491e+03
6.582296996662959145e+02 1.229056173526140128e+03
6.586872928176795767e+02 1.229030386740331551e+03
6.583279510022272234e+02 1.229101336302895334e+03
6.568126721763085243e+02 1.229201652892561924e+03
6.564329840044125604e+02 1.229134031991174879e+03
6.575083148558758239e+02 1.229122505543237139e+03
6.586422271223814278e+02 1.229257993384785095e+03
6.586688705234159897e+02 1.229220385674931094e+03
6.576990077177508738e+02 1.229168136714443108e+03
6.566838922484881778e+02 1.229319406267179829e+03
6.570215827338129202e+02 1.229119535141117922e+03
