6.444676339285714448e+02 1.229899553571428669e+03
6.446638842515303622e+02 1.230078464106844649e+03
6.448039106145251935e+02 1.230146927374301640e+03
6.452979318054779014e+02 1.230228619340413616e+03
6.468305647840531947e+02 1.230602436323366646e+03
6.483993325917685979e+02 1.230684649610678434e+03
6.501520763187429566e+02 1.230618406285072979e+03
6.520560538116592397e+02 1.230525224215246681e+03
6.531728187919462698e+02 1.230321029082773975e+03
6.542391914654688208e+02 1.230201572150477205e+03
6.559322222222222081e+02 1.230007777777777846e+03
6.567501394311210561e+02 1.229762967094255373e+03
6.577112479015108875e+02 1.229648013430330138e+03
6.590350194552529501e+02 1.229523624235686384e+03
6.601709497206703645e+02 1.229464804469273759e+03
6.613648044692737358e+02 1.229444692737430159e+03
6.628053392658509892e+02 1.229817018909899843e+03
6.643636363636363740e+02 1.229913043478260761e+03
6.654907146876759043e+02 1.229674732695554212e+03
6.668391647855530664e+02 1.230077878103837520e+03
6.675946097697922141e+02 1.230079169006176244e+03
6.672268673355630426e+02 1.230312151616499477e+03
6.668656716417910957e+02 1.230592039800995053e+03
6.669445688689809231e+02 1.230958566629339202e+03
6.663927977839334744e+02 1.230616620498615021e+03
6.648323991031389824e+02 1.230174327354260186e+03
6.641208913649024907e+02 1.230387186629526468e+03
6.633146503884572667e+02 1.230528856825749244e+03
6.620998883928571104e+02 1.230464285714285779e+03
6.608510044642856656e+02 1.230334821428571331e+03
6.596997767857143344e+02 1.230245535714285779e+03
6.582222222222221717e+02 1.229861391694724944e+03
6.562516666666666652e+02 1.229492777777777746e+03
6.541669458403126782e+02 1.229605806811837056e+03
6.515295091009376165e+02 1.229311086596800806e+03
6.490435501653803385e+02 1.229256339581036400e+03
6.475252077562327031e+02 1.228840443213296339e+03
6.465955678670360385e+02 1.228714127423822674e+03
6.461879491431730003e+02 1.228577114427860806e+03
6.457061427780852227e+02 1.229008301051466560e+03
6.458626465661641305e+02 1.228943048576214323e+03
6.461013437849943557e+02 1.229234042553191557e+03
6.461911928651059043e+02 1.229338907469342303e+03
6.464446290143964688e+02 1.229184939091915794e+03
6.466292817679558311e+02 1.229315469613259665e+03
6.471275766016713078e+02 1.229890807799442882e+03
6.479177392277559875e+02 1.229903749300503705e+03
6.489713804713804848e+02 1.229841750841750809e+03
6.500452261306533046e+02 1.229937465103294244e+03
6.516140254003313430e+02 1.229723909442297099e+03
6.531316964285714448e+02 1.229801897321428669e+03
6.547083100948132142e+02 1.229646960401561728e+03
6.572996632996632798e+02 1.229043771043771130e+03
