6.454492099322799277e+02 1.230027652370203214e+03
6.461429375351716544e+02 1.229910523353967392e+03
6.468176206509540407e+02 1.230520202020202078e+03
6.473342776203966196e+02 1.230598866855524193e+03
6.475817770232031307e+02 1.230984153933220114e+03
6.482010279840091016e+02 1.230886921758994959e+03
6.489850488786659071e+02 1.231142035652673940e+03
6.496297775242441048e+02 1.230726754135767351e+03
6.500903337169160068e+02 1.231069620253164658e+03
6.501326061997704073e+02 1.230698622273249157e+03
6.501650485436892950e+02 1.230727013135351172e+03
6.501755681818182211e+02 1.230239204545454641e+03
6.500152801358234456e+02 1.230225240520656371e+03
6.501136363636363740e+02 1.230121022727272702e+03
6.501858608893957125e+02 1.230420752565564499e+03
6.512712826333711291e+02 1.230288876276958035e+03
6.518932648401826100e+02 1.230494863013698705e+03
6.525252808988764173e+02 1.230426404494382041e+03
6.529698177676538080e+02 1.230443621867881575e+03
6.527596590909090537e+02 1.230763068181818198e+03
6.526943502824858570e+02 1.230824858757062202e+03
6.529931972789115662e+02 1.230824263038548679e+03
6.536649746192892962e+02 1.230896221094190651e+03
6.547282546901648175e+02 1.231155201819215563e+03
6.555295119182746930e+02 1.231049943246310931e+03
6.556259238203524546e+02 1.231171119954519554e+03
6.555288135593220886e+02 1.231161581920903927e+03
6.552139639639639199e+02 1.230878941441441384e+03
6.558076484018264409e+02 1.230889840182648413e+03
6.561937142857142362e+02 1.230997714285714210e+03
6.565430199430199991e+02 1.231100284900284805e+03
6.568443557582668291e+02 1.230827822120866585e+03
6.571610508280982685e+02 1.230937749857224389e+03
6.573841775754126502e+02 1.230934547524188929e+03
6.574189342403627734e+02 1.230916666666666742e+03
6.574251565167900253e+02 1.231091064314171945e+03
6.575778409090909236e+02 1.231202272727272657e+03
6.578209631728045679e+02 1.231028895184135990e+03
6.583061926605504368e+02 1.231062500000000000e+03
6.584171883892998949e+02 1.230860557768924309e+03
6.584445707788515847e+02 1.231101193860147760e+03
6.584624929498025949e+02 1.230580936266215531e+03
6.587060486150367069e+02 1.230658564160542710e+03
6.590734624145785574e+02 1.230762528473804196e+03
6.592042093287826674e+02 1.231026166097838541e+03
6.592438746438746193e+02 1.231167521367521431e+03
6.591873576309794771e+02 1.231103644646924749e+03
6.591415577032404371e+02 1.231072768618533246e+03
6.591282782212086886e+02 1.231095210946408315e+03
6.594577702702703164e+02 1.230822072072072160e+03
6.601906124785346037e+02 1.230825987406983359e+03
6.611432616081540345e+02 1.230537372593431428e+03
6.616081540203850864e+02 1.230832389580973995e+03
6.617304643261608135e+02 1.230931483578709049e+03
6.618871794871795373e+02 1.231128205128205082e+03
6.621645714285714348e+02 1.231287428571428563e+03
6.627082860385925187e+02 1.231517593643586906e+03
6.631203650884198169e+02 1.231424985738733540e+03
6.631768397033656584e+02 1.231391329150028469e+03
6.629571917808219723e+02 1.231594178082191775e+03
6.624280067758328414e+02 1.231042348955392526e+03
6.615766219239374095e+02 1.230528523489932923e+03
6.610124504810413555e+02 1.230444255800792234e+03
6.607146860986547381e+02 1.230526345291479856e+03
6.605773310999442174e+02 1.230528754885538774e+03
6.597540799099606375e+02 1.230760832864378244e+03
6.589464788732394709e+02 1.231037183098591640e+03
6.581204070096099485e+02 1.231260033917467581e+03
6.574583802024747001e+02 1.231060179977502912e+03
6.573615341229553906e+02 1.231041737168640793e+03
6.575529279279279535e+02 1.231122747747747781e+03
6.574500846023688609e+02 1.231095882684715207e+03
6.575312324141812041e+02 1.230951041080472805e+03
6.576001131221719334e+02 1.231004524886877789e+03
6.575233015160022205e+02 1.230982594048287410e+03
6.570690826727067133e+02 1.231074745186862856e+03
6.566225988700565495e+02 1.231335593220338978e+03
6.566175478065241577e+02 1.231431383577052884e+03
6.566263425664217266e+02 1.231358394573205260e+03
6.575011363636364194e+02 1.231218750000000000e+03
6.585037079292641238e+02 1.231115801483171708e+03
6.588076036866359573e+02 1.231270161290322676e+03
6.587806414662085217e+02 1.231057273768613868e+03
6.588791523482244656e+02 1.230837342497136206e+03
6.592319676860935260e+02 1.230544720138488174e+03
6.601262191623637818e+02 1.230569133677567379e+03
6.612036405005687811e+02 1.230798065984072764e+03
6.618184405236197563e+02 1.230724530449630038e+03
6.612758620689654663e+02 1.231022611644997141e+03
6.607797281993205161e+02 1.231275764439411205e+03
6.605764705882353383e+02 1.231481232492997151e+03
6.599260722347629553e+02 1.231226862302483141e+03
6.596925254813137371e+02 1.231197055492638810e+03
6.596123372948500219e+02 1.231013016411997796e+03
6.592551252847380283e+02 1.230857630979498936e+03
6.586878216123499215e+02 1.230841623785019920e+03
6.583891402714932610e+02 1.230667986425339450e+03
6.581338627339762297e+02 1.230851389676687404e+03
6.578605042016806692e+02 1.230645938375350170e+03
6.575278246205733694e+02 1.231335019673974102e+03
6.573787620670074148e+02 1.231321976149914917e+03
6.569495515695067525e+02 1.231401905829596444e+03
6.565970819304152428e+02 1.231728956228956122e+03
6.562360248447205322e+02 1.231787125917560616e+03
6.561441647597254132e+02 1.231816933638443970e+03
6.562421830585559519e+02 1.231165434906196651e+03
6.563264367816092317e+02 1.231671264367816093e+03
6.564379603399432881e+02 1.231235694050991469e+03
6.560560588901472556e+02 1.231100226500566350e+03
6.550574971815107119e+02 1.230881059751972998e+03
6.545794183445190129e+02 1.231000000000000000e+03
6.542552112676056595e+02 1.230692394366197277e+03
6.542160945413618265e+02 1.230508722566122742e+03
6.541230248306998192e+02 1.230545146726862413e+03
6.538330532212885373e+02 1.230545658263305313e+03
6.532785388127854276e+02 1.230937214611872150e+03
6.531173152848280097e+02 1.230569091934574089e+03
6.524433748584370960e+02 1.230735560588901535e+03
6.524462151394421880e+02 1.231000000000000000e+03
6.524306902452938175e+02 1.231018824871648576e+03
6.523067415730337189e+02 1.230776404494381950e+03
6.515985401459854529e+02 1.230950589556428895e+03
6.506504524886877334e+02 1.230888574660633594e+03
6.501097355092853149e+02 1.230724254361283101e+03
6.499581447963801111e+02 1.230759615384615472e+03
6.499638622247317699e+02 1.230494071146245005e+03
6.503582430119794253e+02 1.230863662293211746e+03
6.505099488345650798e+02 1.231110858442296831e+03
6.500461538461538566e+02 1.230955555555555520e+03
6.493527088036117902e+02 1.231024830699774157e+03
6.487218767665348196e+02 1.230771622385528644e+03
6.483607666290868110e+02 1.230116685456595178e+03
6.480056465273856929e+02 1.230238848108413322e+03
6.478499433748584124e+02 1.230298414496036230e+03
6.477339707536557398e+02 1.230396512935883038e+03
6.477178189994378954e+02 1.230459246767847162e+03
6.475558659217876993e+02 1.230366480446927426e+03
6.470481586402265748e+02 1.230559206798866853e+03
6.462846715328466871e+02 1.230571588994946751e+03
6.453269662921347845e+02 1.230636516853932562e+03
6.446964586846543170e+02 1.231217537942664421e+03
6.444603709949409449e+02 1.231184373243395157e+03
6.442409502262443084e+02 1.231123303167420772e+03
6.435725534308211309e+02 1.231006186726659280e+03
6.425617977528089568e+02 1.230896629213483038e+03
6.414974676420933974e+02 1.230800787844681963e+03
6.410942111237230847e+02 1.230979001135073759e+03
6.412639680729760130e+02 1.231068985176738806e+03
6.416989853438557248e+02 1.230949267192784646e+03
6.422274019329164503e+02 1.231132461625923725e+03
6.427324510932105568e+02 1.231946490218642111e+03
6.431987327188940071e+02 1.232080069124423972e+03
6.436776577600909377e+02 1.231950540079590610e+03
6.439942296595498874e+02 1.232124062319676796e+03
6.442088787706317135e+02 1.231516220830961856e+03
6.442847419171865795e+02 1.231244469653998976e+03
6.445423443634324485e+02 1.230932697700504832e+03
6.449805936073059911e+02 1.230998287671232902e+03
6.455701459034792151e+02 1.230262065095398384e+03
6.457283950617284063e+02 1.230466891133557738e+03
6.458212069937958404e+02 1.230434856175972982e+03
6.463323847467273708e+02 1.230770631758679656e+03
6.466021384355655073e+02 1.230952729319077207e+03
6.468211243611584678e+02 1.231218625780806406e+03
6.466837366347776879e+02 1.231271806415306628e+03
6.465871148459383448e+02 1.231263865546218540e+03
6.465867490174059640e+02 1.231185850645704704e+03
6.463535694210230531e+02 1.230920179876334942e+03
6.463055091819699101e+02 1.230511407902059091e+03
6.462688652878703124e+02 1.230863610955841295e+03
6.461589887640449206e+02 1.230827528089887664e+03
6.461136747326955856e+02 1.231112549240292537e+03
6.455939597315435776e+02 1.231093400447427257e+03
6.450498019241653083e+02 1.231248443689869873e+03
6.446027932960894304e+02 1.231582122905027973e+03
6.441867266591675616e+02 1.231649606299212564e+03
6.436563728242559819e+02 1.231654688377316006e+03
6.433432084963667421e+02 1.231972051425377231e+03
6.425634432643935270e+02 1.231963666852990400e+03
6.423647656691134671e+02 1.232029926595143934e+03
6.426143018018018438e+02 1.231361486486486456e+03
6.428327645051194850e+02 1.231337315130830575e+03
6.434211123723041510e+02 1.230894438138479018e+03
6.441450424929178098e+02 1.231074787535410678e+03
6.446377952755905199e+02 1.231258155230596230e+03
6.447519863791146690e+02 1.231565834279228056e+03
6.451068789084707760e+02 1.231380898237634938e+03
6.452651902328223059e+02 1.231279386712095402e+03
6.460250712250712013e+02 1.231446723646723740e+03
6.466463276836158229e+02 1.231672881355932304e+03
6.473686583990980807e+02 1.231412063134160007e+03
6.477120689655172328e+02 1.231869540229885160e+03
6.481351197263397808e+02 1.231266818700114072e+03
6.483185437997724421e+02 1.231206484641638326e+03
6.485611267605634112e+02 1.231027042253521131e+03
6.485801832760595289e+02 1.231491981672394104e+03
6.490430351075877979e+02 1.231204983012457433e+03
6.497258883248730399e+02 1.231234066553863613e+03
6.505969730941703801e+02 1.231159753363228674e+03
6.515615124153498527e+02 1.231222911963882552e+03
6.518927552766685949e+02 1.231353108956075403e+03
6.518732234223990645e+02 1.231317225696418518e+03
6.519671388101983212e+02 1.231195467422096272e+03
6.521542002301496268e+02 1.231476409666283189e+03
6.532112756264236850e+02 1.231169134396355275e+03
6.541873935264054580e+02 1.231085178875638803e+03
6.546233766233766573e+02 1.231169960474308255e+03
6.546468590831918846e+02 1.231132427843803043e+03
6.544709531866892576e+02 1.230996615905245335e+03
6.542959183673469852e+02 1.231137755102040728e+03
6.547585812356979886e+02 1.231461098398169270e+03
6.551457373271889537e+02 1.231605414746543829e+03
6.558451503119682684e+02 1.231315371525808359e+03
6.564657611771364145e+02 1.231168081494057787e+03
6.569982925441092902e+02 1.231112122936824107e+03
6.575349233390119252e+02 1.231330494037478729e+03
6.576640136441159257e+02 1.231484366117111904e+03
6.577187323146575864e+02 1.231448783248443760e+03
6.581264568764569276e+02 1.232146270396270438e+03
