6.576397379912664292e+02 1.229352074235807777e+03
6.576782988004362096e+02 1.229291166848418698e+03
6.576852154937261048e+02 1.229309328968903401e+03
6.580922651933701673e+02 1.229549723756906133e+03
6.582874449339207104e+02 1.229396475770925008e+03
6.575906113537117790e+02 1.229240174672489047e+03
6.566920965971460191e+02 1.229234357848518130e+03
6.562063666300767864e+02 1.229273874862788034e+03
6.564482567791919791e+02 1.228734919756502450e+03
6.569074889867841875e+02 1.228817731277533085e+03
6.578228822882288114e+02 1.228600110011001107e+03
6.580753161077515188e+02 1.228311159978009982e+03
6.566630316248637200e+02 1.228502181025081882e+03
6.567506819421713544e+02 1.228916530278232358e+03
6.572698060941828544e+02 1.228855955678670398e+03
6.576123348017621311e+02 1.228846365638766429e+03
6.569950711938663517e+02 1.228636363636363740e+03
6.567649315068492797e+02 1.228774246575342431e+03
6.568576902025178015e+02 1.228432402846196055e+03
6.565814591332967893e+02 1.228788261108063580e+03
6.563463441451347080e+02 1.228762506871907590e+03
6.557248358862144642e+02 1.229236870897155313e+03
6.560568432671082064e+02 1.228920529801324392e+03
6.563136714443219262e+02 1.228763506063947034e+03
