6.627162315550510812e+02 1.228162315550510812e+03
6.658670062252405160e+02 1.228011884550084915e+03
6.671903682719546396e+02 1.227960906515580746e+03
6.681464932126697249e+02 1.227882352941176578e+03
6.692298980747451651e+02 1.227904303510758837e+03
6.698783783783783292e+02 1.228029842342342363e+03
6.699197980931014627e+02 1.228052720134604670e+03
6.704473094170404011e+02 1.228681053811659240e+03
6.713020247469066817e+02 1.229138920134983209e+03
6.713350282485876050e+02 1.229295480225988740e+03
6.712287472035794735e+02 1.229327740492170051e+03
6.715377677564824808e+02 1.229652198421646062e+03
6.717608573040045030e+02 1.229696559503666094e+03
6.711049069373942757e+02 1.229856739988719710e+03
6.689662542182227298e+02 1.229688413948256539e+03
6.660291479820627956e+02 1.229552130044843125e+03
6.632547699214366048e+02 1.229315375982042724e+03
6.608668539325842630e+02 1.229243258426966349e+03
6.583082077051926717e+02 1.229375209380234537e+03
6.560675295441756134e+02 1.230140686550365672e+03
6.539003359462485605e+02 1.230286674132138842e+03
6.514189038031320251e+02 1.230406040268456309e+03
6.497192884936075643e+02 1.229290717065036233e+03
6.487938257993384923e+02 1.228670341786108111e+03
6.476141124586548585e+02 1.228697353914002178e+03
6.459894911504425181e+02 1.228540929203539918e+03
6.427770419426049102e+02 1.228747792494481246e+03
6.411137493097736524e+02 1.228519050248481562e+03
6.407401879491432055e+02 1.228742399115533544e+03
6.407468284611142053e+02 1.229137892995035827e+03
6.415623960066556037e+02 1.229145313366611163e+03
6.430756302521008365e+02 1.229103641456582636e+03
6.445827298050139689e+02 1.229340389972144749e+03
6.452809871003926219e+02 1.229349971957375146e+03
6.456263187118267979e+02 1.228872848417545811e+03
6.464045379081350120e+02 1.228502490315439900e+03
6.473454947484798367e+02 1.228524599226091823e+03
6.483399778516057950e+02 1.229003875968992361e+03
6.497321527393469296e+02 1.229550636413945767e+03
6.521025352112676501e+02 1.229781408450704248e+03
6.540212171970965755e+02 1.230245672808486916e+03
6.555943080357143344e+02 1.230200892857142890e+03
6.583378378378378102e+02 1.230198198198198270e+03
6.615640157924422056e+02 1.230124647490129746e+03
6.642789115646259006e+02 1.229716553287981924e+03
6.658171074845245130e+02 1.229389420371412598e+03
6.673026389668725642e+02 1.229071308253789994e+03
6.687064116985376359e+02 1.229079302587176699e+03
6.684921700223713970e+02 1.229257270693512282e+03
6.678788046485888117e+02 1.229560597675705594e+03
6.677646733111849926e+02 1.230208748615725426e+03
6.680613393359594738e+02 1.230123804164321882e+03
