6.510358719646799273e+02 1.231537527593819050e+03
6.518168234643054575e+02 1.231340896513558391e+03
6.525715080690039258e+02 1.230943238731218798e+03
6.536231322634200751e+02 1.230744327614831263e+03
6.554733924611973634e+02 1.230179046563192969e+03
6.574370122630991773e+02 1.230387402452619881e+03
6.576898663697104439e+02 1.230062917594654891e+03
6.572682654768544808e+02 1.230211377579475766e+03
6.563387186629526013e+02 1.230412813370473486e+03
6.545606229143493238e+02 1.230734705228031089e+03
6.524207920792078994e+02 1.231276127612761229e+03
6.517301057317752111e+02 1.231951029493600345e+03
6.522357182473655257e+02 1.232274542429284566e+03
6.528583379810373799e+02 1.232186837702175126e+03
6.543602900167317102e+02 1.231674846625766804e+03
6.559357021996615913e+02 1.231672306824591033e+03
6.578596881959911116e+02 1.230491091314031110e+03
6.593542600896861359e+02 1.229693946188340760e+03
6.589961154273030388e+02 1.229198668146503906e+03
6.569366314619232980e+02 1.228877709838799319e+03
6.557697802197802730e+02 1.229239560439560364e+03
6.544310060472787427e+02 1.229833424958768546e+03
6.544399117971333908e+02 1.229884233737596560e+03
6.552937915742793393e+02 1.229883037694013410e+03
6.567581446714522144e+02 1.229367752622860280e+03
6.584354838709676869e+02 1.229439933259176769e+03
6.595061315496097905e+02 1.229401895206243125e+03
6.595953177257524658e+02 1.229368450390189537e+03
6.594074485825458396e+02 1.230279043913285250e+03
6.586065301604869546e+02 1.230446596568898713e+03
6.566960621186910885e+02 1.231002218524680984e+03
6.548900494777350332e+02 1.231656404617921908e+03
6.547490410958904477e+02 1.231938082191780722e+03
6.554255085211655114e+02 1.231650907091808676e+03
6.558865522966242452e+02 1.231356391809629258e+03
6.569345535219079011e+02 1.230548530227398714e+03
6.588070757324488795e+02 1.229620784964068434e+03
6.603956714761376361e+02 1.229237513873473972e+03
6.598059701492537670e+02 1.228961304588170151e+03
