6.551387024608501406e+02 1.229975391498881436e+03
6.551656475819900152e+02 1.229428015564202269e+03
6.553894795747062290e+02 1.229462227196418553e+03
6.552622767857143344e+02 1.229038504464285779e+03
6.550227524972252695e+02 1.229041065482796967e+03
6.553715083798882688e+02 1.229136312849162096e+03
6.555110741971207062e+02 1.229164451827242601e+03
6.550476718403547238e+02 1.229077050997782635e+03
6.549688715953307110e+02 1.229083379655364070e+03
6.549017117614577046e+02 1.229114301490888920e+03
6.548643410852713487e+02 1.229264673311184879e+03
6.550000000000000000e+02 1.228968732551647236e+03
6.554862898712926835e+02 1.229214885282596470e+03
6.558715239154615801e+02 1.229098998887652897e+03
6.558965902738959812e+02 1.228860816098379019e+03
6.558721384701284478e+02 1.228796203238414364e+03
6.557073170731707705e+02 1.228996674057649670e+03
6.562483183856502365e+02 1.229320067264573936e+03
6.573909141895680932e+02 1.229274817722938906e+03
6.583620111731843281e+02 1.229077094972067016e+03
6.587260579064587773e+02 1.228906458797327332e+03
6.588769487750556664e+02 1.228953229398663780e+03
6.593404614518851758e+02 1.229117613956105743e+03
6.597035595105672883e+02 1.228798665183537196e+03
6.599017857142856656e+02 1.228729910714285779e+03
6.597570715474209919e+02 1.228793122573488517e+03
6.593899336283185448e+02 1.228882190265486770e+03
6.592575418994413212e+02 1.229002793296089294e+03
6.592525083612040362e+02 1.229065774804905232e+03
6.584422332780541183e+02 1.229070757324488568e+03
6.575834729201562823e+02 1.229022892238972645e+03
6.575251396648044420e+02 1.228979888268156401e+03
6.571809576837416671e+02 1.229281737193764002e+03
6.569727928928373331e+02 1.229253747917823375e+03
6.564191583610188445e+02 1.229255813953488314e+03
6.561306032097398884e+02 1.229362479247371311e+03
6.561301446051168114e+02 1.229456618464961139e+03
6.559640088593577048e+02 1.229247508305647898e+03
6.559739033870072262e+02 1.229152137701277070e+03
6.559111604664075230e+02 1.229041643531371392e+03
6.555038888888889232e+02 1.228831666666666706e+03
6.558552338530066663e+02 1.228813474387527776e+03
6.557807308970100166e+02 1.228840531561461830e+03
