6.568213304013194147e+02 1.228750962067069850e+03
6.576707048458149529e+02 1.228684471365638728e+03
6.579862486248624691e+02 1.228446094609460943e+03
6.578846364133406723e+02 1.228408419901585603e+03
6.578180821917808316e+02 1.228391232876712365e+03
6.577267759562842002e+02 1.228508196721311378e+03
6.576867071152785229e+02 1.228720904578047339e+03
6.583007769145393695e+02 1.228860155382907806e+03
6.590429927414852500e+02 1.228881630374092765e+03
6.596060773480662647e+02 1.228366298342541540e+03
6.589594444444444434e+02 1.228003333333333330e+03
6.583420612813370099e+02 1.228198885793871796e+03
6.576480354178196421e+02 1.227975096845600547e+03
6.562694013303769225e+02 1.228357538802660656e+03
6.560676195711929495e+02 1.228274876305662474e+03
6.567069818581637719e+02 1.228396371632765295e+03
6.569037078029883787e+02 1.228653569452130569e+03
6.568674765323025895e+02 1.228676974047487647e+03
6.566447876447876979e+02 1.228696635410921090e+03
6.561768933112216473e+02 1.228962962962963047e+03
6.563150609080842059e+02 1.228829457364341124e+03
6.566602422907488972e+02 1.228543502202643140e+03
6.572052280311456798e+02 1.228478865406006662e+03
6.576273532668881217e+02 1.228289590254706582e+03
6.576046255506607849e+02 1.228091409691629906e+03
