6.605095828635851376e+02 1.226966741826381167e+03
6.549138619509412820e+02 1.227636622932116325e+03
6.493703910614525512e+02 1.228500000000000000e+03
6.442819653824678880e+02 1.229972082635399147e+03
6.425183763027976056e+02 1.230139330773450411e+03
6.432085176991150774e+02 1.230361725663716925e+03
6.460653996646170754e+02 1.230242593627725000e+03
6.492565386755703685e+02 1.229997774067890987e+03
6.531764705882352473e+02 1.229429691876750667e+03
6.582620111731843053e+02 1.229169832402234533e+03
6.627769784172661502e+02 1.228141671278361855e+03
6.674309859154930109e+02 1.227730140845070309e+03
6.709656319290465945e+02 1.227170177383592090e+03
6.716884422110553032e+02 1.227277498604131779e+03
6.691994318181817789e+02 1.227890909090909190e+03
6.625199102636006501e+02 1.228513740886146934e+03
6.503747917823430953e+02 1.229949472515269235e+03
6.467815774958631891e+02 1.230503585217870977e+03
6.466066298342541359e+02 1.230787845303867471e+03
6.482198228128460187e+02 1.230969545957917944e+03
6.507191135734071850e+02 1.230445429362880986e+03
6.525626385809313206e+02 1.230022727272727252e+03
6.550610771793448066e+02 1.229289838978345415e+03
6.581698218262806677e+02 1.228197661469933109e+03
6.615746478873239766e+02 1.227489014084507062e+03
6.630830508474575709e+02 1.226873446327683723e+03
6.602468996617812991e+02 1.226771702367530906e+03
6.552791878172588440e+02 1.227471517202481664e+03
6.498126752664048809e+02 1.228193494111048722e+03
6.446331685886875675e+02 1.229237232289950498e+03
6.425686167304537548e+02 1.229442864953526623e+03
6.464241588527303293e+02 1.229675124103695453e+03
