6.557445132245356945e+02 1.229589758019133342e+03
6.561331096196868202e+02 1.229360178970917332e+03
6.571881690140844512e+02 1.229294647887323890e+03
6.586666666666666288e+02 1.229308683473389465e+03
6.589977641140301330e+02 1.229385131358300669e+03
6.585989988876528969e+02 1.229363737486095715e+03
6.593545150501672651e+02 1.229292084726867415e+03
6.602387640449437640e+02 1.229584269662921315e+03
6.601080627099663616e+02 1.229450727883538548e+03
6.598621651785714448e+02 1.229367745535714221e+03
6.607759685569905059e+02 1.229358225715890057e+03
6.611471083660865133e+02 1.229342504211117330e+03
6.605800334634690216e+02 1.229513106525376543e+03
6.606334080717489314e+02 1.229614349775784831e+03
6.611720067453625234e+02 1.229648679033164626e+03
6.610206703910614578e+02 1.229349162011173121e+03
6.608500000000000227e+02 1.229030898876404535e+03
6.610957207207206920e+02 1.228958896396396312e+03
6.610089988751406054e+02 1.229020809898762764e+03
6.608169092945129250e+02 1.229005599104143357e+03
6.607684977578475127e+02 1.229117713004484358e+03
6.607044307347167660e+02 1.229071789119461528e+03
6.606122562674095207e+02 1.229313091922005469e+03
6.604888765294772384e+02 1.229288654060066847e+03
6.605969815539407364e+02 1.229074343208496430e+03
6.606152125279642178e+02 1.229136465324384744e+03
6.596852367688022696e+02 1.228935376044568329e+03
6.595207756232687188e+02 1.229201108033241098e+03
6.592455654101995606e+02 1.229125831485587696e+03
6.584046822742475342e+02 1.229272017837235126e+03
6.578155124653740131e+02 1.229052077562326758e+03
6.577306622148024644e+02 1.229158041179744032e+03
6.571601123595505669e+02 1.229164606741572925e+03
6.560884808013355496e+02 1.229075681691708496e+03
6.554492512479201878e+02 1.229062673322240698e+03
6.545774569683509299e+02 1.229011104941699159e+03
6.544756637168142106e+02 1.229017699115044252e+03
6.543931149361466169e+02 1.229098833981121516e+03
6.538650442477876368e+02 1.228923119469026460e+03
6.535019369120088868e+02 1.228928610957387946e+03
6.530442233278054118e+02 1.228489773355445095e+03
6.530055463117026875e+02 1.229087631724902849e+03
6.528792912513843021e+02 1.229171650055370947e+03
6.527723214285714448e+02 1.229058035714285779e+03
6.526024430871738105e+02 1.229047751249305975e+03
6.524728381374723085e+02 1.229187361419068793e+03
6.522340543538547308e+02 1.229182473655019521e+03
6.519251662971174710e+02 1.229215077605321540e+03
6.521064425770308617e+02 1.229378151260504183e+03
6.521338185890257364e+02 1.229293393057110961e+03
6.518914127423822720e+02 1.229275346260387778e+03
6.518581757508342207e+02 1.229372080088987786e+03
6.520848314606741951e+02 1.229267977528089887e+03
6.521381246490735748e+02 1.229139247613700263e+03
6.521923724060571885e+02 1.229113292204150412e+03
6.527056519306099744e+02 1.229210968102965808e+03
6.530796857463524248e+02 1.229193602693602770e+03
6.533938718662952851e+02 1.229197771587743773e+03
6.537602012297372767e+02 1.229261039686975892e+03
6.541470095025154023e+02 1.229380659586361162e+03
6.546151701059676498e+02 1.229246514221974394e+03
6.557922948073702401e+02 1.229359575656058041e+03
6.565982092893117397e+02 1.229581980973699046e+03
6.562393736017896799e+02 1.229516219239373640e+03
6.562275280898876417e+02 1.229612921348314558e+03
6.575365168539325396e+02 1.229812921348314603e+03
6.576840628507295605e+02 1.229891694725027946e+03
6.572628024760832659e+02 1.229878446820483987e+03
6.577377877596856024e+02 1.229553060078607587e+03
6.582063580591187701e+02 1.229731734523145633e+03
