6.604628283957517851e+02 1.228545556176635046e+03
6.598467518045530369e+02 1.228444752915047275e+03
6.585183946488294850e+02 1.228188405797101495e+03
6.572533482142856656e+02 1.228450334821428669e+03
6.565005549389567250e+02 1.228470033296337306e+03
6.570528981429375790e+02 1.228538548114800278e+03
6.587798882681564692e+02 1.228327374301675945e+03
6.601455981941309119e+02 1.228536681715575696e+03
6.606798196166854495e+02 1.228294813979706987e+03
6.602424071991000574e+02 1.228333520809898801e+03
6.592155317951603593e+02 1.228208216094541285e+03
6.580561167227833721e+02 1.228237373737373673e+03
6.563998890737659622e+02 1.228329450915141479e+03
6.555271920088790694e+02 1.228547169811320828e+03
6.550994382022471427e+02 1.229057303370786485e+03
6.547322128851540128e+02 1.229048179271708705e+03
6.543725379853685808e+02 1.229069780528981482e+03
6.541297752808989117e+02 1.229270224719101179e+03
6.541838691483361572e+02 1.228980823463057050e+03
6.540983606557376788e+02 1.228984171848502001e+03
6.528487914558741068e+02 1.228709387296233899e+03
6.516744966442953455e+02 1.229464765100671229e+03
6.512455555555555975e+02 1.229514444444444507e+03
6.513466292134831974e+02 1.230142696629213560e+03
6.522816349384098658e+02 1.230340985442329156e+03
6.539796380090497223e+02 1.230129524886877789e+03
6.550740740740740193e+02 1.230050712250712195e+03
6.551469756924816465e+02 1.230119276427360091e+03
6.538150417827298497e+02 1.230225069637883053e+03
6.524611542730299334e+02 1.230349611542730372e+03
6.514305478693968325e+02 1.230534587714443887e+03
6.513793103448275588e+02 1.230352057842046634e+03
6.515920537213206671e+02 1.230379966424174654e+03
6.517879977565900163e+02 1.230007291082445363e+03
6.527516816143497635e+02 1.229472533632286968e+03
6.534470720720720465e+02 1.229204954954954928e+03
6.535494938132733296e+02 1.228892013498312735e+03
6.535196850393700743e+02 1.228827896512935922e+03
6.533255555555555247e+02 1.228675555555555547e+03
6.524118942731277002e+02 1.228692731277533085e+03
6.515127635960044472e+02 1.228874028856825817e+03
6.514006622516556035e+02 1.229062913907284837e+03
6.522881165919282012e+02 1.228743834080717534e+03
6.542218468468468018e+02 1.228413288288288186e+03
6.559745762711864927e+02 1.228218079096045130e+03
6.572471973094170608e+02 1.228095852017937204e+03
6.575896571107364252e+02 1.228275435637998953e+03
6.572146450531023447e+02 1.228256008943543975e+03
6.564977678571428896e+02 1.228517857142857110e+03
6.563906770255272249e+02 1.228255826859045555e+03
6.568717233686559211e+02 1.227860011154489712e+03
6.581145423919147106e+02 1.227595171252105501e+03
6.592422709387295754e+02 1.227392917369308634e+03
6.600848791455873652e+02 1.227251826869027582e+03
6.601646992692524236e+02 1.227362563237774111e+03
6.602143658810325633e+02 1.227840628507295150e+03
6.601505617977528573e+02 1.228210112359550521e+03
6.595609348914857719e+02 1.228159710628825906e+03
6.588992765720645366e+02 1.228449081803004901e+03
6.588182831661092678e+02 1.228521181716833780e+03
6.592810198300282991e+02 1.228607365439093428e+03
6.597935337492909866e+02 1.228526375496312994e+03
6.604287330316742555e+02 1.228542986425339450e+03
6.609177612792690297e+02 1.228596801827527088e+03
6.603022598870056754e+02 1.228719774011299478e+03
6.591085489313835524e+02 1.228602362204724386e+03
6.570941906373378743e+02 1.228918217710095860e+03
6.548171140939597308e+02 1.229271812080536847e+03
6.534227961819202619e+02 1.228939921392476208e+03
6.532940845070422711e+02 1.229108169014084524e+03
6.542507074136955225e+02 1.229041312959818924e+03
6.552108262108262124e+02 1.229021082621082542e+03
6.560975056689342182e+02 1.229152494331065782e+03
6.563101301641199825e+02 1.229161856253537053e+03
6.561401238041643182e+02 1.229272931907709562e+03
6.557227833894500009e+02 1.229072951739618475e+03
6.562164890633763434e+02 1.229398766124509166e+03
6.565660167130919262e+02 1.229320334261838525e+03
6.566480134303301384e+02 1.229288752098489113e+03
6.572752397067117727e+02 1.229498589960518984e+03
6.578924549549549283e+02 1.229319256756756658e+03
6.586791923724060780e+02 1.229386427369601734e+03
6.590858930602958026e+02 1.229032423208191176e+03
6.590760135135135442e+02 1.228333896396396312e+03
6.581011235955056691e+02 1.228053370786516780e+03
6.566582774049217051e+02 1.228266778523489847e+03
6.556056415929203922e+02 1.228331858407079608e+03
6.555170893054024646e+02 1.228522050716648209e+03
6.567419175027870324e+02 1.228630992196209490e+03
6.583740157480315247e+02 1.228493813273340720e+03
6.597308558558559071e+02 1.228488175675675620e+03
6.599505962521294578e+02 1.228085746734809845e+03
6.592849972113775721e+02 1.228108198549916324e+03
6.577549184935356834e+02 1.227919617762787993e+03
6.559688715953307110e+02 1.228322957198443646e+03
6.546267332224070969e+02 1.228472545757071657e+03
6.540502793296088839e+02 1.229359776536312893e+03
6.536635254988913175e+02 1.229120842572061974e+03
6.535432852386237528e+02 1.229196448390677006e+03
