6.537471074380165419e+02 1.229153719008264488e+03
6.534315443592552128e+02 1.229340635268346205e+03
6.538929359823399636e+02 1.229250000000000000e+03
6.546473829201102035e+02 1.229044628099173451e+03
6.549402985074626713e+02 1.228720287451630838e+03
6.554623059866962649e+02 1.228718957871396924e+03
6.554474557522123632e+02 1.229040929203539918e+03
6.552221609702315845e+02 1.229566703417861163e+03
6.554296745725316669e+02 1.229359073359073363e+03
6.556503033645890355e+02 1.229222283507997872e+03
6.556844127332601602e+02 1.229248627881449011e+03
6.556951754385964932e+02 1.229347039473684163e+03
6.557008781558727151e+02 1.229471459934138238e+03
6.547213384530992926e+02 1.229308283049917691e+03
6.538120218579234688e+02 1.229214754098360572e+03
6.543152053274139917e+02 1.229072697003329722e+03
6.549066147859922467e+02 1.229190105614230106e+03
6.552497219132369537e+02 1.229012791991101267e+03
6.552609905397885086e+02 1.229198107957707180e+03
6.553350000000000364e+02 1.229130000000000109e+03
6.543859357696567258e+02 1.228857696566998811e+03
6.537620614035088238e+02 1.228930372807017648e+03
6.542866666666666333e+02 1.229405555555555566e+03
6.552180493273542652e+02 1.228708520179372272e+03
