6.657982012366497884e+02 1.228047217537942743e+03
6.673376404494382541e+02 1.228187078651685397e+03
6.686125625347415280e+02 1.228151195108393495e+03
6.692403144300953954e+02 1.228370016844469319e+03
6.697942825112107812e+02 1.228844730941704029e+03
6.698494983277591928e+02 1.229394648829431389e+03
6.693704318936877371e+02 1.229282945736434158e+03
6.691996644295302303e+02 1.229508948545861358e+03
6.691621169916434155e+02 1.229431197771587676e+03
6.691112353269983259e+02 1.229852431525992188e+03
6.692092893116955565e+02 1.229774482372691637e+03
6.700267349260523133e+02 1.230108077360637026e+03
6.690304740406320434e+02 1.230143340857787734e+03
6.662624434389140333e+02 1.229767533936651489e+03
6.631523809523810087e+02 1.229349019607843047e+03
6.603284997211377458e+02 1.229017289459007316e+03
6.581563901345291470e+02 1.229431053811659240e+03
6.554335742078932299e+02 1.229862145636464675e+03
6.530122562674094979e+02 1.230246796657381537e+03
6.507803790412485796e+02 1.230282608695652243e+03
6.485499723909442764e+02 1.230000552181115381e+03
6.466565433462175179e+02 1.229295416896742154e+03
6.454711431742508694e+02 1.228924528301886767e+03
6.444936288088642868e+02 1.228608310249307578e+03
6.434113749309773311e+02 1.228418553285477628e+03
6.421746119733924161e+02 1.228546008869179559e+03
6.403279867256636635e+02 1.228873340707964644e+03
6.387852015461071460e+02 1.228738818332413075e+03
6.388123962368566708e+02 1.228762589928057650e+03
6.397153931339977362e+02 1.228669435215946805e+03
6.410100278551532256e+02 1.229023398328690746e+03
6.418106607440311109e+02 1.228681288173237135e+03
6.425774336283185448e+02 1.228951327433628421e+03
6.432752089136490667e+02 1.228862395543175580e+03
6.447454242928453141e+02 1.228878535773710382e+03
6.467320441988949824e+02 1.228653591160220913e+03
6.485953820780648584e+02 1.228593732820230798e+03
6.495722284434490348e+02 1.229078387458006773e+03
6.504883462819090028e+02 1.229195893451720394e+03
6.527801771871539813e+02 1.229480620155038650e+03
6.556923506420994272e+02 1.230183696259073031e+03
6.586317264573990542e+02 1.230256726457399054e+03
6.620352472996020197e+02 1.229949403069926120e+03
6.644112409571507669e+02 1.229265442404006762e+03
6.662596314907872284e+02 1.229296482412060413e+03
6.677146042363433480e+02 1.228854515050167265e+03
6.687337443946188387e+02 1.229147982062780329e+03
6.697371076233183658e+02 1.229121076233183885e+03
6.703731762065095836e+02 1.229369809203142495e+03
6.704905345211581107e+02 1.229565701559019999e+03
6.704617977528089341e+02 1.229770224719101179e+03
6.702220982142856656e+02 1.229506138392857110e+03
