6.527870257037943702e+02 1.204736842105263122e+03
6.410220963172804431e+02 1.210003399433427830e+03
6.287816222348269548e+02 1.215797504254112255e+03
6.192448512585812068e+02 1.220022311212814657e+03
6.115922330097087070e+02 1.226719588806396359e+03
6.028950056753689069e+02 1.233427355278093046e+03
5.956274509803921546e+02 1.239455594002306725e+03
5.888541423570594588e+02 1.245137106184364029e+03
5.810281771132835047e+02 1.249698677400805082e+03
5.746203649205415331e+02 1.255526191877575002e+03
5.689414492753622881e+02 1.258321739130434707e+03
5.643339150668994080e+02 1.263559627690517800e+03
5.621845168800931560e+02 1.266929569266589169e+03
5.633130081300813572e+02 1.268588850174216077e+03
5.678215743440233609e+02 1.269327696793002815e+03
5.757755227552275983e+02 1.269362238622386258e+03
5.855545053560176711e+02 1.268122243226212959e+03
5.996041147132169726e+02 1.266273690773067301e+03
6.151100260416666288e+02 1.263041666666666742e+03
6.303210831721470413e+02 1.259938104448742706e+03
6.465627679118186961e+02 1.255005511328842658e+03
6.599287515762925977e+02 1.250331651954602876e+03
6.709228886168911004e+02 1.245577111383109013e+03
6.814908662345314951e+02 1.238903948143783055e+03
6.976382730455076171e+02 1.226931738623103911e+03
7.069180138568128768e+02 1.220413972286374246e+03
7.151523140011715896e+02 1.213990626830697238e+03
7.231090289608176818e+02 1.208147075525269656e+03
7.316823863636363967e+02 1.201667613636363740e+03
7.383264486517498426e+02 1.195706827309237042e+03
7.432905935050391690e+02 1.191441769316909358e+03
7.472382812500000000e+02 1.187162388392857110e+03
7.479319842608207409e+02 1.184559302979201902e+03
7.451361315938740972e+02 1.182917753828701052e+03
7.380108633504860336e+02 1.182475128644940014e+03
7.273062462098241667e+02 1.183456033959975684e+03
7.137205707491082194e+02 1.186139120095124781e+03
6.961593078758950242e+02 1.189952267303102644e+03
6.798916349809885560e+02 1.194081749049429618e+03
6.651317157712304606e+02 1.198743500866551130e+03
6.507352769679300764e+02 1.204512536443148747e+03
6.384065804935370352e+02 1.209585781433607508e+03
6.280423728813559592e+02 1.213913559322033962e+03
6.178997167138810482e+02 1.221243059490084988e+03
6.090412371134020759e+02 1.227043528064146585e+03
6.015771396396396540e+02 1.231730292792792852e+03
5.933350398179749163e+02 1.238902730375426700e+03
5.788882387361029487e+02 1.250231129315389126e+03
