6.668138747884941040e+02 1.223111675126903492e+03
6.678374858437146031e+02 1.223223669309173374e+03
6.686465273856578051e+02 1.223304347826086996e+03
6.693147208121827134e+02 1.223460236886632856e+03
6.685042111173497688e+02 1.224135317237507024e+03
6.668631995477670671e+02 1.224992651215375872e+03
6.655899159663865703e+02 1.225677310924369749e+03
6.647396878483834826e+02 1.226083054626532885e+03
6.635497498610338880e+02 1.226585325180655900e+03
6.622452513966480865e+02 1.226772625698323964e+03
6.612735426008969171e+02 1.226889573991031284e+03
6.601723163841808173e+02 1.227218079096045130e+03
6.585598885793872341e+02 1.227506963788300936e+03
6.563596638655461675e+02 1.228209523809523716e+03
6.542064479638008834e+02 1.229033936651583645e+03
6.522713397399660380e+02 1.230179762577727615e+03
6.504102564102564656e+02 1.230386845039018908e+03
6.489650507328071853e+02 1.230654453213077886e+03
6.476161111111110813e+02 1.231020555555555575e+03
6.462536151279199430e+02 1.231390989988876527e+03
6.459324399776661494e+02 1.231521496370742625e+03
6.465569832402234169e+02 1.232072625698323918e+03
6.476809338521401287e+02 1.232546970539188351e+03
6.483210436755530282e+02 1.233370958593306796e+03
6.483355742296919288e+02 1.233276190476190550e+03
6.484359550561797505e+02 1.233744943820224762e+03
6.479827201783723467e+02 1.233673913043478251e+03
6.474436936936937173e+02 1.233978040540540633e+03
6.473033389926429209e+02 1.234092812676853328e+03
6.472177100958826941e+02 1.234171460800902423e+03
6.474433164128595308e+02 1.234160744500846022e+03
6.481860986547085304e+02 1.234133968609865406e+03
6.482672655811342111e+02 1.234344750140370479e+03
6.482833146696528956e+02 1.234539193729003273e+03
6.478873396542107912e+02 1.234268265476854367e+03
6.474678950307090872e+02 1.234498045784477881e+03
6.465358931552588047e+02 1.234244296048970455e+03
6.450730747611017932e+02 1.234419336706014519e+03
6.427723486951693985e+02 1.234524708495280493e+03
6.408345444382337064e+02 1.234771939631078794e+03
6.399927130044843580e+02 1.234690582959641233e+03
6.402987736900780646e+02 1.234462095875139312e+03
6.413318460680424096e+02 1.234378137200223136e+03
6.426443444006753225e+02 1.233926280247608247e+03
6.439711431742508694e+02 1.233259156492785905e+03
6.456243711570709820e+02 1.232654555617663391e+03
6.463566197183098438e+02 1.232490140845070528e+03
6.473828828828828819e+02 1.232255067567567494e+03
6.483636874648678941e+02 1.231675660483417687e+03
6.494714445688689466e+02 1.231109742441209391e+03
6.509216901408450440e+02 1.230321126760563402e+03
6.524597315436241161e+02 1.229452460850111947e+03
6.541123024830699251e+02 1.228454853273137587e+03
6.564753363228699072e+02 1.227636771300448345e+03
6.585039592760181222e+02 1.227263574660633594e+03
6.594095563139932210e+02 1.226941979522184283e+03
6.593169491525424064e+02 1.226801694915254302e+03
6.583962159154145866e+02 1.226262103505843015e+03
6.577044444444444480e+02 1.226123888888888814e+03
6.573533370723499729e+02 1.225404935501962882e+03
6.565239420935412227e+02 1.224657572383073557e+03
6.560478841870824454e+02 1.224026726057906444e+03
6.560350389321467901e+02 1.223419911012235843e+03
6.562613065326632977e+02 1.223336683417085396e+03
6.563479236812570434e+02 1.222904601571268131e+03
6.562021099389228311e+02 1.222266518600777317e+03
6.558967813540510861e+02 1.222128745837957922e+03
6.560608938547486559e+02 1.221827374301675945e+03
6.562588832487309674e+02 1.221122391426959894e+03
6.562011173184357631e+02 1.221207262569832437e+03
6.562649859943977617e+02 1.221270028011204431e+03
6.567502818489289211e+02 1.221496054114994422e+03
6.576768973214285552e+02 1.221588727678571331e+03
6.589272419627749287e+02 1.221338973491257775e+03
6.602989921612542048e+02 1.220873460246360537e+03
6.612033519553073120e+02 1.220735754189944146e+03
6.619155328798185565e+02 1.220953514739228922e+03
6.625682844243792715e+02 1.220781602708803575e+03
6.635689265536723269e+02 1.220869491525423655e+03
6.638018171493470163e+02 1.221284497444633644e+03
6.630717919728659808e+02 1.221708309779536421e+03
6.621049382716049649e+02 1.222018518518518476e+03
6.614631815626756861e+02 1.222973580663293887e+03
6.605869442881260056e+02 1.222964546989307792e+03
6.590390189520624062e+02 1.223023411371237444e+03
6.578016713091922156e+02 1.222856267409470775e+03
6.567530657748048952e+02 1.222955406911928549e+03
6.551774376417233725e+02 1.223826530612244824e+03
6.535483692647871976e+02 1.224304035378662320e+03
6.519690140845070800e+02 1.225226478873239330e+03
6.491066816395283468e+02 1.226813026389668721e+03
