6.618573844419390753e+02 1.230952085682074312e+03
6.634871220604703694e+02 1.230006718924971892e+03
6.646146532438478971e+02 1.229146532438478744e+03
6.645364091161756050e+02 1.228216231239577610e+03
6.643200449185850403e+02 1.227029758562605366e+03
6.645461667599328166e+02 1.226682708449916163e+03
6.652246745897000437e+02 1.226067911714770844e+03
6.658783936651583417e+02 1.225914592760180994e+03
6.661222285389426361e+02 1.225924388857305303e+03
6.661468767585819251e+02 1.226205402363533949e+03
6.655828698553948470e+02 1.226876529477196982e+03
6.643477771525042499e+02 1.227904333145751252e+03
6.624723618090451964e+02 1.228804578447794484e+03
6.604080717488789105e+02 1.229989349775784831e+03
6.593250982594048537e+02 1.230913531723750793e+03
6.591901840490797895e+02 1.231896263245956561e+03
6.588028792912514291e+02 1.232446290143964461e+03
6.577490283176013008e+02 1.233228761799000495e+03
6.560411499436302165e+02 1.233288049605411516e+03
6.533889816360600662e+02 1.233227601558152401e+03
6.506572692095080583e+02 1.233002763957987781e+03
6.490642817216321419e+02 1.232904974846282812e+03
6.482279043913284795e+02 1.232458588104502496e+03
6.481597796143250889e+02 1.231395041322314000e+03
6.483732820230895868e+02 1.230442001099505205e+03
6.485182320441988395e+02 1.229677900552486108e+03
6.482651136993898717e+02 1.229242928452579008e+03
6.479845303867402890e+02 1.228527071823204324e+03
6.477644787644787812e+02 1.228002206287920671e+03
6.488811498065228989e+02 1.227484245439469305e+03
6.507364039955605222e+02 1.226905660377358572e+03
6.534814404432132733e+02 1.226437119113573317e+03
6.555016574585634999e+02 1.226451933701657481e+03
6.566149137451308206e+02 1.227019476905954434e+03
6.571477336317850586e+02 1.227328483491885891e+03
6.571185019564002232e+02 1.227917831190609377e+03
6.570261984392419663e+02 1.228630434782608745e+03
6.573951928451648428e+02 1.229481274455002904e+03
6.577867935086737816e+02 1.230344152210408538e+03
6.586778336125070155e+02 1.231389168062534964e+03
6.596127423822714491e+02 1.232127423822714718e+03
6.596718489727928727e+02 1.232416990560799604e+03
6.593087660524846569e+02 1.232974316024567315e+03
6.587897066961814971e+02 1.233360265633647032e+03
6.582059966685175141e+02 1.233247084952804016e+03
6.582418994413408200e+02 1.233017318435754078e+03
6.592354570637119195e+02 1.232513019390581803e+03
6.605367074527252953e+02 1.232169076751946704e+03
6.612736429770565110e+02 1.231068270844991503e+03
6.624233983286908369e+02 1.230372701949860812e+03
6.636662952646239546e+02 1.229276323119777089e+03
6.637070874861572065e+02 1.228347176079734254e+03
6.630188993885492437e+02 1.227483602001111649e+03
6.628228412256266893e+02 1.226749860724233940e+03
6.634593541202672213e+02 1.226170378619153780e+03
6.641334841628959111e+02 1.225962104072398233e+03
6.646068660022148151e+02 1.225511074197120706e+03
6.645790929203540145e+02 1.226099004424778741e+03
