6.527256198347107556e+02 1.228653443526170804e+03
6.535969247666117781e+02 1.228520043931905548e+03
6.542463928967813445e+02 1.228472807991121044e+03
6.542928176795579702e+02 1.228421546961325930e+03
6.538749311294766358e+02 1.228799449035812586e+03
6.545410199556540647e+02 1.228909090909090992e+03
6.557175234936429433e+02 1.228695964621337680e+03
6.578424543946931635e+02 1.228678828081813208e+03
6.593500000000000227e+02 1.228509999999999991e+03
6.595233853006681102e+02 1.228753897550111333e+03
6.586138996138996617e+02 1.228670159955874169e+03
6.582190949227373267e+02 1.228971302428255967e+03
6.586184939091915567e+02 1.228848837209302246e+03
6.599080841638981383e+02 1.228745847176079678e+03
6.604677060133629993e+02 1.228634743875278446e+03
6.597438016528925573e+02 1.228382369146005431e+03
6.586710526315789593e+02 1.228375000000000000e+03
6.581340262582057221e+02 1.228551422319474796e+03
6.582931415929203922e+02 1.228522123893805201e+03
6.582875346260387914e+02 1.228445983379501286e+03
6.580364842454395102e+02 1.228845218352681059e+03
6.573268698060942370e+02 1.228505817174515187e+03
6.557255225522552564e+02 1.228377337733773402e+03
6.543829201101927993e+02 1.228446831955922789e+03
6.536997804610318781e+02 1.228392974753018734e+03
6.541188228761799337e+02 1.228544697390338797e+03
6.545038631346578768e+02 1.228400110375275972e+03
6.542527654867257070e+02 1.228694690265486770e+03
6.535219780219780432e+02 1.228396153846153766e+03
6.537543859649123306e+02 1.228484100877192986e+03
6.548237885462555141e+02 1.228419603524229160e+03
6.554611111111111086e+02 1.228305555555555657e+03
6.550832414553473200e+02 1.228572216097023102e+03
6.557207756232686506e+02 1.228902493074792346e+03
