6.821596298438403210e+02 1.231469057258530938e+03
6.813400692840646116e+02 1.232071016166281652e+03
6.807123919308356790e+02 1.232686455331412162e+03
6.802412993039442881e+02 1.233254060324826014e+03
6.789378299120235170e+02 1.233483284457478021e+03
6.756611667648792263e+02 1.233833235120801419e+03
6.715925058548009474e+02 1.233888758782201421e+03
6.673607226107226325e+02 1.234121794871794918e+03
6.636107539450613331e+02 1.233960257159555795e+03
6.598593932322053206e+02 1.233744457409568213e+03
6.558179696616102774e+02 1.233682030338389723e+03
6.518732638888889142e+02 1.233599537037036953e+03
6.488539260969977249e+02 1.233548498845265613e+03
6.455513329551899915e+02 1.232894498014747569e+03
6.421797752808988662e+02 1.232397191011235918e+03
6.391952861952861440e+02 1.231882716049382680e+03
6.360566666666666151e+02 1.230760555555555584e+03
6.341738173817382176e+02 1.229611661166116619e+03
6.326457765667574904e+02 1.228719891008174500e+03
6.316170097508125991e+02 1.227400866738894820e+03
6.304233062330623625e+02 1.226429268292682991e+03
6.293432112068965125e+02 1.225691271551724185e+03
6.290565635005335707e+02 1.224878335112059858e+03
6.296819882415820757e+02 1.223792624265098766e+03
6.314865879828325888e+02 1.223408798283261831e+03
6.361440129449838423e+02 1.222465480043149910e+03
6.386341594827586050e+02 1.222385775862069067e+03
6.420487012987013031e+02 1.222352813852813824e+03
6.467381600435492146e+02 1.222320087098530166e+03
6.508105320304017596e+02 1.222434310532030395e+03
6.548468565287479350e+02 1.223008060182697363e+03
6.595462962962963047e+02 1.223648148148148039e+03
6.641254836926478902e+02 1.224470425649530171e+03
6.677520661157025188e+02 1.225390082644628137e+03
6.698927584300718081e+02 1.226314538419016117e+03
6.724876957494407179e+02 1.227083333333333258e+03
6.750741369552914648e+02 1.228001131861912882e+03
6.774732954545454504e+02 1.228671022727272657e+03
6.797609065155807002e+02 1.229364305949008440e+03
6.822318757192174417e+02 1.230126006904487895e+03
6.828340011448196947e+02 1.230979393245563870e+03
6.824466192170818886e+02 1.232358244365361770e+03
6.824607786170830650e+02 1.232274259151655997e+03
6.819901790872328320e+02 1.232825534373194614e+03
6.807732864674868551e+02 1.233491505565319358e+03
6.787631423508564694e+02 1.234815711754282347e+03
6.760748976009361968e+02 1.234345231129315380e+03
6.728465143526655083e+02 1.234616285881663771e+03
6.688832752613240018e+02 1.235024970963995429e+03
6.617440233236151244e+02 1.235067638483965084e+03
