6.451227876106195254e+02 1.229413163716814097e+03
6.452922222222222217e+02 1.229428333333333285e+03
6.462369299221356869e+02 1.229408231368186762e+03
6.484747081712062027e+02 1.229540856031128442e+03
6.513427935447969048e+02 1.229485809682804756e+03
6.550110253583241047e+02 1.229100330760749785e+03
6.591284916201117312e+02 1.229349162011173121e+03
6.615321864594894805e+02 1.229406770255272022e+03
6.629187082405345564e+02 1.229815701559019999e+03
6.646923076923077360e+02 1.230256410256410163e+03
6.660245125348189958e+02 1.230450139275766105e+03
6.672421348314607030e+02 1.230388202247190975e+03
6.679654788418707767e+02 1.230440979955456669e+03
6.672227805695142706e+02 1.230251814628699094e+03
6.647157953281423488e+02 1.229967741935483900e+03
6.584627363737486121e+02 1.230312569521690875e+03
6.562957589285714448e+02 1.230247767857142890e+03
6.536242390702822149e+02 1.230131156613171015e+03
6.508525498891352754e+02 1.230264966740576483e+03
6.486199669056811672e+02 1.230187534473248661e+03
6.459542447629547723e+02 1.230272877618522671e+03
6.440044272274487867e+02 1.230392363032650792e+03
6.430785077951002222e+02 1.230333518930957780e+03
6.439031370390754319e+02 1.229441386901485885e+03
6.452655555555555793e+02 1.229350555555555502e+03
6.462118691070438672e+02 1.229354963948974046e+03
6.472890494719288199e+02 1.229427459699833207e+03
6.486652006597031459e+02 1.229483782297965945e+03
6.507072495849474763e+02 1.229578306585500741e+03
6.573669827105410377e+02 1.229242052426101509e+03
