6.479812154696132893e+02 1.228917679558011059e+03
6.486056260341974848e+02 1.228765581908439117e+03
6.502019068984857313e+02 1.228378575434660661e+03
6.513222908478383033e+02 1.228335766423357654e+03
6.517713483146067119e+02 1.228348876404494376e+03
6.513757677275265223e+02 1.228123394751535443e+03
6.496121546961326203e+02 1.228035911602210035e+03
6.476494221243808624e+02 1.228408915795266921e+03
6.462267184035476930e+02 1.228453991130820441e+03
6.459819277108433653e+02 1.228617196056954981e+03
6.474789823008849226e+02 1.228349557522123860e+03
6.498030050083472133e+02 1.228409571508068893e+03
6.531189007291081907e+02 1.227888951205832882e+03
6.553361534122955163e+02 1.228225606316976837e+03
6.558720538720539253e+02 1.228014029180695843e+03
6.546983951300497893e+02 1.228042612064194827e+03
6.534898295766904539e+02 1.228087960417811928e+03
6.532253829321663261e+02 1.228444201312910309e+03
6.538202866593164799e+02 1.229091510474090455e+03
6.556737787759685716e+02 1.229414373947220611e+03
6.587369909502262999e+02 1.229178733031674255e+03
6.621161217587373358e+02 1.228571025930101541e+03
6.648649409116488869e+02 1.228248171074845231e+03
6.661939875212705147e+02 1.228825865002836053e+03
6.658380792853154162e+02 1.229168062534896762e+03
6.646507760532150542e+02 1.229148004434589893e+03
6.632876179900055149e+02 1.229392004441976724e+03
6.616639072847682428e+02 1.229898454746136849e+03
6.619434589800443973e+02 1.230286585365853625e+03
6.639227756015668547e+02 1.230144935646334716e+03
6.663556672250139172e+02 1.229914014517029500e+03
6.672567720090293051e+02 1.229190180586907445e+03
6.664316143497758276e+02 1.229160874439461850e+03
6.643260135135135442e+02 1.229518018018017983e+03
6.612774986041317788e+02 1.229355667225014031e+03
6.581318742985409926e+02 1.229632435465768822e+03
6.550116343490304871e+02 1.229846537396121903e+03
6.536718061674008595e+02 1.229488986784140934e+03
6.535002754820936843e+02 1.229246280991735603e+03
6.543264508928571104e+02 1.229382812500000000e+03
6.549188584219361928e+02 1.229180190263010672e+03
6.546433333333333167e+02 1.228371666666666670e+03
6.528579387186629219e+02 1.228604456824512454e+03
6.495206473214285552e+02 1.228891183035714221e+03
6.459643850862548788e+02 1.229164718976071299e+03
6.433544652701212954e+02 1.229255237045204012e+03
6.428003309431881007e+02 1.229291781577495840e+03
6.436272222222222581e+02 1.229134999999999991e+03
6.456282987085907052e+02 1.228903425042111166e+03
6.471613995485326996e+02 1.228969525959367957e+03
6.481376770538244045e+02 1.228858356940510021e+03
6.476755703951029091e+02 1.228357818586533085e+03
6.461616331096197428e+02 1.228381991051454179e+03
6.433984504703929588e+02 1.229143331488655122e+03
