6.568529741863075060e+02 1.227408529741863049e+03
6.570439932318105321e+02 1.227371122391426979e+03
6.571140449438202040e+02 1.227194943820224807e+03
6.571912846632710625e+02 1.227318053197509926e+03
6.564690117252931714e+02 1.226850921273031872e+03
6.552272473478503798e+02 1.227199329983249527e+03
6.541856586992773828e+02 1.227440244580322315e+03
6.537398554752639939e+02 1.228193440800444705e+03
6.538550724637681242e+02 1.228870122630992228e+03
6.553698092031424949e+02 1.229409652076318707e+03
6.572463193657983993e+02 1.229611551528878863e+03
6.593327664399092782e+02 1.229679138321995424e+03
6.613138810198299780e+02 1.229996033994334312e+03
6.624379232505643813e+02 1.230114559819412989e+03
6.628201117318435536e+02 1.230222346368715080e+03
6.629003359462485605e+02 1.230271556550951800e+03
6.636633221850613609e+02 1.230351170568561884e+03
6.644659538548114597e+02 1.230371412492965646e+03
6.650432309442547876e+02 1.230106939704209253e+03
6.645936098654708530e+02 1.229966928251121089e+03
6.635028058361391459e+02 1.229484848484848499e+03
6.614725833804409376e+02 1.229530808366308747e+03
6.587442383361438942e+02 1.229492973580663374e+03
6.565328098710039058e+02 1.229428491306786327e+03
6.546170212765957785e+02 1.228913213885778305e+03
6.538521400778209909e+02 1.228426347971095083e+03
6.538584169453735058e+02 1.228410256410256352e+03
6.541274787535410269e+02 1.228454390934844241e+03
6.547118739448508222e+02 1.228794034890264584e+03
6.551796610169491260e+02 1.228988135593220250e+03
6.554840693124650670e+02 1.228612632755729464e+03
6.556836791923724377e+02 1.228785754346606836e+03
6.564940978077571572e+02 1.228920741989881890e+03
6.586636670416197603e+02 1.228713723284589378e+03
6.612944191343963212e+02 1.229190205011389480e+03
6.629657924743443118e+02 1.228958380843785562e+03
6.635297450424928911e+02 1.229804532577903728e+03
6.625684389140271833e+02 1.230057126696832484e+03
6.605888324873096735e+02 1.230322053017484450e+03
6.582287323943661477e+02 1.230389859154929582e+03
6.575393634840870618e+02 1.230434952540480253e+03
6.576407386681589742e+02 1.230354224958030272e+03
6.577753950338600362e+02 1.230323927765236931e+03
6.573920581655480646e+02 1.229907718120805384e+03
6.560705487122060049e+02 1.229390817469204876e+03
6.527910364145658377e+02 1.229214565826330499e+03
6.497861529871580615e+02 1.229266890005583491e+03
6.484459833795013992e+02 1.228664265927977794e+03
6.491204684885666438e+02 1.228547127718906950e+03
6.515845464725643978e+02 1.228262038073908116e+03
6.536259754738015317e+02 1.227724080267558520e+03
6.545962942167321899e+02 1.227759685569904605e+03
6.541541038525963359e+02 1.227725293132328261e+03
6.530626748740907033e+02 1.227628427532176829e+03
6.529106644332774749e+02 1.227708542713567795e+03
6.540388513513513544e+02 1.228298423423423401e+03
6.560685393258427212e+02 1.228640449438202268e+03
6.582535450935904464e+02 1.229213840045377310e+03
6.591177136389360385e+02 1.229490662139219012e+03
6.580938032973280087e+02 1.229961910176236415e+03
6.565997751545812662e+02 1.230097807757166947e+03
6.555206243032330349e+02 1.230251393534002318e+03
6.554149470161739828e+02 1.230264361405465706e+03
6.562956959195081481e+02 1.230404695360536607e+03
6.578599439775910014e+02 1.230464425770308026e+03
6.585801913337085125e+02 1.230378728193584720e+03
6.585975197294250165e+02 1.230301578354002231e+03
6.581086100168823805e+02 1.229465391108609992e+03
6.569638009049773473e+02 1.229271493212669611e+03
6.559653631284916173e+02 1.228978770949720683e+03
6.560856183547845148e+02 1.228711807498601047e+03
6.560327777777778238e+02 1.228548333333333403e+03
6.561446188340806884e+02 1.228417040358744316e+03
6.561057367829021132e+02 1.228294150731158652e+03
6.555126191811554008e+02 1.228269209197980899e+03
6.540152198421645835e+02 1.228099774520856727e+03
6.525608671484158094e+02 1.228455252918287897e+03
6.519279731993299265e+02 1.229128978224455523e+03
6.517472283813747254e+02 1.229705654101995606e+03
6.527862339115836221e+02 1.230105204252937938e+03
6.548650168728909193e+02 1.230273340832395888e+03
6.573588732394366616e+02 1.230381408450704157e+03
6.594675690919345925e+02 1.230433164128595536e+03
6.609341657207718299e+02 1.230779228149829805e+03
