7.094946708463950245e+02 1.199133542319749267e+03
6.994631173829377531e+02 1.198937139191789583e+03
6.849955128205127721e+02 1.202771153846153766e+03
6.682577975811584565e+02 1.210447485677912255e+03
6.539215686274509380e+02 1.218017647058823513e+03
6.371279707495430102e+02 1.225909201706276690e+03
6.178424356559950184e+02 1.234330194601380981e+03
6.010322773460849248e+02 1.239388523610281027e+03
5.865957213384531315e+02 1.244597366977509637e+03
5.762956614890198352e+02 1.246792715586502482e+03
5.713204913456170289e+02 1.249164154103852525e+03
5.700801204819276791e+02 1.250296987951807296e+03
5.752818003913894245e+02 1.250699282452707166e+03
5.866868898186889965e+02 1.248817991631799259e+03
6.035726552179656892e+02 1.246857331571994791e+03
6.268729281767955399e+02 1.242696746470227026e+03
6.486287600880410764e+02 1.241776228906823235e+03
6.716618093503338969e+02 1.238598057073466862e+03
6.933883140596469730e+02 1.232849665246500308e+03
7.072985257985258158e+02 1.226869164619164621e+03
7.175871234494978808e+02 1.220546367395156494e+03
7.256381578947368780e+02 1.213778110047846894e+03
7.278693349028840203e+02 1.209040023543260759e+03
7.229376146788990809e+02 1.204595107033639124e+03
7.125471105527637974e+02 1.200939070351758801e+03
7.034115015974440439e+02 1.200245367412140467e+03
6.911781609195402325e+02 1.202119412515964314e+03
6.750561224489796359e+02 1.207693877551020478e+03
6.450764525993884035e+02 1.223557186544342585e+03
