6.553774725274724915e+02 1.231359340659340660e+03
6.564432761483120657e+02 1.230917542888765865e+03
6.583672347443650779e+02 1.230396371632765295e+03
6.607116868798235600e+02 1.229571664829107021e+03
6.618659279778393056e+02 1.228844321329639797e+03
6.616983516483516041e+02 1.228355494505494562e+03
6.611289966923925476e+02 1.228645534729878818e+03
6.600500544069641364e+02 1.228843307943416676e+03
6.580327510917030622e+02 1.229338973799126734e+03
6.561089324618736782e+02 1.230421568627451052e+03
6.553824657534246398e+02 1.231137534246575342e+03
6.554380482456140271e+02 1.231251644736842081e+03
6.558765093304061793e+02 1.231419319429198595e+03
6.566876024030584631e+02 1.231190606226105956e+03
6.580164744645799146e+02 1.230288852278967624e+03
6.585619834710744271e+02 1.229309090909090855e+03
6.573600220872446016e+02 1.228914411927112042e+03
6.556728869374313717e+02 1.228832601536772700e+03
6.540551310043667854e+02 1.229090065502183506e+03
6.527491785323110207e+02 1.229361445783132467e+03
6.516622734761119773e+02 1.229887973640856671e+03
6.515284463894967075e+02 1.229961706783369891e+03
6.524549918166939051e+02 1.229707037643207968e+03
6.535564074479736973e+02 1.229289156626505928e+03
6.546628162816281247e+02 1.229026952695269529e+03
6.557854006586169362e+02 1.228295279912184469e+03
6.566355604638321211e+02 1.228291551628934258e+03
6.555481033534908875e+02 1.228783947223749237e+03
6.539143798024149419e+02 1.229291437980241426e+03
6.523212896053363465e+02 1.230460255697609682e+03
6.507702407002187783e+02 1.231359956236323796e+03
6.497240997229916957e+02 1.232151800554016518e+03
6.498197353914001724e+02 1.232451488423373803e+03
6.509415333701048212e+02 1.232311638168780974e+03
6.521441885964911762e+02 1.231842653508771946e+03
6.543448844884488835e+02 1.231195819581958176e+03
6.570221975582685445e+02 1.230339622641509322e+03
6.570099833610648830e+02 1.229762617859123793e+03
6.534955947136563736e+02 1.230337555066079403e+03
