6.711068789084707760e+02 1.229557134735645150e+03
6.724966024915062235e+02 1.229762174405436099e+03
6.737028248587570260e+02 1.229672881355932304e+03
6.745849802371541273e+02 1.229555618294748683e+03
6.752829654782116222e+02 1.229449349179400087e+03
6.762358652198743130e+02 1.229343232438606492e+03
6.771197502837684397e+02 1.229032917139614028e+03
6.776915621436716037e+02 1.228986887115165246e+03
6.778933030646992393e+02 1.228876276958002336e+03
6.778994889267461303e+02 1.228896081771720674e+03
6.780899887514060538e+02 1.228665916760405025e+03
6.781725113122172388e+02 1.228729638009049722e+03
6.782580645161290249e+02 1.228704584040747022e+03
6.785933633295837808e+02 1.228543869516310451e+03
6.785227912211593093e+02 1.228575689364096888e+03
6.784344400675295219e+02 1.228558806978052871e+03
6.781753100338219156e+02 1.228701240135287435e+03
6.779693181818181529e+02 1.228893749999999955e+03
6.778229988726043302e+02 1.228809470124013615e+03
6.777401795735129326e+02 1.228865319865319861e+03
6.777414277684092667e+02 1.229022484541877475e+03
6.776636670416197603e+02 1.229163104611923472e+03
6.772960451977401135e+02 1.229185875706214802e+03
6.768417792792793080e+02 1.228984797297297291e+03
6.764169491525424291e+02 1.229185310734463201e+03
6.761710897797854614e+02 1.229331451157538140e+03
6.759468626342566040e+02 1.228917467495760320e+03
6.753876404494382086e+02 1.229074157303370839e+03
6.749422969187675108e+02 1.228935574229691838e+03
6.743537682789651626e+02 1.228822834645669218e+03
6.739714285714285325e+02 1.228852661064425774e+03
6.734870349492672403e+02 1.229045659526493864e+03
6.728938299055030257e+02 1.228476931628682678e+03
6.726332218506131539e+02 1.228505574136008818e+03
6.720476190476190368e+02 1.228383753501400633e+03
6.713023124647489794e+02 1.228381838691483381e+03
6.704895891952729698e+02 1.228328081035453124e+03
6.699341216216216708e+02 1.228344594594594582e+03
6.696877094972066971e+02 1.228258659217877039e+03
6.694640449438202268e+02 1.228199438202247165e+03
6.687654252362423222e+02 1.228233463035019440e+03
6.677213206491326218e+02 1.228336877448237374e+03
6.667409065472859311e+02 1.228423614997202094e+03
6.658726256983239864e+02 1.228294972067038998e+03
6.652689961175817643e+02 1.228591236827509647e+03
6.646294019005031259e+02 1.228463946338736832e+03
6.638373392956958696e+02 1.228397987702627233e+03
6.626918767507003167e+02 1.228531652661064527e+03
6.611237288135592962e+02 1.228992655367231691e+03
6.597296839729119711e+02 1.228887133182844309e+03
6.583023516237401509e+02 1.229160694288913874e+03
6.566487394957982815e+02 1.229067787114845942e+03
6.552656162070906021e+02 1.229106921778278092e+03
6.532434881087202712e+02 1.229077010192525449e+03
6.503657850309510877e+02 1.228855936972425525e+03
6.477038269550748737e+02 1.228707154742096463e+03
6.456926070038909984e+02 1.228491939966648033e+03
6.439555430500844295e+02 1.228557118739448470e+03
6.423205128205128176e+02 1.228390189520624290e+03
6.407082405345211100e+02 1.228487750556792889e+03
6.392777155655095385e+02 1.228834266517357264e+03
6.380914737436476116e+02 1.228948616600790501e+03
6.376379888268156719e+02 1.229163128491620000e+03
6.368751406074241004e+02 1.229182789651293660e+03
6.361848552338529998e+02 1.229302338530066891e+03
6.357243875278396672e+02 1.229368596881960002e+03
6.351841074426413343e+02 1.229382204812535065e+03
6.346787506971555786e+02 1.229693809258226338e+03
6.345131652661063981e+02 1.229905322128851594e+03
6.345131505316172706e+02 1.229843872411863458e+03
6.345000000000000000e+02 1.229728187919463153e+03
6.344297705651930528e+02 1.229707890318970385e+03
6.344244806288602376e+02 1.229597978663672166e+03
6.346295467263570345e+02 1.229418578623391113e+03
6.348019187358916042e+02 1.229528216704288980e+03
6.349461145774248507e+02 1.229133862733976230e+03
6.354779161947905095e+02 1.229090033975084907e+03
6.358105203619909389e+02 1.228893099547511383e+03
6.360388127853881315e+02 1.228855593607305991e+03
6.363493499152062896e+02 1.229000565291124985e+03
6.365163472378804954e+02 1.228985343855693372e+03
6.367416994935284720e+02 1.228858187957231394e+03
6.372941176470587834e+02 1.228955316742081550e+03
6.376245059288537504e+02 1.228926030491247957e+03
6.381609260304912823e+02 1.228899491812535189e+03
6.385989847715735550e+02 1.228919345741680672e+03
6.388356009070295158e+02 1.229180839002267476e+03
6.394155916993830715e+02 1.228971396522714485e+03
6.401553287981859057e+02 1.229017006802721198e+03
6.408047006155568397e+02 1.228984331281477353e+03
6.413102477477477805e+02 1.229106981981982017e+03
6.415599775784753547e+02 1.229075112107623227e+03
6.417899774774774642e+02 1.229091779279279308e+03
6.422903770399549330e+02 1.229247608328643764e+03
6.430513544018058383e+02 1.229222911963882552e+03
6.439139664804469021e+02 1.229193854748603371e+03
6.444366197183098848e+02 1.229341971830985813e+03
6.446362107623318707e+02 1.229274103139013505e+03
6.447575418994413212e+02 1.229215642458100547e+03
6.456821748878924154e+02 1.229172085201793834e+03
6.467117218171621289e+02 1.229080762759394247e+03
6.476573191250701029e+02 1.228834548513740856e+03
6.485921568627451279e+02 1.228953501400560299e+03
6.495323660714285552e+02 1.228639508928571331e+03
6.503943977591036401e+02 1.228731652661064345e+03
6.517310499719259269e+02 1.228875912408759177e+03
6.530998871331828468e+02 1.228765237020316135e+03
6.547186629526462411e+02 1.228325905292479092e+03
6.572512733446519633e+02 1.228668364459535951e+03
6.594394110985277848e+02 1.228916761041902646e+03
6.615202020202019639e+02 1.228740740740740648e+03
6.636644106034968900e+02 1.229255499153976416e+03
6.658737973967175776e+02 1.229352574985851788e+03
6.681670467502850670e+02 1.229272519954389963e+03
6.695724059293044093e+02 1.229433295324971596e+03
6.706311336717427594e+02 1.229208121827411105e+03
6.715515288788221824e+02 1.229147791619478994e+03
6.721914529914530476e+02 1.229234188034188037e+03
6.728682126696832029e+02 1.228786764705882433e+03
6.739202037351443551e+02 1.228406338426711955e+03
6.744081172491544294e+02 1.228504509582863648e+03
6.745326576576576372e+02 1.228496058558558616e+03
6.746316377864728793e+02 1.228396310788149776e+03
6.751065989847716082e+02 1.228404963338973403e+03
6.751877113866967193e+02 1.228402480270574870e+03
6.754595816845675245e+02 1.228243075183719611e+03
6.758226264923251847e+02 1.228144968732234247e+03
6.759679955081414846e+02 1.228344188658057192e+03
6.760253093363329526e+02 1.228227784026996687e+03
6.758391061452514350e+02 1.228177653631285011e+03
6.756784726065301356e+02 1.228301051466519084e+03
6.756415094339622556e+02 1.228281908990011061e+03
6.755268156424581321e+02 1.228600558659217768e+03
6.754148520379676484e+02 1.228597989949748808e+03
6.751661955907292167e+02 1.229027133973996570e+03
6.740209750566893945e+02 1.228821995464852534e+03
