6.585489220563847539e+02 1.228243228302929765e+03
6.584353591160221413e+02 1.228398895027624349e+03
6.587085399449035776e+02 1.228390082644628137e+03
6.589794215795328682e+02 1.228518909899888740e+03
6.590412716118237313e+02 1.228688232013385459e+03
6.590796213808463335e+02 1.228531180400890889e+03
6.591377379619260637e+02 1.228839865621500621e+03
6.591214484679666157e+02 1.228884679665738076e+03
6.590194013303769225e+02 1.228909090909090992e+03
6.582368566685113365e+02 1.228895960154952945e+03
6.578493677844969625e+02 1.229117647058823422e+03
6.574540929203540145e+02 1.228990597345132755e+03
6.575589856670342215e+02 1.228789415656008714e+03
6.578066481994459309e+02 1.228637119113573362e+03
6.573789299503584971e+02 1.228667953667953725e+03
6.564102279043913768e+02 1.228933852140077761e+03
6.558493677844969625e+02 1.229047828477185249e+03
6.556793179317932072e+02 1.229129812981298073e+03
6.556387203530060788e+02 1.228682846111417575e+03
6.558337028824834078e+02 1.228760532150776044e+03
6.559450610432852500e+02 1.229016648168701522e+03
6.558606194690265738e+02 1.228801991150442518e+03
6.559394606494221307e+02 1.228430379746835342e+03
6.559223140495868165e+02 1.228352066115702428e+03
6.560583009439200168e+02 1.228521932259855703e+03
6.569737576772752163e+02 1.228884422110552805e+03
6.575385887541344800e+02 1.228559536934950302e+03
6.573036707452724841e+02 1.228666852057842107e+03
6.567759651984774791e+02 1.228623708537248604e+03
6.575706401766004774e+02 1.228668322295805638e+03
6.587477924944812457e+02 1.228926048565121391e+03
6.586077893582007619e+02 1.229251782775644642e+03
6.587241758241758589e+02 1.229211538461538566e+03
6.589878048780487916e+02 1.229309866962305932e+03
6.588514851485148256e+02 1.229221122112211333e+03
6.589357340720221146e+02 1.229362326869806111e+03
