6.511094890510948971e+02 1.229672655811341883e+03
6.523491885842194051e+02 1.230373810856183582e+03
6.532229691876750621e+02 1.230366386554621840e+03
6.546221973094170608e+02 1.231122757847533649e+03
6.553478015783540513e+02 1.231540022547914305e+03
6.563860045146726634e+02 1.231404627539503281e+03
6.572027412906910513e+02 1.231263278126784598e+03
6.570595238095238528e+02 1.230899659863945544e+03
6.561232492997198733e+02 1.229882913165266018e+03
6.555919732441471979e+02 1.229029542920847234e+03
6.557241764377442905e+02 1.228910106085985490e+03
6.557780256553262461e+02 1.228508087005019433e+03
6.558602571268864949e+02 1.228451089994410268e+03
6.565657303370786622e+02 1.229092696629213378e+03
6.570972850678732584e+02 1.229768099547511383e+03
6.577011299435027922e+02 1.230220903954802225e+03
6.593890457368718216e+02 1.231021456804065565e+03
6.612774631936580363e+02 1.231389580973952434e+03
6.617942664418212644e+02 1.231666666666666742e+03
6.621765039727582689e+02 1.232424517593643486e+03
6.626715658564160094e+02 1.233165065008479360e+03
6.624302521008403346e+02 1.232574789915966448e+03
6.617500000000000000e+02 1.232174327354260186e+03
6.611835121400338267e+02 1.231163749294184072e+03
6.601583659764969525e+02 1.229525461667599302e+03
6.590681306306306624e+02 1.228805743243243342e+03
6.577869589657110510e+02 1.228224845418774521e+03
6.565778642936596725e+02 1.227368743047831003e+03
6.558558609085810076e+02 1.226734716769489523e+03
6.554687500000000000e+02 1.226518973214285779e+03
6.557527964205816033e+02 1.226475950782997870e+03
6.565814479638008834e+02 1.226750565610859667e+03
6.575162738496071597e+02 1.227206509539842955e+03
6.577584269662921770e+02 1.228586516853932608e+03
6.576990950226244195e+02 1.229977375565610828e+03
6.581331077270164087e+02 1.231130287648054036e+03
6.583492152466367315e+02 1.232385089686098581e+03
6.584814189189189619e+02 1.232492680180180287e+03
6.582680470061555980e+02 1.231697257974258491e+03
6.573348239239799113e+02 1.230733929569591965e+03
6.557211646136618128e+02 1.229270436730123265e+03
6.539576129392080475e+02 1.228615170105967763e+03
6.522134831460674604e+02 1.227592696629213378e+03
6.508852183650616325e+02 1.226819708846584490e+03
6.497157190635451798e+02 1.226369565217391255e+03
6.478701657458562977e+02 1.226332044198895119e+03
6.462679955703212045e+02 1.226323920265780771e+03
6.456329254727475018e+02 1.226711345939933153e+03
6.455428887659103339e+02 1.227209739900387376e+03
6.466448026681489409e+02 1.228119510839355144e+03
6.479123102866778936e+02 1.229037099494097902e+03
6.490944350758853716e+02 1.229967959527824632e+03
6.506040494938132497e+02 1.231029246344206967e+03
6.523668739400791310e+02 1.231519502543809949e+03
6.546027932960894304e+02 1.232291620111731845e+03
6.560011325028312967e+02 1.232519252548131362e+03
6.571326124075128519e+02 1.232247581104154733e+03
6.572406356413166577e+02 1.231437570942111279e+03
6.568003337041157010e+02 1.230602335928809680e+03
6.559057971014492523e+02 1.229543478260869506e+03
6.564904921700223213e+02 1.227480984340044643e+03
