6.606526027397260350e+02 1.231220273972602627e+03
6.595334069574820433e+02 1.230983986747653262e+03
6.574929039301309786e+02 1.230563864628820966e+03
6.558489326765188707e+02 1.229766283524904111e+03
6.546938217605248838e+02 1.229149261891744118e+03
6.539989171629670182e+02 1.228291283161884166e+03
6.527146768893757098e+02 1.227900328587075592e+03
6.508480043739748453e+02 1.227255330781847988e+03
6.493531984691087473e+02 1.227485511208310527e+03
6.485795763172188799e+02 1.227323737099402479e+03
6.491254794520548330e+02 1.227345753424657460e+03
6.503375831485587923e+02 1.227671840354767255e+03
6.511532524807056461e+02 1.227832965821389280e+03
6.516716171617161990e+02 1.228277777777777828e+03
6.529883656509695129e+02 1.228811080332410029e+03
6.554402445803224282e+02 1.229354085603112935e+03
6.580627081021087861e+02 1.229840732519422772e+03
6.608687430478308897e+02 1.230560622914349324e+03
6.619610678531702206e+02 1.230917686318131246e+03
6.621749999999999545e+02 1.231139444444444507e+03
6.619503585217870523e+02 1.231520683949255272e+03
6.626188637617209451e+02 1.231420849420849436e+03
6.631399108138238034e+02 1.231331103678929821e+03
6.627739273927393242e+02 1.230971397139713872e+03
6.614558011049723518e+02 1.230608839779005621e+03
6.596212204507971819e+02 1.230428257284222127e+03
6.564553964757709537e+02 1.229132709251101232e+03
