6.564251794588625444e+02 1.229467145223633452e+03
6.556697802197802503e+02 1.229119780219780296e+03
6.538669923995656745e+02 1.228992942453854539e+03
6.527562841530054811e+02 1.229262841530054629e+03
6.530313703907539775e+02 1.229532195927352859e+03
6.548618021006080880e+02 1.229766169154228919e+03
6.572018909899888968e+02 1.229520578420467245e+03
6.582598775737340020e+02 1.229295492487479123e+03
6.572822222222222308e+02 1.229296111111111031e+03
6.558456486042692859e+02 1.229176792556103010e+03
6.550289301310043584e+02 1.229376637554585159e+03
6.552561847168774420e+02 1.229527762506871795e+03
6.564651290499725746e+02 1.229385502471169730e+03
6.575995599559955735e+02 1.228897139713971455e+03
6.593418994413407290e+02 1.229005027932960957e+03
6.601333333333333258e+02 1.228929971988795614e+03
6.597131910235358419e+02 1.229163108921729645e+03
6.588091353996737780e+02 1.229670473083197294e+03
6.580451541850220565e+02 1.230127753303964710e+03
6.571442731277533085e+02 1.229721916299559552e+03
6.567703663203936912e+02 1.229471295790049226e+03
6.573948237885462049e+02 1.229279735682819364e+03
6.582707520891365220e+02 1.228952646239554269e+03
6.582587646076794954e+02 1.228990539788536353e+03
6.575852989577618928e+02 1.229303894679100495e+03
6.561308871851040294e+02 1.229389923329682460e+03
6.554797783933518076e+02 1.229088088642659386e+03
6.554711751662971437e+02 1.229130820399113190e+03
6.556579091406678117e+02 1.228806239737274154e+03
6.561458797327394450e+02 1.228815144766146886e+03
6.564693200663349444e+02 1.228586511885019263e+03
6.565699396599012516e+02 1.228707076247942950e+03
6.559226973684210407e+02 1.228281798245614027e+03
6.546433260393872615e+02 1.228266411378555858e+03
6.530844226579520182e+02 1.228545751633987038e+03
6.529912663755458198e+02 1.229046943231440991e+03
6.566133113311331044e+02 1.229403740374037397e+03
