6.523212087297146127e+02 1.229425293788472345e+03
6.529502237136465510e+02 1.229204697986577230e+03
6.529910962715637197e+02 1.229201446855870927e+03
6.531384529147982221e+02 1.229197309417040287e+03
6.535576707726763743e+02 1.229341545352743651e+03
6.539915588069781052e+02 1.229090039392234075e+03
6.548322109988777129e+02 1.229203142536475980e+03
6.553202467750980986e+02 1.229855860908581008e+03
6.558248461108001948e+02 1.229741466144376091e+03
6.561631046119234725e+02 1.229769966254218161e+03
6.568215883668904098e+02 1.229610738255033539e+03
6.575055865921788154e+02 1.229312290502793303e+03
6.583610798650169045e+02 1.229404386951631068e+03
6.589025900900901433e+02 1.229350225225225131e+03
6.592339475153545436e+02 1.229270798436627501e+03
6.592714126807563844e+02 1.229479977753058847e+03
6.592902684563758839e+02 1.229773489932885923e+03
6.594418865805727137e+02 1.230222908478383033e+03
6.597079347214406653e+02 1.230081598199212067e+03
6.601300675675676075e+02 1.230090090090090143e+03
6.601016374929417907e+02 1.229905138339920995e+03
6.599625279642058331e+02 1.229299217002237128e+03
6.599664617104527906e+02 1.229333147009502454e+03
6.601047619047618582e+02 1.229513725490196066e+03
6.603843963553530330e+02 1.230148633257403162e+03
6.603252536640360404e+02 1.230165163472378708e+03
6.600028011204482254e+02 1.230021848739495908e+03
6.597895914941242381e+02 1.229932288752098430e+03
6.595131505316172706e+02 1.229822607722439898e+03
6.596447072072072615e+02 1.229731418918918962e+03
6.596105499438832567e+02 1.229464085297418706e+03
6.593824346859366869e+02 1.229366870483602042e+03
6.591254901960784309e+02 1.229475070028011260e+03
6.583313019390582213e+02 1.229437673130193843e+03
6.581176470588235361e+02 1.229769187675070043e+03
6.577632311977715744e+02 1.229733704735376023e+03
6.574458100558658771e+02 1.229636312849162096e+03
6.569983230855226566e+02 1.229352711011738393e+03
6.564845938375350443e+02 1.229300840336134343e+03
6.560866405813303572e+02 1.229011179429849108e+03
6.555541899441341229e+02 1.229178212290502870e+03
6.547218836565097035e+02 1.228833240997229950e+03
6.544390243902439579e+02 1.229282150776053186e+03
6.536188888888889323e+02 1.229099444444444543e+03
6.529123196448390445e+02 1.229150943396226467e+03
6.523357380688124749e+02 1.229091009988901305e+03
6.516981656475819591e+02 1.229182879377431846e+03
6.514590707964601961e+02 1.228771570796460082e+03
6.513882418191902843e+02 1.228881308929561783e+03
6.514561697375768290e+02 1.228902289223897242e+03
6.515569904548007116e+02 1.229107804604155035e+03
6.514420935412026665e+02 1.229040645879732665e+03
6.514372559955381803e+02 1.229109871723368769e+03
6.513597765363128929e+02 1.229097765363128474e+03
6.513099775784753547e+02 1.229112107623318479e+03
6.513825989960959078e+02 1.229216397099832648e+03
6.511456582633053358e+02 1.229177030812325029e+03
6.510585610708310469e+02 1.229266592303402149e+03
6.509910863509749106e+02 1.229221727019498530e+03
6.510593837535013790e+02 1.229286274509803889e+03
6.514640044994375785e+02 1.229106861642294689e+03
6.517120359955005142e+02 1.229170978627671502e+03
6.517597765363128701e+02 1.228975418994413303e+03
6.519139664804469021e+02 1.228939664804469203e+03
6.521848314606741042e+02 1.228819662921348254e+03
6.528823201338539093e+02 1.228809815950920211e+03
6.534110738255033084e+02 1.229121923937360179e+03
6.538384572386808031e+02 1.229126327557294644e+03
6.541837078651685715e+02 1.229165730337078685e+03
6.544736257634647245e+02 1.229047196002220971e+03
6.557062115277000203e+02 1.228709569110240636e+03
