6.538406593406593856e+02 1.229169230769230808e+03
6.541952169076752170e+02 1.229293659621801908e+03
6.542024471635149894e+02 1.229274749721913167e+03
6.541991125901275836e+02 1.229231281198003217e+03
6.542065337763011712e+02 1.229288482834994511e+03
6.546427388183324183e+02 1.229141358365543965e+03
6.550660377358490223e+02 1.229064927857935572e+03
6.556001100110011066e+02 1.229254125412541271e+03
6.563316498316498837e+02 1.229640291806958430e+03
6.573671658347199127e+02 1.229265113699389985e+03
6.589425731639977357e+02 1.229140806184428584e+03
6.598647156267255696e+02 1.229256764218663648e+03
6.594994450610432750e+02 1.229827413984461600e+03
6.588384061981183777e+02 1.229402877697841632e+03
6.592425936277250003e+02 1.229595304639463393e+03
6.605952643171806358e+02 1.229419052863436036e+03
6.613224901850812785e+02 1.229306786315199133e+03
6.594476295479603323e+02 1.229165380374862252e+03
6.589207484865162314e+02 1.229236103467253770e+03
6.593900391717962748e+02 1.229202014549524392e+03
6.594545957918051045e+02 1.229199335548172712e+03
6.587589433131535088e+02 1.229265822784810098e+03
6.574224185532855245e+02 1.228905577029265487e+03
6.564362637362637543e+02 1.228834065934065848e+03
6.558795379537954204e+02 1.229183168316831598e+03
6.553229224762967533e+02 1.229001673173452218e+03
6.547303247110621669e+02 1.228719867914144288e+03
6.547157836644591953e+02 1.228936534216335531e+03
6.549566425792106656e+02 1.228868260144524811e+03
6.551473040578099472e+02 1.229094496942745991e+03
6.548625069022639309e+02 1.228930425179458780e+03
6.547219162995594388e+02 1.228930066079295102e+03
6.546549450549450739e+02 1.228693956043955950e+03
6.553088480801335436e+02 1.228943238731218798e+03
