6.687516930022572978e+02 1.229635440180587011e+03
6.707081447963801111e+02 1.229242647058823422e+03
6.722131519274375933e+02 1.229096371882086260e+03
6.726215609208310298e+02 1.229035934868051754e+03
6.730199999999999818e+02 1.229174285714285816e+03
6.741175799086757934e+02 1.229036529680365220e+03
6.750916808149405597e+02 1.228957555178268194e+03
6.745400795906765552e+02 1.229040932347925036e+03
6.730488081725312668e+02 1.229084562996594741e+03
6.712136414881623523e+02 1.229681510710259317e+03
6.703899831176139514e+02 1.229783905458638174e+03
6.695303030303030027e+02 1.229648148148148039e+03
6.663915730337079140e+02 1.229474719101123583e+03
6.633725490196078454e+02 1.229221288515406059e+03
6.620994912379875359e+02 1.229158846806105203e+03
6.609430022573363885e+02 1.228970654627539489e+03
6.591975239167135214e+02 1.229381541924592057e+03
6.562770270270269748e+02 1.229193693693693604e+03
6.518506711409396530e+02 1.229513422818791923e+03
6.481347438752784456e+02 1.229389755011135776e+03
6.460441587479039072e+02 1.229008943543879241e+03
6.441926966292135148e+02 1.229124157303370794e+03
6.423333333333333712e+02 1.228589828634604828e+03
6.410804851157662370e+02 1.228436604189636228e+03
6.406555312157721573e+02 1.228157721796276064e+03
6.396454445664105606e+02 1.228091657519209548e+03
6.392095973524544661e+02 1.228348593491450629e+03
6.389462424574876422e+02 1.228642896324739468e+03
6.396286501377410332e+02 1.228646280991735466e+03
6.405849367784496735e+02 1.228396921385376572e+03
6.410568746548867693e+02 1.228533959138597538e+03
6.421278488048916415e+02 1.228841578654808245e+03
6.445352743561030593e+02 1.228721724524076080e+03
6.472944819819820168e+02 1.229080518018017983e+03
6.500349295774648226e+02 1.228652957746478933e+03
6.522773437500000000e+02 1.228152901785714221e+03
6.532857142857143344e+02 1.228492436974789825e+03
6.550364758698092373e+02 1.228648709315375982e+03
6.581306306306306624e+02 1.229088400900900979e+03
6.614887005649717366e+02 1.229996610169491532e+03
6.642424929178470165e+02 1.230358073654390864e+03
6.662437357630979022e+02 1.230221526195899742e+03
6.679232954545454959e+02 1.229925568181818107e+03
6.702886363636363285e+02 1.229821590909090901e+03
6.718697383390216373e+02 1.229507963594994408e+03
6.721884965831435466e+02 1.229593963553530784e+03
6.718343661971830443e+02 1.229683380281690233e+03
6.722951841359773653e+02 1.229584702549575013e+03
6.730965909090908781e+02 1.229770454545454641e+03
6.731202495745887973e+02 1.229915484968803185e+03
6.711015228426396106e+02 1.230192893401015226e+03
