6.541143014908890336e+02 1.229401987852015509e+03
6.538155446086481106e+02 1.229127531472359124e+03
6.546789647577091955e+02 1.229462004405286280e+03
6.557172717271727151e+02 1.229263476347634651e+03
6.559541689674213103e+02 1.229457758144671516e+03
6.556453900709219624e+02 1.229842334969994454e+03
6.563507795100222211e+02 1.229920935412026665e+03
6.591693593314763575e+02 1.229799442896935943e+03
6.607958172812327575e+02 1.229337919647771059e+03
6.609016574585635908e+02 1.229430386740331414e+03
6.595276712328767417e+02 1.229469589041095787e+03
6.584478764478764106e+02 1.230145063430777782e+03
6.584350721420644277e+02 1.230077691453940133e+03
6.599006107717934810e+02 1.229970016657412543e+03
6.608540630182420728e+02 1.229498065229408439e+03
6.607160154100165528e+02 1.229336268574573523e+03
6.592035106966538933e+02 1.229353263850795429e+03
6.576309719934101850e+02 1.229826468973091778e+03
6.576806629834254636e+02 1.229664088397790010e+03
6.577879955947136068e+02 1.229263766519823776e+03
6.569667957941338727e+02 1.229283342556723937e+03
6.555142543859649322e+02 1.229320723684210634e+03
6.537370737073707687e+02 1.229285478547854837e+03
6.525985761226725117e+02 1.229498904709748103e+03
6.526082191780822086e+02 1.229458082191780932e+03
6.537305785123967325e+02 1.229533884297520672e+03
6.538924849149752845e+02 1.229595172792101039e+03
6.534848150193263336e+02 1.229469906129210358e+03
6.526705107084019346e+02 1.229553542009884723e+03
6.527403951701427331e+02 1.229274972557628871e+03
6.541685950413223054e+02 1.229472176308539929e+03
6.548028634361234026e+02 1.229199339207048524e+03
6.547052341597795930e+02 1.229415426997245277e+03
6.560886146943354333e+02 1.230121144139091484e+03
