6.494060283687942956e+02 1.216565602836879407e+03
6.386052173913043362e+02 1.220680579710144912e+03
6.281756292906178487e+02 1.225796910755148701e+03
6.189833429063756967e+02 1.230239517518667526e+03
6.116903262736119586e+02 1.231874642243846665e+03
6.045116809116808554e+02 1.238091737891737921e+03
5.980671641791044522e+02 1.242710103329506410e+03
5.932929234338747619e+02 1.245027842227378187e+03
5.889596076168494392e+02 1.248391229082515792e+03
5.846099371787549899e+02 1.251432895488292388e+03
5.819237822349570024e+02 1.253353008595988513e+03
5.798805460750853626e+02 1.256447098976109146e+03
5.797883087400681461e+02 1.258349602724176975e+03
5.811232334652346481e+02 1.258919163369135049e+03
5.845220630372492678e+02 1.258707163323782197e+03
5.915413752913752887e+02 1.257502913752913855e+03
5.995146520146520288e+02 1.255385225885225964e+03
6.100855457227138459e+02 1.252817109144542883e+03
6.238837209302325846e+02 1.249675030599755246e+03
6.371428571428571104e+02 1.246358139534883776e+03
6.511122388059701507e+02 1.242595820895522365e+03
6.644597839135653885e+02 1.238448379351740641e+03
6.746642685851319357e+02 1.234541366906474877e+03
6.835182440136829882e+02 1.230228620296465124e+03
6.914475326148610748e+02 1.224764038570618368e+03
6.972618639222413321e+02 1.220846197827329888e+03
7.036503102086858235e+02 1.216197969543147110e+03
7.103072153325817908e+02 1.211639797068771031e+03
7.155995525727068980e+02 1.208201901565995513e+03
7.208850193477059065e+02 1.204814814814814781e+03
7.249145867997781352e+02 1.201802551303383325e+03
7.279277777777778056e+02 1.199637222222222135e+03
7.300806629834254409e+02 1.197870718232044283e+03
7.299487179487178992e+02 1.197071906354515022e+03
7.272656336469285634e+02 1.196684006640841062e+03
7.228274311410905284e+02 1.197377178189994311e+03
7.147861238532110519e+02 1.198321100917431295e+03
7.039988045427376164e+02 1.200625821876867803e+03
6.900017626321973694e+02 1.204423619271445432e+03
6.748801897983393019e+02 1.208513048635824362e+03
6.619647761194030409e+02 1.212527761194029836e+03
6.491858304297328459e+02 1.217094657375145289e+03
6.371289579735175721e+02 1.222087507196315528e+03
6.279605797101448843e+02 1.226188985507246343e+03
6.197635019897669508e+02 1.228627060830016944e+03
6.119083143507972409e+02 1.234956719817767635e+03
6.053493699885452770e+02 1.238735395189003384e+03
5.993796668581275071e+02 1.242668006892590483e+03
5.890937682003494729e+02 1.249606872451951176e+03
