6.681062992125984010e+02 1.228376827896512850e+03
6.687105709440361352e+02 1.228044092707744539e+03
6.691500566251415876e+02 1.227713476783691931e+03
6.691772650534609284e+02 1.227271243669105161e+03
6.691400560224089986e+02 1.227350140056022383e+03
6.689055030572540090e+02 1.227907726514730484e+03
6.682448410485220620e+02 1.228288901282766346e+03
6.678572222222222763e+02 1.228665555555555557e+03
6.677236403995560750e+02 1.228880133185349678e+03
6.672395075545607597e+02 1.228614437604924433e+03
6.668190954773868953e+02 1.228216080402009993e+03
6.666492997198879493e+02 1.228109803921568528e+03
6.662832957110609868e+02 1.227942437923250509e+03
6.659743303571428896e+02 1.227733816964285779e+03
6.656499999999999773e+02 1.228004444444444516e+03
6.650646067415730158e+02 1.228227528089887528e+03
6.645066889632106495e+02 1.228358416945373392e+03
6.635432852386237528e+02 1.228289123196448372e+03
6.626786703601108002e+02 1.228328531855955589e+03
6.619054809843399880e+02 1.228441275167785307e+03
6.610326944757609908e+02 1.228564825253664139e+03
6.596849390919157941e+02 1.228378737541528153e+03
6.593420905533818086e+02 1.228603689211850224e+03
6.593350083752093269e+02 1.228563930764935776e+03
6.589242849130678223e+02 1.228530566461020726e+03
6.587407202216066935e+02 1.228641551246537347e+03
6.590227143668370218e+02 1.229317433276547490e+03
6.591124929338609491e+02 1.229418880723572556e+03
6.590757490107405374e+02 1.229394573205200686e+03
6.587922732362821989e+02 1.229313549832026865e+03
6.583853932584269160e+02 1.229196067415730340e+03
6.577224398433128272e+02 1.228662003357582535e+03
6.575710321864594334e+02 1.228604328523862478e+03
6.575618354784554640e+02 1.228902630106323386e+03
6.576538246789502864e+02 1.229189279731993338e+03
6.574556541019956057e+02 1.229405764966740662e+03
6.570728699551569889e+02 1.229801008968609949e+03
6.570944881889763565e+02 1.229786839145106796e+03
6.571396396396396540e+02 1.229361486486486456e+03
6.571429378531073553e+02 1.229184745762711827e+03
6.564681919642856656e+02 1.228699776785714221e+03
6.560888009049773473e+02 1.228573529411764639e+03
6.554655462184873613e+02 1.228906442577030703e+03
6.547609673790776696e+02 1.229048368953880754e+03
6.535421552205472153e+02 1.229342825237297575e+03
6.527659574468085566e+02 1.229363941769316853e+03
6.524780677401444109e+02 1.229524153248195489e+03
6.518062534896705529e+02 1.229758235622557322e+03
6.504318308291597077e+02 1.229441847523650495e+03
6.493322185061315395e+02 1.229383500557413527e+03
6.483230510375771019e+02 1.229220975883342589e+03
6.472522522522522195e+02 1.229172297297297291e+03
6.466713325867860931e+02 1.229081187010078338e+03
6.466563901345291470e+02 1.229213565022421562e+03
6.471534988713318626e+02 1.229584650112866711e+03
6.476229050279329158e+02 1.229669832402234533e+03
6.477449438202247620e+02 1.230186516853932517e+03
6.479671015314804663e+02 1.230141803743618766e+03
6.476821748878924154e+02 1.230110986547085304e+03
6.466755852842809418e+02 1.229539576365663379e+03
6.457712527964205265e+02 1.229534116331096129e+03
6.456456473214285552e+02 1.229173549107142890e+03
6.455944289693593419e+02 1.229225626740947064e+03
6.456219376391982223e+02 1.229335189309576890e+03
6.458250140213124268e+02 1.229873808188446446e+03
6.466724427054219859e+02 1.230311906092789286e+03
6.480226628895184149e+02 1.230395467422096317e+03
6.490858442296758994e+02 1.230344513928368315e+03
6.496095774647886856e+02 1.230089014084506971e+03
6.501245714285714712e+02 1.230026857142857125e+03
6.506335963923337431e+02 1.229402480270574870e+03
6.509994308480364680e+02 1.229620375640296061e+03
6.512773061686474421e+02 1.229651386530843183e+03
6.520344438170525336e+02 1.229658385093167681e+03
6.525576271186440636e+02 1.229964406779660976e+03
6.531782460136673762e+02 1.229996013667426041e+03
6.537587570621468558e+02 1.229912994350282588e+03
6.544407158836688723e+02 1.230259507829977565e+03
6.547867191896455097e+02 1.230105796285875158e+03
6.549678147939017663e+02 1.230070581592320650e+03
6.553085166384659033e+02 1.229526790750141117e+03
6.561446398184912141e+02 1.229193987521270628e+03
6.565361581920903973e+02 1.229033333333333303e+03
6.565561829474872866e+02 1.229005646527385579e+03
6.566192634560906072e+02 1.229141643059489979e+03
6.567299887260428477e+02 1.229351183765501673e+03
6.565550586920066962e+02 1.229636109558412500e+03
6.562269144144144093e+02 1.229926238738738675e+03
6.562724719101123583e+02 1.229618539325842676e+03
6.560985754985755420e+02 1.229161823361823281e+03
6.561035653650254744e+02 1.229134125636672252e+03
6.562415540540540633e+02 1.228853040540540633e+03
6.568441926345609545e+02 1.228655524079320003e+03
6.580567660550458413e+02 1.228798165137614660e+03
6.590830945558739131e+02 1.229302578796561647e+03
6.601004016064257485e+02 1.229375788869764847e+03
6.613715258082813762e+02 1.229241066364151948e+03
6.622379310344828127e+02 1.229565517241379212e+03
6.622336925694838783e+02 1.229319342030629514e+03
6.621841955656623213e+02 1.229155201819215563e+03
6.627121126760563357e+02 1.228877746478873178e+03
6.635833333333333712e+02 1.228827702702702709e+03
6.638890140845070391e+02 1.228413521126760543e+03
6.641601584606678443e+02 1.228490096208262685e+03
6.643652222847496205e+02 1.228684862127180622e+03
6.646513344690516760e+02 1.229421351504826816e+03
6.648339876612451462e+02 1.229301738642737064e+03
6.656543417366947324e+02 1.229411764705882433e+03
6.667641774284110170e+02 1.229144300954519849e+03
6.679058423142371339e+02 1.228580260918888371e+03
6.683308781869687891e+02 1.228463456090651562e+03
6.689464788732394709e+02 1.227950422535211374e+03
6.689909808342728184e+02 1.227947576099210892e+03
6.690131428571428387e+02 1.228460000000000036e+03
6.685175487465180595e+02 1.228283565459609918e+03
6.681287964004499145e+02 1.229101237345331811e+03
6.676862416107383069e+02 1.229001677852349076e+03
6.673907657657657637e+02 1.228935247747747781e+03
6.669921436588102779e+02 1.228797418630751963e+03
6.665618784530387302e+02 1.228609944751381136e+03
6.665441421432537936e+02 1.228400333148250866e+03
6.665476854433909466e+02 1.228351924149470051e+03
6.665271708683472980e+02 1.228311484593837577e+03
6.662086371284352708e+02 1.228528323051037660e+03
6.657201117318435308e+02 1.228773184357541822e+03
6.650832861189801406e+02 1.228959206798866944e+03
6.640288624787775689e+02 1.229096774193548299e+03
6.634183959618620747e+02 1.229257992148065114e+03
6.626414253897549997e+02 1.229107461024498889e+03
6.607056856187291487e+02 1.228998327759197309e+03
