6.657010537992234731e+02 1.229642817526344970e+03
6.668934010152283918e+02 1.229719120135363710e+03
6.680188895248998051e+02 1.230066971951917594e+03
6.690074285714285907e+02 1.230140571428571320e+03
6.693774759479343857e+02 1.230200339558573887e+03
6.692642253521127031e+02 1.230343098591549278e+03
6.684176503653737882e+02 1.230246205733558099e+03
6.679151480637813165e+02 1.229927676537585512e+03
6.676785512167515435e+02 1.230014714204867005e+03
6.677750981491867606e+02 1.229418956814357898e+03
6.688015828151497999e+02 1.229125494629734249e+03
6.696835227272727025e+02 1.229042045454545359e+03
6.705014037057832184e+02 1.228505334081976343e+03
6.703624577226606789e+02 1.228430101465614371e+03
6.698445566778899547e+02 1.228498877665544342e+03
6.694802483069977370e+02 1.229220654627539489e+03
6.691880293619424265e+02 1.229416713721061569e+03
6.694804310833806085e+02 1.230216108905275178e+03
6.692169491525423837e+02 1.230363841807909694e+03
6.675544997205142863e+02 1.230163778647289064e+03
6.654822734946538958e+02 1.230418683173888667e+03
6.629841986455982124e+02 1.230253386004514596e+03
6.615813823857301941e+02 1.230185061315496114e+03
6.607308988764044670e+02 1.230174719101123628e+03
6.607777777777778283e+02 1.230294051627384988e+03
6.618058361391695144e+02 1.230429854096520785e+03
6.627620650953983841e+02 1.230513468013467900e+03
6.633210853589598628e+02 1.230391746749575987e+03
6.637370203160270421e+02 1.230414785553047295e+03
6.641911764705882888e+02 1.230387443438914033e+03
6.647835990888382867e+02 1.230647494305239206e+03
6.656277620396600696e+02 1.230742209631727974e+03
6.666255681818181529e+02 1.230767045454545496e+03
6.668504832291074536e+02 1.230390562819784009e+03
6.659485125858124093e+02 1.230044622425629314e+03
6.648788907753254307e+02 1.229735144312393913e+03
6.642105263157894797e+02 1.229179966044142702e+03
6.643371104815863646e+02 1.229056657223796037e+03
6.649823462414578898e+02 1.228899202733485254e+03
6.656506772009029191e+02 1.229161399548532700e+03
6.658593306863301677e+02 1.229115711854793062e+03
6.658654279279279535e+02 1.229447635135135215e+03
6.656769316909294503e+02 1.229838745800671859e+03
6.654066180594503521e+02 1.230193494111048722e+03
6.652295544275240218e+02 1.230388042865200305e+03
6.650163656884875536e+02 1.230566591422121974e+03
6.642400893355667222e+02 1.230608040201004997e+03
6.625172413793103487e+02 1.230467741935483900e+03
6.601290322580645125e+02 1.230457838143746358e+03
6.583823198198198270e+02 1.230215090090090143e+03
6.571499999999999773e+02 1.230432386363636397e+03
6.565707098937954243e+02 1.230391839016210270e+03
6.569338654503991393e+02 1.230789623717217864e+03
6.578137813211844787e+02 1.231078587699316586e+03
6.583153409090908781e+02 1.230899431818181711e+03
6.584113995485326996e+02 1.230985327313769858e+03
6.584084745762711464e+02 1.230923728813559364e+03
6.579925756710450742e+02 1.230590519703026757e+03
6.578128190584230879e+02 1.230205331820759966e+03
6.578016997167138697e+02 1.230172237960339999e+03
6.572050704225351865e+02 1.229500845070422429e+03
6.559886492622019887e+02 1.229435300794551722e+03
6.543060996082820111e+02 1.228915500839395690e+03
6.526950195858981942e+02 1.228889199776161149e+03
6.514899777282851119e+02 1.228778396436525554e+03
6.508878923766816342e+02 1.229341367713004502e+03
6.508010061486863833e+02 1.229539966461710492e+03
6.506452513966480637e+02 1.229987709497206652e+03
6.499233351986570142e+02 1.230148852825965378e+03
6.487480490523968228e+02 1.230207357859531839e+03
6.473564189189189619e+02 1.230087837837837924e+03
6.462139639639639199e+02 1.229983108108108127e+03
6.453500278241513115e+02 1.229588759042849233e+03
6.448815350389321566e+02 1.229591768631813238e+03
6.448993250843644773e+02 1.230023059617547915e+03
6.446333333333333258e+02 1.230218888888888841e+03
6.441861761426978319e+02 1.230483835005574065e+03
6.437409672040022315e+02 1.230294052251250605e+03
6.437235590374930325e+02 1.230147733631785059e+03
6.451197946377637891e+02 1.230092983456931051e+03
6.470103033772180652e+02 1.230104751001717204e+03
6.487702320316921032e+02 1.230224674589700044e+03
6.497464629315223874e+02 1.230047538200339659e+03
6.500315005727377411e+02 1.230013172966781212e+03
6.496670409882088961e+02 1.229548006737787773e+03
6.489356659142212038e+02 1.229438487584650147e+03
6.487224719101124037e+02 1.229073595505617959e+03
6.488068500842223330e+02 1.229158338012352715e+03
6.486188091263215938e+02 1.229233722871452528e+03
6.477617187500000000e+02 1.229397879464285779e+03
6.465784477945281878e+02 1.229881072026800666e+03
6.452728804042673119e+02 1.229994385176866899e+03
6.445521642619312388e+02 1.230329633740288500e+03
6.443223830734966668e+02 1.230622494432071335e+03
6.447005047672462297e+02 1.231140773976444279e+03
6.455195530726257402e+02 1.231255307262569886e+03
6.457401574803149060e+02 1.231255343082114678e+03
6.455573587017347563e+02 1.231250699496362586e+03
6.449135802469136252e+02 1.231138608305275056e+03
6.440028058361391459e+02 1.231059483726150347e+03
6.436956278026906375e+02 1.231369955156950709e+03
6.441970638057595124e+02 1.231421230942970169e+03
6.448212885154061951e+02 1.231362464985994393e+03
6.452225352112676546e+02 1.231348169014084533e+03
6.452539414414414978e+02 1.231371621621621671e+03
6.449909399773499672e+02 1.231437712344280953e+03
6.454075323215289473e+02 1.231234401349072414e+03
6.466741953698475527e+02 1.231085262563523429e+03
6.484498327759197309e+02 1.230420289855072497e+03
6.499574347332576281e+02 1.230347332576617418e+03
6.510652920962198777e+02 1.230113974799541893e+03
6.520353075170843340e+02 1.229760250569476057e+03
6.520096262740656812e+02 1.229848810872027116e+03
6.513918390162101559e+02 1.229861934041363838e+03
6.505531441291041119e+02 1.230056761268781202e+03
6.498033519553072210e+02 1.230480446927374260e+03
6.492819089900110612e+02 1.230693118756936656e+03
6.482610892756878229e+02 1.231080853453116333e+03
6.472324536777091453e+02 1.230999438517686713e+03
6.461981026785714448e+02 1.230434709821428669e+03
6.454498599439775717e+02 1.230262745098039204e+03
6.456670397313934018e+02 1.230243984331281581e+03
6.466183844011142128e+02 1.230271866295264545e+03
6.481710748452447888e+02 1.230453010692177941e+03
6.492621195039458826e+02 1.230539458850056462e+03
6.502641402714932610e+02 1.230847285067873372e+03
6.510981838819523091e+02 1.230590805902383636e+03
6.515406320541760579e+02 1.230250564334085766e+03
6.521619318181818699e+02 1.230317045454545450e+03
6.531770062606716465e+02 1.230144564598747820e+03
6.541319365798414083e+02 1.230063986409965992e+03
6.552157085941946661e+02 1.230137734775184981e+03
6.560827625570776718e+02 1.229942922374429145e+03
6.566345062429057862e+02 1.229656072644721917e+03
6.571897727272727252e+02 1.229275000000000091e+03
6.590011500862564162e+02 1.229177113283496283e+03
6.611590389016017753e+02 1.229122425629290547e+03
6.631446398184912141e+02 1.229343165059557577e+03
6.646396648044692483e+02 1.229441899441340865e+03
6.650751280591917975e+02 1.229733067729083587e+03
6.646418578623390658e+02 1.230111919418018942e+03
6.639138028169013523e+02 1.230312676056337978e+03
6.635881045025014373e+02 1.230186770428015507e+03
6.635150501672241035e+02 1.230373467112597609e+03
6.637048630519843755e+02 1.230430408049189509e+03
6.638552112676056822e+02 1.230353239436619788e+03
6.636739251814628915e+02 1.230398659966499054e+03
6.632584841628959111e+02 1.230410633484162872e+03
6.635958403597526285e+02 1.230236087689713258e+03
6.647904869762174940e+02 1.230246885617214048e+03
6.666769836803601947e+02 1.230279684862127169e+03
6.682960451977401135e+02 1.230357062146892758e+03
6.693274587833996065e+02 1.230401364411597569e+03
6.695554923164485217e+02 1.230330677290836547e+03
6.690416666666666288e+02 1.230136415525114217e+03
6.685087323943662341e+02 1.229263098591549351e+03
6.680220463538722697e+02 1.229262295081967295e+03
6.680498866213151814e+02 1.229006235827664341e+03
6.681766055045872008e+02 1.228995986238532168e+03
6.685637813211844787e+02 1.228697038724373670e+03
6.686995490417136807e+02 1.228194475760992191e+03
6.682432126696832029e+02 1.228264705882352928e+03
6.677971988795518428e+02 1.228322689075630251e+03
6.677810917276308373e+02 1.228716375914462560e+03
6.684724900737379585e+02 1.229267725467952459e+03
6.693280453257790441e+02 1.229277053824362611e+03
6.691572717023675523e+02 1.229699549041713681e+03
6.679474279253815894e+02 1.229524590163934363e+03
6.656597533632286741e+02 1.229346973094170380e+03
6.637573363431150710e+02 1.229215575620767595e+03
6.623308823529412166e+02 1.229151018099547400e+03
6.612339943342776678e+02 1.229346175637393799e+03
6.611338226990401381e+02 1.229418407679277152e+03
6.616230337078651473e+02 1.229949438202247165e+03
6.619522727272727707e+02 1.230363636363636260e+03
6.622426470588235361e+02 1.230274321266968400e+03
6.640668953687821841e+02 1.230359062321326519e+03
