6.686474250141483253e+02 1.215057724957555138e+03
6.730840961098398338e+02 1.211631578947368325e+03
6.753708309779536876e+02 1.209452798191068496e+03
6.760975470621791601e+02 1.208343981745578958e+03
6.745361990950226527e+02 1.208763574660633594e+03
6.719522455940875716e+02 1.210371802160318339e+03
6.681642816256439801e+02 1.213583285632512798e+03
6.636411428571428814e+02 1.217166857142857225e+03
6.579360967184801439e+02 1.221867587795048848e+03
6.514132509825940360e+02 1.226729927007299239e+03
6.454847476428175241e+02 1.231494176372712218e+03
6.407193566278424441e+02 1.236876317249029398e+03
6.363678474114441315e+02 1.241171117166212525e+03
6.325670831070070790e+02 1.245158609451385018e+03
6.305447154471544309e+02 1.247243902439024396e+03
6.308423942888522333e+02 1.249259198242723869e+03
6.335055066079295329e+02 1.249373348017621083e+03
6.369330381848367324e+02 1.248690094078583343e+03
6.422846715328466871e+02 1.246720381807973126e+03
6.482127900396151290e+02 1.242800792303338994e+03
6.547146067415729931e+02 1.238400000000000091e+03
6.628327683615818842e+02 1.232992090395480318e+03
6.701050228310501780e+02 1.227356735159817390e+03
6.763696763202725606e+02 1.222283361726291787e+03
6.823639455782313235e+02 1.216785147392290355e+03
6.855762039660056644e+02 1.213047025495750631e+03
6.863946008041355071e+02 1.210844916714531792e+03
6.843832095945174387e+02 1.209584808680753895e+03
6.800386836027713571e+02 1.210401847575057673e+03
6.741688009313154453e+02 1.212229336437718302e+03
6.658302433371958386e+02 1.215015063731170358e+03
6.578121000581733142e+02 1.218950552646887672e+03
6.506896551724138362e+02 1.222912643678160975e+03
6.428672665916760707e+02 1.227233970753655740e+03
6.358671171171171181e+02 1.231269707207207148e+03
6.302716049382715937e+02 1.235888888888888914e+03
6.253355119825707789e+02 1.240000000000000000e+03
6.225285087719298645e+02 1.243269736842105203e+03
6.202595419847327776e+02 1.246261177753544189e+03
6.192258414766557735e+02 1.248516286644951151e+03
6.212373068432671062e+02 1.249331677704194362e+03
6.254884896125771547e+02 1.248784390791690157e+03
6.328983807928531178e+02 1.246924623115577788e+03
6.415144175317185500e+02 1.243811995386389754e+03
6.496951566951566974e+02 1.239751566951566929e+03
6.590148232611174990e+02 1.234925313568985075e+03
6.672418150488225592e+02 1.229068925904652588e+03
6.742015945330296063e+02 1.223965261958997644e+03
6.806218057921635136e+02 1.218712095400340786e+03
6.852044419134396094e+02 1.213918564920273411e+03
6.890480497456189823e+02 1.210681741096664837e+03
6.912371830985915722e+02 1.207738591549295734e+03
6.914335782928208118e+02 1.206713962690785820e+03
6.890522988505747435e+02 1.207104022988505676e+03
6.831815594763802437e+02 1.209528742174160470e+03
6.765898778359511425e+02 1.213986620127981496e+03
6.693731778425656103e+02 1.218262390670553941e+03
6.603285795778665488e+02 1.223016543069024465e+03
6.517403958090803826e+02 1.227942374854482068e+03
6.440596252129471395e+02 1.232651902328222604e+03
6.364253773057573653e+02 1.236794857462269420e+03
6.302954168967421538e+02 1.240617338487023744e+03
6.259135667396061535e+02 1.243416849015317212e+03
6.224518436984039909e+02 1.245992294991744529e+03
6.201411444141689344e+02 1.246595640326975399e+03
6.200305843801201036e+02 1.246605679956307995e+03
6.223816666666666606e+02 1.245263888888888914e+03
6.277504283266704306e+02 1.242649343232438696e+03
6.340312322544009476e+02 1.238996024985803615e+03
6.414646693046919381e+02 1.234754098360655689e+03
6.490837129840546140e+02 1.229541002277904227e+03
6.558268348623853399e+02 1.224745986238532168e+03
6.623106575963719251e+02 1.219135487528344584e+03
6.688697162709901249e+02 1.214452808338158547e+03
6.730870317002882075e+02 1.211165994236311235e+03
6.760000000000000000e+02 1.208856484149855987e+03
6.779679633867276607e+02 1.207324370709382038e+03
6.773802412406662370e+02 1.208295807007466919e+03
6.748596691386195516e+02 1.209661722760981093e+03
6.714504865483686444e+02 1.212902690326273614e+03
6.672147380541163102e+02 1.216544041450777286e+03
6.611717403790925118e+02 1.221868466398621422e+03
6.542168266516092672e+02 1.226621682665160961e+03
6.480584926884139350e+02 1.230987626546681668e+03
6.425027412280701355e+02 1.236520833333333258e+03
6.380940540540540269e+02 1.240736216216216235e+03
6.339051771117166254e+02 1.246590190735694932e+03
