6.606755555555555475e+02 1.229516111111111059e+03
6.612722159730034264e+02 1.228730033745781839e+03
6.600424818334264501e+02 1.228111235326998212e+03
6.569004474272931020e+02 1.228155480984340102e+03
6.529248618784530436e+02 1.228245856353591080e+03
6.495561674008810087e+02 1.228716409691629906e+03
6.481673087506879938e+02 1.229522839845899853e+03
6.474745011086474733e+02 1.230190687361419123e+03
6.476868798235942677e+02 1.229595920617420006e+03
6.494135836554389698e+02 1.229396466040861469e+03
6.523324006715165524e+02 1.228971460548405048e+03
6.557443276148312634e+02 1.228428334255672326e+03
6.581438127090300441e+02 1.228544035674470479e+03
6.595528228060369429e+02 1.228442705422023437e+03
6.604546472564389887e+02 1.229027435610302291e+03
6.595124378109452437e+02 1.229564400221116557e+03
6.566889134031990807e+02 1.231329288472145663e+03
6.569747252747253015e+02 1.230725274725274630e+03
6.576156819436774867e+02 1.230234124792932107e+03
6.583407946278679219e+02 1.230261331841074480e+03
6.587202216066482379e+02 1.230260941828254772e+03
6.581063360881543076e+02 1.229992837465564662e+03
6.563193370165745364e+02 1.230325414364640892e+03
6.549250136836343472e+02 1.230613026819923334e+03
6.551665750412314537e+02 1.230855415063221471e+03
6.565634743875278900e+02 1.230760579064588001e+03
6.583316610925306804e+02 1.230178929765886323e+03
6.599086378737541736e+02 1.229087486157253579e+03
6.598339811215990949e+02 1.228069961132704066e+03
6.575409927495817328e+02 1.228203011712214220e+03
6.544259465478842230e+02 1.228260022271714888e+03
6.475019241341395855e+02 1.229180868609125810e+03
