6.595027839643652214e+02 1.229668151447661558e+03
6.576137741046832161e+02 1.229338292011019348e+03
6.549011049723757196e+02 1.229083977900552554e+03
6.528666666666666742e+02 1.229267768595041389e+03
6.517250821467688411e+02 1.229588718510405215e+03
6.516306849315068348e+02 1.229976438356164408e+03
6.517013698630137242e+02 1.230403835616438300e+03
6.519944720840243235e+02 1.230494195688225545e+03
6.519460352422908045e+02 1.230519823788546319e+03
6.517080573951434417e+02 1.230215231788079564e+03
6.517784598214285552e+02 1.230067522321428669e+03
6.532199775533108550e+02 1.229780022446689145e+03
6.555761957730811673e+02 1.229736929922135687e+03
6.585607580824971592e+02 1.229565217391304259e+03
6.603019187358916042e+02 1.229610045146726861e+03
6.609854178351093879e+02 1.229272013460459902e+03
6.603958566629339657e+02 1.228902015677491590e+03
6.594983296213808899e+02 1.228669265033407555e+03
6.590211066742726871e+02 1.229237307472903694e+03
6.593368774482372601e+02 1.229233911583659847e+03
6.594847814056447532e+02 1.229557277255119061e+03
6.595136035535813335e+02 1.229718489727928954e+03
6.577289719626168107e+02 1.229426058273776789e+03
6.555810514786418253e+02 1.229432092004381047e+03
6.544561983471074882e+02 1.229333884297520626e+03
6.544083654375343713e+02 1.229364887176664752e+03
6.554437049362173866e+02 1.230022185246810977e+03
6.572425936277250003e+02 1.230257126886528795e+03
6.583600891861761966e+02 1.230198439241917413e+03
6.585896436525612216e+02 1.230039532293986667e+03
6.584393351800554228e+02 1.229239335180055377e+03
6.583393258426966668e+02 1.229062921348314603e+03
6.586793721973093625e+02 1.229080717488789332e+03
6.598349135527049611e+02 1.228890686001115455e+03
6.602117117117117004e+02 1.229029279279279308e+03
6.598832318760375983e+02 1.229361925843940298e+03
6.587505518763797454e+02 1.229236754966887474e+03
6.560160753880265929e+02 1.229153547671840442e+03
6.533702268954067449e+02 1.228910348644161559e+03
6.518448844884488835e+02 1.229398789878987827e+03
6.515046883618311995e+02 1.229571428571428669e+03
6.518281938325991405e+02 1.230651431718061758e+03
