6.555349862258952953e+02 1.229374104683195583e+03
6.567151481888034823e+02 1.228847420417124113e+03
6.568542936288088185e+02 1.228654293628808773e+03
6.556995614035088238e+02 1.229140899122807014e+03
6.550271591526344537e+02 1.229661596958174869e+03
6.556597031335899146e+02 1.230313908741066598e+03
6.559068493150684844e+02 1.230054246575342404e+03
6.561764380530973995e+02 1.229930862831858349e+03
6.570870770937326597e+02 1.229287853577371152e+03
6.584118625277161527e+02 1.229396895787139783e+03
6.578800880088008398e+02 1.229237073707370655e+03
6.566839803171131962e+02 1.229803717878622138e+03
6.553641364136414040e+02 1.229820132013201373e+03
6.549451980466629948e+02 1.229645686380900770e+03
6.557523338824821622e+02 1.229398682042833570e+03
6.576677704194260059e+02 1.229405077262693112e+03
6.591108033240997202e+02 1.229449861495844971e+03
6.592515303283249750e+02 1.229820812465219888e+03
6.557388919363686455e+02 1.230153044432254546e+03
6.547032786885246196e+02 1.229938251366120312e+03
6.546140829694322747e+02 1.229572598253275146e+03
6.553986784140969348e+02 1.229809471365638728e+03
6.566585903083700941e+02 1.230175660792951476e+03
6.574531336661120804e+02 1.230198557958957281e+03
6.566151731720725593e+02 1.230148433205057700e+03
6.548181318681318999e+02 1.230260439560439636e+03
6.537226158038147332e+02 1.230329155313351521e+03
6.532494553376906197e+02 1.230205882352941217e+03
6.528913043478261216e+02 1.230245108695652107e+03
6.532451684152401867e+02 1.230283821093318693e+03
6.542915742793791196e+02 1.229687915742793848e+03
6.553359201773836276e+02 1.229167405764966816e+03
6.558943270300334234e+02 1.229378197997775260e+03
6.550010982976386913e+02 1.229453596924766543e+03
6.544665203073545854e+02 1.229529637760702599e+03
6.551052631578946830e+02 1.230273574561403620e+03
6.555897294312534314e+02 1.230046383213694071e+03
