6.497322791712105072e+02 1.227213195201744838e+03
6.490793650793650613e+02 1.227123700054734627e+03
6.484934569247545824e+02 1.226947110141766643e+03
6.485855806274078077e+02 1.227106219042377461e+03
6.495213815789473983e+02 1.227080043859649095e+03
6.510142778693025321e+02 1.227515650741351010e+03
6.528591780821917610e+02 1.228509041095890325e+03
6.545167859108420316e+02 1.229053384700054949e+03
6.564986225895316920e+02 1.229885399449035731e+03
6.585160220994474685e+02 1.230657458563536011e+03
6.602897822445561360e+02 1.231218313791178161e+03
6.610724876441515789e+02 1.231352553542009900e+03
6.618782369146005067e+02 1.232247382920110113e+03
6.628681318681318544e+02 1.232196703296703390e+03
6.629467849223947269e+02 1.232058758314855822e+03
6.624220636663008008e+02 1.231795279912184469e+03
6.616758241758242320e+02 1.231263186813186849e+03
6.606617324561403848e+02 1.230548245614035068e+03
6.584570011025358554e+02 1.230302646085997822e+03
6.565062944718116569e+02 1.229448823207443866e+03
6.546200109349371132e+02 1.228381082558775233e+03
6.527234621665759278e+02 1.227414262384322228e+03
6.512963576158940668e+02 1.227180463576158900e+03
6.502940854326396902e+02 1.226518072289156635e+03
6.495776193088315722e+02 1.226256719692813931e+03
6.492968236582694317e+02 1.226490142387732703e+03
6.511331114808651819e+02 1.226510815307820394e+03
