6.523991323210411792e+02 1.229500000000000000e+03
6.528683060109290182e+02 1.229334972677595715e+03
6.535355579868709128e+02 1.229240153172866485e+03
6.532931880108991436e+02 1.229083923705722100e+03
6.529679173463839561e+02 1.229040239260467615e+03
6.529121179039301524e+02 1.229123362445414841e+03
6.528351468988030319e+02 1.228935255712731305e+03
6.542518065591995082e+02 1.229237909949972163e+03
6.561786711334450501e+02 1.229329424902289247e+03
6.566626173384870526e+02 1.229122584207620093e+03
6.557489130434782965e+02 1.228430978260869551e+03
6.550770070999453765e+02 1.228439650464227270e+03
6.549913090711569339e+02 1.228360130363932740e+03
6.555242024202419771e+02 1.228825632563256249e+03
6.559274640088593742e+02 1.229008305647840643e+03
6.557409836065573927e+02 1.229022404371584798e+03
6.557981400437636239e+02 1.229055798687089691e+03
6.567572602739726335e+02 1.229081643835616433e+03
6.577446457990115505e+02 1.229197144426139403e+03
6.578787047200878533e+02 1.229184412733260160e+03
6.577765089722674929e+02 1.229451332245785807e+03
6.579509911894273273e+02 1.230024229074889945e+03
6.578993919292427108e+02 1.230327252625760138e+03
6.583362930077691999e+02 1.230051609322974400e+03
6.582768891340319897e+02 1.229612244897959272e+03
6.568407224958949655e+02 1.229266557197591737e+03
6.560360458765701424e+02 1.229119606772255565e+03
6.564799560680944523e+02 1.229124656781987824e+03
6.569393605292171969e+02 1.229283902976846775e+03
6.568702583837273323e+02 1.229519516217701948e+03
6.564579439252336215e+02 1.229186915887850546e+03
6.558416166029492160e+02 1.229156744948115829e+03
6.561065121412804046e+02 1.229008278145695385e+03
6.563996664813785173e+02 1.228944413563090620e+03
6.563397260273972051e+02 1.228836712328767135e+03
6.559470812875068759e+02 1.228925259138025012e+03
6.553805601317957326e+02 1.229263591433278407e+03
