7.023417056074766833e+02 1.214764018691588717e+03
6.922512791358726645e+02 1.213042069357589526e+03
6.787220930232558658e+02 1.214310465116279147e+03
6.660469759248385344e+02 1.216587786259541872e+03
6.521233875490745504e+02 1.219367919237240585e+03
6.375455053042992404e+02 1.223877163595756656e+03
6.246617227609812062e+02 1.228306902452937720e+03
6.124265129682996758e+02 1.234774063400576324e+03
6.015525739320920593e+02 1.237371303395399764e+03
5.960920344456404791e+02 1.239280947255113006e+03
5.932829888712241200e+02 1.240136195018548051e+03
5.945044949762030910e+02 1.240365943945002755e+03
5.993314700950251108e+02 1.240261039686975892e+03
6.068151927437642144e+02 1.239738662131519277e+03
6.333432539682539755e+02 1.238418650793650841e+03
6.497479725514659776e+02 1.237621334996880933e+03
6.674085051546392151e+02 1.235739690721649595e+03
6.807983028720626635e+02 1.233576370757180257e+03
6.915693069306930738e+02 1.230871905940594161e+03
7.004005021971123597e+02 1.227395480225988649e+03
7.067192118226600996e+02 1.224536330049261096e+03
7.099369422962522549e+02 1.221226055919095870e+03
7.089947582993593187e+02 1.218883517763541022e+03
7.047285302593660390e+02 1.216506051873198885e+03
6.968819167142041806e+02 1.214585282373074733e+03
6.852949971247843450e+02 1.213775158136860227e+03
6.733953900709219624e+02 1.215064420803782468e+03
6.595045402951192273e+02 1.217064131668558502e+03
6.311715116279069662e+02 1.225338953488371999e+03
