6.796438278595696829e+02 1.219620045300113361e+03
6.771337543053961099e+02 1.218834672789896558e+03
6.745287749287749648e+02 1.217924786324786282e+03
6.705626756604833645e+02 1.217771781899943790e+03
6.662072538860103350e+02 1.217499136442141662e+03
6.596565887050769561e+02 1.218201369081574512e+03
6.524865944095835175e+02 1.220661152310325178e+03
6.462058152793614454e+02 1.222863169897377475e+03
6.412023675310033468e+02 1.225856820744081233e+03
6.358813940415964225e+02 1.230157391793142324e+03
6.318865287870318070e+02 1.233855785354946875e+03
6.294384017758046639e+02 1.236390677025527111e+03
6.279335180055401224e+02 1.238150138504155166e+03
6.266831024930747844e+02 1.239101385041551339e+03
6.251584487534626078e+02 1.238848199445983482e+03
6.237882611080635797e+02 1.238407569939659879e+03
6.242151898734176712e+02 1.237522839845899853e+03
6.253178807947019777e+02 1.237067328918322346e+03
6.272083792723263969e+02 1.236940463065049698e+03
6.293509350935094062e+02 1.237309130913091394e+03
6.318161805173363064e+02 1.239037974683544235e+03
6.350410958904109293e+02 1.240596164383561700e+03
6.379813902572523148e+02 1.241952380952380963e+03
6.469256152125279868e+02 1.242011185682326641e+03
6.535799886941774730e+02 1.239972866026003430e+03
6.601750140686550594e+02 1.237276871131119833e+03
6.660285714285714675e+02 1.233092436974789962e+03
6.707743732590529362e+02 1.229694150417827359e+03
6.750608598548296868e+02 1.226199329983249527e+03
6.794143892916898722e+02 1.223374233128834248e+03
6.822534896705750498e+02 1.221241206030150806e+03
6.847880646960401236e+02 1.219800892359174668e+03
6.876345403899721305e+02 1.219143732590529225e+03
6.886007838745800882e+02 1.218659574468085111e+03
6.892610169491525767e+02 1.218596610169491441e+03
6.888210050818746595e+02 1.218997741389045814e+03
6.878405148293228422e+02 1.219045327364297691e+03
6.854354561101548597e+02 1.218965576592082698e+03
6.823593220338982519e+02 1.218244067796610125e+03
6.801862186788155213e+02 1.217773348519362116e+03
6.768059191804211423e+02 1.216676721684689710e+03
6.736059417040358994e+02 1.215850896860986495e+03
6.707730095990965538e+02 1.215352343308865102e+03
6.657754868270332054e+02 1.215321878579610484e+03
6.579181453921007687e+02 1.216679450486548376e+03
6.511214899713467048e+02 1.218593123209169107e+03
6.400299604296212692e+02 1.224426794799321669e+03
