6.552664092664092550e+02 1.229413127413127313e+03
6.536034953577279794e+02 1.229331512834516616e+03
6.528353326063249824e+02 1.229296619411123174e+03
6.532653399668324710e+02 1.229593145384190166e+03
6.547598901098900797e+02 1.229268131868131832e+03
6.563820099944475714e+02 1.229455857856746206e+03
6.563711911357340796e+02 1.229231024930747935e+03
6.556672140120416543e+02 1.229297755883962736e+03
6.547095548317046223e+02 1.229434310532030395e+03
6.545525460455038456e+02 1.229496749729144085e+03
6.553646864686468234e+02 1.229425192519251823e+03
6.564699061292103579e+02 1.229273881833241376e+03
6.574183222958057513e+02 1.229399006622516481e+03
6.572359116022099670e+02 1.229318784530386665e+03
6.558711622807018102e+02 1.229247807017543892e+03
6.547653846153846189e+02 1.229183516483516541e+03
6.546095030038230789e+02 1.229090114691425470e+03
6.557716015410017008e+02 1.229037424325811799e+03
6.572197309417040287e+02 1.229061098654708530e+03
6.573559417040358994e+02 1.229026905829596444e+03
6.566520307354555825e+02 1.228963227222832074e+03
6.554088642659279458e+02 1.229281994459833868e+03
6.542093922651934008e+02 1.228916574585635317e+03
6.553614190687361543e+02 1.229394124168514509e+03
