6.735357529794149514e+02 1.219708559046587197e+03
6.723473282442747632e+02 1.221639585605234515e+03
6.693156732891832235e+02 1.222909492273730621e+03
6.653084632516703323e+02 1.225244432071269557e+03
6.604545957918051045e+02 1.227466223698781732e+03
6.566025641025640880e+02 1.229267558528428026e+03
6.538479001135074213e+02 1.230711691259931968e+03
6.513612535612535339e+02 1.232760683760683833e+03
6.486123853211008736e+02 1.234039564220183593e+03
6.458242848803268998e+02 1.234660828955049510e+03
6.430340575455079488e+02 1.236041691133294080e+03
6.414238683127572358e+02 1.237114050558494910e+03
6.405635618043351087e+02 1.237461042765085040e+03
6.390570749108204609e+02 1.237894768133174694e+03
6.370779761904761926e+02 1.238379166666666606e+03
6.351575793888556518e+02 1.239381066506890420e+03
6.341714456391875956e+02 1.239258661887694188e+03
6.340950388523609718e+02 1.239239689181111771e+03
6.343631516587677197e+02 1.238674170616113770e+03
6.349665492957745982e+02 1.237735328638497549e+03
6.354689899586533102e+02 1.237727111636148948e+03
6.372659198113207140e+02 1.237089033018867894e+03
6.401737116386798334e+02 1.234886508396062482e+03
6.438275862068965125e+02 1.233551149425287349e+03
6.467900113507378137e+02 1.232014755959137347e+03
6.501680719505339994e+02 1.230187745924676847e+03
6.536149522203485276e+02 1.228307476110174321e+03
6.573024417314095444e+02 1.226551609322974400e+03
6.613374164810689990e+02 1.224406458797327332e+03
6.642842046718576512e+02 1.222402669632925381e+03
6.667528579205226151e+02 1.220476864452912423e+03
6.685351351351350786e+02 1.218652972972972975e+03
6.701780748663101122e+02 1.216704278074866352e+03
6.719343299519487118e+02 1.215749599572877742e+03
6.730187969924811568e+02 1.214699248120300808e+03
6.748853776111408251e+02 1.213904124263524409e+03
6.759242749731471349e+02 1.214170784103115011e+03
6.771974110032361978e+02 1.214540453074433572e+03
6.784332247557002802e+02 1.214748099891422271e+03
6.780604751619870285e+02 1.215816414686825055e+03
6.769223669923995885e+02 1.216989142236699308e+03
6.755134099616858521e+02 1.218436781609195350e+03
6.738924085199344063e+02 1.220233205898416145e+03
6.721612548156301727e+02 1.222044578976334606e+03
6.682221606648199668e+02 1.223857617728531750e+03
6.635172031076581334e+02 1.225698113207547067e+03
6.588371317398555220e+02 1.228195664257921180e+03
6.554158249158249419e+02 1.229920314253647575e+03
6.527078142695356746e+02 1.231566817667044234e+03
6.475401502021952638e+02 1.234648180242634226e+03
