6.501640582838640512e+02 1.224856449001619012e+03
6.505474769397720820e+02 1.225204557786218174e+03
6.515807671528903029e+02 1.225401404646137280e+03
6.534019448946515922e+02 1.224910858995137687e+03
6.545431034482758150e+02 1.224469827586206975e+03
6.555998917162967246e+02 1.223817000541418565e+03
6.563549618320611216e+02 1.223500545256270470e+03
6.563743869209808963e+02 1.223177111716621312e+03
6.558508914100485754e+02 1.222627228525121609e+03
6.552502702702702209e+02 1.222378378378378329e+03
6.547475622968580637e+02 1.222419284940411671e+03
6.542609164420484831e+02 1.222336388140161716e+03
6.534345945945946141e+02 1.222719459459459358e+03
6.523814935064934843e+02 1.223555194805194787e+03
6.515853131749460090e+02 1.223828833693304432e+03
6.506464537087168765e+02 1.224629128316188371e+03
6.503129102844638965e+02 1.225102844638949591e+03
6.506438653637350171e+02 1.225225298588490659e+03
6.528220757825370129e+02 1.225209774848984125e+03
6.549934246575342058e+02 1.225168767123287580e+03
6.562956425813569012e+02 1.225061776061776072e+03
6.572940528634361499e+02 1.224609581497797308e+03
6.574961496149614959e+02 1.224489548954895554e+03
6.567318405243036068e+02 1.224465865647187229e+03
6.549493949394939136e+02 1.225508800880088074e+03
6.530880572372042252e+02 1.226550357732526209e+03
6.519332229580573994e+02 1.227450883002207547e+03
6.516262295081967295e+02 1.228083606557377152e+03
6.516576923076922867e+02 1.228624725274725279e+03
6.522731351654514356e+02 1.229131239484015623e+03
6.534713411240957157e+02 1.229216471897607107e+03
6.549694915254236776e+02 1.229220903954802225e+03
6.564622271964185529e+02 1.229429210968103007e+03
6.580234285714285534e+02 1.229709714285714199e+03
6.586965909090909008e+02 1.229730681818181893e+03
6.591581342434584485e+02 1.229916382252559742e+03
6.592985754985754738e+02 1.230225641025640925e+03
6.588830210107893208e+02 1.230855195911414057e+03
6.581069397042093669e+02 1.231122866894197841e+03
6.570463121783876659e+02 1.232002287021154871e+03
6.560819954128439804e+02 1.233022935779816407e+03
6.557728045325778794e+02 1.233251558073654451e+03
6.555444819819820168e+02 1.233908220720720692e+03
6.555547320410490784e+02 1.234264538198403670e+03
6.557234411085449892e+02 1.234612586605080878e+03
6.568222735141373505e+02 1.234162723600692516e+03
6.579917936694021137e+02 1.233642438452520537e+03
6.587398843930635621e+02 1.232886127167630093e+03
6.595265895953757536e+02 1.232609248554913393e+03
6.602507288629738014e+02 1.232704373177842626e+03
6.602049036777583524e+02 1.233280793928779985e+03
6.584426229508196684e+02 1.233911592505854742e+03
6.565846422338569255e+02 1.234429901105293766e+03
6.549738675958187741e+02 1.234779907084785236e+03
6.536872119815668611e+02 1.235328917050691189e+03
6.534277489925158307e+02 1.235831318364997060e+03
6.539345029239766518e+02 1.235871929824561448e+03
6.559332552693208527e+02 1.235767564402810194e+03
6.581842417061611741e+02 1.235478672985781941e+03
6.601680327868851919e+02 1.234695550351288148e+03
6.609588235294118022e+02 1.234223529411764730e+03
6.606390498261877156e+02 1.233785631517960610e+03
6.598823873610298278e+02 1.233276184903452304e+03
6.586341604154645211e+02 1.233042700519330538e+03
6.572045060658579132e+02 1.232948584633159953e+03
6.559139414802065176e+02 1.232852553069420537e+03
6.548721198156681567e+02 1.233628456221198121e+03
6.542432432432432279e+02 1.233892466935020138e+03
6.542035550458715534e+02 1.234112958715596278e+03
6.542842227378190501e+02 1.234610788863109065e+03
6.542926547137072930e+02 1.234337767495662320e+03
6.544340596330275730e+02 1.233687500000000000e+03
6.553061107938320902e+02 1.232159337521416319e+03
6.563152173913043725e+02 1.231339816933638531e+03
6.571045117075956341e+02 1.230772701313535208e+03
6.574470179502026213e+02 1.229944412275622426e+03
6.578090079817559399e+02 1.229283352337514316e+03
6.573696145124716850e+02 1.229626417233560005e+03
6.558596100278551830e+02 1.229317548746518014e+03
6.544617958728388203e+02 1.229377021751254915e+03
6.533032329988851643e+02 1.229440914158305532e+03
6.522601445247360061e+02 1.229581434130072239e+03
6.516425389755011111e+02 1.229578507795100222e+03
6.516032097399004215e+02 1.229403431101272872e+03
6.525567805953693323e+02 1.228614663726571052e+03
6.542394678492239564e+02 1.227689024390243958e+03
6.554311111111111359e+02 1.226918888888888887e+03
6.562809177392277888e+02 1.226251818690542905e+03
6.565115257958287884e+02 1.225398463227222919e+03
6.564680616740088226e+02 1.224365088105726954e+03
6.556013143483022532e+02 1.224077765607886022e+03
6.536992399565689311e+02 1.223680781758957664e+03
6.521195108393551436e+02 1.224067259588660363e+03
6.508878555798687557e+02 1.224489059080962761e+03
6.504896963123644582e+02 1.224954989154012992e+03
6.507903667214012557e+02 1.225150519978106104e+03
6.522872628726287303e+02 1.224814634146341405e+03
6.536628540305010802e+02 1.224652505446623081e+03
6.548924324324324289e+02 1.223928648648648732e+03
6.563395297977036762e+02 1.223271186440677866e+03
6.568354978354977902e+02 1.222723484848484759e+03
6.569096809085992845e+02 1.222373715521903705e+03
6.568087757313109023e+02 1.222271397616467993e+03
6.565438879913839401e+02 1.221848680667743565e+03
6.561606273661438991e+02 1.221800432666306051e+03
6.554428184281842960e+02 1.222042818428184319e+03
6.539311653116531033e+02 1.222757181571815636e+03
6.527599999999999909e+02 1.223563783783783720e+03
6.514954227248249481e+02 1.223887991383952567e+03
6.504658351409977968e+02 1.224578633405639948e+03
6.500119305856833307e+02 1.224901301518438231e+03
6.538653846153846416e+02 1.224603846153846234e+03
