6.596977385548814254e+02 1.229359073359073363e+03
6.613595567867035925e+02 1.229655955678670352e+03
6.622813199105145259e+02 1.230111856823266180e+03
6.632948073701842304e+02 1.230276940256839680e+03
6.642670772676372053e+02 1.230249720044792866e+03
6.646406423034329691e+02 1.229925802879291268e+03
6.641480865224625632e+02 1.229996672212978410e+03
6.629978070175438916e+02 1.229541118421052715e+03
6.617022441160372637e+02 1.229268746579091385e+03
6.595035812672176689e+02 1.229051239669421420e+03
6.569597826086956047e+02 1.228632065217391300e+03
6.556768893756845955e+02 1.228248630887185072e+03
6.539798584648883661e+02 1.227323353293413220e+03
6.504565811032223337e+02 1.227340251228836678e+03
6.492708333333333712e+02 1.227101425438596380e+03
6.490107816711590658e+02 1.226595687331536283e+03
6.491831601968289078e+02 1.226751776927282663e+03
6.494084429824561084e+02 1.226969298245614027e+03
6.506595394736841627e+02 1.227165021929824661e+03
6.526592026215182614e+02 1.227312943746586598e+03
6.548825466520307828e+02 1.228015367727771718e+03
6.572354570637119195e+02 1.228536842105263077e+03
6.600778210116731088e+02 1.228823790994997125e+03
6.624687672747373881e+02 1.229201216141514578e+03
6.633255684969494723e+02 1.229418191902384933e+03
6.639833887043189407e+02 1.229443521594684398e+03
6.653314794215795018e+02 1.229254171301446149e+03
