7.023062230437461722e+02 1.200495995070856452e+03
6.905517668939863825e+02 1.201698698078115285e+03
6.761873385012919471e+02 1.206091731266149964e+03
6.627784163473818353e+02 1.213743295019157131e+03
6.477801857585138805e+02 1.222845201238390018e+03
6.322294043092522315e+02 1.230949302915082399e+03
6.180415913200723708e+02 1.237458710066305002e+03
6.017989571263035486e+02 1.243701622247972182e+03
5.885188945290468610e+02 1.246257191201353635e+03
5.809423599782491010e+02 1.246868406742795059e+03
5.767778964228510858e+02 1.245906567004805083e+03
5.775917159763313293e+02 1.243943518020441161e+03
5.832707641196013810e+02 1.242603543743078717e+03
5.953241852487135475e+02 1.241795311606632367e+03
6.140778688524590052e+02 1.240650468384074884e+03
6.333196378830083404e+02 1.240421309192200624e+03
6.563650793650793958e+02 1.239434065934065984e+03
6.785816263190564541e+02 1.236435754189944191e+03
6.955654872749844344e+02 1.232132216014897494e+03
7.090653556969346027e+02 1.226036437246963487e+03
7.178314087759815720e+02 1.219637990762124673e+03
7.230046056419113256e+02 1.214477835348301596e+03
7.233831018518518476e+02 1.209482060185185219e+03
7.158516717325228456e+02 1.205444984802431691e+03
7.059721189591077746e+02 1.202648698884758460e+03
6.953298332303891129e+02 1.202273008029647826e+03
6.821676413255360103e+02 1.204811565951916918e+03
6.690972836386607696e+02 1.210763108022741562e+03
6.394104938271605079e+02 1.227791358024691363e+03
