6.508098396904366609e+02 1.230772802653399594e+03
6.513191371681415376e+02 1.230808628318584169e+03
6.521123470522802563e+02 1.230473303670745281e+03
6.542779944289693503e+02 1.229601114206128159e+03
6.569577464788732186e+02 1.229119999999999891e+03
6.577226844148641476e+02 1.228988907376594625e+03
6.563149516770893115e+02 1.229592382035247283e+03
6.551469433538978819e+02 1.229835109366236793e+03
6.528569069895431767e+02 1.229947716015409924e+03
6.497448582545858926e+02 1.230859922178988427e+03
6.480406816932380707e+02 1.231630566245189584e+03
6.478723640399556416e+02 1.231872918978912367e+03
6.486369213608477367e+02 1.231973229224762918e+03
6.497986651835373095e+02 1.231359844271412612e+03
6.518919527293190868e+02 1.230943162633652264e+03
6.545460636515913393e+02 1.229820212171970979e+03
6.563909141895680932e+02 1.228769489624228754e+03
6.568813747228381317e+02 1.228227827050997803e+03
6.557447629547959878e+02 1.228125137816979077e+03
6.536441885964911762e+02 1.228298793859649095e+03
6.516212789415656061e+02 1.228659867695700086e+03
6.498780889621086772e+02 1.229299835255354310e+03
6.492117191818684887e+02 1.229999447208402444e+03
6.488863006100942812e+02 1.230133666112035598e+03
6.509186629526462866e+02 1.229884679665738076e+03
6.531300949190396068e+02 1.229652149637074217e+03
6.553176996091568753e+02 1.229399218313791152e+03
6.564787709497206833e+02 1.229333519553072620e+03
6.563937534857780065e+02 1.229684327941996571e+03
6.548548565121412821e+02 1.229975165562913844e+03
6.522739877981142627e+02 1.230626733222407211e+03
6.500005494505494426e+02 1.231368681318681411e+03
6.494440196613871876e+02 1.231392135445111990e+03
6.505734727572922793e+02 1.231189323059988965e+03
6.518077777777778010e+02 1.230790555555555557e+03
6.531434878587195954e+02 1.230428807947019777e+03
6.566243711570709820e+02 1.229452207937395087e+03
6.591917040358744089e+02 1.229302130044843125e+03
6.585055126791620523e+02 1.229270672546857668e+03
