6.522236987818382659e+02 1.230236987818383113e+03
6.520386771300447890e+02 1.230137331838564933e+03
6.518477412158393918e+02 1.229762409369771376e+03
6.518121516164994773e+02 1.229273690078037816e+03
6.521555051078320275e+02 1.229076617480136292e+03
6.524676420934158614e+02 1.228927968486212649e+03
6.530709859154929973e+02 1.228954366197183163e+03
6.537654320987654728e+02 1.229054433221099998e+03
6.548585064570465875e+02 1.229102189781021934e+03
6.560412895927602221e+02 1.229778280542986522e+03
6.570330532212884691e+02 1.230394957983193308e+03
6.576918798665183203e+02 1.231441045606229181e+03
6.581915492957746210e+02 1.232362816901408451e+03
6.585855153203342525e+02 1.232448467966573844e+03
6.589190556492411588e+02 1.232364249578414729e+03
6.588914988814317439e+02 1.232418344519015591e+03
6.588727578475336486e+02 1.232281390134529147e+03
6.577667785234899611e+02 1.231855145413870332e+03
6.563049605411499670e+02 1.231448703494926804e+03
6.553437674678591520e+02 1.230950810508664063e+03
6.537583333333333258e+02 1.230366666666666561e+03
6.526661138750690725e+02 1.230285240464344952e+03
6.518910614525140090e+02 1.230256424581005604e+03
6.516635307138903954e+02 1.230408965135583912e+03
6.514919129949804528e+02 1.231092582264361454e+03
6.512945779765232146e+02 1.231148686416992632e+03
6.507694444444443889e+02 1.231258333333333439e+03
6.506988888888888596e+02 1.231191666666666606e+03
6.508374439461883867e+02 1.231045403587443843e+03
6.510755355129650752e+02 1.230976888387824147e+03
6.511800336511497562e+02 1.230226584408300596e+03
6.513721973094170608e+02 1.229424887892376773e+03
6.516007838745800882e+02 1.228465285554311322e+03
6.517940516273849880e+02 1.227633557800224480e+03
6.522453677709152089e+02 1.227338012352610804e+03
6.527753501400560481e+02 1.227039775910364142e+03
6.537602012297372767e+02 1.227045835662381251e+03
6.547918069584736713e+02 1.226880471380471363e+03
6.559544431946006853e+02 1.227232845894263164e+03
6.572357541899441458e+02 1.227322905027932848e+03
6.587253363228699072e+02 1.228106502242152374e+03
6.602319413092550349e+02 1.228611173814898393e+03
6.616075450450450717e+02 1.229238738738738675e+03
6.625011148272018318e+02 1.229124860646599700e+03
6.632275280898876417e+02 1.229178089887640454e+03
6.637727784026997142e+02 1.229285151856018047e+03
6.639723163841807718e+02 1.229154802259886992e+03
6.640716300056401451e+02 1.228900733220530128e+03
6.637409672040022315e+02 1.228908838243468608e+03
6.632653975363941754e+02 1.229058230683090642e+03
6.627016264722377628e+02 1.229113292204150412e+03
6.617392757660167035e+02 1.229263509749303694e+03
6.609621896162527719e+02 1.229145598194131026e+03
6.599707536557930325e+02 1.229505624296962878e+03
6.596373200442967573e+02 1.229552048726467319e+03
6.595476718403547238e+02 1.229632483370288355e+03
6.594162042175361194e+02 1.229626526082131022e+03
6.595820312500000000e+02 1.229642857142857110e+03
6.597249299719887858e+02 1.229662745098039295e+03
6.603353897924845342e+02 1.230047111609646663e+03
6.606025569760978442e+02 1.229956086714841604e+03
6.606344561016013586e+02 1.230060739922694665e+03
6.601820712694877784e+02 1.229927616926503333e+03
6.595208681135225106e+02 1.229744017807456885e+03
6.587741935483870748e+02 1.229873748609566292e+03
6.582498608792432151e+02 1.229710628825820777e+03
6.576848484848484304e+02 1.229629752066115771e+03
6.569501121076233403e+02 1.229530269058295971e+03
6.559299327354260640e+02 1.229321188340807112e+03
6.553474387527840008e+02 1.229240534521158224e+03
6.552090553381777909e+02 1.228967579653437724e+03
6.553082077051926717e+02 1.228909547738693391e+03
6.554887514060742433e+02 1.228875703037120275e+03
6.553224013340744705e+02 1.228963312951639864e+03
6.545033296337402362e+02 1.229127635960044472e+03
6.538871057000553719e+02 1.229416159380188219e+03
6.535826815642458314e+02 1.230092737430167517e+03
6.534503053858967405e+02 1.230149916712937284e+03
6.532048997772828898e+02 1.230157572383073557e+03
6.526963988919667372e+02 1.230244321329639888e+03
6.522607481853713125e+02 1.230037967615857042e+03
6.522966666666666242e+02 1.229528333333333421e+03
6.520942437923250736e+02 1.229231376975169269e+03
6.522796420581655639e+02 1.228611856823266180e+03
6.526997767857143344e+02 1.228242745535714221e+03
6.530426487093153582e+02 1.228313692480359123e+03
6.536540389972144567e+02 1.228236768802228426e+03
6.542897982062780784e+02 1.228465246636771326e+03
6.552158962795941761e+02 1.228919391206313321e+03
6.562268907563025095e+02 1.229682913165266200e+03
6.571453423120090065e+02 1.230633557800224480e+03
6.576804700615556385e+02 1.231293788472299866e+03
6.581635327635327712e+02 1.232018803418803373e+03
6.587189760712298039e+02 1.232339454646633385e+03
6.588472686733556429e+02 1.232159420289855007e+03
