6.542973124300111749e+02 1.231017357222844339e+03
6.549779785431959453e+02 1.230779220779220850e+03
6.564390791690061633e+02 1.230494665918023657e+03
6.585260180995475139e+02 1.229950791855203533e+03
6.603098913664950942e+02 1.229967981703830674e+03
6.621098527746319178e+02 1.229614382785956877e+03
6.634160542679479704e+02 1.229758055398530132e+03
6.637056497175141203e+02 1.230001129943502747e+03
6.633027932960893622e+02 1.230086033519552984e+03
6.621590524534686892e+02 1.230638465877044609e+03
6.606591549295774257e+02 1.231194366197183172e+03
6.582800453514739729e+02 1.231785147392290355e+03
6.556372275013974331e+02 1.232307434320849552e+03
6.540166944908180540e+02 1.232248191430161341e+03
6.535385468663338315e+02 1.231670549084858521e+03
6.536237458193979819e+02 1.231122630992196264e+03
6.545239687848383028e+02 1.230575808249721376e+03
6.555745638716938402e+02 1.229984805852560385e+03
6.565858585858585457e+02 1.229171717171717091e+03
6.573985343855692918e+02 1.228748590755355053e+03
6.580135516657255721e+02 1.228391869000564611e+03
6.581077878103837975e+02 1.228212753950338538e+03
6.570916245081506304e+02 1.228171444631815575e+03
6.554792600896861359e+02 1.228617152466367770e+03
6.533576601671309163e+02 1.229398328690807830e+03
6.516595863610955348e+02 1.230190050307434376e+03
6.507555803571428896e+02 1.230835379464285779e+03
6.508788558609086294e+02 1.231289960740325341e+03
6.512718064153067417e+02 1.231382104670793524e+03
6.523238095238094729e+02 1.231757422969187701e+03
6.537540255413658770e+02 1.231754580788450767e+03
6.551413288288288186e+02 1.231495495495495561e+03
6.565245070422535036e+02 1.231130140845070400e+03
6.572332771219786309e+02 1.230306351883080424e+03
6.566258465011286489e+02 1.229922686230248246e+03
6.554725336322869680e+02 1.228911434977578438e+03
6.535619047619047706e+02 1.228228571428571513e+03
6.511969439728353564e+02 1.227899830220713056e+03
6.490000000000000000e+02 1.227399665551839462e+03
6.467688888888889096e+02 1.227388888888888914e+03
6.448734739178689779e+02 1.227654827968923428e+03
6.457595720720720465e+02 1.227982545045045072e+03
6.478273542600896917e+02 1.228349775784753319e+03
6.505468483816013077e+02 1.228962521294718954e+03
6.535058889512058613e+02 1.229275939427930552e+03
6.558418395961862188e+02 1.229353337072349859e+03
6.577104966139954740e+02 1.229962189616252772e+03
6.590130533484676789e+02 1.229923382519863708e+03
6.586550951847704027e+02 1.230379619260918162e+03
6.571164229471315821e+02 1.230394263217097887e+03
6.551042600896861359e+02 1.230215807174887914e+03
6.530974647887323954e+02 1.230076619718309757e+03
6.517169916434540937e+02 1.229796657381615660e+03
6.510800671892496894e+02 1.229432250839865674e+03
6.509580302182428113e+02 1.229290990486849523e+03
6.511675098369870511e+02 1.229033726812816212e+03
6.518440111420612766e+02 1.228496935933147597e+03
6.533613445378151710e+02 1.228361904761904725e+03
6.548867819297266806e+02 1.228370329057445588e+03
6.562206047032474316e+02 1.228789473684210634e+03
6.572104072398190056e+02 1.229303167420814589e+03
6.574442567567567721e+02 1.229840090090090143e+03
6.566130289532294455e+02 1.230069599109131332e+03
6.550441834451901286e+02 1.230247203579418283e+03
6.535746807329261401e+02 1.230409772348695242e+03
6.524026696329254946e+02 1.230748053392658449e+03
6.521449356463346021e+02 1.230719641857862371e+03
6.523088071348940957e+02 1.230624303232998955e+03
6.532494432071270012e+02 1.230567928730512222e+03
6.546773109243697490e+02 1.230087955182072847e+03
6.565491849353569478e+02 1.229848791455874107e+03
6.586851851851852189e+02 1.229574635241301849e+03
6.611287577992059141e+02 1.229256948383437248e+03
6.626287156477845883e+02 1.229330902972518288e+03
6.633344632768361180e+02 1.229590960451977480e+03
6.623673814898419323e+02 1.229731941309255035e+03
6.610090090090089916e+02 1.230166103603603688e+03
6.590806360022714898e+02 1.231207836456558880e+03
6.570708215297449897e+02 1.231335977337110535e+03
6.554552486187844806e+02 1.231558563535911617e+03
6.537002212389380702e+02 1.231418141592920392e+03
