6.504373614190686794e+02 1.229708425720620880e+03
6.501784718349135801e+02 1.229489124372559900e+03
6.503903118040088884e+02 1.229155902004454447e+03
6.512533632286995271e+02 1.228412556053811613e+03
6.515636871508379500e+02 1.228209497206703873e+03
6.509711431742508694e+02 1.228080466148723644e+03
6.498134743875278900e+02 1.228243318485523332e+03
6.489933591588268200e+02 1.228312119535141164e+03
6.489646408839779497e+02 1.228471270718232063e+03
6.511219101123595010e+02 1.228543258426966304e+03
6.524794215795328682e+02 1.228252502780867644e+03
6.542054871220605037e+02 1.227599664053751439e+03
6.556424611973392302e+02 1.227318736141906811e+03
6.567285318559556799e+02 1.227349584487534685e+03
6.581503633314700892e+02 1.227741755170486385e+03
6.596995565410200015e+02 1.228106430155210546e+03
6.602993311036789237e+02 1.228397435897435798e+03
6.600166666666666515e+02 1.229228333333333239e+03
6.605201117318435990e+02 1.229575977653631298e+03
6.623581421376609342e+02 1.229563514269725829e+03
6.646700393479483182e+02 1.228879145587408630e+03
6.675655599324704781e+02 1.228236916150815887e+03
6.688991031390135049e+02 1.228422085201793834e+03
6.686039325842696144e+02 1.228638202247190975e+03
6.671443880428652164e+02 1.228807106598984774e+03
6.654263392857143344e+02 1.229342075892857110e+03
6.641840934371523417e+02 1.229790322580645125e+03
6.635457063711911587e+02 1.230206094182825382e+03
6.636936288088642186e+02 1.229583933518005551e+03
6.639189645469892866e+02 1.229051772650534531e+03
6.634307948860478064e+02 1.228490828237909909e+03
6.626941638608304856e+02 1.228057239057239030e+03
6.612209758833427031e+02 1.227808749298934345e+03
6.585837053571428896e+02 1.228075334821428669e+03
6.563885778275475786e+02 1.228328667413213907e+03
6.539495285635052824e+02 1.228573488630061092e+03
6.525066815144766679e+02 1.229154231625835109e+03
6.518431919642856656e+02 1.229359375000000000e+03
6.515831951354339253e+02 1.229066334991708118e+03
6.514671814671814900e+02 1.228147821290678394e+03
6.510577777777778010e+02 1.228058333333333394e+03
6.505364238410595590e+02 1.228094922737306888e+03
6.490455808782656959e+02 1.228375764313507489e+03
6.475566611387506555e+02 1.228525152017689379e+03
6.467533482142856656e+02 1.228898995535714221e+03
6.463849557522123632e+02 1.229225110619468978e+03
6.466278551532033134e+02 1.229111420612813390e+03
6.472115925717500886e+02 1.228949915588069871e+03
6.473021702838063902e+02 1.228317195325542571e+03
6.469796591533810215e+02 1.227896646509070933e+03
6.463704936217415025e+02 1.227891846921796969e+03
6.454174057649667020e+02 1.227799889135254944e+03
6.450858725761772803e+02 1.228137950138504266e+03
6.463951165371809111e+02 1.228647613762486117e+03
