5.904411764705882888e+02 1.224900110987791322e+03
5.961516508114158341e+02 1.224926133184107357e+03
6.014320849636668527e+02 1.224898267188373438e+03
6.075229050279330067e+02 1.225669832402234533e+03
6.148372358652198955e+02 1.227508852084523141e+03
6.225598591549295406e+02 1.229178403755868658e+03
6.314087256027554531e+02 1.230437428243398472e+03
6.405709322524609206e+02 1.230905616676317322e+03
6.478707799767171309e+02 1.231335855646100072e+03
6.550068807339449677e+02 1.231559633027522977e+03
6.614288990825688188e+02 1.231212155963302848e+03
6.662277456647399276e+02 1.230906936416184863e+03
6.716012408347434075e+02 1.230490129723632208e+03
6.769026195899772347e+02 1.230297266514806324e+03
6.811139095592444619e+02 1.230271894676588545e+03
6.853272830402722775e+02 1.230387407827566676e+03
6.904676958261864002e+02 1.230576901086335056e+03
6.948841985168282918e+02 1.230010838562464414e+03
6.994364261168384473e+02 1.230167812142038883e+03
7.039164281625644435e+02 1.229473955352032135e+03
7.073916998294484983e+02 1.229511085844229683e+03
7.110262257696692814e+02 1.229543329532497182e+03
7.153420902341518968e+02 1.229696744717304455e+03
7.191138443935926716e+02 1.229647597254004495e+03
7.231623637406769376e+02 1.230375788869764847e+03
7.272296595499134355e+02 1.231314483554529716e+03
7.305828080229226771e+02 1.231792550143266453e+03
7.341162255466052784e+02 1.232361910241657142e+03
7.374815880322209978e+02 1.232898734177215147e+03
7.402534482758620697e+02 1.232525287356321769e+03
7.432153137593552401e+02 1.232238917674150798e+03
7.461196777905638555e+02 1.231631185270425703e+03
7.488402574605032669e+02 1.231431831480397932e+03
7.513753614806246333e+02 1.231120879120879181e+03
7.532015098722415587e+02 1.230645760743321716e+03
7.549572098475966868e+02 1.231025205158264953e+03
7.572968115942029499e+02 1.231230144927536230e+03
7.589771929824561312e+02 1.231654970760233937e+03
7.596656925774400406e+02 1.231442431326709539e+03
7.599160349854226979e+02 1.231355102040816291e+03
7.604488372093022690e+02 1.230757558139534922e+03
7.614528083381586612e+02 1.230269832078749232e+03
7.624680232558139323e+02 1.230158139534883730e+03
7.630623896409653071e+02 1.230196586227192483e+03
7.627689149560117130e+02 1.230279178885630472e+03
7.615793143521208322e+02 1.230433468913422530e+03
7.602815926139642215e+02 1.231429890363531513e+03
7.587520612485276388e+02 1.231981154299175614e+03
7.569778812572759534e+02 1.232431315483119988e+03
7.547640186915888307e+02 1.232860981308411283e+03
7.528413712957583357e+02 1.232835560720511239e+03
7.504189424753050162e+02 1.232843695525857129e+03
7.464203062960862098e+02 1.234931934203063065e+03
7.436358479863868070e+02 1.235019285309132101e+03
7.417939464493597370e+02 1.233238067520372624e+03
7.383056036972848233e+02 1.234068168688619380e+03
7.345799059929494206e+02 1.234753231492361920e+03
7.299271137026239558e+02 1.234939358600583091e+03
7.242359745517640022e+02 1.235507229612492665e+03
7.192687173534533258e+02 1.235550203134068397e+03
7.142616822429906733e+02 1.235312500000000000e+03
7.084235705950991360e+02 1.234224037339556617e+03
7.023290170688640046e+02 1.233230135373749363e+03
6.952348484848484986e+02 1.232113053613053580e+03
6.872629135229251460e+02 1.231056297156123037e+03
6.797368728121354025e+02 1.230890898483080491e+03
6.718582175925926094e+02 1.230120370370370438e+03
6.635225955967555365e+02 1.230155272305909648e+03
6.566596367896895572e+02 1.229844171060339704e+03
6.501396551724137680e+02 1.229403448275862047e+03
6.442026330852891078e+02 1.229133943903835188e+03
6.396764539808018526e+02 1.228977978543195832e+03
6.352039772727272293e+02 1.229251136363636306e+03
6.305878378378378102e+02 1.229337837837837924e+03
6.266687219730941933e+02 1.229681053811659240e+03
6.225686053077357656e+02 1.230201581027667999e+03
6.180135900339751061e+02 1.230721404303510781e+03
6.140164399092971053e+02 1.230992630385487473e+03
6.101495798319327832e+02 1.229345098039215600e+03
6.062512647554806335e+02 1.230120292299044422e+03
6.027669130187606470e+02 1.229927799886298999e+03
5.988589306029579120e+02 1.229726393629124004e+03
5.945077691453940361e+02 1.228896781354050972e+03
5.912605514912773970e+02 1.229034327518289274e+03
5.885739910313901646e+02 1.229003363228699527e+03
5.852354260089686022e+02 1.228716367713004502e+03
5.818704836020010589e+02 1.228439688715953253e+03
5.785576392719250407e+02 1.228681742967457240e+03
5.752740619902120898e+02 1.228980424143556320e+03
5.719967177242888283e+02 1.227603938730853315e+03
5.690401982378854200e+02 1.227601872246696075e+03
5.659905555555556020e+02 1.227255000000000109e+03
5.632646396396396540e+02 1.227579391891891873e+03
5.606586592178771298e+02 1.227679888268156446e+03
5.584677147669848409e+02 1.228398652442448110e+03
5.568567415730336734e+02 1.229397191011235918e+03
5.553950755456071420e+02 1.229755456071628487e+03
5.539502824858757322e+02 1.229945197740112917e+03
5.530355555555555611e+02 1.230241666666666561e+03
5.516001128031584813e+02 1.229396503102086854e+03
5.501993337034980414e+02 1.229319822320932872e+03
5.491163175303197477e+02 1.228522601984564517e+03
5.485804157549233651e+02 1.228294310722100590e+03
5.485754251234229741e+02 1.228515085024684595e+03
5.487060146149522097e+02 1.229066891512085476e+03
5.493731596828991997e+02 1.229041902604756615e+03
5.506956521739130039e+02 1.229068887634105067e+03
5.527321428571428896e+02 1.228906250000000000e+03
5.547690570299265573e+02 1.227978543195934435e+03
5.561854154889767869e+02 1.227395138496325671e+03
5.573680318543799785e+02 1.226758248009101180e+03
5.591686813186813652e+02 1.225715384615384664e+03
5.622032204330927243e+02 1.225725707940033317e+03
5.651885336273428493e+02 1.225428335170892979e+03
5.684812362030904751e+02 1.226028697571744033e+03
5.725687772925764421e+02 1.225915938864628743e+03
5.768385674931129188e+02 1.225353719008264534e+03
5.816279329608938724e+02 1.224756424581005604e+03
5.871382204812534837e+02 1.224102965864577527e+03
5.920163841807909648e+02 1.223535028248587651e+03
5.972655811341942353e+02 1.224509264458169582e+03
6.034817107484524286e+02 1.224873944850872249e+03
6.098016009148084322e+02 1.224380789022298359e+03
6.169719679633867599e+02 1.227619565217391255e+03
6.258129661503155603e+02 1.229019506597819827e+03
6.338239067055393434e+02 1.229529446064139847e+03
6.411608996539791860e+02 1.230227797001153476e+03
6.489491428571428742e+02 1.230462285714285827e+03
6.547617430673458330e+02 1.230400113186191220e+03
6.591560364464692157e+02 1.230455580865603679e+03
6.642737556561086194e+02 1.229912895927601767e+03
6.689219015280135636e+02 1.229555178268251211e+03
6.731235697940503542e+02 1.229340961098398111e+03
6.771639999999999873e+02 1.229349142857142851e+03
6.810079635949942940e+02 1.229150739476678154e+03
6.847155025553662426e+02 1.229406587166382678e+03
6.890477001703577571e+02 1.229130607609312847e+03
6.924800228310501780e+02 1.229142694063926911e+03
6.960726351351351013e+02 1.228400337837837924e+03
6.992318594104308431e+02 1.228457482993197345e+03
7.023606182026330771e+02 1.228431024613623322e+03
7.099459920409323104e+02 1.229213189312109080e+03
