6.622286348501664861e+02 1.228792452830188722e+03
6.598865131578946830e+02 1.228644736842105203e+03
6.582214876033058317e+02 1.228853443526170850e+03
6.566799781181618982e+02 1.228550328227571072e+03
6.557619308831596072e+02 1.228717498628634075e+03
6.547112445414846889e+02 1.229054039301310013e+03
6.527964989059081518e+02 1.229387855579868756e+03
6.510362239297475071e+02 1.230006586169045022e+03
6.500318331503841591e+02 1.230357299670691646e+03
6.497247405789186132e+02 1.230495357728017552e+03
6.493732895457033010e+02 1.230489874110563733e+03
6.488370694368506975e+02 1.230405139420448222e+03
6.484179836512261090e+02 1.230369482288828294e+03
6.482041827187672425e+02 1.230289488167308718e+03
6.488833515881708536e+02 1.229806133625410666e+03
6.517657707076248244e+02 1.229444871091607183e+03
6.521919470490898902e+02 1.229340871483728733e+03
6.533322128851540356e+02 1.229088515406162514e+03
6.558581717451523900e+02 1.229293628808864241e+03
6.579566907273737115e+02 1.229003331482509793e+03
6.599463087248321926e+02 1.228980425055928436e+03
6.607953539823008668e+02 1.229240044247787637e+03
6.614189263973436255e+02 1.229089097952407201e+03
6.623686558839932559e+02 1.228980479643056242e+03
6.635440443213296930e+02 1.228904709141274225e+03
6.631943677526228385e+02 1.228894533406957407e+03
6.609493949394939136e+02 1.228297029702970349e+03
6.587824427480916256e+02 1.228450381679389238e+03
6.575961748633880006e+02 1.228513114754098297e+03
6.567737186477644400e+02 1.228383315158124333e+03
6.542531715388857947e+02 1.229173745173745147e+03
