6.541770949720670387e+02 1.230311731843575444e+03
6.549667036625970695e+02 1.230378468368479389e+03
6.564131038312049213e+02 1.230599111604664131e+03
6.589391741071428896e+02 1.230449776785714221e+03
6.614775784753363723e+02 1.229940582959641233e+03
6.639395973154362309e+02 1.229780760626398205e+03
6.670542679479932531e+02 1.229357263990955289e+03
6.691011299435027695e+02 1.229217514124293757e+03
6.701416478555304366e+02 1.229085778781038471e+03
6.701920045045045526e+02 1.229156531531531527e+03
6.693669827105410377e+02 1.229091466815393233e+03
6.679633536923930706e+02 1.229092726263187160e+03
6.667082866741321823e+02 1.229060470324747939e+03
6.661168250419228798e+02 1.229192286193404243e+03
6.659911061700944401e+02 1.229343524180100076e+03
6.663378151260503728e+02 1.229323249299719919e+03
6.668046171171171181e+02 1.229047297297297291e+03
6.667001684446939862e+02 1.228802919708029094e+03
6.656744835287548767e+02 1.228539921831379161e+03
6.642975253093363790e+02 1.228821147356580468e+03
6.627460674157302947e+02 1.229282584269662948e+03
6.592961494903737503e+02 1.229887315968289840e+03
6.561654473832301164e+02 1.230056837366347736e+03
6.535143964562569181e+02 1.229686600221484014e+03
6.510033426183844085e+02 1.229764345403899824e+03
6.494401098901098521e+02 1.229508241758241866e+03
6.480614958448753669e+02 1.229430470914127454e+03
6.476613082039910978e+02 1.228889689578714069e+03
6.472370905052748640e+02 1.228602443087173697e+03
6.464047487575925288e+02 1.228380452788514731e+03
6.450226769911504334e+02 1.228445243362831889e+03
6.433777777777777374e+02 1.228777222222222235e+03
6.418021122846025719e+02 1.228868260144524811e+03
6.407281767955801115e+02 1.228955248618784481e+03
6.403727422003283891e+02 1.229099069512862570e+03
6.404310818231740541e+02 1.228711696869851721e+03
6.422206208425720888e+02 1.228611419068736041e+03
6.442041042706599683e+02 1.228437603993344510e+03
6.463549639489739320e+02 1.228621741541874599e+03
6.487296233839235811e+02 1.228905002810567794e+03
6.505159842961301138e+02 1.228985978687605211e+03
6.515215686274509608e+02 1.229106442577030748e+03
6.524117318435754669e+02 1.229361452513966469e+03
6.525783933518005142e+02 1.229470914127423839e+03
6.537011235955055781e+02 1.230165730337078685e+03
6.556918344519015136e+02 1.230379753914988896e+03
6.580378959276017667e+02 1.230169683257918450e+03
6.604338153503892954e+02 1.229350389321468356e+03
6.628507295173961893e+02 1.229233445566778983e+03
6.653380440927077188e+02 1.228772752967778388e+03
6.673783632286995271e+02 1.228587443946188387e+03
6.687012401352874349e+02 1.228904735062006694e+03
