6.654134235758601790e+02 1.229560067681895134e+03
6.681710227272727707e+02 1.229023863636363558e+03
6.698289547233091525e+02 1.228423141419787498e+03
6.699949008498583680e+02 1.228705382436260606e+03
6.698846370287000127e+02 1.228920652785593802e+03
6.701678832116788271e+02 1.229372262773722696e+03
6.700786958965711619e+02 1.230191118605958309e+03
6.700072992700729628e+02 1.230357664233576543e+03
6.697494432071270012e+02 1.230420378619153780e+03
6.694344673731176272e+02 1.230526491912994970e+03
6.693557046979865390e+02 1.230521252796420640e+03
6.696263982102908585e+02 1.230323266219239486e+03
6.686936836221352678e+02 1.230267747344885493e+03
6.661666666666666288e+02 1.229634009009009105e+03
6.633014005602241241e+02 1.229423529411764775e+03
6.610532212885153740e+02 1.229353501400560162e+03
6.582401352874859413e+02 1.230034385569334745e+03
6.553471991125901468e+02 1.230191902384914101e+03
6.529494665918023202e+02 1.230589556428972401e+03
6.498348115299335177e+02 1.230895232815964619e+03
6.477614577581446156e+02 1.230441744892324778e+03
6.464229074889867661e+02 1.229898127753303925e+03
6.449299999999999500e+02 1.229711111111111222e+03
6.437329639889196642e+02 1.229116897506925170e+03
6.429611327040532842e+02 1.229038867295946602e+03
6.423133259911894584e+02 1.228579845814977944e+03
6.412865044247787409e+02 1.228354535398230155e+03
6.403662280701754526e+02 1.228294956140350905e+03
6.398781558726674348e+02 1.229241492864983456e+03
6.398366228070175339e+02 1.229216557017543892e+03
6.409711111111110995e+02 1.229084444444444443e+03
6.422451361867704236e+02 1.229393551973318608e+03
6.427780244173141000e+02 1.229099889012208678e+03
6.434547975596228753e+02 1.229255684969495178e+03
6.450770089285714448e+02 1.228871093750000000e+03
6.476651810584958184e+02 1.228812813370473577e+03
6.502614781634938481e+02 1.228461366181410995e+03
6.520772243984331453e+02 1.228522104085058800e+03
6.539532394366196968e+02 1.229002816901408551e+03
6.553707865168539684e+02 1.228931460674157279e+03
6.569350140056022838e+02 1.229273949579831879e+03
6.592769402568397936e+02 1.229355108877721932e+03
6.621303370786516780e+02 1.229732584269662993e+03
6.647134831460674604e+02 1.229396067415730386e+03
6.674066366704162192e+02 1.229076490438695146e+03
6.699046015712682447e+02 1.228324915824915934e+03
6.709032620922384922e+02 1.228364454443194518e+03
6.712272983643541693e+02 1.228532994923857814e+03
6.718341822297679755e+02 1.229130164119977280e+03
6.720912181303116313e+02 1.229212464589235196e+03
6.717278797996660842e+02 1.229353923205342198e+03
6.708584219362059002e+02 1.229540570789031790e+03
