6.542934298440980001e+02 1.233293986636971113e+03
6.544515235457063227e+02 1.233293074792243715e+03
6.560852974186307165e+02 1.232878787878787989e+03
6.584924199887703935e+02 1.232271757439640623e+03
6.605395845030881219e+02 1.231286355979786549e+03
6.622508417508418006e+02 1.230228395061728406e+03
6.630101066816395132e+02 1.229294216732173027e+03
6.626565826330531763e+02 1.228734453781512684e+03
6.605339265850946049e+02 1.228602892102336000e+03
6.581066816395283468e+02 1.229177428411005167e+03
6.555082599118942426e+02 1.229721916299559552e+03
6.525787444933920369e+02 1.230541299559471327e+03
6.507066961815163495e+02 1.231401217487548365e+03
6.495269526952695287e+02 1.231608360836083648e+03
6.496539524599226070e+02 1.231647871752349374e+03
6.515903547671840670e+02 1.231169068736141980e+03
6.534638655462184715e+02 1.230991036414565770e+03
6.553531057638500670e+02 1.230414661443760451e+03
6.566466965285554807e+02 1.229600223964165707e+03
6.573322109988777129e+02 1.228727833894500463e+03
6.571741321388577717e+02 1.228430011198208376e+03
6.560095559302978927e+02 1.228926925238898320e+03
6.543675070028011760e+02 1.229152941176470677e+03
6.527329577464788599e+02 1.229649577464788763e+03
6.509454646633278116e+02 1.230174179187534719e+03
6.494076539101497474e+02 1.230533555185801333e+03
6.481690767519465908e+02 1.231051167964404840e+03
6.476962513781697908e+02 1.231018191841234739e+03
6.484334621755936041e+02 1.230631695196024339e+03
6.497427777777777465e+02 1.230131111111111068e+03
6.508174204355109396e+02 1.229262423227247382e+03
6.516436845008273622e+02 1.228243243243243342e+03
6.525642023346302949e+02 1.227474152306837141e+03
6.531586169045006045e+02 1.226716245883644433e+03
6.533379655364091150e+02 1.226545302946081165e+03
6.527959407569940140e+02 1.226329127811300168e+03
6.520642303433000961e+02 1.227400332225913644e+03
6.514842975206611300e+02 1.228065013774104727e+03
6.511993318485523332e+02 1.229183741648106889e+03
6.505642737896494054e+02 1.229791875347801806e+03
6.499355555555555384e+02 1.230010555555555584e+03
6.503139339675433348e+02 1.230439843312814673e+03
6.508394160583941357e+02 1.230078607523862956e+03
6.518934380257992416e+02 1.229686483454851441e+03
6.531117977528090250e+02 1.229089887640449433e+03
6.543988888888889051e+02 1.228246111111111077e+03
6.558438888888888414e+02 1.227926111111111140e+03
6.562060810810810381e+02 1.227553490990990895e+03
6.562986425339366860e+02 1.227440045248868728e+03
6.560323480200780750e+02 1.227419966536530865e+03
6.550748603351955808e+02 1.227910614525139636e+03
6.532695312500000000e+02 1.228680803571428669e+03
6.515849474266740344e+02 1.229361372440509058e+03
6.501083193746510460e+02 1.230034617532104903e+03
6.494415656008819724e+02 1.230334619625137748e+03
6.495794392523364422e+02 1.229884002199010411e+03
6.508384401114205957e+02 1.229388300835654491e+03
6.530928008998874930e+02 1.228374578177727699e+03
6.552476137001684720e+02 1.227499719258843243e+03
6.579792717086834273e+02 1.226493557422969161e+03
6.596869419642856656e+02 1.226105468750000000e+03
6.601822799097064944e+02 1.226161399548532700e+03
6.599352477477477805e+02 1.227016891891891873e+03
6.581592571750140905e+02 1.228038829487901012e+03
6.558474860335195444e+02 1.228748603351955353e+03
6.536419821826281122e+02 1.230046770601336220e+03
6.521994413407820730e+02 1.230418435754189886e+03
6.516629526462395461e+02 1.230947632311977713e+03
6.521350590883511131e+02 1.230900956668542449e+03
6.537074260189838242e+02 1.230269681742043531e+03
6.559776286353467185e+02 1.229374720357941897e+03
6.585120718697361326e+02 1.228701852891633962e+03
6.598474481211441116e+02 1.227673583847448072e+03
6.605691102406267419e+02 1.227074986010072735e+03
6.598971910112359183e+02 1.226647752808988798e+03
6.580342889263631605e+02 1.226783586284429475e+03
6.561985458612975890e+02 1.227076062639820975e+03
6.545673130193905536e+02 1.227860941828254909e+03
6.532792494481236645e+02 1.228426600441501023e+03
6.513518005540166769e+02 1.229538504155124656e+03
