6.528148351648351309e+02 1.226718681318681320e+03
6.517360350492880343e+02 1.227470427163198337e+03
6.513143322475569903e+02 1.227130836047774210e+03
6.517262813522355600e+02 1.226930207197382742e+03
6.534679100383982586e+02 1.226414152495885901e+03
6.553358862144419845e+02 1.225642778993435513e+03
6.567594108019640089e+02 1.224848881614839001e+03
6.572172470978441652e+02 1.224020453289110037e+03
6.568684067427949458e+02 1.223257748776509061e+03
6.558528773072747526e+02 1.222794788273615723e+03
6.551574123989217924e+02 1.222212398921832801e+03
6.538213507625272314e+02 1.222180283224400910e+03
6.524618736383441728e+02 1.222248366013071973e+03
6.516659412404787872e+02 1.222502176278563638e+03
6.513766163793103487e+02 1.223632543103448370e+03
6.509167120304845184e+02 1.224314099074578053e+03
6.506811279826464443e+02 1.224696854663774502e+03
6.508760869565217035e+02 1.224376630434782555e+03
6.523219326818675654e+02 1.224101520086862138e+03
6.536084598698481614e+02 1.223528741865509801e+03
6.545785753126699547e+02 1.223104948341489944e+03
6.556997816593886910e+02 1.222509279475982567e+03
6.565833333333333712e+02 1.222317434210526244e+03
6.560251091703056545e+02 1.222080786026200940e+03
6.547636856368563940e+02 1.222540379403794077e+03
6.535125408942202512e+02 1.223261177753544189e+03
6.527202835332606128e+02 1.224033260632497331e+03
6.524673202614378624e+02 1.224807734204792951e+03
6.523293413173652198e+02 1.225542732716385444e+03
6.524020844761382705e+02 1.226301700493691669e+03
6.531895027624309478e+02 1.226566298342541359e+03
6.544911602209945158e+02 1.226561325966850745e+03
6.560934371523915161e+02 1.226534482758620697e+03
6.576032186459489139e+02 1.226411209766925595e+03
6.587986725663716925e+02 1.226461283185840784e+03
6.599838530066815565e+02 1.226491648106904222e+03
6.608206972883232311e+02 1.226465965688987353e+03
6.609383484162896139e+02 1.227019796380090611e+03
6.601839145106861224e+02 1.228138357705286808e+03
6.590413870246085253e+02 1.229238255033557152e+03
6.576162011173183828e+02 1.230045810055866013e+03
6.564977578475336486e+02 1.231131726457399054e+03
6.562583005064715280e+02 1.231487338210466987e+03
6.566028089887640817e+02 1.231854494382022494e+03
6.574302788844621546e+02 1.232005691519635775e+03
6.590288018433179786e+02 1.231817396313364043e+03
6.602148190695003223e+02 1.231448018380241137e+03
6.602698684962836069e+02 1.231086906803888041e+03
6.603172690763052515e+02 1.230834767641996450e+03
6.603440183171150011e+02 1.230864911276474004e+03
6.600920977828311607e+02 1.231011370096645805e+03
6.593407661520868714e+02 1.231985134362492772e+03
6.588488505747126283e+02 1.232678735632183816e+03
6.579136732329084225e+02 1.233461761297798375e+03
6.570561993047508622e+02 1.234189455388180704e+03
6.557589182968929435e+02 1.235344073647871028e+03
6.567758420441347198e+02 1.235523809523809632e+03
6.580819291109819460e+02 1.235400929692039426e+03
6.590928196147110611e+02 1.234715703444249812e+03
6.599549970777322869e+02 1.233646990064289866e+03
6.606971098265895534e+02 1.232869942196531838e+03
6.610741389375365316e+02 1.232925861062463582e+03
6.602647740440324924e+02 1.232877752027809947e+03
6.588857308584687189e+02 1.233095707656612603e+03
6.574965357967666932e+02 1.233808314087759754e+03
6.565596541786743501e+02 1.234599423631123955e+03
6.559076655052265323e+02 1.235195702671312347e+03
6.554930475086906654e+02 1.235710892236384780e+03
6.551928612550374282e+02 1.235744386873920575e+03
6.552338337182447958e+02 1.235596420323325674e+03
6.557152658662092790e+02 1.234922241280731896e+03
6.562011560693641741e+02 1.234043352601156130e+03
6.571136231884057679e+02 1.233400579710144939e+03
6.580595375722543849e+02 1.232445664739884478e+03
6.583872463768116177e+02 1.231618550724637771e+03
6.586703424260011843e+02 1.231273940800928585e+03
6.584641010913268246e+02 1.231033314187248607e+03
6.572612664004564067e+02 1.230896177980604762e+03
6.561932725199543484e+02 1.231303306727480049e+03
6.550365923384791813e+02 1.231846769582618663e+03
6.539120135363790496e+02 1.232257191201353635e+03
6.530657596371881937e+02 1.232481859410430843e+03
6.528473239436619906e+02 1.232209014084507089e+03
6.536861642294712738e+02 1.231847581552305883e+03
6.547073446327683541e+02 1.230881355932203405e+03
6.552891907187323568e+02 1.229764572722127923e+03
6.551080627099663616e+02 1.228814669652855628e+03
6.549707020453289488e+02 1.228170259812050745e+03
6.552551417454141074e+02 1.227281267370761498e+03
6.548974358974359120e+02 1.226761426978818236e+03
6.543816079295154395e+02 1.226379955947136523e+03
6.538316885964911762e+02 1.226523026315789366e+03
6.530667031164571199e+02 1.227043193001640248e+03
6.520876428960261819e+02 1.227252585737615618e+03
6.514328602620087167e+02 1.227366812227074206e+03
6.515280960174577558e+02 1.227229132569558033e+03
6.525243835616438446e+02 1.226526575342465776e+03
6.540747967479675253e+02 1.225704065040650448e+03
6.554512061403509051e+02 1.224835526315789366e+03
6.565540911587039545e+02 1.224211971444261508e+03
6.566670305676856287e+02 1.223418668122270674e+03
6.559614967462039203e+02 1.222349240780911032e+03
6.555948180815876185e+02 1.222689084895259157e+03
6.547852893455922185e+02 1.221707409410492119e+03
6.536369015599784689e+02 1.221834319526627269e+03
6.524606192286801161e+02 1.222628462791960828e+03
6.516939443535188730e+02 1.223283142389525437e+03
6.515753646677471806e+02 1.223814694759589429e+03
6.513015616585890939e+02 1.223804523424878880e+03
6.512170626349892473e+02 1.223793196544276498e+03
6.529799022270505020e+02 1.223272134709397051e+03
