6.699476975554292721e+02 1.228146105741898737e+03
6.686676040494937752e+02 1.229128796400450028e+03
6.672870056497174573e+02 1.229801129943502929e+03
6.666811023622046832e+02 1.230544431946006853e+03
6.667219705549264290e+02 1.230950169875424763e+03
6.668110102156640551e+02 1.230977866061293980e+03
6.674216799091941539e+02 1.230870601589103217e+03
6.680245014245014090e+02 1.230543019943019999e+03
6.676612450925406392e+02 1.230424565339315677e+03
6.666180281690141101e+02 1.230473802816901298e+03
6.654748160724391255e+02 1.231225240520656371e+03
6.645190156599552438e+02 1.231397651006711385e+03
6.634666292765002709e+02 1.231773976444195114e+03
6.627887005649718049e+02 1.232519209039548059e+03
6.627987563595251004e+02 1.232562464669304745e+03
6.634582857142856938e+02 1.232126857142857034e+03
6.647996604414261128e+02 1.231537068477645789e+03
6.665746606334841999e+02 1.230459276018099445e+03
6.683959160521837930e+02 1.229295519001701678e+03
6.694826999432784760e+02 1.228093023255813932e+03
6.699332579185520444e+02 1.227285633484162872e+03
6.701594533029613103e+02 1.226130410022778960e+03
6.704088050314464908e+02 1.225803316180674756e+03
6.704431171786120558e+02 1.225751990898748545e+03
6.703861047835990803e+02 1.225744305239179994e+03
6.701396933560477009e+02 1.226565587734241944e+03
6.694693530079455286e+02 1.227349602724176975e+03
6.685724801812004898e+02 1.228470554926387422e+03
6.670846110164678748e+02 1.229438955139125483e+03
6.665596382136800457e+02 1.230771057094403659e+03
6.666645927601809944e+02 1.231172511312217239e+03
6.665736871823828551e+02 1.231232636928289139e+03
6.665848416289592251e+02 1.231224547511312267e+03
6.663594104308390342e+02 1.231323696145124813e+03
6.659751552795031557e+02 1.231128176171654331e+03
6.656043771043771358e+02 1.230493827160493765e+03
6.646958473625139732e+02 1.230397306397306465e+03
6.631976417742840795e+02 1.230365524985963020e+03
6.623040770101924863e+02 1.230899773499433650e+03
6.616518809657495694e+02 1.231381807973048808e+03
6.609197080291970678e+02 1.231369455362156032e+03
6.606966983771684454e+02 1.231573587017347563e+03
6.614507361268402974e+02 1.231165911664779060e+03
6.627680180180179832e+02 1.230416666666666742e+03
6.633157596371881937e+02 1.229192743764172292e+03
6.628551375631667497e+02 1.228153846153846189e+03
6.624416901408450258e+02 1.227301971830985849e+03
6.618672716959728177e+02 1.226958026091888769e+03
6.609651293588301542e+02 1.226322272215973044e+03
6.594577226606538716e+02 1.226354565952649409e+03
6.581666666666666288e+02 1.226869614512471571e+03
6.570481375358166360e+02 1.227795988538681968e+03
6.550510613884107443e+02 1.229286861732644866e+03
6.533098194130925549e+02 1.230320541760722335e+03
6.519575070821530289e+02 1.231992634560906481e+03
6.503550028264555749e+02 1.233119841718485077e+03
6.487835862844294752e+02 1.233939291736930954e+03
6.481692047377326844e+02 1.233996615905245335e+03
6.475693348365276734e+02 1.233957722660653872e+03
6.467735211267605564e+02 1.233532957746478814e+03
6.460788590604026922e+02 1.232539709172259563e+03
6.456923076923077360e+02 1.231537346711259715e+03
6.456694725028058883e+02 1.231112233445566744e+03
6.449347948285553684e+02 1.230535694210230531e+03
6.441621923937360634e+02 1.230429530201342232e+03
6.435305216426193056e+02 1.230274694783573750e+03
6.431872197309417061e+02 1.230906390134529147e+03
6.429406444318824470e+02 1.230976823063877873e+03
6.432019230769230944e+02 1.230651018099547400e+03
6.442024886877827612e+02 1.230224547511312267e+03
6.453692220969560367e+02 1.229338782412626870e+03
6.461837776517299972e+02 1.228862166761202388e+03
6.464831271091113649e+02 1.228119235095613021e+03
6.465174549549549283e+02 1.228084459459459367e+03
6.459904440697021073e+02 1.227685778527262528e+03
6.447927170868347275e+02 1.227935014005602170e+03
6.434238042269188327e+02 1.228429365962180100e+03
6.421693958215697648e+02 1.229453980801806892e+03
6.413224167137210543e+02 1.230593450028232610e+03
6.407625139043381068e+02 1.231519466073414833e+03
6.404298540965207849e+02 1.232481481481481524e+03
6.402600112803158936e+02 1.233177100958826941e+03
6.403044708545556887e+02 1.233744199207696738e+03
6.407200000000000273e+02 1.233807887323943760e+03
6.408231673195299436e+02 1.233109121432568600e+03
6.407333705980994409e+02 1.232505869200670759e+03
6.412418263810596954e+02 1.231552987598647178e+03
6.417832484436898994e+02 1.230855687606112042e+03
6.427221908526256584e+02 1.229620553359683754e+03
6.432179852020489079e+02 1.229092202618099009e+03
6.439467723669308725e+02 1.228977349943374747e+03
6.446597300337457455e+02 1.228837457817772702e+03
6.453842224744607847e+02 1.229213393870601521e+03
6.460011389521639558e+02 1.229056947608200517e+03
6.472692307692307168e+02 1.229211538461538566e+03
6.486401790710688147e+02 1.229055959709009585e+03
6.494899216125420480e+02 1.228456886898096400e+03
6.504285714285714448e+02 1.228182227221597259e+03
6.512168468981218439e+02 1.227610130904951575e+03
6.511887323943661841e+02 1.227267605633802759e+03
6.510776589758019099e+02 1.227348339898705717e+03
6.506717002237136285e+02 1.227409395973154460e+03
6.498790776152981152e+02 1.228443757030371216e+03
6.489611923509561393e+02 1.229460629921259851e+03
6.486510067114094227e+02 1.230746644295302076e+03
6.490688487584650375e+02 1.231757336343115185e+03
6.491918964546989628e+02 1.232572875633089552e+03
6.490819112627985987e+02 1.233158134243458562e+03
6.492236024844720532e+02 1.233412761151891573e+03
6.485187465025181837e+02 1.233568550643536582e+03
6.477012331838565160e+02 1.233092488789237677e+03
6.472271964185786146e+02 1.232325685506435320e+03
6.471556179775280953e+02 1.231435955056179864e+03
6.476948015651202013e+02 1.230147009502515402e+03
6.483567810917276120e+02 1.229487900956668454e+03
6.491487323943662204e+02 1.228576338028168948e+03
6.500469722693831045e+02 1.228375212224108736e+03
6.505965207631874136e+02 1.227910213243546650e+03
6.512253680634202055e+02 1.228293318233295622e+03
6.514643057897695826e+02 1.228284429454749898e+03
6.521983146067415191e+02 1.228624719101123674e+03
6.530291095890411270e+02 1.229380136986301295e+03
6.538513896766875177e+02 1.229491775382870173e+03
6.542875854214122455e+02 1.229387243735763150e+03
6.554640633842670923e+02 1.229506508205998898e+03
6.566704225352112871e+02 1.229307605633802723e+03
6.573587699316628914e+02 1.229349658314350791e+03
6.576664785553047068e+02 1.229456546275395112e+03
6.575271186440677411e+02 1.230220338983050851e+03
6.572201680672268367e+02 1.230759663865546145e+03
6.571332580463015347e+02 1.231282891022021431e+03
6.575047565752657874e+02 1.232509233351986495e+03
6.578219954648526482e+02 1.233401927437641689e+03
6.581518915866741963e+02 1.233764539808018071e+03
6.589436936936937173e+02 1.233930180180180287e+03
6.597811791383220452e+02 1.234002834467120238e+03
6.608954468802697875e+02 1.233179876335019571e+03
6.627116912599318539e+02 1.232280930760499359e+03
6.646960451977400908e+02 1.231118644067796595e+03
6.664458923512747788e+02 1.229921813031161491e+03
6.678055555555555429e+02 1.228903628117913740e+03
6.689672686230247791e+02 1.228215011286681829e+03
6.698102766798418770e+02 1.228052512704686706e+03
6.695141402714932610e+02 1.227908936651583645e+03
6.688355932203389784e+02 1.227973446327683632e+03
6.684963666852989945e+02 1.228415874790385715e+03
6.676451068616422617e+02 1.229220472440944832e+03
6.661555555555555657e+02 1.230122507122507159e+03
6.650230207748455769e+02 1.230607523862998278e+03
6.648010118043845296e+02 1.231368184373243366e+03
6.648219954648526482e+02 1.231439909297052054e+03
6.651905305191100979e+02 1.231154021677125002e+03
6.658895845190666023e+02 1.231249288560045443e+03
6.660729047072330786e+02 1.231118828932261749e+03
6.660361238532110519e+02 1.230942660550458641e+03
6.649253393665158001e+02 1.231450226244343867e+03
6.635426008968610176e+02 1.231656950672645735e+03
6.617777152504220339e+02 1.232397298818232912e+03
6.606466965285554807e+02 1.232778835386338187e+03
6.603761210762331757e+02 1.232600896860986495e+03
6.606878515185601373e+02 1.232528683914510793e+03
6.614880681818182211e+02 1.232268181818181802e+03
6.627963902989283724e+02 1.231501974055273649e+03
6.644383098591549697e+02 1.230574647887323863e+03
6.657632468996617945e+02 1.229306087936865879e+03
6.659808473592571545e+02 1.229087637840975049e+03
6.662495736213758164e+02 1.228002274019329207e+03
6.667676254935138331e+02 1.227098138747884832e+03
6.671289772727272975e+02 1.226681250000000091e+03
6.677341986455982124e+02 1.226208803611738176e+03
6.679304597701149078e+02 1.226844252873563164e+03
6.680376068376068588e+02 1.226910541310541248e+03
6.676159052453468803e+02 1.227681331077270215e+03
6.654509029345372255e+02 1.229718397291196425e+03
