6.572449776785714448e+02 1.228797433035714221e+03
6.566046255506607849e+02 1.228655837004405385e+03
6.559523809523809632e+02 1.229146688560481607e+03
6.547111477210323756e+02 1.229047775947281707e+03
6.546031920748486073e+02 1.229047330764997241e+03
6.547702479338843204e+02 1.229237465564738386e+03
6.559112590127565454e+02 1.229056017748197519e+03
6.567393705135284563e+02 1.228714522363335163e+03
6.560144124168514281e+02 1.228897450110864838e+03
6.551368653421633326e+02 1.229131346578366447e+03
6.546575492341356721e+02 1.229316192560175068e+03
6.551265822784810098e+02 1.229485965877820490e+03
6.574002217294899992e+02 1.229170177383592090e+03
6.575779867256636635e+02 1.229186946902654881e+03
6.568348875479978233e+02 1.229426769061985851e+03
6.554544456641053785e+02 1.229395170142700408e+03
6.546319824753559260e+02 1.229204819277108527e+03
6.547537026878770803e+02 1.229276467361491996e+03
6.557198679141441744e+02 1.229129334067143645e+03
6.562995545657015555e+02 1.229383630289532221e+03
6.560537396121883376e+02 1.229611080332409983e+03
6.553619361936193854e+02 1.229496149614961496e+03
6.541832779623476881e+02 1.229490586932447286e+03
6.542608938547485877e+02 1.229610614525139681e+03
