6.451439010680157935e+02 1.234615514333895362e+03
6.417783964365256679e+02 1.235332405345211555e+03
6.409311294765840330e+02 1.235500275482093684e+03
6.450051399200457354e+02 1.234637921187892744e+03
6.507300402067777441e+02 1.233692130959218730e+03
6.575777275296777589e+02 1.232297343131712751e+03
6.632364253393665194e+02 1.230303167420814589e+03
6.659718785151856082e+02 1.229483689538807539e+03
6.666012478729438726e+02 1.229120249574588797e+03
6.647146054840515035e+02 1.229177951874650262e+03
6.607954035874439569e+02 1.229511771300448345e+03
6.551598853868194965e+02 1.230815472779369657e+03
6.482429057888763282e+02 1.232181044267877496e+03
6.427378531073446766e+02 1.233091525423728854e+03
6.392231496939343742e+02 1.234218141346688981e+03
6.382937257079399842e+02 1.234499722376457612e+03
6.402598996095928214e+02 1.234007250418293324e+03
6.454267409470752455e+02 1.232981058495821799e+03
6.530593607305936530e+02 1.231598744292237370e+03
6.599555940023068388e+02 1.230030565167243367e+03
6.651026811180832965e+02 1.229050770108385677e+03
6.663388009049773473e+02 1.228274886877828067e+03
6.652599439775910923e+02 1.228420168067226996e+03
6.623222722159730438e+02 1.228730033745781839e+03
6.568609195402299292e+02 1.229485632183908137e+03
6.502740440324449764e+02 1.230619351100811173e+03
6.433235790658412725e+02 1.231444569499155932e+03
6.374137737961925723e+02 1.232327547592385145e+03
6.350730492529053208e+02 1.232490315439955793e+03
6.354517203107658361e+02 1.232365149833518217e+03
6.385828186412128389e+02 1.231169567658618689e+03
6.438620092378753270e+02 1.229897806004619042e+03
6.503872799545712269e+02 1.228398637137989681e+03
6.562856325128792605e+02 1.226672581568403075e+03
6.593218714768884183e+02 1.226052987598647178e+03
6.595881365416900053e+02 1.225589815332960370e+03
6.566566164154104399e+02 1.226055834729201479e+03
6.528322109988777129e+02 1.227085858585858659e+03
6.486473239436619451e+02 1.228181408450704339e+03
6.429898132427844075e+02 1.229187323146576091e+03
6.357153123272526045e+02 1.231173576561636310e+03
6.362127423822714718e+02 1.231432132963988806e+03
6.394563380281690570e+02 1.230764507042253626e+03
6.454300168634064221e+02 1.229644744238336216e+03
6.516676104190260048e+02 1.228248584371460993e+03
6.569566210045661592e+02 1.226932648401826555e+03
6.620360205831904068e+02 1.225947970268724930e+03
6.642874859075535596e+02 1.225594701240135237e+03
6.630402494331066237e+02 1.225534580498866262e+03
6.596522956326987241e+02 1.226000559910414268e+03
6.539290981281906170e+02 1.227002836074872448e+03
6.486933407946278294e+02 1.228368774482372601e+03
6.435680672268907756e+02 1.229810084033613521e+03
6.386733111849390525e+02 1.231135105204872616e+03
6.361844444444444662e+02 1.231648888888888905e+03
6.364038031319910260e+02 1.231225391498881436e+03
6.407350808700501830e+02 1.230100948131622999e+03
6.474607899255867096e+02 1.228954779622209571e+03
6.549442567567567721e+02 1.228006193693693604e+03
6.622239909039226404e+02 1.226818078453666885e+03
6.667174887892376773e+02 1.225802130044843125e+03
6.686126681614349536e+02 1.225460762331838623e+03
6.671779518746502617e+02 1.225592613318410713e+03
6.637519685039370643e+02 1.226940944881889664e+03
6.583972911963882098e+02 1.228505643340857887e+03
6.526444195176668472e+02 1.229808749298934345e+03
6.479790486976216926e+02 1.231108720271800621e+03
6.437958728388176723e+02 1.232153931957612940e+03
6.423582502768549602e+02 1.231907530454041989e+03
6.442649043869516845e+02 1.231473565804274358e+03
6.491730123180291230e+02 1.230408734602463710e+03
6.560506912442396015e+02 1.229052995391705053e+03
6.618283410138249110e+02 1.227062788018433139e+03
6.656611804767310332e+02 1.226097616345062534e+03
6.672244897959183163e+02 1.225272108843537353e+03
6.664490714687675563e+02 1.224973550928531267e+03
6.632749295774648317e+02 1.225535774647887365e+03
6.575005656108597805e+02 1.227051470588235361e+03
6.514826999432784760e+02 1.228199659671015297e+03
6.413706176961602523e+02 1.231002225932109013e+03
