7.141130722559294099e+02 1.236143408714837278e+03
7.133652694610779008e+02 1.233738704409362981e+03
7.148682766190999018e+02 1.230552689352359948e+03
7.183525461667599075e+02 1.227373810856183582e+03
7.245059088351154060e+02 1.223928531232414116e+03
7.329333716255025593e+02 1.220338311315336114e+03
7.412669416617560501e+02 1.216913376546847303e+03
7.499074074074073906e+02 1.213096064814814781e+03
7.569854397204426277e+02 1.208973209085614371e+03
7.607277936962750573e+02 1.206306017191977162e+03
7.611451520367182866e+02 1.203256454388984594e+03
7.577612716763005665e+02 1.201005780346820757e+03
7.513628318584070485e+02 1.199351032448377509e+03
7.400065828845002898e+02 1.199147217235188464e+03
7.234341036851967601e+02 1.200720799500312296e+03
7.081250770178681933e+02 1.202603203943314838e+03
6.901243307555026831e+02 1.205873289708506945e+03
6.705779019242706909e+02 1.210103041589075019e+03
6.548808510638298230e+02 1.214017021276595642e+03
6.384071216617210212e+02 1.219369139465875378e+03
6.225890173410405168e+02 1.224743930635838069e+03
6.107142042213348532e+02 1.228768397033656584e+03
6.005184776613348276e+02 1.233133480419194711e+03
5.919227373068432598e+02 1.236365342163355308e+03
5.859042669584245004e+02 1.238899890590809719e+03
5.817646414887793753e+02 1.241697865353037741e+03
5.792400644468314113e+02 1.241781954887218035e+03
5.789679558011049494e+02 1.244355801104972443e+03
5.797867036011080017e+02 1.244879778393351899e+03
5.816653587443946662e+02 1.245399663677130093e+03
5.836006749156355227e+02 1.245507311586051856e+03
5.855732122587968433e+02 1.244852440408626535e+03
5.872332949308755587e+02 1.245688364055299644e+03
5.881434308663224328e+02 1.244890418818129774e+03
5.881922196796339222e+02 1.244135011441647521e+03
5.875384174311926699e+02 1.243599197247706343e+03
5.871584385763489990e+02 1.242588978185993028e+03
5.867259174311926699e+02 1.242277522935779871e+03
5.863493424814179207e+02 1.240251000571755185e+03
5.861499429874572797e+02 1.239181870011402452e+03
5.852058319039450680e+02 1.238668953687821613e+03
5.834281641961231344e+02 1.237343215507411742e+03
5.828999999999999773e+02 1.236812921348314603e+03
5.829651685393258731e+02 1.236202808988763991e+03
5.823239514348786088e+02 1.235354304635761537e+03
5.811092299290005485e+02 1.235026215182960186e+03
5.800247178936056116e+02 1.233944116066630841e+03
5.790225563909774564e+02 1.233184210526315837e+03
5.781507725093233603e+02 1.232002131060202373e+03
5.772269579115610441e+02 1.230345764517847556e+03
5.771441537640149591e+02 1.228549386011745810e+03
5.772163742690058825e+02 1.226966507177033463e+03
5.774638619201725760e+02 1.225617583603020421e+03
5.781269669017905244e+02 1.224308193163320766e+03
5.792138949671772252e+02 1.223261487964989101e+03
5.808154859967050925e+02 1.223111477210323983e+03
5.834259668508287859e+02 1.222745303867403209e+03
5.859101497504159397e+02 1.221872989462007808e+03
5.889812154696132893e+02 1.221466850828729321e+03
5.926396396396396540e+02 1.221139639639639654e+03
5.953437677859988071e+02 1.221349459305634582e+03
5.971641876430205684e+02 1.221579519450800944e+03
5.968945852534561709e+02 1.222270161290322676e+03
5.950881670533642591e+02 1.223945475638050993e+03
5.913561804335090528e+02 1.226630931458699479e+03
5.850081490104772683e+02 1.230255529685681040e+03
5.779424418604651237e+02 1.233608139534883776e+03
5.702879908935685762e+02 1.238903813318155926e+03
5.619806046776953963e+02 1.245284654877353205e+03
5.554854481955762822e+02 1.249582072176949850e+03
5.514479405034325055e+02 1.253802059496567608e+03
5.502052302444570842e+02 1.256220579874928944e+03
5.520841983852363910e+02 1.256693771626297575e+03
5.676559013505578832e+02 1.257041103934233661e+03
5.799500316255534926e+02 1.255161290322580726e+03
5.949481340923466632e+02 1.253185325743200565e+03
6.144971537001897559e+02 1.250170777988614873e+03
6.319369369369369451e+02 1.246650727650727731e+03
6.491859716859717082e+02 1.244044401544401580e+03
6.675915670232850516e+02 1.239300188797986266e+03
6.820881979695431028e+02 1.235355964467005151e+03
6.942203907203906965e+02 1.232180097680097788e+03
7.051670776818742752e+02 1.227766954377312004e+03
7.128260869565217490e+02 1.224555279503105567e+03
7.189892150988615640e+02 1.221284002396644610e+03
7.239910233393177350e+02 1.217923997606223793e+03
7.261391875746714959e+02 1.215730585424133778e+03
7.261825677267373749e+02 1.213458775029446315e+03
7.251615695326024706e+02 1.212085401038661303e+03
7.242969903463940682e+02 1.211309483248154493e+03
7.233333333333333712e+02 1.211079258010118110e+03
7.222630106323447308e+02 1.211580302182428568e+03
7.212786152987157493e+02 1.212674483528754990e+03
7.208546158098397427e+02 1.214040353786622518e+03
7.208930747922437376e+02 1.215155678670360203e+03
7.209557277255119061e+02 1.215718871057000570e+03
7.211140011068068816e+02 1.215971223021582773e+03
7.216497772828507777e+02 1.216513363028953336e+03
7.213550524572059430e+02 1.216776918829375973e+03
7.215807522123893705e+02 1.216920907079645986e+03
7.226282051282050816e+02 1.217401337792642153e+03
7.233002232142856656e+02 1.218306919642857110e+03
7.240777903043968990e+02 1.219631905298759875e+03
7.254179864253393362e+02 1.221548076923076906e+03
7.268589235127478787e+02 1.223281019830028299e+03
7.283335263462652165e+02 1.225034742327736012e+03
7.300912260313771185e+02 1.226503195816385869e+03
7.315130331753554174e+02 1.227826421800947855e+03
7.328382526564345198e+02 1.228491735537190152e+03
7.334201430274135873e+02 1.229507747318235943e+03
7.328543007606787114e+02 1.230149795201872394e+03
7.323425871234494480e+02 1.230669226225634930e+03
7.322653061224490330e+02 1.231416326530612196e+03
7.320791618160651524e+02 1.232165890570430747e+03
7.323043731778425354e+02 1.233654810495626862e+03
7.318991888760139091e+02 1.235002896871378880e+03
7.310461627236006734e+02 1.236852279284477845e+03
7.295460829493088113e+02 1.238248847926267217e+03
7.265017301038062669e+02 1.239519031141868481e+03
7.229428897772701248e+02 1.239783552255853692e+03
7.193540723981900555e+02 1.239560520361990939e+03
7.162296089385474716e+02 1.238000000000000000e+03
7.146989130434782282e+02 1.235293478260869506e+03
7.149592169657422573e+02 1.232041326808047870e+03
7.184042198778456623e+02 1.228438645197112692e+03
7.235394588500563486e+02 1.224598647125140815e+03
7.310437500000000455e+02 1.220949431818181893e+03
7.410664739884392702e+02 1.216657803468208158e+03
7.495265643447461343e+02 1.213123966942148854e+03
7.566109195402299292e+02 1.208889080459770184e+03
7.623385598141695709e+02 1.205234610917537793e+03
7.643022323983972228e+02 1.201815684029765407e+03
7.631185270425776253e+02 1.199391829689297992e+03
7.570651541593949787e+02 1.197265270506108209e+03
7.482084352078239817e+02 1.197016503667481629e+03
7.340127349909035956e+02 1.196757428744693698e+03
7.155953686776356335e+02 1.199249847653869665e+03
6.987315653298835514e+02 1.202190815006468256e+03
6.808458308338332472e+02 1.205965206958608178e+03
6.614646098003629504e+02 1.211095583787053783e+03
6.458376703841387325e+02 1.215259603469640751e+03
6.304869668246445826e+02 1.221010663507109030e+03
6.157252432741843222e+02 1.226124212936462527e+03
6.047364517969195958e+02 1.230211066742726643e+03
5.955188888888889096e+02 1.234283888888888896e+03
5.821758957654723190e+02 1.240552117263843684e+03
