6.466940244780417970e+02 1.237657307415406876e+03
6.462297392529950457e+02 1.237250880902043718e+03
6.465130373502466909e+02 1.237004933051444596e+03
6.470477863668306782e+02 1.237197470133520710e+03
6.480510697032435701e+02 1.236903381642512159e+03
6.489919766593727672e+02 1.237975200583515743e+03
6.497116736990154777e+02 1.237234177215189902e+03
6.501026352288488397e+02 1.236945214979195498e+03
6.503490959666203253e+02 1.237017385257301839e+03
6.508013986013985459e+02 1.237449650349650256e+03
6.516283249460819889e+02 1.238151689432063222e+03
6.525428773919205696e+02 1.237772501771793031e+03
6.537999999999999545e+02 1.238507913669064692e+03
6.552817719680464279e+02 1.237781408859840212e+03
6.566549543218552571e+02 1.237730850316233273e+03
6.574189580318378603e+02 1.237882054992764097e+03
6.572292545710266722e+02 1.237457805907172997e+03
6.563906567366283298e+02 1.236758970886932957e+03
6.554931129476583465e+02 1.237451790633608880e+03
6.537837273991655138e+02 1.238209318497913728e+03
6.524755652808169089e+02 1.238993435448577657e+03
6.518699070764831731e+02 1.238928520371694049e+03
6.517961783439490091e+02 1.238692144373673045e+03
6.515881944444444116e+02 1.237906250000000000e+03
6.513117522871217489e+02 1.238826178747360927e+03
6.504628851540616097e+02 1.238351540616246439e+03
6.496857339765679171e+02 1.238376292212267344e+03
6.489056732740942834e+02 1.237946001367053896e+03
6.481564013840830967e+02 1.238298961937716285e+03
6.474986413043478706e+02 1.237591711956521749e+03
6.465298196948682516e+02 1.237872399445215024e+03
6.452764340013821993e+02 1.237407740152038741e+03
6.446908831908831417e+02 1.238387464387464433e+03
6.449550724637681469e+02 1.238425362318840598e+03
6.457903225806451246e+02 1.236928471248246751e+03
6.470521126760563675e+02 1.236972535211267541e+03
6.481155462184873386e+02 1.236702380952380963e+03
6.489137447405329340e+02 1.236464235624123376e+03
6.491339846475924560e+02 1.236383112351709769e+03
6.492443799854967210e+02 1.237149383611312487e+03
6.491362984218077372e+02 1.237040889526542287e+03
6.486057347670250692e+02 1.236966308243727553e+03
6.479366998577525010e+02 1.236583926031294368e+03
6.474903364352182962e+02 1.237115962777379991e+03
6.469073806078147300e+02 1.237530390738060760e+03
6.467182203389830875e+02 1.237016242937853121e+03
6.468559201141226822e+02 1.237282453637660410e+03
6.478484631879914559e+02 1.237822015725518213e+03
6.485017946877243276e+02 1.238058865757358262e+03
6.487000700770847743e+02 1.237351086194814343e+03
6.488622628250175239e+02 1.237804638088545289e+03
6.490486061472480515e+02 1.238729092208720431e+03
6.498292151162791015e+02 1.239085755813953483e+03
6.506905606813343184e+02 1.238811923349893505e+03
6.515179083094556063e+02 1.239338108882521510e+03
6.518071528751753476e+02 1.238441093969144504e+03
6.528800292611558689e+02 1.239448427212875004e+03
6.539351851851852189e+02 1.238932336182336257e+03
6.551014084507041844e+02 1.238373943661971907e+03
6.564361479413817051e+02 1.237505233775296574e+03
6.575509776536313211e+02 1.237554469273743052e+03
6.578716875871687080e+02 1.237301952580195348e+03
6.578565340909091219e+02 1.237703125000000000e+03
6.569030470914127591e+02 1.237200831024930721e+03
6.561877667140824997e+02 1.237894025604551871e+03
6.561220387652548425e+02 1.238162239770279939e+03
6.559391117478510296e+02 1.238042979942693364e+03
6.558758169934640136e+02 1.238277414669571499e+03
6.557701729106628363e+02 1.238140489913544570e+03
6.554644886363636260e+02 1.237293323863636260e+03
6.548069204152249085e+02 1.235993079584775160e+03
6.537589466576637278e+02 1.236241728561782566e+03
6.524800266311584664e+02 1.235505326231691015e+03
6.512264021887824583e+02 1.236651846785225644e+03
6.498227206946454544e+02 1.238037626628075259e+03
6.485644820295982527e+02 1.237071881606765373e+03
6.484886441844460023e+02 1.236670337233310420e+03
6.485733695652173765e+02 1.236182065217391255e+03
6.495946704067321207e+02 1.236959326788218732e+03
6.508408769448373050e+02 1.237030410183875574e+03
6.517950530035335532e+02 1.236395759717314377e+03
6.527789327789328127e+02 1.235781704781704775e+03
6.537653554175293493e+02 1.235610766045548644e+03
6.545433884297520990e+02 1.235674242424242493e+03
6.547216916780354268e+02 1.235475443383356151e+03
6.551532485875706016e+02 1.236310028248587514e+03
6.556649999999999636e+02 1.236541428571428469e+03
6.560376538740043770e+02 1.236610427226647289e+03
6.569892318736540346e+02 1.236382627422828364e+03
6.580571227080395147e+02 1.236106488011283545e+03
6.597341862117981464e+02 1.236763326226012850e+03
6.608017118402282222e+02 1.236589871611982971e+03
6.608655692729766997e+02 1.235144718792867025e+03
6.611871508379888382e+02 1.236302374301676082e+03
6.607556980056980365e+02 1.236959401709401618e+03
6.597601935038010197e+02 1.236733241188666170e+03
6.591044558071585016e+02 1.238508400292183978e+03
6.581151129943502838e+02 1.237812146892655392e+03
6.573124147339699448e+02 1.236920190995907205e+03
6.568933797909407986e+02 1.237871777003484340e+03
6.569756267409470638e+02 1.237935933147632340e+03
6.574335664335663978e+02 1.238242657342657367e+03
6.576150598170302146e+02 1.238489795918367236e+03
6.582581792318634371e+02 1.238403982930298753e+03
6.586011004126547732e+02 1.237405777166437474e+03
6.591812320916905037e+02 1.238773638968481464e+03
6.591589595375722865e+02 1.239042630057803535e+03
6.585322924059616980e+02 1.237545777146912769e+03
6.586589427950760864e+02 1.237948587979724834e+03
6.591806069578090046e+02 1.238360473723168070e+03
6.601561051004637193e+02 1.239042503863987577e+03
6.608481203007519298e+02 1.237696240601503860e+03
6.619444861215304172e+02 1.237605401350337615e+03
6.620655375552282749e+02 1.236589101620029396e+03
6.626401459854014320e+02 1.236689051094890601e+03
6.626043478260869506e+02 1.236648550724637744e+03
6.618389121338911991e+02 1.235706415620641565e+03
6.610866141732283268e+02 1.236658554044380708e+03
6.600709010339734277e+02 1.237107090103397240e+03
6.588890521675239142e+02 1.237104335047758923e+03
6.579905660377359027e+02 1.237212626995645905e+03
6.576099290780141473e+02 1.236747517730496384e+03
6.577484008528784898e+02 1.237063255152807415e+03
6.580189340813464014e+02 1.236227208976157044e+03
6.588992957746478396e+02 1.236580281690140737e+03
6.591702721563153773e+02 1.236175854849965162e+03
6.594176594253679013e+02 1.236430974071478659e+03
6.596243763364219603e+02 1.237099073414112581e+03
6.597205673758865032e+02 1.237296453900709139e+03
6.601404011461318078e+02 1.238171919770773684e+03
6.609313146233382668e+02 1.238863367799113803e+03
6.620860294117646845e+02 1.239452941176470631e+03
6.630459259259258715e+02 1.239731851851851843e+03
6.646825396825396410e+02 1.238963718820861686e+03
6.662853898561695587e+02 1.239227100681302090e+03
6.671663035584604131e+02 1.238370370370370438e+03
6.681239376770538456e+02 1.237349150141643122e+03
6.686861209964413320e+02 1.237442704626334489e+03
6.684659009332376627e+02 1.237462311557789008e+03
6.670879432624113861e+02 1.237549645390070964e+03
6.657223032069971396e+02 1.238407434402332456e+03
6.647369985141159532e+02 1.238959138187221470e+03
6.638566094100074224e+02 1.238923823749066514e+03
6.632690317812268859e+02 1.239451589061345203e+03
6.631346726190475920e+02 1.239099702380952294e+03
6.629376811594203218e+02 1.238659420289855007e+03
6.625249457700650737e+02 1.238266811279826470e+03
6.621087267525035713e+02 1.238535050071530804e+03
6.613904011461318078e+02 1.238060171919770710e+03
6.604404934687953528e+02 1.238833091436865061e+03
6.589472222222221944e+02 1.237328472222222217e+03
6.577190311418685269e+02 1.237683044982698902e+03
6.568748290013679707e+02 1.237290013679890535e+03
6.568590556730091521e+02 1.237945031712473565e+03
6.573105726872246350e+02 1.239064610866372959e+03
6.580202166064981384e+02 1.238142960288808581e+03
6.588900144717799776e+02 1.237815484804631069e+03
6.597307420494699954e+02 1.237078445229682075e+03
6.609761235955056691e+02 1.236349719101123583e+03
6.625885304659498161e+02 1.236713261648745629e+03
6.639039881831610046e+02 1.237387001477104832e+03
6.644822747415066715e+02 1.237226735598227378e+03
6.650935361216729689e+02 1.237690494296577981e+03
6.654580792682926358e+02 1.238146341463414728e+03
6.659503058103975945e+02 1.238299694189602405e+03
6.669065693430657120e+02 1.237205109489050983e+03
6.682509279881217026e+02 1.237991091314031110e+03
6.682563718140929723e+02 1.237889805097451244e+03
6.677067723342939871e+02 1.237760806916426418e+03
6.667647467036780426e+02 1.237150589868147108e+03
6.656624203821655783e+02 1.237736022646850643e+03
6.641589119541874879e+02 1.238335719398711490e+03
6.632612156295224395e+02 1.238672937771345914e+03
6.629932075471698454e+02 1.239969811320754616e+03
6.626890021849964114e+02 1.239107064821558652e+03
6.628645759087669376e+02 1.238441197434069863e+03
6.638645024700070962e+02 1.238188426252646423e+03
6.648070671378092129e+02 1.238404946996466379e+03
6.652857142857143344e+02 1.237859243697479087e+03
6.663541055718475263e+02 1.239082111436950072e+03
6.667380952380951840e+02 1.238646464646464665e+03
6.666291012838801180e+02 1.238221112696148339e+03
6.665745614035088238e+02 1.239358918128654977e+03
6.661186063750926678e+02 1.239785767234988953e+03
6.656469282013323436e+02 1.239216876387860793e+03
6.648922852983988605e+02 1.238206695778748099e+03
6.648403614457831736e+02 1.238826807228915641e+03
6.643280461427541468e+02 1.237806056236481709e+03
6.640891304347826463e+02 1.238013043478260897e+03
6.635511240029006785e+02 1.237142131979695478e+03
6.629755747126437200e+02 1.237329741379310235e+03
6.620073367571533254e+02 1.237629493763756500e+03
6.606781609195402325e+02 1.236912356321839070e+03
6.592883018867923965e+02 1.238555471698113251e+03
6.577100809418690233e+02 1.237830022075055240e+03
6.562860294117647300e+02 1.238349999999999909e+03
6.554579985390796537e+02 1.238097151205259252e+03
6.552371134020618229e+02 1.238732695139911584e+03
6.559587932303163598e+02 1.238455481972038342e+03
6.575521646557842814e+02 1.237090134847409445e+03
6.587295733911786328e+02 1.237807664497469204e+03
6.596568345323740914e+02 1.237515827338129384e+03
6.600036469730124509e+02 1.238185995623632380e+03
6.602704918032786736e+02 1.238401639344262321e+03
6.605125368731563640e+02 1.237558259587020757e+03
6.610353649360421286e+02 1.238334838224228633e+03
6.614227405247813749e+02 1.236640670553935934e+03
6.624265473527218546e+02 1.238266964951528735e+03
6.627102601156069568e+02 1.237280346820809200e+03
6.635865384615384528e+02 1.237966715976331443e+03
6.647691740412979016e+02 1.238028761061946852e+03
6.655369963369963671e+02 1.237136996336996390e+03
6.667115384615384528e+02 1.237497041420118421e+03
6.668917748917748440e+02 1.236613275613275619e+03
6.667033837293016632e+02 1.236939524838012858e+03
6.658274111675126505e+02 1.237364757070340829e+03
6.645450516986705907e+02 1.237822747415066488e+03
6.630361623616236102e+02 1.238225830258302494e+03
6.617463343108504432e+02 1.238607771260996969e+03
6.605942136498516675e+02 1.238480712166171998e+03
6.596632947976878540e+02 1.238024566473988443e+03
6.594223163841808173e+02 1.237215395480225880e+03
6.591400560224089986e+02 1.237747899159663802e+03
6.586643788606726275e+02 1.237427590940288155e+03
6.579484181568087706e+02 1.237427785419532256e+03
6.567708628005657374e+02 1.238206506364922234e+03
6.553926337734537810e+02 1.237699096594857565e+03
6.548281358281358280e+02 1.238279279279279308e+03
6.551878531073446084e+02 1.238466101694915324e+03
6.560657612580414479e+02 1.237621157969978640e+03
6.576152716593245486e+02 1.238104992657856201e+03
6.590399129172714083e+02 1.237480406386066761e+03
6.599274136715997656e+02 1.237102184637068376e+03
6.599194915254237230e+02 1.236108757062146879e+03
6.599805475504322203e+02 1.236718299711815462e+03
6.599142651296830309e+02 1.236820605187319870e+03
6.597754811119031046e+02 1.236671418389166092e+03
6.592472160356347786e+02 1.237210096510764743e+03
6.584974802015839259e+02 1.236832253419726385e+03
6.577365313653136809e+02 1.237288560885608831e+03
6.569137168141593293e+02 1.237315634218289006e+03
6.562554585152838627e+02 1.236973799126637459e+03
6.561873177842566065e+02 1.237126822157434390e+03
6.567934238741958097e+02 1.236688348820586043e+03
6.565808926080892434e+02 1.236266387726638868e+03
6.563766879886283050e+02 1.237135749822316939e+03
6.556992269852424897e+02 1.237438510189739873e+03
6.546018005540166769e+02 1.237581717451523446e+03
6.535068493150685072e+02 1.237299999999999955e+03
6.529573391178597603e+02 1.239186550976138733e+03
6.525014164305948725e+02 1.238446175637393708e+03
6.523963712491276965e+02 1.237977669225401314e+03
6.526422145328720035e+02 1.237832525951557045e+03
6.537234927234927682e+02 1.238045045045045072e+03
6.548899587345254076e+02 1.237929160935350865e+03
6.557177033492822602e+02 1.237373205741626862e+03
6.564868965517241577e+02 1.236938620689655181e+03
6.567267721954576700e+02 1.236841018582243578e+03
6.564565217391303804e+02 1.238112201963534289e+03
6.549864188706218329e+02 1.238320228734810598e+03
6.540398009950248479e+02 1.238262970859985899e+03
6.531801152737751863e+02 1.238817723342939416e+03
6.521549789621318496e+02 1.237961430575035138e+03
6.519635416666666288e+02 1.239148065476190368e+03
6.509622238061297139e+02 1.238389166072701300e+03
6.502186629526462411e+02 1.237781337047353873e+03
6.498987883107625976e+02 1.238613684960798309e+03
6.491458625525946218e+02 1.238198457223001469e+03
6.488070921985815858e+02 1.238763829787234044e+03
6.480507649513212982e+02 1.238356050069540970e+03
6.474332865168539684e+02 1.238946629213483220e+03
6.457843003412968983e+02 1.238086006825938512e+03
6.448256944444444798e+02 1.238877083333333303e+03
6.439141630901287954e+02 1.239642346208869867e+03
6.437737682165162596e+02 1.238556557945870964e+03
6.445644820295982527e+02 1.238224101479915362e+03
6.459048285514345480e+02 1.238356193142057464e+03
6.474152966404574272e+02 1.238428877769835708e+03
6.484947442186404487e+02 1.238022424667133919e+03
6.493783783783783292e+02 1.237703413940256041e+03
6.498575438596491267e+02 1.237614035087719230e+03
6.499244629244628868e+02 1.237024255024255126e+03
6.505660377358490223e+02 1.237145352900069838e+03
6.515181268882174663e+02 1.238614803625377590e+03
6.522057761732852441e+02 1.237807220216606538e+03
6.535536723163842225e+02 1.237064971751412486e+03
6.546929637526652641e+02 1.236861407249466993e+03
6.554459064327485294e+02 1.237207602339181221e+03
6.551034236804564443e+02 1.236968616262482101e+03
6.547180966113915019e+02 1.237235760634462849e+03
6.539093484419263405e+02 1.237247167138810255e+03
6.525745895788721782e+02 1.237724482512491022e+03
6.516348195329087503e+02 1.238140835102618439e+03
6.509377211606511082e+02 1.238245576786978063e+03
6.503497884344146769e+02 1.238090267983074682e+03
6.496250000000000000e+02 1.238514124293785244e+03
6.491962616822429482e+02 1.239575125808770736e+03
6.486742581090406929e+02 1.238174603174603135e+03
6.486820083682008544e+02 1.238526499302649881e+03
6.486962025316455538e+02 1.238618846694796048e+03
6.488255733148019999e+02 1.238254343293954207e+03
6.485385674931129643e+02 1.237815426997245140e+03
6.475481481481481296e+02 1.237110437710437736e+03
6.463732154996600912e+02 1.236821889870836230e+03
6.458085553997194665e+02 1.237715287517531578e+03
6.459076277116864730e+02 1.237648705388383405e+03
6.467990092002830806e+02 1.237549186128803967e+03
6.482117310443491078e+02 1.237548640915593751e+03
6.489528169014084824e+02 1.236803521126760643e+03
6.499588652482269708e+02 1.236440425531914798e+03
6.509129511677282380e+02 1.236605803255484716e+03
6.511964539007092299e+02 1.236265248226950462e+03
6.512572850035536476e+02 1.236595593461265025e+03
6.510086767895878666e+02 1.236944323933478017e+03
6.502830324909747333e+02 1.236741516245487446e+03
6.493778264040846580e+02 1.237542669584245004e+03
6.478586206896551403e+02 1.236051034482758723e+03
6.473250000000000455e+02 1.236528571428571468e+03
6.477478632478632790e+02 1.236764245014245034e+03
6.484376351838500341e+02 1.237093727469358328e+03
6.493354655294954227e+02 1.236883439943141411e+03
6.500621508379888382e+02 1.236534916201117312e+03
6.509330143540670406e+02 1.236092959671907010e+03
6.515642458100559224e+02 1.236689245810055809e+03
6.524625943719972838e+02 1.236197666437886028e+03
6.530236439499304879e+02 1.236796244784422697e+03
6.536714490674318085e+02 1.237824964131994193e+03
