6.595662921348314285e+02 1.228991573033707937e+03
6.580518018018018438e+02 1.229552927927927840e+03
6.569790605546123743e+02 1.230063950198075872e+03
6.571778029445073344e+02 1.230131370328425874e+03
6.572954802259887401e+02 1.229776271186440681e+03
6.576317264573990542e+02 1.229266816143497863e+03
6.585409652076318707e+02 1.228435465768799077e+03
6.593924549549549283e+02 1.228234234234234236e+03
6.594968873797396327e+02 1.227764572722127923e+03
6.583271080928126366e+02 1.227654216185625273e+03
6.563601359003397420e+02 1.228180634201585463e+03
6.538290358744394553e+02 1.228323991031390051e+03
6.507393973214285552e+02 1.228861607142857110e+03
6.485847693162868381e+02 1.229387993329627534e+03
6.475168975069252610e+02 1.229552908587257662e+03
6.474403771491957968e+02 1.229592900721020442e+03
6.487547274749722419e+02 1.229249721913236954e+03
6.511198879551820937e+02 1.228770868347339047e+03
6.541357746478872741e+02 1.228457464788732295e+03
6.562865990990991349e+02 1.228200450450450489e+03
6.575659526493799376e+02 1.228174746335963846e+03
6.570781686208821384e+02 1.228192629815745477e+03
6.558643216080401999e+02 1.228176996091568981e+03
6.540183844011141900e+02 1.228398885793871841e+03
6.519307649357900800e+02 1.228844779452819694e+03
6.504908282379099091e+02 1.229241245136186762e+03
6.493144444444444616e+02 1.229268888888888796e+03
6.491441441441440929e+02 1.229537725225225131e+03
6.498818232976927902e+02 1.229169386606640501e+03
6.513850056369785761e+02 1.229322998872604330e+03
6.536766534765404231e+02 1.228905596382136764e+03
6.557667785234899611e+02 1.228483221476510153e+03
6.589089887640449206e+02 1.228753932584269705e+03
6.599221218961624800e+02 1.228887133182844309e+03
6.602183580387685424e+02 1.229116305587229135e+03
6.595212053571428896e+02 1.229595982142857110e+03
6.588128817323708972e+02 1.229976679622431902e+03
6.587845211581292233e+02 1.230155345211581334e+03
6.588618753509264252e+02 1.229790005614823031e+03
6.591195530726256493e+02 1.229406703910614624e+03
6.598806722689075741e+02 1.228955182072829075e+03
6.612498580352072395e+02 1.228806360022714443e+03
6.612230462065031134e+02 1.228795778665145463e+03
6.600311438278595233e+02 1.229176670441676151e+03
6.585501126126125655e+02 1.229984797297297291e+03
6.577583705357143344e+02 1.230194196428571331e+03
6.573995510662177821e+02 1.230686868686868593e+03
6.575938547486033485e+02 1.230570391061452483e+03
6.591398759165256251e+02 1.230328257191201374e+03
6.610949689089881076e+02 1.229572074618428587e+03
6.620560906515580655e+02 1.229251558073654451e+03
6.618208286674132523e+02 1.229245240761478271e+03
6.611482525366403706e+02 1.229358511837654987e+03
6.597853139013452619e+02 1.230131165919282466e+03
6.581557930258717306e+02 1.230430258717660308e+03
6.567100558659217313e+02 1.230931284916201093e+03
6.563574229691877235e+02 1.231240336134453855e+03
6.564408117249154202e+02 1.231152198421646062e+03
6.564485294117647527e+02 1.230990384615384528e+03
6.566948198198198270e+02 1.230330518018017983e+03
6.576145124716553028e+02 1.229996031746031804e+03
6.577882882882882996e+02 1.229640202702702709e+03
6.571726862302483596e+02 1.229205417607223580e+03
6.557754524886877334e+02 1.229414592760180994e+03
6.509503105590061978e+02 1.230105590062111787e+03
