6.603653095370887058e+02 1.228932515337423411e+03
6.593652365236523565e+02 1.229218921892189201e+03
6.580038738240176599e+02 1.230293857221914777e+03
6.566165289256198321e+02 1.230812121212121156e+03
6.559576547231270069e+02 1.230599348534201908e+03
6.559186237028945925e+02 1.230700163844893495e+03
6.564590254706533869e+02 1.230692691029900288e+03
6.575893746541228211e+02 1.230386275594908739e+03
6.588966292134831519e+02 1.230327528089887664e+03
6.597625979843224968e+02 1.229419372900335929e+03
6.594405555555555338e+02 1.228993888888888932e+03
6.585264317180616445e+02 1.228564977973568375e+03
6.560679079956188389e+02 1.228406352683461137e+03
6.519267100977198197e+02 1.228095548317046678e+03
6.505480561555075383e+02 1.228072354211662969e+03
6.505045772751750519e+02 1.227945072697899832e+03
6.516482683982684421e+02 1.227658549783549688e+03
6.536899728997290140e+02 1.227563685636856462e+03
6.555002748763056388e+02 1.227548103353490887e+03
6.572917594654788900e+02 1.227868596881960002e+03
6.589971878515185608e+02 1.228337457817772702e+03
6.591346368715084054e+02 1.228418994413407745e+03
6.583182819383259812e+02 1.228664647577092410e+03
6.568906506287588627e+02 1.229268452706396829e+03
6.557686040195545729e+02 1.229713742531233038e+03
6.548591780821917610e+02 1.230041095890411043e+03
