6.566914254505734334e+02 1.230448935008192166e+03
6.582811980033277450e+02 1.229444259567387689e+03
6.586531506849314610e+02 1.228486027397260386e+03
6.580829187396351472e+02 1.228429519071310096e+03
6.559026548672566150e+02 1.228497234513274407e+03
6.534714518760196142e+02 1.228689505165850960e+03
6.534524070021882380e+02 1.229385120350109446e+03
6.545858862144419845e+02 1.229695842450765895e+03
6.563195135433941232e+02 1.230269209508015365e+03
6.578253706754530867e+02 1.230392092257001650e+03
6.584986210700496940e+02 1.230675675675675620e+03
6.569316427783902554e+02 1.230957001102535742e+03
6.538414434117004248e+02 1.230591580098414397e+03
6.509906849315068484e+02 1.231195616438356183e+03
6.505313019390581530e+02 1.230963988919667599e+03
6.520487534626038268e+02 1.230596121883656451e+03
6.548561190738698770e+02 1.230407386990077157e+03
6.576147902869756763e+02 1.229950883002207547e+03
6.576390565002742505e+02 1.229347229840921500e+03
6.557949422759758136e+02 1.229134689389774621e+03
6.529994529540481381e+02 1.228757111597374205e+03
6.505122883670126157e+02 1.228089568541780409e+03
6.496065395095367876e+02 1.227973297002724848e+03
6.514174008810572332e+02 1.227903634361233571e+03
6.545280837004405612e+02 1.227941629955947064e+03
6.572454695222405689e+02 1.228313563975837496e+03
6.595963656387665424e+02 1.229130506607929419e+03
6.602648825778263699e+02 1.229777170944838872e+03
6.589714755896873157e+02 1.230279210093252914e+03
6.569097826086956502e+02 1.230474999999999909e+03
6.559868131868131513e+02 1.230853846153846234e+03
6.562880133185349223e+02 1.230281908990011061e+03
6.572538716814159443e+02 1.229210176991150547e+03
6.577550463720676817e+02 1.228265139116203045e+03
6.576152588555858074e+02 1.227622888283378643e+03
6.556475722858701829e+02 1.227284779050736461e+03
6.531172300981461376e+02 1.227460196292257251e+03
6.497726281352234992e+02 1.228321701199563904e+03
