6.487053669222343615e+02 1.228866374589266115e+03
6.485120218579235143e+02 1.228505464480874252e+03
6.510916620651573794e+02 1.228527885146327890e+03
6.566788939051918987e+02 1.228134311512415252e+03
6.615078475336323436e+02 1.227304372197309476e+03
6.655008337965535929e+02 1.227273485269594175e+03
6.669137451307734636e+02 1.226986644407345466e+03
6.658876529477197437e+02 1.226974972191323786e+03
6.623699776785714448e+02 1.227525111607142890e+03
6.566830083565459972e+02 1.228150974930362054e+03
6.521249302844395288e+02 1.229051310652537722e+03
6.498868131868132423e+02 1.229368681318681411e+03
6.504524861878453521e+02 1.229493922651933644e+03
6.526419408812047322e+02 1.229081427774679241e+03
6.569777530589543630e+02 1.228859844271412612e+03
6.622999437253798760e+02 1.228129431626336554e+03
6.658024553571428896e+02 1.227169642857142890e+03
6.668766052484645570e+02 1.226902847571189341e+03
6.644446927374301595e+02 1.226975418994413303e+03
6.607623542476402463e+02 1.227181565796779523e+03
6.560167317345230913e+02 1.227914668153931871e+03
6.510861690450054766e+02 1.228409440175631062e+03
6.485554347826086996e+02 1.229096739130434798e+03
6.488019747668678292e+02 1.229464070213933155e+03
6.524146341463414274e+02 1.228604767184035381e+03
6.571143661971831307e+02 1.228505352112676064e+03
6.618099496925656240e+02 1.228389603130240403e+03
6.653450028232637123e+02 1.227784867306606429e+03
6.668059284116330900e+02 1.227504474272930565e+03
6.654629213483145804e+02 1.227834831460674195e+03
6.609488888888888596e+02 1.228406666666666752e+03
6.562957110609480651e+02 1.229363995485327223e+03
6.515399889685603512e+02 1.229334804191947114e+03
6.483507910529186802e+02 1.229998908892525833e+03
6.480653846153845734e+02 1.229931318681318771e+03
6.504346153846154266e+02 1.229571978021978111e+03
6.557986425339366860e+02 1.229152714932126628e+03
6.607178329571106588e+02 1.228706546275395112e+03
6.663301462317210735e+02 1.228214848143981953e+03
