6.557599118942731593e+02 1.230033039647577198e+03
6.553242793791574741e+02 1.230233370288248352e+03
6.542585924713583836e+02 1.230490452809601720e+03
6.536975850713502041e+02 1.230683863885839628e+03
6.536179219351291749e+02 1.230705332600329939e+03
6.539611111111111086e+02 1.230426111111111140e+03
6.538658536585365937e+02 1.229706208425720661e+03
6.529751929437707076e+02 1.228823042998897563e+03
6.515055126791620523e+02 1.228281697905182000e+03
6.506553051126992386e+02 1.228377680043980263e+03
6.511147356580427186e+02 1.228136107986501656e+03
6.524082774049217051e+02 1.227958053691275154e+03
6.540710290827740891e+02 1.228374720357941897e+03
6.552695749440715645e+02 1.228701342281879306e+03
6.563139339675433348e+02 1.229139339675433575e+03
6.567771618625276915e+02 1.229253880266075384e+03
6.568542936288088185e+02 1.229313019390581758e+03
6.557660398230088958e+02 1.229467920353982208e+03
6.550685307017544119e+02 1.229572368421052715e+03
6.552742731760833976e+02 1.229381788261108113e+03
6.559614325068870357e+02 1.228661157024793283e+03
6.563802112284602117e+02 1.228752640355753101e+03
6.558500823723228450e+02 1.228512904997254282e+03
6.552070484581497567e+02 1.228593612334801719e+03
6.548960396039603893e+02 1.228353685368536844e+03
6.553062465450525451e+02 1.228367606412382429e+03
6.561982132886655563e+02 1.228307091010608701e+03
6.564796883695047427e+02 1.228115191986644504e+03
6.559636163175302954e+02 1.228369900771775065e+03
6.548018660812293774e+02 1.228705268935236063e+03
6.550203408466189785e+02 1.228848268279274407e+03
6.561421432537479177e+02 1.229088839533592363e+03
6.568966465090709335e+02 1.229327652556349676e+03
6.566991247264770664e+02 1.229370350109409173e+03
6.565398471615720837e+02 1.229592794759825438e+03
6.566094349972572672e+02 1.229969281404278718e+03
6.565500273373428399e+02 1.229637506834335682e+03
6.563606648199446454e+02 1.228956786703601210e+03
