6.397809939923539559e+02 1.194058984161660192e+03
6.365944775311315880e+02 1.196826204656199252e+03
6.355078336034575841e+02 1.201333333333333258e+03
6.336778017241379075e+02 1.208060344827586277e+03
6.308122294372294618e+02 1.215060606060606005e+03
6.286006511123168821e+02 1.222118827997829612e+03
6.295361771058314844e+02 1.231180345572354099e+03
6.327063666300767864e+02 1.237759055982436848e+03
6.385788876276958490e+02 1.243532349602724253e+03
6.492836257309941175e+02 1.249125730994152036e+03
6.585540540540540633e+02 1.252722679200940092e+03
6.669375722543352367e+02 1.253923121387283345e+03
6.754254207777132706e+02 1.255084735925710902e+03
6.808547741566609375e+02 1.254244711263579120e+03
6.880118577075098756e+02 1.248377752682100436e+03
6.908581879572312801e+02 1.243053460889138933e+03
6.924555120313374346e+02 1.236729155008393946e+03
6.917023281596452762e+02 1.228176829268292749e+03
6.885039018952062406e+02 1.220581382385730194e+03
6.794759999999999991e+02 1.212486857142857161e+03
6.657673352435530205e+02 1.203860744985673364e+03
6.544181106763554681e+02 1.197670206819452233e+03
6.459734660033167302e+02 1.194315644002211229e+03
6.387780806979279760e+02 1.194363140676117837e+03
6.352728740581270586e+02 1.197478471474704065e+03
6.333812066203951190e+02 1.201560064068339670e+03
6.313054662379421416e+02 1.207862808145766394e+03
6.259622437971952422e+02 1.222231391585760548e+03
