6.547487548422800501e+02 1.229655783065855076e+03
6.555785123966942365e+02 1.229454545454545496e+03
6.549186813186813652e+02 1.229346703296703254e+03
6.546104683195592315e+02 1.229721212121212147e+03
6.552511086474501099e+02 1.229691241685144178e+03
6.556763736263736746e+02 1.229584615384615290e+03
6.563442714126807687e+02 1.229924916573971132e+03
6.568618201997779806e+02 1.230193673695893494e+03
6.574714681440443655e+02 1.230125207756232612e+03
6.574772978959025522e+02 1.230039313399778621e+03
6.575309192200556936e+02 1.229849025069637946e+03
6.576192584394023015e+02 1.229654676258992822e+03
6.574955703211517175e+02 1.229480066445182729e+03
6.572213613724404695e+02 1.229793580520199157e+03
6.571165745856353624e+02 1.230141988950276300e+03
6.567738029719317865e+02 1.230122179416620838e+03
6.562323788546254946e+02 1.229886013215859066e+03
6.557699066447007681e+02 1.229851729818780996e+03
6.556752605595172554e+02 1.229907844212835926e+03
6.554054945054945165e+02 1.229525824175824255e+03
6.545514786418400490e+02 1.229334611171960660e+03
6.543163434903046891e+02 1.229191689750692603e+03
6.541392265193370577e+02 1.229239779005524952e+03
6.542899833978971174e+02 1.229347537354731685e+03
6.546541643684500968e+02 1.229383894098179780e+03
6.548337919647771059e+02 1.229267473858007634e+03
6.553210496929090141e+02 1.229673925181462891e+03
6.558789878987898874e+02 1.229557755775577562e+03
6.563193746510329447e+02 1.229622557230597522e+03
6.562376457523597537e+02 1.229493059411438026e+03
6.568245711123408910e+02 1.229159933591588242e+03
6.572597984322508182e+02 1.228928891377379614e+03
6.562420346562324767e+02 1.229246506428172097e+03
6.562224080267558293e+02 1.229138795986621972e+03
6.566545454545454277e+02 1.229315151515151456e+03
6.577620614035088238e+02 1.229834978070175339e+03
