6.539939192924267672e+02 1.229066887783305674e+03
6.533569452130602713e+02 1.228983397897066880e+03
6.535837506956038396e+02 1.228964385086254879e+03
6.551261261261261097e+02 1.228944819819819713e+03
6.574065499717673902e+02 1.228457368718238286e+03
6.605661345496008607e+02 1.227960091220068307e+03
6.640278093076050254e+02 1.227417707150964816e+03
6.662025959367946371e+02 1.227134311512415252e+03
6.662390078917700293e+02 1.227094137542277394e+03
6.645672149744752915e+02 1.227255246738513961e+03
6.610381593714927249e+02 1.227620650953984295e+03
6.575751964085297914e+02 1.228212121212121247e+03
6.551959686450168192e+02 1.228329227323628174e+03
6.539796255506607849e+02 1.228492290748898768e+03
6.535397790055249061e+02 1.228775138121546888e+03
6.526644481419855310e+02 1.229229062673322233e+03
6.524870665932855900e+02 1.229543203082003402e+03
6.531081985499163238e+02 1.229540435025097622e+03
6.546801552106429654e+02 1.229180709534368134e+03
6.573935629587803078e+02 1.229156408808582682e+03
6.601691176470587834e+02 1.229115384615384528e+03
6.626832861189801633e+02 1.228828328611898087e+03
6.640575296108290786e+02 1.228368302312464721e+03
6.639774774774774642e+02 1.228737049549549511e+03
6.626610455311972601e+02 1.228490725126475581e+03
6.609755125284738142e+02 1.228836560364464731e+03
6.597728547392035807e+02 1.229071789119461528e+03
6.591357466063348056e+02 1.229327488687782761e+03
6.591320541760721881e+02 1.229104401805868974e+03
6.592054023635340627e+02 1.229336522228474905e+03
6.587038482989403292e+02 1.229357501394311157e+03
6.565799442896935716e+02 1.229190529247910945e+03
6.541968592260235482e+02 1.229498597868760498e+03
6.511484814398199887e+02 1.230118110236220446e+03
6.483521594684385718e+02 1.230308416389811782e+03
6.468328736900165268e+02 1.230405405405405418e+03
6.476897506925207608e+02 1.230292520775623188e+03
6.503662366797532286e+02 1.230065058889512102e+03
6.541171119954519781e+02 1.229816372939169923e+03
6.579557572319909013e+02 1.229647759500850725e+03
6.605719158612847650e+02 1.229613985218874404e+03
6.612766078542971400e+02 1.229327262379055128e+03
6.609428733031674028e+02 1.229303733031674255e+03
6.605204481792717388e+02 1.229700840336134434e+03
6.599522184300341223e+02 1.229658703071672335e+03
6.582546901648663606e+02 1.230209778283115384e+03
6.564352678571428896e+02 1.230503348214285779e+03
6.540534698521046266e+02 1.230942548350398283e+03
6.513844856661045242e+02 1.231224845418774521e+03
6.494096520763187073e+02 1.231294612794612704e+03
6.486742761692649992e+02 1.231205456570156002e+03
6.494483726150392613e+02 1.231211560044893304e+03
6.532966666666666242e+02 1.230589999999999918e+03
6.548674094707521363e+02 1.230347632311977804e+03
6.558397759103640965e+02 1.230145098039215782e+03
6.561954674220962715e+02 1.230427762039660138e+03
6.561632768361581611e+02 1.230297740112994461e+03
6.564723163841807718e+02 1.230175141242937798e+03
6.574586636466591472e+02 1.229795016987542567e+03
6.591326061997704073e+02 1.229738805970149315e+03
6.604292211483797246e+02 1.229447413303013036e+03
6.611528013582343419e+02 1.229241086587436257e+03
6.607873303167421000e+02 1.229286764705882433e+03
6.590620417371686699e+02 1.229351381838691395e+03
6.563445521962349858e+02 1.229852823730747332e+03
6.525849691531127519e+02 1.230200224340998375e+03
6.494004486819966360e+02 1.230244531688166035e+03
6.481371012870732784e+02 1.230473978735310538e+03
6.484905555555556020e+02 1.230732222222222163e+03
6.508563380281690343e+02 1.230126197183098611e+03
6.536486335750139460e+02 1.230034578918014404e+03
6.558733893557423471e+02 1.229659943977590956e+03
6.581491525423729172e+02 1.229170621468926583e+03
6.601773371104816306e+02 1.228987535410764849e+03
6.626386083052749427e+02 1.228370370370370438e+03
6.644714937286203167e+02 1.228158494868871230e+03
6.657221590909091447e+02 1.228164772727272748e+03
6.655655367231638593e+02 1.228416384180791056e+03
6.639657687991020794e+02 1.228707070707070670e+03
6.619084707220010841e+02 1.228551449687322247e+03
6.591530208921512894e+02 1.228765104460756675e+03
6.572970687711386972e+02 1.228922773393461057e+03
6.564092446448703413e+02 1.229067080045095736e+03
6.560743661971830534e+02 1.229032676056338005e+03
6.566731843575419134e+02 1.229131284916201139e+03
6.567693169092945027e+02 1.229109742441209391e+03
6.562630106323447308e+02 1.229134303301622822e+03
6.552754590984975493e+02 1.229190317195325633e+03
6.543314947600662208e+02 1.229365140650854983e+03
6.543320399113082431e+02 1.229201219512195166e+03
6.554591439688715582e+02 1.228928293496386914e+03
6.572123943661971452e+02 1.228892957746478942e+03
6.602777149321267416e+02 1.228345588235294144e+03
6.637819420783645228e+02 1.227761499148211215e+03
6.662220963172804886e+02 1.227509348441926250e+03
6.671074053137365354e+02 1.227422837761447227e+03
6.656484330484330485e+02 1.227505982905982819e+03
6.627875854214122455e+02 1.227940774487471572e+03
6.589619318181818244e+02 1.228159090909090992e+03
6.555932671081677654e+02 1.228224061810154581e+03
6.541211613623673884e+02 1.228674483528754990e+03
6.535525013743815634e+02 1.228702583837273323e+03
6.529293987865416966e+02 1.228954771097628281e+03
6.526300992282249354e+02 1.229316427783903009e+03
6.547138888888888459e+02 1.229346666666666579e+03
