6.486563573883161098e+02 1.231717640320733153e+03
6.490424799081515630e+02 1.231308266360505058e+03
6.492461362335432113e+02 1.230800801373783543e+03
6.491499157776529501e+02 1.230196518809657391e+03
6.487121212121212466e+02 1.230007856341189608e+03
6.477632327831530574e+02 1.229803073420603369e+03
6.467967434025828197e+02 1.229417181358787275e+03
6.458753541076487181e+02 1.229483852691218090e+03
6.447273239436619860e+02 1.228796619718309785e+03
6.441563739376770172e+02 1.228580736543909325e+03
6.442396365701306422e+02 1.228553094832481520e+03
6.448906860011154549e+02 1.228017847183491313e+03
6.458973639932697779e+02 1.228026920919798158e+03
6.473295194508009445e+02 1.228291762013730022e+03
6.486194790486975990e+02 1.228229898074745279e+03
6.495600226500566805e+02 1.228228199320498334e+03
6.502865956253505146e+02 1.228161525518788494e+03
6.509658508821855776e+02 1.228540125213432020e+03
6.519230769230769056e+02 1.228052019922523414e+03
6.528821548821548504e+02 1.228705387205387296e+03
6.546162070906021881e+02 1.228804164321890767e+03
6.570107954545454731e+02 1.228818749999999909e+03
6.591799187463725502e+02 1.229072547881601849e+03
6.615014261266400126e+02 1.228692527096406138e+03
6.624939481268011150e+02 1.229237463976945264e+03
6.620298165137614887e+02 1.228886467889908317e+03
6.602978235967926821e+02 1.229279495990836267e+03
6.578074245939675393e+02 1.230363109048723800e+03
6.554724770642201293e+02 1.230347477064220129e+03
6.533075131042515977e+02 1.231729178800233058e+03
6.522491309385862905e+02 1.231902085747392903e+03
6.523074225599065130e+02 1.232142022209234256e+03
6.532186400937866892e+02 1.232033411488862839e+03
6.550124040165386532e+02 1.231698168930891825e+03
6.560217519106407735e+02 1.231470311581422720e+03
6.566658878504672430e+02 1.231181074766355096e+03
6.564736842105263577e+02 1.231080971659918987e+03
6.555499999999999545e+02 1.231134302325581302e+03
6.544024249422632238e+02 1.231323325635103856e+03
6.527176538240368018e+02 1.231194939620471587e+03
6.516181192660550323e+02 1.231129013761467832e+03
6.511164542294321791e+02 1.231152954808806498e+03
6.515221646516982901e+02 1.230981577432354698e+03
6.524605263157894797e+02 1.230780892448512532e+03
6.529561454125793034e+02 1.230398730525100973e+03
6.529787234042553337e+02 1.230404830362277153e+03
6.525965811965811554e+02 1.230856980056980092e+03
6.515514285714285734e+02 1.230976000000000113e+03
6.505119453924914978e+02 1.230919795221843060e+03
6.498823198198198270e+02 1.230742680180180287e+03
6.499854910714285552e+02 1.229949776785714221e+03
6.509888330541597270e+02 1.229219988833054231e+03
6.525716713881020041e+02 1.229428895184136081e+03
6.546018930957683324e+02 1.228371380846325110e+03
6.572334652345957693e+02 1.228025438100621841e+03
6.594977528089887073e+02 1.227905617977527982e+03
6.609470387243735559e+02 1.228205011389521587e+03
6.623795077275328822e+02 1.228101316542644554e+03
6.628834951456310591e+02 1.228322101656196537e+03
6.629833237492812259e+02 1.228545715928694563e+03
6.628400000000000318e+02 1.228607428571428500e+03
6.624585698070374065e+02 1.228733257661747984e+03
6.622387207310108579e+02 1.229362078812107256e+03
6.617763833428408589e+02 1.230063320022818061e+03
6.619971671388102550e+02 1.230304815864022657e+03
6.630108571428571622e+02 1.231076000000000022e+03
6.644514088556642264e+02 1.231354226566992565e+03
6.661515506143944094e+02 1.231954359274429407e+03
6.679988310929280715e+02 1.231947983635300943e+03
6.694443800695248683e+02 1.231982039397450762e+03
6.701338398597310970e+02 1.232268264172998215e+03
6.698812282734646715e+02 1.232278099652375431e+03
6.688431486880466537e+02 1.232226822157434299e+03
6.676211325160537626e+02 1.232785172212492625e+03
6.663024618991793204e+02 1.233000000000000000e+03
6.656263995285798956e+02 1.233126104890984152e+03
6.657535128805620843e+02 1.233232435597189806e+03
6.660266587677724601e+02 1.232687203791469301e+03
6.663015780245470978e+02 1.232355347749853991e+03
6.663091759205143489e+02 1.232212156633547693e+03
6.650029377203289869e+02 1.232049941245593345e+03
6.625143191116305843e+02 1.232387492694330831e+03
6.596184438040345412e+02 1.232323342939481336e+03
6.566206293706293309e+02 1.233144522144522170e+03
6.549342105263158373e+02 1.233029176201373048e+03
6.550383295194508264e+02 1.233033752860411823e+03
6.564562715765247276e+02 1.232803222094361445e+03
6.588554913294797188e+02 1.231690751445086789e+03
6.611174089068825879e+02 1.231021978021977930e+03
6.630271519352975247e+02 1.230306181398035733e+03
6.642913340935006090e+02 1.229295895096921413e+03
6.645080459770115340e+02 1.229648850574712696e+03
6.644210826210826326e+02 1.229615384615384528e+03
6.635192743764172292e+02 1.229466553287981924e+03
6.624488411531939391e+02 1.229458451102317667e+03
6.614489337822670905e+02 1.229349607182940417e+03
6.610989319842608438e+02 1.229329960652051795e+03
6.615327262379055355e+02 1.229377347751849811e+03
6.626043083900226520e+02 1.229230158730158792e+03
6.641647597254004722e+02 1.229122425629290547e+03
6.655172219085262668e+02 1.228991530208921404e+03
6.662841685649202645e+02 1.229111617312072894e+03
6.657205882352941444e+02 1.229308823529411711e+03
6.647995444191343495e+02 1.229431093394077379e+03
6.643709028177113396e+02 1.229916618746405902e+03
6.648728522336770084e+02 1.229408361970217584e+03
6.659209169054440736e+02 1.229242406876790938e+03
6.673173963133640427e+02 1.229216589861751117e+03
6.687108155002891863e+02 1.229126084441873900e+03
6.702043073341094441e+02 1.229348661233992971e+03
6.714191685912239791e+02 1.229614318706697532e+03
6.720376028202115322e+02 1.230237367802585140e+03
6.722036492054149903e+02 1.231180105944673414e+03
6.721494518176572228e+02 1.230904789382573654e+03
6.704267515923567089e+02 1.231905037637521673e+03
6.682427240977881411e+02 1.232235157159487699e+03
6.660617647058822968e+02 1.233018235294117630e+03
6.641820303383897226e+02 1.233401983663944065e+03
6.626307782328847225e+02 1.233810415447630248e+03
6.618343057176195998e+02 1.233773045507584584e+03
6.617610465116279101e+02 1.233840697674418607e+03
6.621539365452408674e+02 1.233540540540540633e+03
6.626078546307151100e+02 1.233296014067995202e+03
6.632800939518497216e+02 1.232301233118027085e+03
6.635162037037036953e+02 1.231581597222222172e+03
6.618459770114942557e+02 1.230870689655172328e+03
6.598813753581662240e+02 1.230927793696275103e+03
6.576152512998266957e+02 1.231087232813402579e+03
6.554417001723147678e+02 1.230834577828833972e+03
6.542687499999999545e+02 1.230619318181818244e+03
6.541328036322361186e+02 1.230562996594778724e+03
6.552674684994273093e+02 1.230232531500572804e+03
6.567256027554534512e+02 1.230125717566015965e+03
6.578510998307953059e+02 1.229272419627749514e+03
6.578767665347653519e+02 1.229386093838326815e+03
6.572136084774122082e+02 1.229156162855549383e+03
6.562790697674419107e+02 1.229384828349944655e+03
6.557979910714285552e+02 1.229344308035714221e+03
6.557514060742407764e+02 1.229620359955005597e+03
6.568086314593980433e+02 1.229775695627484311e+03
6.593680911680911549e+02 1.229072364672364756e+03
6.618062322946175300e+02 1.228373937677053846e+03
6.644724275156338535e+02 1.228335986355883961e+03
6.665490867579908354e+02 1.227801940639269333e+03
6.670549132947976432e+02 1.227824855491329572e+03
6.665900621118012168e+02 1.227984189723320242e+03
6.651742120343839133e+02 1.228700859598853867e+03
6.634135767256132112e+02 1.229424415288077626e+03
6.617433526011560616e+02 1.230345664739884342e+03
6.598272369161508095e+02 1.230166010129431697e+03
6.592187321530553845e+02 1.230513420902341522e+03
6.590254482359745225e+02 1.230999421631000587e+03
6.596441573693482496e+02 1.231330005871990579e+03
6.606830409356724658e+02 1.231512280701754435e+03
6.615405092592592382e+02 1.231513310185185219e+03
6.618391930835734911e+02 1.231081844380403481e+03
6.615842105263158146e+02 1.231805263157894842e+03
6.612009318578916464e+02 1.231832847990681330e+03
6.601786339754816026e+02 1.231992410974897894e+03
6.592130005803830954e+02 1.231672663958212524e+03
6.583609022556390755e+02 1.231816078658183869e+03
6.572893045002922463e+02 1.232123904149620103e+03
6.562124413145539847e+02 1.232193075117370881e+03
6.553290845886442639e+02 1.232091541135573607e+03
6.542434782608695514e+02 1.232128115942028899e+03
6.533211219232970279e+02 1.231672581568403075e+03
6.518541310541310168e+02 1.231723076923076860e+03
6.503161764705882888e+02 1.231244909502262544e+03
6.484988687782805528e+02 1.231035633484162872e+03
6.466563029960429958e+02 1.230910118711136192e+03
6.445122367672167911e+02 1.231235628912919765e+03
6.429616901408451213e+02 1.230491830985915385e+03
6.422595332953898151e+02 1.230573705179282797e+03
6.426587436332766856e+02 1.230312959818902073e+03
6.445448933782266749e+02 1.229245230078563509e+03
6.463772727272727252e+02 1.229035227272727298e+03
6.489439147504206176e+02 1.228109927089175471e+03
6.510212527964205265e+02 1.227539149888143129e+03
6.525905292479108084e+02 1.227009470752089101e+03
6.531088284286507815e+02 1.226976679622431902e+03
6.528822876179899595e+02 1.227227651304830715e+03
6.518343524180099848e+02 1.227107281823235098e+03
6.503936877076412202e+02 1.227736987818383113e+03
6.491576923076922867e+02 1.228293406593406644e+03
6.489831649831650111e+02 1.229242424242424249e+03
6.500991041433370583e+02 1.229123740201567671e+03
6.519217782779966228e+02 1.229069217782780015e+03
6.542777777777778283e+02 1.228983560090702895e+03
6.560804398148147811e+02 1.229377314814814781e+03
6.570812680115274134e+02 1.229387319884726139e+03
6.569780853517877404e+02 1.229792387543252516e+03
6.559306651634723266e+02 1.229777903043968536e+03
6.546052481460353647e+02 1.230828864803194620e+03
6.538070074669730047e+02 1.231216542217116512e+03
6.538115606936415816e+02 1.231151445086705280e+03
6.545770975056689167e+02 1.230578231292517103e+03
6.552663170163169752e+02 1.231139277389277368e+03
6.556456282570932217e+02 1.230991893456861590e+03
6.558741258741258662e+02 1.230874708624708546e+03
6.552086956521739012e+02 1.231384927536231771e+03
6.534843023255814387e+02 1.232280232558139460e+03
6.510937136204889839e+02 1.232456926658905786e+03
6.482904734073640611e+02 1.233227936879018216e+03
6.458749276201505154e+02 1.233504921829762679e+03
6.445748709122202627e+02 1.233744119334480729e+03
6.444601719197708007e+02 1.233787392550143295e+03
6.448133640552995303e+02 1.233510368663594363e+03
6.463066282420749076e+02 1.233118155619596564e+03
6.478943374197314142e+02 1.233183887915937021e+03
6.492980324074073906e+02 1.232157986111111086e+03
6.499693641618497395e+02 1.232138150289017403e+03
6.499659353348729383e+02 1.231795612009237857e+03
6.493736389684813730e+02 1.231869914040114509e+03
6.483743647656691564e+02 1.231441558441558527e+03
6.470859242509892510e+02 1.230689655172413723e+03
6.456197975253093091e+02 1.230425759280090006e+03
6.445195246179965807e+02 1.230220147142048745e+03
6.435578651685393652e+02 1.229597752808988844e+03
6.429469525959367502e+02 1.229526523702031682e+03
6.433779795686720036e+02 1.229478433598183983e+03
6.442874149659863861e+02 1.229106009070294704e+03
6.455014116318463948e+02 1.229055900621118099e+03
6.464889643463496895e+02 1.228921901528013677e+03
6.474064261555805615e+02 1.228755918827508367e+03
6.482824601366742172e+02 1.228467539863325783e+03
6.487986539540100921e+02 1.228563656758272600e+03
6.498984287317620101e+02 1.228558361391694689e+03
6.510815523059617362e+02 1.228824521934758195e+03
6.526712485681557609e+02 1.229350515463917418e+03
6.545533980582524691e+02 1.229546544831524898e+03
6.572864553314120712e+02 1.229531988472622515e+03
6.595206422018349031e+02 1.229340596330275275e+03
6.615327586206896058e+02 1.229237931034482699e+03
6.621459054209918804e+02 1.229050173010380604e+03
6.612997118155619773e+02 1.229852449567723397e+03
6.594206303724928375e+02 1.230382234957020046e+03
6.566753926701570663e+02 1.231173356602675995e+03
6.541286956521738603e+02 1.231835362318840680e+03
6.524536557282671083e+02 1.232377086931491021e+03
6.517116704805491736e+02 1.232658466819221985e+03
6.521763341067285182e+02 1.232310904872389756e+03
6.534572922719348753e+02 1.232341661824520543e+03
6.551342756183745450e+02 1.232103651354534804e+03
6.561116361488482198e+02 1.231962197282929765e+03
6.564192601291838400e+02 1.231811509101585443e+03
6.559835584263065584e+02 1.231753376394597808e+03
6.548742028985507204e+02 1.231749565217391364e+03
6.534231213872832313e+02 1.231750289017340947e+03
6.517093425605536368e+02 1.231826412918108417e+03
6.505091743119265857e+02 1.231401376146789062e+03
6.514277522935780098e+02 1.230885321100917508e+03
