6.560739922694643838e+02 1.228400883489784746e+03
6.566029817780231497e+02 1.229277747101049044e+03
6.572280898876404081e+02 1.230119101123595556e+03
6.581552587646076518e+02 1.230495269894268176e+03
6.586518847006651640e+02 1.230957317073170771e+03
6.595518191841234739e+02 1.231429988974641674e+03
6.605310610225398023e+02 1.231355689939527110e+03
6.609272222222222126e+02 1.231579999999999927e+03
6.604683333333333621e+02 1.231253888888888923e+03
6.593822544642856656e+02 1.230921875000000000e+03
6.586262403528114646e+02 1.230163175303197249e+03
6.577500000000000000e+02 1.229510532150776044e+03
6.569661487236403445e+02 1.228764150943396317e+03
6.564916481069042220e+02 1.228402561247215999e+03
6.558756191524490760e+02 1.228084204733076604e+03
6.555294444444444935e+02 1.227937777777777683e+03
6.556163626312879842e+02 1.228085129906025486e+03
6.559850415512465815e+02 1.228254847645429436e+03
6.566707317073170316e+02 1.228951219512195166e+03
6.572073578595317258e+02 1.229540133779264124e+03
6.574917218543046147e+02 1.230725717439293703e+03
6.575448008849557482e+02 1.231017146017699133e+03
6.575559824368825730e+02 1.231380351262348995e+03
6.573097345132742930e+02 1.231574115044247719e+03
6.571026908292146800e+02 1.231443163097199431e+03
6.570730088495574819e+02 1.231392146017699133e+03
6.571354224958030272e+02 1.230752658086177917e+03
6.572718662952646582e+02 1.230202785515320329e+03
6.568378229796591086e+02 1.229164376030786116e+03
6.562658576944290871e+02 1.228739658025372364e+03
6.557552255225522231e+02 1.228113311331133218e+03
6.554209366391185085e+02 1.228223140495867710e+03
6.556060773480662647e+02 1.228391160220994379e+03
6.561168614357262641e+02 1.228811352253756240e+03
6.565177777777777237e+02 1.229225555555555502e+03
6.570022246941045978e+02 1.229812569521690875e+03
6.574714997232982796e+02 1.230299944659656830e+03
6.577146799116998181e+02 1.230890176600441464e+03
6.583924820342730300e+02 1.231472636815920396e+03
6.593012181616833232e+02 1.231511627906976855e+03
