6.635253583241454862e+02 1.231210584343991286e+03
6.633405315614618303e+02 1.231241971207087545e+03
6.628964950711938400e+02 1.231115553121577250e+03
6.618304252998909760e+02 1.230527808069792854e+03
6.601046831955923153e+02 1.230319008264462809e+03
6.587887554585153111e+02 1.229729803493449708e+03
6.566248630887184845e+02 1.229170317634172989e+03
6.551171023965141558e+02 1.228215141612200341e+03
6.535775109170306223e+02 1.227416484716157129e+03
6.516330224904004353e+02 1.227296763576522153e+03
6.497809264305177521e+02 1.226592370572207074e+03
6.485907356948229108e+02 1.226464850136239875e+03
6.479863537117903434e+02 1.226346069868995528e+03
6.479700435729847641e+02 1.226381808278867084e+03
6.487689787001638706e+02 1.226462042599672259e+03
6.494671814671814900e+02 1.226992277992278105e+03
6.508875545851528841e+02 1.227363537117903888e+03
6.529263502454991794e+02 1.228001091107474167e+03
6.554794520547944785e+02 1.228573698630136960e+03
6.583412742382271290e+02 1.229396675900276932e+03
6.601592039800995053e+02 1.230081260364842365e+03
6.614429123000551272e+02 1.230284611141754112e+03
6.618082644628099160e+02 1.230871074380165282e+03
6.622288418708239988e+02 1.231012249443207111e+03
6.623476323119776907e+02 1.231064623955431671e+03
6.621613800779076655e+02 1.231194212576516520e+03
6.600701657458563432e+02 1.230780662983425373e+03
