6.562238388360379986e+02 1.189412423055400041e+03
6.517003848268278716e+02 1.189670148433204986e+03
6.499288061336253577e+02 1.192021905805038386e+03
6.492262813522355600e+02 1.196688658669574806e+03
6.480367123287670665e+02 1.203153972602739714e+03
6.446082191780822086e+02 1.210810410958904185e+03
6.403659480375898738e+02 1.220891652846876696e+03
6.390243111831442775e+02 1.229566720691518185e+03
6.395945799457994099e+02 1.237204878048780529e+03
6.424246724890829228e+02 1.243614082969432275e+03
6.480302860347728711e+02 1.249609085810431907e+03
6.539853190287973348e+02 1.254050818746470895e+03
6.610871040723982333e+02 1.256560520361990939e+03
6.667162238552854205e+02 1.258187676653476501e+03
6.710760626398209752e+02 1.255491051454138642e+03
6.738067796610170035e+02 1.251264971751412531e+03
6.773242784380305466e+02 1.245877758913412663e+03
6.810330902972518743e+02 1.238112731351654475e+03
6.825464540956569408e+02 1.228681693238042953e+03
6.828076496674057125e+02 1.220129157427938026e+03
6.780027517886626356e+02 1.209923500275178867e+03
6.694745762711864927e+02 1.200677401129943519e+03
6.609208356239691966e+02 1.193560197910940133e+03
6.543433667781494023e+02 1.189686733556298805e+03
6.499994472084024437e+02 1.189587064676616819e+03
6.484241266375545365e+02 1.192021834061135451e+03
6.479667030567685515e+02 1.196782751091702949e+03
6.438146911519198738e+02 1.211080690038953890e+03
