6.600723357261181263e+02 1.228574820541137569e+03
6.613670329670329693e+02 1.229390659340659340e+03
6.622773201537617069e+02 1.230414058209774794e+03
6.633930540242557754e+02 1.231022050716648209e+03
6.633550328227571526e+02 1.230546498905908038e+03
6.616396495071194295e+02 1.230382256297918957e+03
6.600171081677704024e+02 1.229873068432671062e+03
6.589019073569481861e+02 1.228566757493188106e+03
6.578151815181518032e+02 1.228208470847084754e+03
6.567021511307225410e+02 1.227880308880308803e+03
6.553163097199341109e+02 1.227749588138385434e+03
6.536868131868131968e+02 1.228395604395604323e+03
6.521971127151582550e+02 1.229000000000000000e+03
6.517453450164293827e+02 1.229659364731653795e+03
6.509879253567507931e+02 1.230548298572996600e+03
6.500683433570256966e+02 1.231058501913614009e+03
6.498531506849315065e+02 1.230700273972602645e+03
6.507491730981256524e+02 1.230065049614112468e+03
6.515060840707964189e+02 1.229052544247787637e+03
6.518349780701754526e+02 1.227815789473684163e+03
6.526916250693288930e+02 1.226865224625624023e+03
6.537278724573941417e+02 1.226318306761957047e+03
6.550870755750273702e+02 1.226093099671413029e+03
6.571776790671849540e+02 1.225902276513048264e+03
6.589339933993398972e+02 1.226308030803080328e+03
6.604695121951219789e+02 1.227441241685144178e+03
6.618289183222957490e+02 1.228623068432671062e+03
6.628049450549450512e+02 1.229634615384615472e+03
6.637182320441988850e+02 1.230307182320442053e+03
6.645252077562327031e+02 1.230575069252077583e+03
6.617965726920950829e+02 1.230335544499723710e+03
