6.553871145374449725e+02 1.229764867841409796e+03
6.546573002754820436e+02 1.230340495867768595e+03
6.545991237677984600e+02 1.230361445783132467e+03
6.552363128491620046e+02 1.230307262569832346e+03
6.561185308848080240e+02 1.229523094045631524e+03
6.562901612006670575e+02 1.229022234574763843e+03
6.562602892102336227e+02 1.228773081201334890e+03
6.568479467258601971e+02 1.228308546059933406e+03
6.573497206703910933e+02 1.228547486033519590e+03
6.577289562289562355e+02 1.229497194163860740e+03
6.583024417314095444e+02 1.229231409544950111e+03
6.583936877076412202e+02 1.229427464008859261e+03
6.580775193798449436e+02 1.229419712070874766e+03
6.566157229246838369e+02 1.229313358988455093e+03
6.558929747530186205e+02 1.228979143798024097e+03
6.557408419901585148e+02 1.228536358665937769e+03
6.555368131868132195e+02 1.228575274725274767e+03
6.561128233351678318e+02 1.228301045679691697e+03
6.565853658536585726e+02 1.228470066518847034e+03
6.563633314700949768e+02 1.228917272219116740e+03
6.555557395143488293e+02 1.229531456953642419e+03
6.548901702361339403e+02 1.230528281164195505e+03
6.543483023001094807e+02 1.230290799561883887e+03
6.544302197802197725e+02 1.230234615384615381e+03
6.560521642619312388e+02 1.228860710321864644e+03
