6.522823920265781226e+02 1.230527685492801766e+03
6.517798013245032962e+02 1.230818984547461469e+03
6.511331853496114945e+02 1.230620976692563772e+03
6.507916666666666288e+02 1.230555921052631675e+03
6.504368131868131968e+02 1.230411538461538385e+03
6.497044578976334606e+02 1.230583929554210272e+03
6.502365948037589760e+02 1.230558872305140994e+03
6.507151650811415493e+02 1.231024062674874131e+03
6.504498614958448570e+02 1.230842659279778445e+03
6.496788888888888778e+02 1.230998888888888814e+03
6.494198008849557482e+02 1.231063606194690237e+03
6.500763656633222354e+02 1.230860089186176083e+03
6.503075208913649021e+02 1.230961002785515348e+03
6.502316258351893339e+02 1.230923719376392000e+03
6.503993325917685979e+02 1.230650723025584057e+03
6.515370886781929585e+02 1.230315114333519205e+03
6.526387493020658894e+02 1.230250139586823025e+03
6.526670378619153325e+02 1.230271158129176001e+03
6.526635307138903954e+02 1.230391809629219779e+03
6.528980609418282484e+02 1.230396675900276932e+03
6.530899944102850441e+02 1.230285075461151564e+03
6.526984478935698917e+02 1.230137472283813850e+03
6.527041551246537665e+02 1.230251523545706277e+03
6.535458588104502269e+02 1.230259588660366944e+03
6.542472098214285552e+02 1.230109375000000000e+03
6.548815272318921643e+02 1.229915777653003943e+03
6.548207126948775567e+02 1.230141425389755113e+03
6.543901494189263985e+02 1.230592141671278341e+03
6.543504698728579569e+02 1.230506909894969567e+03
6.552014468558709268e+02 1.230311074012242671e+03
6.560375771172181203e+02 1.230324172742568635e+03
6.565631608235948988e+02 1.230327768503060724e+03
6.570614084507042207e+02 1.230041690140845049e+03
6.569052396878483933e+02 1.229975473801560838e+03
6.561387347391787443e+02 1.229593229744727978e+03
6.562197558268590001e+02 1.229554384017758139e+03
6.567569676700111359e+02 1.229452619843924140e+03
6.569966536530953363e+02 1.229898494143893004e+03
6.574792013311148366e+02 1.229910149750415940e+03
6.583631756756756204e+02 1.229999436936936945e+03
6.586730123180291230e+02 1.230121500559910373e+03
6.580833796553640695e+02 1.229642023346303404e+03
6.570022148394241412e+02 1.229640642303432969e+03
6.571105555555556066e+02 1.229413888888888778e+03
6.571415041782729531e+02 1.229305849582172641e+03
6.570625698324022324e+02 1.229165363128491663e+03
6.569269788182831462e+02 1.228988294314381164e+03
6.569536053661263395e+02 1.228989379541643302e+03
6.565941306755260030e+02 1.228989479512735215e+03
6.560836101882613320e+02 1.229320598006644559e+03
6.560465890183028250e+02 1.229554631170271705e+03
6.550479603087100031e+02 1.229763506063947034e+03
6.541521499448732584e+02 1.229637816979051877e+03
6.547978841870824454e+02 1.229388084632516666e+03
6.555100111234705764e+02 1.229433815350389295e+03
6.552740411339633511e+02 1.229319066147859985e+03
6.541643376187814738e+02 1.229224706539966519e+03
6.534501926252063413e+02 1.229176664832140887e+03
6.528628854625550275e+02 1.228947136563876711e+03
6.521331476323119887e+02 1.229218941504178247e+03
6.517297743533296170e+02 1.229284534947716111e+03
6.518876591034863850e+02 1.229316546762589951e+03
6.520849636668530138e+02 1.229284516489658927e+03
6.517175234936429433e+02 1.229296296296296305e+03
6.514499169894853594e+02 1.229232982844493563e+03
6.512593210907067487e+02 1.229063995548135836e+03
6.508602981778022922e+02 1.228908337934842621e+03
6.503395604395603868e+02 1.229239010989010922e+03
6.507797552836484556e+02 1.229154616240266932e+03
6.511083052749719400e+02 1.229186868686868593e+03
6.510177975528364414e+02 1.229184649610678434e+03
6.503670536207849864e+02 1.229197346600331684e+03
6.505752359800111435e+02 1.229480288728484084e+03
6.513409343715238720e+02 1.229547830923248057e+03
