6.564953219592734968e+02 1.229328563566318053e+03
6.571944444444444571e+02 1.229293333333333294e+03
6.572714206744057037e+02 1.229395798783858481e+03
6.579265193370165434e+02 1.229790607734806599e+03
6.578286808976464499e+02 1.229503557744937098e+03
6.579278634361234026e+02 1.229773127753303925e+03
6.579472817133442959e+02 1.229747940691927624e+03
6.579418926397344194e+02 1.229733259546209183e+03
6.579961304588169924e+02 1.229613598673300203e+03
6.580976150859678455e+02 1.229522462562395958e+03
6.576891447368420813e+02 1.229322368421052715e+03
6.571784140969162991e+02 1.229322136563876711e+03
6.567279210093253141e+02 1.229192539769610448e+03
6.567138949671772252e+02 1.228867614879649864e+03
6.567257709251101687e+02 1.229023127753303925e+03
6.564386061946902373e+02 1.228969026548672673e+03
6.556221122112211788e+02 1.229240924092409159e+03
6.548486663037560902e+02 1.229062602068590195e+03
6.543502762430939583e+02 1.228808839779005439e+03
6.545241758241758134e+02 1.228802197802197725e+03
6.546090308370044113e+02 1.229019273127753195e+03
6.546553238199780935e+02 1.229106476399560961e+03
6.546352166758091471e+02 1.229165660998354269e+03
6.546253428414701148e+02 1.229215030170049431e+03
6.546555128908393044e+02 1.229326385079539250e+03
6.548726467331118783e+02 1.229563122923588026e+03
6.554245594713656828e+02 1.229201541850220337e+03
6.557782656421514957e+02 1.229170142700329279e+03
6.557628979143797778e+02 1.229177277716794833e+03
6.556891078270388107e+02 1.229374384236453125e+03
6.566203501094091735e+02 1.229409190371991144e+03
6.572019922523519426e+02 1.229804095185390224e+03
6.574574585635359654e+02 1.229348618784530345e+03
6.579707828004410430e+02 1.229423373759647120e+03
6.579674572531715739e+02 1.229532266960838342e+03
6.577576754385964932e+02 1.229399671052631675e+03
