6.573003337041157010e+02 1.229369299221357096e+03
6.568024282560705842e+02 1.229742825607064105e+03
6.558720353006067398e+02 1.229726420297848790e+03
6.556089108910890673e+02 1.229902090209020798e+03
6.557373348017621311e+02 1.229794052863436036e+03
6.565669988925802727e+02 1.229878737541528153e+03
6.571022222222221671e+02 1.229956111111111113e+03
6.576175013758943351e+02 1.229443588332416084e+03
6.577541345093715108e+02 1.229249724366041846e+03
6.572964187327823993e+02 1.229411019283746555e+03
6.565348066298342928e+02 1.229708839779005530e+03
6.566022038567492700e+02 1.229676033057851328e+03
6.579966573816155915e+02 1.229827298050139234e+03
6.597590227651304531e+02 1.229714602998334158e+03
6.596874310915104616e+02 1.229399117971334135e+03
6.588019801980198054e+02 1.229475797579757909e+03
6.577024070021882380e+02 1.229439824945295413e+03
6.568256130790190355e+02 1.229320435967302501e+03
6.573212694877505555e+02 1.229351336302895334e+03
6.579450610432852500e+02 1.229062153163152061e+03
6.584020044543430004e+02 1.229344097995545553e+03
6.583144444444444616e+02 1.229323333333333267e+03
6.576180021953896357e+02 1.229294182217343632e+03
6.567783902976847230e+02 1.229160418963616394e+03
