6.549427168576104350e+02 1.227265684669939901e+03
6.548171334431631294e+02 1.228098846787479488e+03
6.556474501108647246e+02 1.228822616407982196e+03
6.561143174250831862e+02 1.229726415094339700e+03
6.562665186007773173e+02 1.230418656302054387e+03
6.567474972191323559e+02 1.231156284760845438e+03
6.578721058434399538e+02 1.231368798235942677e+03
6.587357656163626416e+02 1.231431177446102765e+03
6.590803324099722431e+02 1.231356232686980547e+03
6.594526431718061303e+02 1.230465308370044113e+03
6.597731558513588652e+02 1.230443704936217500e+03
6.596921385376580247e+02 1.229224299065420610e+03
6.589202420242023663e+02 1.228221672167216639e+03
6.582613009922822584e+02 1.227845093715545772e+03
6.572629547960308400e+02 1.227222160970231471e+03
6.561049180327869408e+02 1.226851366120218472e+03
6.556092273485269288e+02 1.227141745414118986e+03
6.553198025233132284e+02 1.227201865057597388e+03
6.552867324561403848e+02 1.227595394736842081e+03
6.550470717022441249e+02 1.228423097974822213e+03
6.555057915057915352e+02 1.230236624379481555e+03
6.561824249165739502e+02 1.231037819799777481e+03
6.567134146341463747e+02 1.231492239467849231e+03
6.571099887766554275e+02 1.231872053872053812e+03
6.572953133822699101e+02 1.232025409373235561e+03
6.572926829268292295e+02 1.231347006651884612e+03
6.578790412486064270e+02 1.230595317725752466e+03
6.583282913165265882e+02 1.229793277310924395e+03
6.577533185840708256e+02 1.228962942477876140e+03
6.577574585635359199e+02 1.228149723756906042e+03
6.577997781475319243e+02 1.227480310593455442e+03
6.576730981256890800e+02 1.226929988974641674e+03
6.569511525795828675e+02 1.226786498353457773e+03
6.566749723145071584e+02 1.227109634551494992e+03
6.564802668148971634e+02 1.227946637020566868e+03
6.566272123893804746e+02 1.228487831858407162e+03
6.569805013927576738e+02 1.229373816155988834e+03
6.572667785234899611e+02 1.230222035794183512e+03
6.575911879531511204e+02 1.230755158951478052e+03
6.586180089485458211e+02 1.231163870246085025e+03
6.594874930516954237e+02 1.231337965536409229e+03
