6.562835820895522829e+02 1.228992260917633985e+03
6.562716186252771422e+02 1.229085365853658459e+03
6.562416851441241761e+02 1.229183481152993409e+03
6.564516483516483731e+02 1.229214835164835222e+03
6.568847850055126401e+02 1.228679162072767440e+03
6.576350164654226091e+02 1.229177826564215138e+03
6.577634467618001963e+02 1.229180570801317344e+03
6.578812534359537949e+02 1.229122045079714098e+03
6.577663192539769170e+02 1.229152495885902454e+03
6.567384196185286100e+02 1.229149318801089976e+03
6.565284775465498797e+02 1.229242606790799528e+03
6.567579408543264208e+02 1.229259583789704266e+03
6.567497273718647648e+02 1.229455834242093715e+03
6.566382513661202438e+02 1.229305464480874207e+03
6.566002184598579561e+02 1.229303113052976414e+03
6.566384026258206177e+02 1.229294310722100590e+03
6.563978260869565702e+02 1.229596195652173947e+03
6.564566757493188334e+02 1.229501907356948323e+03
6.565560439560439363e+02 1.229348351648351581e+03
6.565121145374449725e+02 1.229382709251101232e+03
6.562279735682819819e+02 1.229420704845814953e+03
6.563135964912280542e+02 1.229393640350877149e+03
6.559124524197933397e+02 1.229288743882544850e+03
6.558313253012048563e+02 1.229150054764512561e+03
