6.534925455549420121e+02 1.228739370513528456e+03
6.544712070874861638e+02 1.228636212624584687e+03
6.554385086254869748e+02 1.228751808569838659e+03
6.556375617792422190e+02 1.228639758374519488e+03
6.556524356869184658e+02 1.228750957854406124e+03
6.551015452538631507e+02 1.228586644591611503e+03
6.537377680043980490e+02 1.228466190214403468e+03
6.527876973326075358e+02 1.228316820903647340e+03
6.524231613611416378e+02 1.228451152579582867e+03
6.530832420591456184e+02 1.228759583789704266e+03
6.546427397260273437e+02 1.229277260273972615e+03
6.557797260273972597e+02 1.229255890410958955e+03
6.557527412280701355e+02 1.229242872807017648e+03
6.536908396946564608e+02 1.228878407851690326e+03
6.527851690294438640e+02 1.228549618320610762e+03
6.529671772428883969e+02 1.228403719912472752e+03
6.545826468973091323e+02 1.228425041186161479e+03
6.560631174533480134e+02 1.228635565312843028e+03
6.566522940851299381e+02 1.228700386954118358e+03
6.557832322118036927e+02 1.228686707115278523e+03
6.545066225165562628e+02 1.228642384105960218e+03
6.546000000000000227e+02 1.228452459016393504e+03
6.554132231404959157e+02 1.228405509641873323e+03
6.561992209237617999e+02 1.228812465219810747e+03
6.558236582694413528e+02 1.228841182913472039e+03
