6.894826589595376163e+02 1.213201156069364060e+03
6.902456344586728392e+02 1.211490686845168739e+03
6.875485549132947654e+02 1.211087861271676275e+03
6.826871378910776684e+02 1.212103128621089127e+03
6.745829959514170469e+02 1.213491613649508281e+03
6.664055489964580374e+02 1.216054309327036663e+03
6.577096587622903598e+02 1.219775014459225076e+03
6.475486425339366860e+02 1.224632918552036244e+03
6.391500833796553707e+02 1.229098943857698714e+03
6.313757542512341843e+02 1.234298409215578658e+03
6.242049488972565996e+02 1.239487896718665979e+03
6.202838778789501930e+02 1.244074450990894547e+03
6.187118918918919235e+02 1.247717837837837806e+03
6.181733046286329909e+02 1.250148008611410205e+03
6.184560349535772730e+02 1.250774440196613796e+03
6.211566794942275465e+02 1.250099505222649896e+03
6.270055463117026875e+02 1.247263449805879191e+03
6.336724042198778761e+02 1.242904497501388050e+03
6.424896907216494810e+02 1.240207331042382521e+03
6.535227272727272521e+02 1.235617715617715703e+03
6.637923303834808166e+02 1.230781120943952828e+03
6.723084167157151114e+02 1.226487934078870012e+03
6.804304093567251357e+02 1.222222807017543801e+03
6.855735468564649864e+02 1.218526690391459169e+03
6.881076207097149791e+02 1.215907504363001635e+03
6.878158347676419453e+02 1.213836488812392417e+03
6.850751445086705189e+02 1.213121387283237027e+03
6.808048498845265613e+02 1.213276558891454897e+03
6.737108155002891863e+02 1.214737998843261948e+03
6.659146556798116308e+02 1.216440258975868119e+03
6.586202679091438768e+02 1.219114735002912084e+03
6.489645308924484652e+02 1.223225400457665955e+03
6.393305036785511675e+02 1.226913978494623734e+03
6.310155555555555793e+02 1.231456111111111113e+03
6.217386117136659323e+02 1.237010303687635542e+03
6.154309691391445085e+02 1.240999458581483395e+03
6.126629032258064171e+02 1.245162365591397929e+03
6.131122559652928885e+02 1.247800976138828673e+03
6.155564692982455881e+02 1.249091008771929864e+03
6.188550805108272925e+02 1.248893392559689119e+03
6.253115034168564534e+02 1.246771070615034205e+03
6.350692082111437458e+02 1.243752492668621699e+03
6.454911868390129257e+02 1.240045828437132741e+03
6.688777372262774179e+02 1.230190389294403985e+03
6.791506849315068166e+02 1.225201310303752280e+03
6.899280235988200047e+02 1.219768731563421852e+03
6.974872251931075198e+02 1.215852049910873347e+03
7.020845974329055252e+02 1.212787047841306958e+03
7.031020289855072178e+02 1.209891014492753584e+03
7.008466435185184764e+02 1.208907407407407391e+03
6.966095017381228445e+02 1.208710892236384780e+03
6.892583046964490450e+02 1.209659221076746917e+03
6.809336885731202074e+02 1.211505032563647092e+03
6.715236720554272551e+02 1.214594110854503469e+03
6.594071958880639386e+02 1.218316961736150688e+03
6.488395565927654616e+02 1.223071178529754889e+03
6.384539287733182391e+02 1.228294516676088278e+03
6.271434878587195954e+02 1.233264900662251648e+03
6.185956618464961139e+02 1.237959399332591829e+03
6.122340772999455112e+02 1.241762656505171435e+03
6.073184025903939300e+02 1.244779276848354129e+03
6.058784590341833791e+02 1.246657623440043380e+03
6.078947081287507217e+02 1.246666666666666742e+03
6.123236741388736846e+02 1.245290322580645125e+03
6.194163335237007004e+02 1.242553398058252469e+03
6.283282798833819243e+02 1.239942857142857065e+03
6.394334862385320548e+02 1.236184059633027573e+03
6.506318874560374752e+02 1.231757327080890946e+03
6.602666666666666515e+02 1.227310724637681233e+03
6.695949883449883373e+02 1.223124708624708546e+03
6.761018139262727118e+02 1.218781743709771717e+03
6.807291788002329440e+02 1.215561444379732166e+03
6.843362118595279071e+02 1.213109959700633226e+03
6.855815804434337224e+02 1.211357589539511082e+03
6.851685649202732975e+02 1.211112186788154986e+03
6.837522883295195015e+02 1.210887299771167136e+03
6.794425754060324607e+02 1.212323665893271482e+03
6.733246073298429337e+02 1.214293193717277518e+03
6.642620807276862251e+02 1.218001705514496962e+03
6.542442882249561080e+02 1.222743995313415326e+03
6.453183604716451782e+02 1.227121841661987673e+03
6.355118196811434927e+02 1.232545354590434272e+03
6.273313351498637758e+02 1.237644141689373328e+03
6.223226837060702792e+02 1.242618210862619890e+03
6.192240641711230182e+02 1.246872727272727161e+03
6.181816720257235147e+02 1.249381564844587274e+03
6.220844298245614254e+02 1.249400767543859729e+03
