6.477003293084522966e+02 1.230403402854006572e+03
6.453665768194069869e+02 1.230562803234501416e+03
6.466723102129983545e+02 1.230487165483342324e+03
6.507835738068812361e+02 1.230233629300777011e+03
6.572210998877665133e+02 1.229511784511784526e+03
6.613075183719615779e+02 1.229169587337478788e+03
6.632391426959954970e+02 1.229058093626621485e+03
6.632529510961213646e+02 1.229107925801011788e+03
6.613929983060418181e+02 1.229736307171089720e+03
6.569988770353734253e+02 1.230317798989331777e+03
6.510404814004376703e+02 1.230673960612691417e+03
6.477956873315364419e+02 1.230670080862533723e+03
6.473627027027026770e+02 1.230516756756756649e+03
6.488879870129869687e+02 1.230438852813852918e+03
6.517029540481401000e+02 1.230348468271334696e+03
6.558561111111110904e+02 1.230390000000000100e+03
6.607900396151669611e+02 1.230088285229202029e+03
6.631928934010152261e+02 1.229207557811618699e+03
6.629932165065008576e+02 1.229190503109101201e+03
6.564116991643453503e+02 1.229293036211699246e+03
6.521909241837299760e+02 1.229678472606530249e+03
6.476309199782253927e+02 1.230323897659226986e+03
6.458270270270270430e+02 1.230629729729729661e+03
6.469994571118349995e+02 1.230845276872964178e+03
6.510340846619021704e+02 1.230684442001099569e+03
6.560406779661017254e+02 1.230311864406779705e+03
6.603688063063062827e+02 1.229342905405405418e+03
6.640011350737797784e+02 1.228916572077185037e+03
6.643961733258300910e+02 1.228258863252673109e+03
6.619931934203062838e+02 1.228706182643221837e+03
6.569437886453063129e+02 1.229355255761663784e+03
6.520032967032966553e+02 1.229522527472527372e+03
6.480909090909091219e+02 1.230158269441401899e+03
6.453945945945946505e+02 1.230682702702702727e+03
6.461412680756395730e+02 1.230888765294771929e+03
6.499594444444444434e+02 1.229556111111111022e+03
6.565878719820325387e+02 1.229145985401459939e+03
6.611838111298482090e+02 1.228372119168072004e+03
6.643384180790960727e+02 1.228507344632768309e+03
