6.554975206611570684e+02 1.229242424242424249e+03
6.571143485431555291e+02 1.229229796591533841e+03
6.583425414364641028e+02 1.229986187845303903e+03
6.581016304347825780e+02 1.229823369565217490e+03
6.579291938997821489e+02 1.230038671023965207e+03
6.579408543263964475e+02 1.230138006571741471e+03
6.578039430449068732e+02 1.230201533406352610e+03
6.568967032967033219e+02 1.229940659340659295e+03
6.558738292011018984e+02 1.230329476584022132e+03
6.552249307479224854e+02 1.230270914127423794e+03
6.548680593732819943e+02 1.229562946673996748e+03
6.544306010928961541e+02 1.229306010928961769e+03
6.534679100383982586e+02 1.229223258365331958e+03
6.526108695652173992e+02 1.228646739130434753e+03
6.525907608695652016e+02 1.228485326086956547e+03
6.526352813852813597e+02 1.228332251082251105e+03
6.525456017269292488e+02 1.228327576902320516e+03
6.526821409066084243e+02 1.228464227198252274e+03
6.537777170944839327e+02 1.228407973784816932e+03
6.544548458149779435e+02 1.228485682819383328e+03
6.548666666666666742e+02 1.229056749311294652e+03
6.556091008771929864e+02 1.229268640350877149e+03
6.570098901098900797e+02 1.229197802197802275e+03
6.588323221180363589e+02 1.229702702702702709e+03
6.594713340683572369e+02 1.230032524807056234e+03
6.594360529217199201e+02 1.230251929437706622e+03
