6.557001114827202173e+02 1.230179487179487069e+03
6.557505580357143344e+02 1.230017857142857110e+03
6.556570316842689863e+02 1.229738743746525870e+03
6.554231404958677558e+02 1.229874380165289267e+03
6.547923287671233084e+02 1.229319452054794510e+03
6.554591611479028188e+02 1.229310154525386224e+03
6.551498893805310217e+02 1.229394358407079608e+03
6.545473568281938697e+02 1.229339757709250989e+03
6.544677685950413206e+02 1.229062258953168111e+03
6.544512933406714410e+02 1.229199229499174407e+03
6.542832689122031979e+02 1.229347321921590265e+03
6.538082417582417065e+02 1.229120329670329738e+03
6.539702315325248492e+02 1.229203417861080425e+03
6.545022271714922226e+02 1.229344654788418666e+03
6.544941892639734533e+02 1.229136137244050815e+03
6.546476769911504334e+02 1.229539823008849453e+03
6.545049833887043178e+02 1.229781284606865938e+03
6.548396904367053821e+02 1.229414593698175850e+03
6.561156840934371530e+02 1.229538932146829893e+03
6.567966666666666242e+02 1.229684999999999945e+03
6.571996653653095564e+02 1.229294478527607453e+03
6.574986134220742997e+02 1.229409872434830731e+03
6.576744057490326441e+02 1.229284687672747395e+03
6.579510294936004584e+02 1.229460767946577562e+03
6.579724821133736441e+02 1.229106769400110124e+03
6.580259955752212591e+02 1.229343473451327327e+03
6.578741027056875055e+02 1.229427388183324183e+03
6.578949115044247264e+02 1.229447455752212363e+03
6.578573806881242945e+02 1.229483906770255317e+03
6.572817371937638882e+02 1.229393095768374224e+03
6.564900000000000091e+02 1.229207777777777665e+03
6.563392265193369894e+02 1.229094475138121652e+03
6.559939159292035811e+02 1.229301991150442518e+03
6.559343267108167765e+02 1.229286423841059559e+03
6.557307904919845214e+02 1.229124378109452664e+03
6.558222958057394862e+02 1.229575055187637872e+03
6.559788536449638059e+02 1.229542014468558818e+03
6.560417362270450212e+02 1.229391764051196333e+03
6.561887955182072574e+02 1.229270028011204431e+03
6.557811466372656923e+02 1.229255788313120092e+03
6.553344481605350893e+02 1.229056856187291032e+03
6.558361204013377801e+02 1.229129877369007772e+03
6.545770707624794795e+02 1.228731760833790531e+03
