6.558815502183406352e+02 1.228805131004366785e+03
6.549752066115702291e+02 1.228966391184573013e+03
6.547049808429118229e+02 1.228588396278051505e+03
6.548413566739606040e+02 1.228385120350109446e+03
6.555052226498075925e+02 1.228428257284222127e+03
6.566959385290889486e+02 1.228678924259055975e+03
6.575880088008800612e+02 1.228635313531353177e+03
6.576501377410468194e+02 1.228581818181818107e+03
6.573092726263187160e+02 1.228700166574125433e+03
6.563957072096862930e+02 1.228728673637864631e+03
6.564212835984640151e+02 1.228453099286889710e+03
6.571880530973451187e+02 1.228639380530973540e+03
6.579761904761904816e+02 1.228659468438538170e+03
6.585118718939812652e+02 1.228852015461071232e+03
6.581867768595041071e+02 1.228725619834710642e+03
6.574613274821722371e+02 1.228748217224355358e+03
6.562640044370493797e+02 1.228842484747642857e+03
6.563408965135583912e+02 1.228740453790813490e+03
6.578454293628808500e+02 1.228758448753462517e+03
6.588137741046831479e+02 1.228719559228650041e+03
6.586304228445908393e+02 1.228475013728720569e+03
6.576863711001642514e+02 1.228388067870826490e+03
6.569889746416758953e+02 1.228499448732083692e+03
6.568687982359426769e+02 1.228526460859977988e+03
6.575424944812361900e+02 1.228288631346578313e+03
