6.579401900503074785e+02 1.229224147568474109e+03
6.577169076751946477e+02 1.229388765294771929e+03
6.576186487995532843e+02 1.229474595198213365e+03
6.572715565509518001e+02 1.229558790593505137e+03
6.566340782122905466e+02 1.229438547486033485e+03
6.564462395543175717e+02 1.229396657381615569e+03
6.563531390134529602e+02 1.229079596412556157e+03
6.565693430656933742e+02 1.228740033688938865e+03
6.571123595505617914e+02 1.228487078651685351e+03
6.575197771587743318e+02 1.228394986072423308e+03
6.575431754874651915e+02 1.228399442896935852e+03
6.572233983286907915e+02 1.228658495821727001e+03
6.569627156371731189e+02 1.229027824151363347e+03
6.565637769188293760e+02 1.229003865267807896e+03
6.565293791574279112e+02 1.229006097560975604e+03
6.563283582089552510e+02 1.228527363184079604e+03
6.560055432372505493e+02 1.228377494456762861e+03
6.561314317673378582e+02 1.228355704697986539e+03
6.560894354387926342e+02 1.228343767467859152e+03
6.557661469933184435e+02 1.228197661469933109e+03
6.559836527621195046e+02 1.228235062006764338e+03
6.567135706340378647e+02 1.228414349276974463e+03
6.574787472035794735e+02 1.228605145413870332e+03
6.577417366946779111e+02 1.228760784313725480e+03
6.580434537246050013e+02 1.228997742663656936e+03
6.583182326621923721e+02 1.229083892617449692e+03
6.586870443073471506e+02 1.229170499158721213e+03
6.590389610389610198e+02 1.229327498588368144e+03
6.592179271708683927e+02 1.229584873949579787e+03
6.592248454187746347e+02 1.229494659921303992e+03
6.589189339255968889e+02 1.229416435313714601e+03
6.585267260579064441e+02 1.229273942093541109e+03
6.580372843628268811e+02 1.228901502504173550e+03
6.574363128491620500e+02 1.228847486033519544e+03
6.565253199777406508e+02 1.228769616026711219e+03
6.565069405885618607e+02 1.228955024986118815e+03
6.566987681970884978e+02 1.229097424412094142e+03
6.564960937500000000e+02 1.229246093750000000e+03
6.557229654403566883e+02 1.229262541806019954e+03
6.553095768374164436e+02 1.229320155902004444e+03
6.547814238042269608e+02 1.229301446051167886e+03
6.550796610169491032e+02 1.229288135593220431e+03
6.554186440677966630e+02 1.229514124293785244e+03
6.553785310734463110e+02 1.229571751412429421e+03
6.553655367231638138e+02 1.229585875706214665e+03
6.556300675675676075e+02 1.229586711711711814e+03
6.560345609065155941e+02 1.229410764872521213e+03
6.560460227272727707e+02 1.229841477272727161e+03
6.561844934917940009e+02 1.230002829654782090e+03
6.570506833712984189e+02 1.229866742596811036e+03
6.571799660441425885e+02 1.230275042444821793e+03
6.568468872686484019e+02 1.230196298373527725e+03
6.562515303283249750e+02 1.230326655537006218e+03
6.555634743875278900e+02 1.230389755011135776e+03
6.550903479236812927e+02 1.230280022446689145e+03
6.546256983240223235e+02 1.230145251396648064e+03
6.542075365579302115e+02 1.229920134983127127e+03
6.540141482739105641e+02 1.229586304470854657e+03
6.536846240179573897e+02 1.229620089786756353e+03
6.535701408450704548e+02 1.229667605633802850e+03
6.533852691218130531e+02 1.229828895184135945e+03
6.535016872890888635e+02 1.229727221597300286e+03
6.543329551900170600e+02 1.230030062393647086e+03
6.551152968036529955e+02 1.230024543378995531e+03
6.560605546123373415e+02 1.230182795698924792e+03
6.565547362450369064e+02 1.230040272263187717e+03
6.565208098987626499e+02 1.230122609673790748e+03
6.561759049773755805e+02 1.230062217194570167e+03
6.556993281075027653e+02 1.229829787234042442e+03
6.554257703081232194e+02 1.230091876750700294e+03
6.550919345741680218e+02 1.229921601804850525e+03
6.550925925925926094e+02 1.229632435465768822e+03
6.549894444444444161e+02 1.229478333333333239e+03
6.549460811561979199e+02 1.229397443023902269e+03
6.550946175637393480e+02 1.229425495750708251e+03
6.553352240499149275e+02 1.229373794668179244e+03
6.555120854412591598e+02 1.229478920741989896e+03
6.554899777282851119e+02 1.229689309576837331e+03
6.555613839285714448e+02 1.229627790178571331e+03
6.560796410544027140e+02 1.229431295569265330e+03
6.561079865016872645e+02 1.229391451068616334e+03
6.559754601226993600e+02 1.229287228109313901e+03
6.565005549389567250e+02 1.228793562708102172e+03
6.573715724678231709e+02 1.228523223279238891e+03
6.578961474036850632e+02 1.228300390843104424e+03
6.582804262478967985e+02 1.228454851374088548e+03
6.581985376827896062e+02 1.228504499437570303e+03
6.580585937500000000e+02 1.228705915178571331e+03
6.581450167973124508e+02 1.228798992161254091e+03
6.581020868584320169e+02 1.228983079526226675e+03
6.581224604966139395e+02 1.229123024830699705e+03
6.578432132963988579e+02 1.229162326869806066e+03
6.576224205242609742e+02 1.229129392080312300e+03
6.575162192393736404e+02 1.229130313199105103e+03
6.568894472361808994e+02 1.229152987158012365e+03
6.565094549499443701e+02 1.228870967741935374e+03
6.564214601769911042e+02 1.228524889380531022e+03
6.564772727272727479e+02 1.228378603104212971e+03
6.568497495826377417e+02 1.228415692821369021e+03
6.573374233128834021e+02 1.228292805354155007e+03
6.575608258928571104e+02 1.228353236607142890e+03
6.575512820512821008e+02 1.228460423634336621e+03
6.573834628190899139e+02 1.228609877913429500e+03
6.571859550561797505e+02 1.229123595505617914e+03
6.570672645739909967e+02 1.228869955156950709e+03
6.569625907314349433e+02 1.228821328866554950e+03
6.569146341463414274e+02 1.228591463414634063e+03
6.569018847006651640e+02 1.228480598669623078e+03
