6.578982102908277056e+02 1.229704697986577230e+03
6.574740618101545806e+02 1.229200883002207547e+03
6.568462819089900222e+02 1.229399556048834711e+03
6.567949283351708800e+02 1.229212789415656061e+03
6.572766908887646196e+02 1.229409167132476341e+03
6.566642857142857110e+02 1.229251098901098885e+03
6.558719646799116845e+02 1.229402869757174358e+03
6.559092418372994189e+02 1.229364692861095818e+03
6.556575342465753238e+02 1.229246027397260377e+03
6.550809025866813045e+02 1.229282883874518348e+03
6.548649393605292062e+02 1.229327453142227114e+03
6.549234184239733167e+02 1.229555493895671589e+03
6.548990571270105647e+02 1.229527454242928343e+03
6.548056478405316057e+02 1.229509413067552714e+03
6.546017748197448327e+02 1.229599001663893432e+03
6.544257316399779256e+02 1.229546107123136380e+03
6.550172413793103487e+02 1.229397107897664000e+03
6.560653266331657960e+02 1.229347850362925783e+03
6.570446927374301822e+02 1.229295530726257084e+03
6.573541202672605550e+02 1.229239420935411999e+03
6.575500276395798664e+02 1.229139303482587138e+03
6.580686383928571104e+02 1.229170200892857110e+03
6.587505567928729988e+02 1.228903674832962224e+03
6.591539753639417540e+02 1.228794512877939496e+03
6.589268698060941460e+02 1.228763434903047028e+03
6.589585666293393160e+02 1.229053751399776047e+03
6.589960937500000000e+02 1.228905133928571331e+03
6.585049999999999955e+02 1.228815000000000055e+03
6.572920156337241906e+02 1.229018425460636536e+03
6.570865921787709567e+02 1.229210055865921731e+03
6.573796971396523077e+02 1.229166573191250791e+03
6.574528824833703311e+02 1.229015521064301538e+03
6.575555555555555429e+02 1.229106644332774977e+03
6.575927374301676309e+02 1.229159776536312847e+03
6.575775669642856656e+02 1.229131696428571331e+03
6.575988795518206871e+02 1.229334453781512593e+03
6.577266146993318898e+02 1.229251670378619110e+03
6.571773563859453589e+02 1.229288901282766346e+03
6.565647382920110431e+02 1.229210468319559141e+03
6.565035773252614035e+02 1.229211887727022486e+03
6.566344026548672446e+02 1.229195243362831889e+03
6.559541942604856786e+02 1.229070640176600364e+03
6.549305019305019187e+02 1.229032542746828540e+03
