6.588738292011018984e+02 1.227425344352617003e+03
6.572726766833611691e+02 1.228085141903171916e+03
6.557127132636213673e+02 1.228519537699504781e+03
6.542099173553718856e+02 1.228585674931129461e+03
6.528218201754385746e+02 1.229315241228070136e+03
6.514305711086226438e+02 1.230044792833146630e+03
6.505918141592920847e+02 1.229825774336283075e+03
6.500627407815079550e+02 1.230183819482663694e+03
6.502483258928571104e+02 1.230432477678571331e+03
6.504714997232982796e+02 1.230351411178749231e+03
6.509210381004969577e+02 1.230419657647708391e+03
6.517244224422441903e+02 1.230369636963696394e+03
6.532331663884251611e+02 1.230509181969949850e+03
6.551544035674470479e+02 1.230351170568561884e+03
6.565461538461538566e+02 1.230451098901098931e+03
6.582932960893854215e+02 1.230357541899441230e+03
6.604816870144284167e+02 1.230172031076581561e+03
6.623891377379619598e+02 1.230183650615901342e+03
6.642016853932584581e+02 1.229839325842696553e+03
6.647019977802441417e+02 1.229713651498335139e+03
6.648006644518272878e+02 1.229303986710963500e+03
6.649007760532150542e+02 1.229336474501108569e+03
6.643927977839334744e+02 1.228556232686980593e+03
6.627261111111110949e+02 1.227992777777777746e+03
6.608455103179029493e+02 1.227808142777467992e+03
6.588445796460176780e+02 1.227752765486725593e+03
6.573340757238307788e+02 1.227888641425389778e+03
6.556826710816776540e+02 1.228156181015452603e+03
6.537812500000000000e+02 1.228326206140350905e+03
6.524644444444444389e+02 1.228883888888888805e+03
6.497125550660792896e+02 1.229779185022026468e+03
