6.491873601789709483e+02 1.228338366890380257e+03
6.514226689000557826e+02 1.228294807370184344e+03
6.536525847693162632e+02 1.228380211228460212e+03
6.561997780244173555e+02 1.228191453940066594e+03
6.600646430578976833e+02 1.227563237774030313e+03
6.635694991558807487e+02 1.227730444569499241e+03
6.661713483146066892e+02 1.227621348314606848e+03
6.668200999444752597e+02 1.227422543031649184e+03
6.669002785515319829e+02 1.228233983286908142e+03
6.671942889137737893e+02 1.228664053751399706e+03
6.676173044925125168e+02 1.228927343316694305e+03
6.668923668314113229e+02 1.229244371224601764e+03
6.647451307735113915e+02 1.230165275459098439e+03
6.616561983471074200e+02 1.230181267217630875e+03
6.583290358744394553e+02 1.230769058295964214e+03
6.548423672566372034e+02 1.230878318584070712e+03
6.527211221122112192e+02 1.230430143014301393e+03
6.512196885428253381e+02 1.230147385984427046e+03
6.487094298245614254e+02 1.230122807017543892e+03
6.463941078376875566e+02 1.229863813229572088e+03
6.443584169453735058e+02 1.230199554069119358e+03
6.429396790260099124e+02 1.230414499169894953e+03
6.429152354570636589e+02 1.230252631578947330e+03
6.446309983452840697e+02 1.229520132377275331e+03
6.467330764997248025e+02 1.229178315905338422e+03
6.483679508654382744e+02 1.228852596314907942e+03
6.501271708683473207e+02 1.228816806722689080e+03
6.523452115812917782e+02 1.228875278396436443e+03
6.550592797783933747e+02 1.228875900277008213e+03
6.617897042716319902e+02 1.228916757940854268e+03
