6.476732673267326845e+02 1.229595709570957069e+03
6.503194905869324884e+02 1.229316168327796277e+03
6.536930803571428896e+02 1.229304687500000000e+03
6.574623655913978837e+02 1.229197509903791797e+03
6.602421830585559519e+02 1.229223422399090396e+03
6.633046697038724915e+02 1.229037015945330268e+03
6.650266288951841034e+02 1.229036827195467367e+03
6.647898876404494786e+02 1.229085393258427075e+03
6.645184776613348276e+02 1.229179260893546598e+03
6.641001651073197536e+02 1.230027517886626356e+03
6.639434376716089901e+02 1.230399780340472262e+03
6.647859513274336223e+02 1.230390486725663777e+03
6.661441340782123461e+02 1.230383798882681504e+03
6.680234768026830352e+02 1.230435438792621653e+03
6.699712837837837469e+02 1.230097972972972912e+03
6.722129255626082340e+02 1.229976341604154641e+03
6.730234688036633770e+02 1.229689753863766555e+03
6.716225127913587585e+02 1.229725412166003480e+03
6.692282976324689798e+02 1.230047350620067618e+03
6.665788882650196001e+02 1.230287478944413351e+03
6.636324022346368565e+02 1.230151955307262597e+03
6.604718543046357127e+02 1.230015452538631280e+03
6.589429994465965592e+02 1.230312119535141164e+03
6.584059405940594161e+02 1.230299779977997787e+03
6.580917686318131246e+02 1.230264738598442818e+03
6.583559797866366807e+02 1.229657495788882670e+03
6.587015177065767375e+02 1.229333895446880206e+03
6.584220596510973564e+02 1.229261676983680445e+03
6.566816647919009711e+02 1.229221034870641233e+03
6.540371203599549972e+02 1.229170416197975328e+03
6.498438021122846067e+02 1.229521956642579198e+03
6.463497237569060871e+02 1.229546408839778906e+03
6.436705043859649322e+02 1.229718201754385973e+03
6.422119535141117694e+02 1.229674598782512476e+03
6.421576923076922867e+02 1.229473626373626303e+03
6.433686840644086260e+02 1.229654081066074468e+03
6.455175879396985010e+02 1.229499720826353951e+03
6.470945413618458133e+02 1.229253235790658437e+03
6.479416761041902646e+02 1.229156285390713492e+03
6.476842105263158373e+02 1.229199888017917146e+03
6.468867295946696458e+02 1.229188784008883886e+03
6.457137341423056114e+02 1.229218974076116865e+03
6.445393073117097629e+02 1.229297965915338182e+03
6.439780461031832601e+02 1.229515916575192023e+03
6.444804407713498904e+02 1.229396694214876106e+03
6.467488938053097627e+02 1.229375000000000000e+03
6.501904761904761472e+02 1.229351820728291386e+03
6.537032657657657637e+02 1.229259572072072160e+03
6.571424533634822183e+02 1.229110231769361235e+03
6.603519044911881792e+02 1.229351335986355934e+03
6.623303218520609335e+02 1.229086391869000636e+03
6.626824058459808384e+02 1.229065205171444632e+03
6.620671476137624722e+02 1.229827968923418439e+03
