6.543453928773318466e+02 1.230526286037309319e+03
6.560296803652968265e+02 1.230448059360730667e+03
6.581363115693012560e+02 1.229846506300114470e+03
6.596531531531531982e+02 1.229634009009009105e+03
6.604923685698134932e+02 1.229166760881854088e+03
6.609239068710959373e+02 1.229217490062464549e+03
6.606008943543879468e+02 1.229168250419228571e+03
6.599125282167043451e+02 1.229354401805868974e+03
6.596048970506399201e+02 1.229343350027824044e+03
6.595964225824483265e+02 1.229141978759083258e+03
6.602279411764706083e+02 1.228834276018099445e+03
6.617168539325842858e+02 1.228593820224719138e+03
6.631892816419612018e+02 1.228133409350057036e+03
6.647434025828185895e+02 1.228274564851207288e+03
6.655101237345331811e+02 1.228574240719909994e+03
6.653367003367003463e+02 1.228694163860830486e+03
6.645387224420576331e+02 1.229113058224985934e+03
6.632558007923033756e+02 1.229414827391058225e+03
6.623265306122449374e+02 1.229986394557823132e+03
6.622775280898875963e+02 1.229944943820224807e+03
6.624322653175941014e+02 1.230233839235525465e+03
6.631830028328612343e+02 1.230445325779036921e+03
6.641928123217342090e+02 1.230408442669709075e+03
6.648677494199536113e+02 1.230810324825986072e+03
6.651006864988557936e+02 1.230604691075514893e+03
6.651541524459613584e+02 1.230740614334471047e+03
6.650108944954127992e+02 1.230996559633027573e+03
6.642331428571428660e+02 1.231107428571428500e+03
6.633059829059828871e+02 1.231141880341880324e+03
6.623354143019296316e+02 1.231087968217934076e+03
6.617317899491812341e+02 1.231369847543760670e+03
6.614019219898248139e+02 1.231091011871113551e+03
6.611905842314237134e+02 1.231193987521270628e+03
6.614236229415105299e+02 1.231141396933560372e+03
6.622260273972602818e+02 1.231072488584474968e+03
6.632059326868226208e+02 1.231042213348545374e+03
6.637924528301887221e+02 1.231028016009148132e+03
6.640426758938870080e+02 1.231059976931949222e+03
6.639306987399770605e+02 1.230928980526918622e+03
6.635600676818951342e+02 1.230972363226170273e+03
6.631923733636881479e+02 1.230962435970404158e+03
6.631199773627616878e+02 1.230825693265421705e+03
6.633519999999999754e+02 1.231121714285714233e+03
6.645251428571428960e+02 1.231229142857142961e+03
6.662853075170843340e+02 1.230271640091116069e+03
6.677241379310345337e+02 1.230118711136235106e+03
6.685820642978003434e+02 1.230003948110547071e+03
6.687568965517241395e+02 1.230248275862069022e+03
6.686351197263397808e+02 1.229672748004561072e+03
6.685990990990991349e+02 1.229220157657657637e+03
6.680807736063708262e+02 1.228909556313993107e+03
6.670699140401146678e+02 1.229149570200572953e+03
6.657926345609065493e+02 1.229124079320113424e+03
6.643121091529277464e+02 1.229088686753837464e+03
6.633518728717366457e+02 1.228904653802497251e+03
6.629323863636363967e+02 1.229175568181818107e+03
6.635413153456997861e+02 1.228535132096683583e+03
6.643375286041190293e+02 1.228939359267734517e+03
6.651069145845439152e+02 1.228775130737943073e+03
6.653704337899542907e+02 1.228007420091324093e+03
6.647699265121538019e+02 1.227960429621254889e+03
6.638351274787535203e+02 1.228111614730878273e+03
6.626735838474480715e+02 1.228889512058328592e+03
6.617253798536860359e+02 1.229202025886325373e+03
6.616376811594202536e+02 1.229574693422519431e+03
6.623733784545967183e+02 1.230015228426395879e+03
6.635909090909091219e+02 1.229971590909090992e+03
6.639472789115645810e+02 1.229845804988662167e+03
6.639789533560864356e+02 1.230100682593856618e+03
6.640096755833807265e+02 1.230163915765509500e+03
6.635329206527856059e+02 1.230200900393922439e+03
6.618283455674760489e+02 1.230429136081309935e+03
6.603133903133903004e+02 1.230844444444444434e+03
6.592113078241004587e+02 1.231098229583095417e+03
6.583132803632236119e+02 1.230925652667423492e+03
6.582081447963801111e+02 1.230779977375565522e+03
6.584614518851997218e+02 1.230439504783342727e+03
6.590091376356367618e+02 1.230250142775556924e+03
6.596454906409529713e+02 1.230051049347702701e+03
6.597878959276017667e+02 1.229552601809954695e+03
6.596522471910112699e+02 1.229481460674157233e+03
6.593914750420639166e+02 1.229452607964105482e+03
6.586764044943820409e+02 1.229349999999999909e+03
6.578528579513299519e+02 1.229586304470854657e+03
6.571561443066516404e+02 1.229442502818489402e+03
6.566737787759685716e+02 1.229655811341942808e+03
6.563443449048152161e+02 1.229282754759238514e+03
6.567370203160270421e+02 1.229121331828442408e+03
6.575569904548007116e+02 1.229003368893879951e+03
6.583593839132914809e+02 1.229269823160296710e+03
6.586864072194020991e+02 1.228882684715171990e+03
6.585265237020315681e+02 1.228914221218961529e+03
6.578274886877827612e+02 1.228868212669683317e+03
6.566452154448796819e+02 1.228468942361499785e+03
6.551160815402038224e+02 1.228639864099660144e+03
6.532938867077958776e+02 1.228854739203589361e+03
6.520399774774774642e+02 1.229130067567567494e+03
6.508964932126697249e+02 1.229251696832579228e+03
6.498012387387387889e+02 1.229273085585585477e+03
6.496016666666666879e+02 1.228812222222222317e+03
6.492589485458612444e+02 1.228694071588366796e+03
6.486315789473684390e+02 1.228428808864265875e+03
6.476201550387596626e+02 1.228512181616832777e+03
6.462483108108108354e+02 1.229185247747747781e+03
6.449092957746478305e+02 1.229647887323943678e+03
6.440272263187748649e+02 1.230138400453771965e+03
6.431865839909808074e+02 1.230583990980834187e+03
6.425496651785714448e+02 1.230708147321428669e+03
6.423683917640512391e+02 1.230560934891485886e+03
6.427021517553794183e+02 1.231167610419026005e+03
6.437009609949124069e+02 1.231170717919728759e+03
6.448538942581011497e+02 1.231123365548607126e+03
6.466332767402376476e+02 1.231198075834748124e+03
6.476453619909502777e+02 1.231403280542986522e+03
6.478038548752834913e+02 1.231446145124716622e+03
6.473827160493826796e+02 1.231456790123456813e+03
6.464859234234234009e+02 1.232034909909909857e+03
6.461810979060554700e+02 1.232017543859649095e+03
6.460090395480225425e+02 1.232006214689265562e+03
6.469210822998873027e+02 1.231620631341600983e+03
6.480421652421651970e+02 1.231191452991452934e+03
6.491046312178388007e+02 1.231116638078902270e+03
6.494106334841628723e+02 1.230268665158371050e+03
6.494092707744488280e+02 1.230247597512719040e+03
6.486956037840845966e+02 1.229722871452420804e+03
6.479955005624296973e+02 1.229751406074240776e+03
6.477780269058296199e+02 1.229783071748878911e+03
6.478221722003376044e+02 1.229719189645469896e+03
6.481347237880496550e+02 1.229539458850056462e+03
6.486743532058492292e+02 1.229263779527559109e+03
6.496386696730552330e+02 1.229177564825253739e+03
6.504265456608054592e+02 1.228979013045944384e+03
6.511729024943310833e+02 1.228786281179138314e+03
6.520801591813529967e+02 1.228899943149516730e+03
6.524579333709768889e+02 1.229075663466967853e+03
6.526153846153846416e+02 1.229075238629983232e+03
6.525560538116592397e+02 1.229181053811659240e+03
6.518301675977653531e+02 1.229659217877094989e+03
6.514167604049494003e+02 1.229794150731158652e+03
6.510409652076318707e+02 1.229800224466891223e+03
6.505499720826353496e+02 1.229805136795086582e+03
6.503589743589743648e+02 1.229505574136008818e+03
6.507200000000000273e+02 1.229438873239436589e+03
6.507228780213603159e+02 1.229423271500843157e+03
6.505301675977653986e+02 1.229469273743016856e+03
6.502238388360379986e+02 1.229570789031896993e+03
6.491702367531003119e+02 1.229791995490417094e+03
6.477000562746201240e+02 1.230138998311761497e+03
6.465008422234699310e+02 1.230181920269511465e+03
6.457192588433464380e+02 1.230252105558674884e+03
6.457566048341765281e+02 1.230432265317594101e+03
6.461214003387916591e+02 1.230288537549407010e+03
6.468305180180179832e+02 1.230499436936936945e+03
6.473994350282486039e+02 1.230628813559321998e+03
6.485104108047270302e+02 1.230680922903770352e+03
6.500464449541284466e+02 1.231020068807339385e+03
6.514542873367404354e+02 1.230906303236797385e+03
6.525173789173788919e+02 1.231017094017093996e+03
6.532272470322216122e+02 1.230877331825890224e+03
6.536600901916572184e+02 1.231010710259301050e+03
6.537130730050934062e+02 1.231127334465195190e+03
6.537217194570135916e+02 1.231170814479638011e+03
6.541442417331812749e+02 1.231157924743443573e+03
6.552591963780419064e+02 1.230822297679683061e+03
6.568458498023715038e+02 1.230696781479390211e+03
6.583376993166286866e+02 1.230144077448747112e+03
6.595547445255474486e+02 1.229631667602470543e+03
6.605047995482777878e+02 1.229706945228684390e+03
6.608204404291360561e+02 1.229355166572557891e+03
6.606307779030439633e+02 1.229245772266065387e+03
6.603892957746478487e+02 1.229145352112676164e+03
6.601206798866855934e+02 1.229219263456090630e+03
6.597578125000000000e+02 1.228745535714285779e+03
6.602669322709162998e+02 1.228625498007968190e+03
6.610136752136752420e+02 1.228472364672364620e+03
6.623849658314351245e+02 1.228145216400911067e+03
6.637877412031782569e+02 1.228021566401816017e+03
6.644361883153715098e+02 1.228132161089052715e+03
6.644201917653693954e+02 1.228148336153412401e+03
6.638162464985994120e+02 1.228498039215686276e+03
6.631078486730660870e+02 1.229234895539243325e+03
6.626347874720357822e+02 1.229562639821029052e+03
6.626655480984339874e+02 1.229595078299776333e+03
6.631101646791595385e+02 1.229779102782509881e+03
6.639568916619398351e+02 1.229711287577992152e+03
6.648607954545454959e+02 1.229910795454545450e+03
6.651026659103799830e+02 1.229836074872376685e+03
6.650964265456608473e+02 1.230136698808848450e+03
6.651701764371086938e+02 1.230016505406943679e+03
6.652114837976122317e+02 1.230049459920409390e+03
6.648436794582393077e+02 1.230514672686230142e+03
6.641866892272984160e+02 1.230346305696559511e+03
6.635416666666666288e+02 1.230352222222222281e+03
6.626279199110122136e+02 1.230271968854282477e+03
6.621356218345525804e+02 1.230270680922903693e+03
6.619293447293447343e+02 1.230417663817663879e+03
