6.555559845559845371e+02 1.228717043574186391e+03
6.564403109383675883e+02 1.228760133259300346e+03
6.567493082457111768e+02 1.229327061427780791e+03
6.560804407713499131e+02 1.229395592286501369e+03
6.550054644808743660e+02 1.229312021857923583e+03
6.549439912996193698e+02 1.229346927678085876e+03
6.556507675438596152e+02 1.229355263157894797e+03
6.561146355036171371e+02 1.229446855870895888e+03
6.561623123957754160e+02 1.229340744858254538e+03
6.567712707182320173e+02 1.229195027624309432e+03
6.560508568269762009e+02 1.229113875069098867e+03
6.548927982407916488e+02 1.229165475536008898e+03
6.561092017738359345e+02 1.229531042128603076e+03
6.576038674033148936e+02 1.229641988950276300e+03
6.577761276127612291e+02 1.229624862486248730e+03
6.569719780219779750e+02 1.229884615384615472e+03
6.562016620498615112e+02 1.230106371191135622e+03
6.557319757842598165e+02 1.230138690148596652e+03
6.558631346578366674e+02 1.229734547461368720e+03
6.563235457063711920e+02 1.229499168975069324e+03
6.566365140650855210e+02 1.229762272476558110e+03
6.568389409817981459e+02 1.230016547159404354e+03
6.566972527472527190e+02 1.229808791208791263e+03
6.563320526893523947e+02 1.229655872667398398e+03
