6.578615127919911174e+02 1.228971078976640683e+03
6.561270285394515440e+02 1.228477336317851041e+03
6.524380899500278019e+02 1.228386451971127144e+03
6.488294956140350678e+02 1.228332785087719230e+03
6.467844969763606287e+02 1.229006597031335787e+03
6.456339726027397319e+02 1.229745753424657551e+03
6.461996672212978865e+02 1.230192457016084290e+03
6.481140642303432742e+02 1.229694352159468508e+03
6.508539140022051015e+02 1.229429437706725366e+03
6.546973903387007567e+02 1.229046085508051192e+03
6.584309764309764432e+02 1.228716049382715937e+03
6.616621773288439954e+02 1.227904040404040416e+03
6.637437185929647967e+02 1.227774427694025690e+03
6.635723868082727677e+02 1.227875349357182813e+03
6.623161723559037455e+02 1.228757134862898738e+03
6.600861878453038116e+02 1.230051381215469519e+03
6.579072447859495014e+02 1.230162458836443420e+03
6.555869445968183982e+02 1.229731760833790531e+03
6.550447842708902044e+02 1.229463134898962380e+03
6.562748893805310217e+02 1.229243362831858349e+03
6.576694260485651284e+02 1.228831125827814503e+03
6.580327413984462055e+02 1.228720310765815839e+03
6.582894444444444844e+02 1.228943333333333385e+03
6.582650196518809480e+02 1.229023582257158978e+03
6.572346089850249200e+02 1.229053799223516307e+03
6.566883187772925794e+02 1.229070414847161601e+03
6.575514584479911946e+02 1.229072647220693398e+03
6.583624235686492057e+02 1.228431350750416868e+03
6.568247650635710215e+02 1.228060807075732555e+03
6.536335920177383514e+02 1.228153547671840442e+03
6.492697441601779929e+02 1.228406006674082391e+03
6.445325248070562338e+02 1.229743109151047520e+03
