6.458388520971302569e+02 1.226588300220750625e+03
6.448377630121816537e+02 1.226560908084163884e+03
6.438119469026548813e+02 1.226660951327433622e+03
6.430545353366721884e+02 1.227122426265998911e+03
6.424801324503310980e+02 1.227323951434878609e+03
6.425941143808995548e+02 1.227628539700166584e+03
6.425653140633685325e+02 1.228212896053363011e+03
6.424654505251520504e+02 1.228417910447761187e+03
6.432862745098038886e+02 1.228574229691876781e+03
6.447468144044321434e+02 1.228635457063712010e+03
6.457804335742079047e+02 1.228809338521400832e+03
6.469844617092120416e+02 1.228770255271920178e+03
6.492528026905829392e+02 1.228669843049327255e+03
6.519237240605721126e+02 1.228803701626472275e+03
6.546379504504504894e+02 1.229030968468468473e+03
6.566605042016806237e+02 1.229306442577030793e+03
6.596219101123595010e+02 1.229786516853932653e+03
6.634178351093662513e+02 1.230194054963544659e+03
6.653983286908078298e+02 1.230416155988858009e+03
6.663344500279173417e+02 1.230491903964265703e+03
6.682175141242937570e+02 1.230936158192090488e+03
6.696789915966386388e+02 1.230794397759103731e+03
6.703409726103968751e+02 1.230420905533817859e+03
6.701685393258427439e+02 1.230274719101123537e+03
6.704244966442953455e+02 1.229556487695749411e+03
6.700610771793448066e+02 1.229378678511937778e+03
6.689338888888888732e+02 1.229496111111111077e+03
6.683794642857143344e+02 1.229040736607142890e+03
6.681420581655480646e+02 1.228829418344519127e+03
6.669848229342327386e+02 1.228962900505902098e+03
6.653996627318717856e+02 1.228871275997751582e+03
6.634321748878924154e+02 1.228948991031390051e+03
6.613149915777653405e+02 1.228643458731050032e+03
6.586596452328159330e+02 1.228210088691796045e+03
6.556156405990016083e+02 1.228037160288408131e+03
6.532285714285713993e+02 1.227394397759103640e+03
6.508627997769101512e+02 1.227091466815393233e+03
6.479226918798665338e+02 1.226807007786429267e+03
6.464484104852202790e+02 1.226756274400446273e+03
6.455650249031543808e+02 1.226890426120641905e+03
6.447047461368653103e+02 1.226621412803531939e+03
6.439916989485334398e+02 1.227186496956281189e+03
6.434764281752634361e+02 1.227351081530782039e+03
6.434657079646017337e+02 1.227400995575221259e+03
6.432497219132369537e+02 1.228195773081201423e+03
6.438021122846025719e+02 1.228642579210672693e+03
