6.553115024766098031e+02 1.229459548706659234e+03
6.546289791437980057e+02 1.229359495060373320e+03
6.547946183415705264e+02 1.229186161449752944e+03
6.547999999999999545e+02 1.229321095890411016e+03
6.540294920808300958e+02 1.229367558711086758e+03
6.536411092985317737e+02 1.229406742794997172e+03
6.537442371020856626e+02 1.229559824368825502e+03
6.535434663750683058e+02 1.229400218698742492e+03
6.533631376851343475e+02 1.229329676357652261e+03
6.535891684901531562e+02 1.229252735229759310e+03
6.539643444871092015e+02 1.229234229292375176e+03
6.546770833333333712e+02 1.229292214912280770e+03
6.554775711159737739e+02 1.229514770240700273e+03
6.560940594059405839e+02 1.229515401540154016e+03
6.567129579004920288e+02 1.229236741388737073e+03
6.580104109589041173e+02 1.229385205479451997e+03
6.591036585365853853e+02 1.229111419068736041e+03
6.592329988851728331e+02 1.229317725752508295e+03
6.590314743235780952e+02 1.229352291551628923e+03
6.596491228070175339e+02 1.229323464912280770e+03
6.605398570643210405e+02 1.229357339197361171e+03
6.603960286817430188e+02 1.229519580805295163e+03
6.602229544206479659e+02 1.229566721581548563e+03
6.605703296703296701e+02 1.229176373626373561e+03
6.605279912184412296e+02 1.229214599341383064e+03
6.593348090758162243e+02 1.229214720531267403e+03
6.586684901531729111e+02 1.229345185995623524e+03
6.589136888400220187e+02 1.229184167124793930e+03
6.588100711548987647e+02 1.229158730158730123e+03
6.579292375205704957e+02 1.229170049369171693e+03
6.573841059602649466e+02 1.228854856512141168e+03
6.572971776425014241e+02 1.229142778085224109e+03
6.572382790954219445e+02 1.229283507997793777e+03
6.564691629955947292e+02 1.229323788546255400e+03
6.552885979268958181e+02 1.229710856519367098e+03
