6.555030403537866732e+02 1.229203427307905031e+03
6.533028792912514291e+02 1.230090254706533869e+03
6.512322118036403253e+02 1.230500827357970138e+03
6.501380638063806146e+02 1.230520902090209120e+03
6.513074361820199556e+02 1.230339067702552711e+03
6.531512976256211687e+02 1.229541689674213103e+03
6.545869086908691088e+02 1.229255225522552337e+03
6.564060606060605778e+02 1.228559779614325180e+03
6.576108647450110993e+02 1.228692904656319342e+03
6.573208585580626959e+02 1.228777105118326972e+03
6.561595394736841627e+02 1.228699013157894797e+03
6.549791666666666288e+02 1.228640350877192986e+03
6.536796703296703299e+02 1.228807142857142935e+03
6.533810049696299984e+02 1.228860298177802406e+03
6.546086480569239257e+02 1.229155993431855450e+03
6.558509350935094062e+02 1.229269526952695287e+03
6.574069383259911774e+02 1.228734030837004411e+03
6.590005494505494426e+02 1.228403846153846189e+03
6.596996699669966802e+02 1.228300880088008853e+03
6.588104683195592770e+02 1.228251239669421466e+03
6.574165280088741383e+02 1.228635052689961185e+03
6.557015907844212279e+02 1.229380691168403700e+03
6.536626571897211306e+02 1.229408966648441719e+03
6.515206839492553854e+02 1.230208494208494130e+03
6.507128820960698476e+02 1.230536572052401652e+03
6.536809210526315610e+02 1.229382127192982352e+03
