6.597295918367346985e+02 1.232362811791383137e+03
6.603064699205448278e+02 1.232856980703745648e+03
6.613287827076222811e+02 1.233203071672355009e+03
6.623040540540540633e+02 1.232666666666666742e+03
6.632428491306786782e+02 1.232506449803701571e+03
6.646942102304665241e+02 1.231611579539066952e+03
6.661866515837103861e+02 1.230428733031674255e+03
6.677114845938375538e+02 1.229291876750700339e+03
6.687456189937818181e+02 1.227750141322781246e+03
6.693994285714285297e+02 1.227001142857142895e+03
6.697850678733032055e+02 1.226080316742081550e+03
6.698894557823128935e+02 1.225808390022675667e+03
6.695081874647091809e+02 1.225846414455110107e+03
6.689848399775406733e+02 1.226023020774845691e+03
6.682808103545301037e+02 1.227438379290939793e+03
6.674133109619687048e+02 1.228506711409396075e+03
6.664915349887132834e+02 1.230044582392776420e+03
6.664427437641722918e+02 1.231077664399093010e+03
6.675644241733181161e+02 1.232036488027365976e+03
6.692355961209354973e+02 1.232311466058185943e+03
6.710293609671848571e+02 1.232371905584340766e+03
6.720998278829604260e+02 1.231738955823293281e+03
6.720912767186597421e+02 1.231299248989023681e+03
6.714092446448703413e+02 1.230255355129650525e+03
6.705423250564333557e+02 1.229226862302483141e+03
6.691461625282166779e+02 1.228303611738148902e+03
6.677770308123249379e+02 1.227594397759103686e+03
6.671489482660603016e+02 1.227058555997725989e+03
6.668089385474860364e+02 1.226364804469273849e+03
6.667133296151700961e+02 1.226195761293920896e+03
6.664329781267526869e+02 1.226311273135165493e+03
6.658275084554678642e+02 1.227130214205186121e+03
6.651423709585933466e+02 1.228115711854793062e+03
6.647708803611737949e+02 1.229091422121896130e+03
6.644593381940549079e+02 1.230425687044307324e+03
6.639652076318742502e+02 1.231715488215488222e+03
6.632930547713156102e+02 1.232775268210050854e+03
6.628050847457626560e+02 1.233249152542372940e+03
6.626632768361581611e+02 1.233675141242937798e+03
6.629124788255222711e+02 1.233542066629023111e+03
6.637871371656232213e+02 1.232862834376778665e+03
6.651632420091324320e+02 1.231367579908675907e+03
6.659186246418338442e+02 1.230500859598853822e+03
6.660645905420991539e+02 1.229158016147635635e+03
6.652933789954338408e+02 1.228500570776255699e+03
6.642320722755505358e+02 1.228176736307171041e+03
6.627054833239118352e+02 1.227983041266252030e+03
6.610567415730337189e+02 1.228585955056179728e+03
6.597318029115341460e+02 1.229508958566629417e+03
6.593853876185164609e+02 1.230557166759620713e+03
6.598231981981981562e+02 1.231796734234234236e+03
6.604541361845807614e+02 1.232612830613393271e+03
6.617699662542182750e+02 1.233591676040495031e+03
6.633679727427597754e+02 1.234464508801817146e+03
6.643567782189450099e+02 1.234591038003403355e+03
6.639433221099887987e+02 1.234409090909090992e+03
6.623188241944601486e+02 1.234434143583945797e+03
6.611438317225696437e+02 1.234038089823763585e+03
6.596048615036744422e+02 1.233421141888072270e+03
6.587438202247191157e+02 1.232487640449438231e+03
6.584906832298136123e+02 1.231320158102766754e+03
6.584960496613995247e+02 1.230522573363431093e+03
6.581661891117478262e+02 1.229702005730659039e+03
6.575758776896942663e+02 1.229283691959229827e+03
6.565438695163104512e+02 1.229217097862767105e+03
6.556775098149187215e+02 1.229558048233314594e+03
6.547714932126697249e+02 1.230236990950226300e+03
6.540780984719864364e+02 1.231462365591397884e+03
6.530184770436729877e+02 1.232483762597984423e+03
6.523869516310461449e+02 1.233194600674915591e+03
6.518083565459610327e+02 1.233565459610027801e+03
6.514969153112731419e+02 1.233721256309590672e+03
6.517266106442576756e+02 1.233491316526610717e+03
6.521688238604389198e+02 1.232868880135059044e+03
6.524507829977628717e+02 1.231609060402684463e+03
6.526846543001686314e+02 1.230649803260258523e+03
6.529795918367346985e+02 1.229617913832199520e+03
6.529083286752376125e+02 1.228799329234209154e+03
6.517688838782412404e+02 1.228090755355129659e+03
6.502059483726150120e+02 1.227696408529741802e+03
6.481632080762759642e+02 1.227389792484576446e+03
6.471024198086662409e+02 1.227705683736634683e+03
6.463387640449437868e+02 1.227969662921348345e+03
6.460856494611457492e+02 1.228916052183777765e+03
6.465431614349776055e+02 1.229423206278027010e+03
6.474089635854342077e+02 1.230431932773109338e+03
6.484700902934537226e+02 1.230911399548532700e+03
6.495459154929577608e+02 1.231269295774647844e+03
6.503111868256672778e+02 1.231567859170925658e+03
6.508351274787535203e+02 1.231576770538243636e+03
6.508336162988115348e+02 1.231121675155631010e+03
6.505857063093244506e+02 1.230350642099385823e+03
6.503753501400560708e+02 1.229435854341736785e+03
6.503398766124508938e+02 1.228302299495232774e+03
6.506804932735426519e+02 1.227477017937219671e+03
6.512284263959390955e+02 1.226223350253807212e+03
6.518234630569655792e+02 1.225350253807106583e+03
6.520472127417519914e+02 1.225260523321956725e+03
6.511699716713881116e+02 1.225073087818696877e+03
6.499510961214165263e+02 1.226134345137717901e+03
6.491604308390022879e+02 1.227145691609977348e+03
6.484450113378684364e+02 1.229073696145124813e+03
6.476484679665737758e+02 1.230301949860724335e+03
6.473134496342149760e+02 1.231787281935846977e+03
6.469243273542600718e+02 1.232431614349775828e+03
6.470859419464997018e+02 1.232998292544109290e+03
6.475667046750285181e+02 1.232976624857468551e+03
6.485481859410431298e+02 1.232273809523809632e+03
6.495144475920679952e+02 1.231926912181303123e+03
6.500326647564470477e+02 1.231042979942693364e+03
6.495793025871765849e+02 1.229780652418447744e+03
6.481046972269383559e+02 1.229024900962082711e+03
6.461649717514123950e+02 1.227908474576271146e+03
6.442960268606602767e+02 1.227050363738108672e+03
6.429836803601575639e+02 1.227055149127743334e+03
6.427063447501403743e+02 1.227176305446378365e+03
6.430998871331828468e+02 1.227726862302483141e+03
6.439196832579185639e+02 1.228750565610859667e+03
6.448098471986418190e+02 1.229931522354272829e+03
6.458697621744054231e+02 1.231358437146092911e+03
6.466623595505617459e+02 1.232591011235954966e+03
6.465596590909091219e+02 1.233273295454545405e+03
6.462317767653757983e+02 1.233908883826879219e+03
6.457802690582959713e+02 1.233994955156950709e+03
6.454552154195010871e+02 1.234234693877551081e+03
6.454377828054298334e+02 1.234063348416289500e+03
6.454526493799323816e+02 1.233416009019165813e+03
6.456065205171444177e+02 1.232902192242833053e+03
6.459525171624713948e+02 1.232042906178489602e+03
6.461685649202732975e+02 1.230948177676537625e+03
6.463878583473862136e+02 1.230014614952220427e+03
6.462197863968522142e+02 1.229615514333895362e+03
6.459803811659193116e+02 1.229633408071748818e+03
6.455923248053392172e+02 1.229898220244716413e+03
6.451928251121075846e+02 1.230489349775784831e+03
6.447907761529809250e+02 1.231371203599549972e+03
6.447369601794728169e+02 1.232291643297812698e+03
6.448387993329627079e+02 1.232906058921623071e+03
6.457529346003353794e+02 1.233645612073784150e+03
6.475516273849607387e+02 1.234095398428731869e+03
6.500028232636927896e+02 1.233966685488424673e+03
6.520407009609949682e+02 1.233366873940079131e+03
6.533471355643788456e+02 1.232868406125921638e+03
6.544492342597844754e+02 1.232251276233692579e+03
6.547863585118376477e+02 1.231458850056369783e+03
6.544480446927374260e+02 1.230359217877095034e+03
6.533495254048017387e+02 1.229472920156337295e+03
6.529162946428571104e+02 1.229171316964285779e+03
6.532377701934016159e+02 1.228994311717861137e+03
6.550714687675857704e+02 1.228458075407990918e+03
6.570147225368062891e+02 1.228957531143827964e+03
6.586164692611392866e+02 1.229708403835307308e+03
6.601520136131593972e+02 1.230570051049347740e+03
6.609653605905734821e+02 1.231436683702441769e+03
6.611935846933033645e+02 1.232266741699493423e+03
6.615287749287749648e+02 1.233137321937321985e+03
6.623885422575156099e+02 1.233222915484968780e+03
6.632584841628959111e+02 1.233283936651583645e+03
6.638985343855692918e+02 1.232958286358511941e+03
6.649264458169567433e+02 1.231805727119595758e+03
6.663056646102074865e+02 1.230625350532809762e+03
6.680477272727272293e+02 1.229298863636363649e+03
6.693857383492420468e+02 1.227670971364402021e+03
6.707081447963801111e+02 1.226679864253393589e+03
6.714390243902439579e+02 1.225933068633011999e+03
6.716764539808018526e+02 1.225276115189158645e+03
6.716862416107383069e+02 1.225205816554809871e+03
6.712942167321729130e+02 1.226099943851768558e+03
6.704225352112675864e+02 1.227292957746478805e+03
6.693416999429549605e+02 1.228849971477467307e+03
6.685289488476672659e+02 1.230102304665542533e+03
6.687125850340136139e+02 1.231147959183673493e+03
6.697749433106575907e+02 1.231571428571428669e+03
6.713727168949772022e+02 1.231740867579908581e+03
6.726392796848621174e+02 1.231538548114800278e+03
6.735384615384615472e+02 1.231217194570135689e+03
6.735206098249576598e+02 1.230549971767363104e+03
6.729812286689419807e+02 1.229837315130830575e+03
6.720432801822323654e+02 1.229011958997722104e+03
6.705047779651489464e+02 1.227905564924114742e+03
6.694047217537943197e+02 1.227318156267566110e+03
6.689363128491620500e+02 1.226401675977653667e+03
6.688176206509540407e+02 1.225919753086419860e+03
6.686556550951847839e+02 1.226002799552071565e+03
