6.474668523676880341e+02 1.229052367688022287e+03
6.491836506159014561e+02 1.229500000000000000e+03
6.507352779306548882e+02 1.229646119977985791e+03
6.525188261351052006e+02 1.229506644518272424e+03
6.553394546466332713e+02 1.229495269894268176e+03
6.591660145332588172e+02 1.229528787031861384e+03
6.615426829268292295e+02 1.229461751662971210e+03
6.633160823594880640e+02 1.229269337785197649e+03
6.654711431742508694e+02 1.229220865704772450e+03
6.666615044247787409e+02 1.229210730088495666e+03
6.672969966629588043e+02 1.229475528364849879e+03
6.678301051466519311e+02 1.229547315993359234e+03
6.675395245992260698e+02 1.229386954118297353e+03
6.658388176240937355e+02 1.229590072504182899e+03
6.625662983425414723e+02 1.229587845303867425e+03
6.601300223214285552e+02 1.229891183035714221e+03
6.580428730512248876e+02 1.229583518930957780e+03
6.556615129762561764e+02 1.229506902263942493e+03
6.533112472160356674e+02 1.229564031180400889e+03
6.506537824406404980e+02 1.229336830480397566e+03
6.481212458286985338e+02 1.229417130144605153e+03
6.464439511653718000e+02 1.229753607103218656e+03
6.455979040264754758e+02 1.229795366795366817e+03
6.457118457300275622e+02 1.229230853994490417e+03
6.458263041065482639e+02 1.229082685904550544e+03
6.460686001115449244e+02 1.229132738427216964e+03
6.466419408812047322e+02 1.228986614612381572e+03
6.483880846325166658e+02 1.229293429844098000e+03
6.505124653739611631e+02 1.229178393351800651e+03
6.569410783768760211e+02 1.229199555308504614e+03
