6.522853139013452619e+02 1.229822869955156875e+03
6.537928730512248876e+02 1.229991091314031110e+03
6.554843400447426802e+02 1.230315436241610769e+03
6.563550928531232103e+02 1.230199774901519504e+03
6.562099943851768558e+02 1.230337450870297516e+03
6.561306053811658785e+02 1.230165358744394553e+03
6.561478163493841294e+02 1.229603023516237499e+03
6.568151260504201900e+02 1.229319887955182139e+03
6.573303320202588793e+02 1.228929656724817050e+03
6.573363078639151809e+02 1.228198549916341335e+03
6.574482951369479906e+02 1.227952487423141520e+03
6.582904681331077654e+02 1.227929498025944667e+03
6.592367829021371790e+02 1.228301462317210280e+03
6.600264490714687327e+02 1.228936972425436124e+03
6.612191011235954647e+02 1.229498876404494467e+03
6.626890380313199103e+02 1.229881431767337745e+03
6.629208913649025590e+02 1.230415041782729759e+03
6.628332400671516780e+02 1.230378287632904403e+03
6.628694924707194787e+02 1.230435025097601738e+03
6.628557158712541195e+02 1.230402330743618222e+03
6.629081803005008169e+02 1.230308848080133657e+03
6.627829500841278332e+02 1.229624228827818342e+03
6.619054280917739561e+02 1.228939563514269821e+03
6.615688689809630887e+02 1.228148376259798397e+03
6.605041922861934154e+02 1.227579653437674779e+03
6.594713483146067574e+02 1.227550561797752835e+03
6.588258678611422283e+02 1.226915453527435602e+03
6.582862767154106223e+02 1.226977502812148487e+03
6.574083798882682004e+02 1.227245810055865832e+03
6.569286112660345225e+02 1.228146681539319616e+03
6.575376827896512850e+02 1.229784589426321645e+03
6.578808724832214239e+02 1.230268456375838923e+03
6.581196868008948968e+02 1.230448545861297589e+03
6.583564971751412713e+02 1.231086440677966038e+03
6.577237354085602874e+02 1.231292940522512481e+03
6.561125419932810701e+02 1.231238521836506152e+03
6.546065664997217937e+02 1.231117974401780657e+03
6.528759002770083271e+02 1.230459833795013765e+03
6.518867819297266806e+02 1.229992191857222451e+03
6.503479224376731054e+02 1.229219944598337861e+03
6.491637786472889502e+02 1.229195640022358930e+03
6.485688225538972347e+02 1.228786069651741400e+03
6.480149750415973813e+02 1.228369384359401010e+03
6.471506392440244326e+02 1.228005002779321785e+03
6.468600000000000136e+02 1.227980000000000018e+03
6.474027855153203745e+02 1.227997214484679716e+03
6.478772222222222581e+02 1.228438333333333276e+03
6.485813436979456128e+02 1.229215435868961777e+03
6.497519466073414378e+02 1.229393770856507217e+03
6.511485426008969171e+02 1.229766255605381275e+03
6.525521064301551633e+02 1.230195676274944617e+03
6.538834628190899139e+02 1.230438956714761389e+03
6.547750692520775146e+02 1.230291966759002662e+03
6.550972222222221717e+02 1.230348888888888951e+03
6.551380659586361617e+02 1.230251537171604241e+03
6.555083148558758239e+02 1.229769401330376922e+03
6.562411665731912080e+02 1.229297812675266414e+03
6.569289311695579272e+02 1.228862898712926608e+03
6.568821567537520423e+02 1.228593663146192284e+03
6.572879551820727784e+02 1.227877871148459462e+03
