6.524776119402985159e+02 1.229181315644002098e+03
6.538784838350055679e+02 1.229278706800445889e+03
6.561491867638810618e+02 1.229293886707795764e+03
6.576086714841578669e+02 1.229037798777098487e+03
6.595325180655919439e+02 1.229130628126737065e+03
6.612268623024830276e+02 1.229502257336343064e+03
6.621678791270285274e+02 1.229298265249020687e+03
6.620580357142856656e+02 1.229226562500000000e+03
6.617170435741863912e+02 1.229175399889685650e+03
6.619960740325294637e+02 1.229176668536174930e+03
6.627046718576195872e+02 1.229127919911012214e+03
6.627937743190661877e+02 1.229112284602556883e+03
6.629418604651162923e+02 1.229167220376522664e+03
6.633600673022995124e+02 1.229314638250140206e+03
6.630939072107322545e+02 1.229401900503074330e+03
6.627466887417218686e+02 1.229287527593819050e+03
6.618558758314856050e+02 1.229793237250554284e+03
6.613045175683212165e+02 1.229867819297267260e+03
6.605133185349611722e+02 1.229862930077691544e+03
6.591470422535211355e+02 1.229732394366197241e+03
6.580145251396647836e+02 1.229702793296089339e+03
6.567779005524862441e+02 1.229709392265193401e+03
6.546747653230260084e+02 1.230031474323578095e+03
6.535130338325013781e+02 1.229627287853577400e+03
6.518009895547004362e+02 1.229533260032985254e+03
6.503576601671309163e+02 1.229657381615598979e+03
6.492259507829977565e+02 1.230102908277404822e+03
6.485354767184035154e+02 1.229743348115299341e+03
6.481507002801120052e+02 1.230160784313725571e+03
6.483944444444443889e+02 1.229919444444444480e+03
6.486022222222221671e+02 1.229739444444444416e+03
6.485254424778761404e+02 1.229740044247787637e+03
6.485479224376731509e+02 1.229658725761772757e+03
6.486428175263449702e+02 1.229342762063228065e+03
6.489614093959731917e+02 1.229807606263982052e+03
6.494489456159822112e+02 1.229744173140954445e+03
6.499253228523301686e+02 1.229921392476137044e+03
6.506299387868670010e+02 1.229490261547022783e+03
6.523016759776536446e+02 1.229406145251396538e+03
6.542472035794183967e+02 1.229461968680089512e+03
6.560969937606353142e+02 1.230073170731707251e+03
6.574568725653867887e+02 1.229879799666110102e+03
6.588699551569507094e+02 1.230126121076233176e+03
6.596561111111111586e+02 1.229618333333333339e+03
6.594046953605366070e+02 1.229632755729457813e+03
