6.565016835016834875e+02 1.229071268237934873e+03
6.563557531962201210e+02 1.229237909949972163e+03
6.571294516676088051e+02 1.229093273035613265e+03
6.580264937993235890e+02 1.229304960541149967e+03
6.586428571428571104e+02 1.229282902137232895e+03
6.585239167135621301e+02 1.229143500281373008e+03
6.584502237136465510e+02 1.229341722595078409e+03
6.584785794813980147e+02 1.229719278466741798e+03
6.583030133928571104e+02 1.229622209821428669e+03
6.580391937290033866e+02 1.229792273236282199e+03
6.583151685393258958e+02 1.229593820224719138e+03
6.592711959573273361e+02 1.229625491297024155e+03
6.600472175379426290e+02 1.229585722315907788e+03
6.599893198426082108e+02 1.229773468240584634e+03
6.591969611705120542e+02 1.230187394485087225e+03
6.586702008928571104e+02 1.230299665178571331e+03
6.586899441340782460e+02 1.230325139664804510e+03
6.591648785996611650e+02 1.230255223037831684e+03
6.594138702460850254e+02 1.229918903803132025e+03
6.591995503091624187e+02 1.230237774030354103e+03
6.591370786516854423e+02 1.230323033707865079e+03
6.586006692693808873e+02 1.230348020078081390e+03
6.576560934891485886e+02 1.230270450751252156e+03
6.564344444444444662e+02 1.230515000000000100e+03
6.553591745677634890e+02 1.230411042944785322e+03
6.546361095584124996e+02 1.230202906651760713e+03
6.548635346756152558e+02 1.230247203579418283e+03
6.550765334833989755e+02 1.230211029825548621e+03
6.548213689482470272e+02 1.230232053422370655e+03
6.545514174541411876e+02 1.230383546414674811e+03
6.545631608235948988e+02 1.230481357818586503e+03
6.546385002797985635e+02 1.230401790710688374e+03
6.546257703081232648e+02 1.230231372549019625e+03
6.546167227833894913e+02 1.230047699214365821e+03
6.552234699606962067e+02 1.230009545199326112e+03
6.552014590347923786e+02 1.230198653198653119e+03
6.550987100392596858e+02 1.230223219293325883e+03
6.546519799219186098e+02 1.230341327384272063e+03
6.547825600894354920e+02 1.230051984348798214e+03
6.555374226223973437e+02 1.229946539110861067e+03
6.556436974789916121e+02 1.229523249299719964e+03
6.557044943820225171e+02 1.229644382022471973e+03
6.556815144766146659e+02 1.229800111358574668e+03
6.561000562113547403e+02 1.230175379426644213e+03
6.565943820224719047e+02 1.230305617977528073e+03
6.567585034013605991e+02 1.230012471655328909e+03
6.567775891341256056e+02 1.229827391058290914e+03
6.572038288288288186e+02 1.229558558558558616e+03
6.582142857142856656e+02 1.229420697412823301e+03
6.590359752670038915e+02 1.229528386734120204e+03
6.597851147174034168e+02 1.230086177951874561e+03
6.607823892316321235e+02 1.230244531688166035e+03
6.622410865874363708e+02 1.229687040181097927e+03
6.631266252119842193e+02 1.229083663086489651e+03
6.632823129251701175e+02 1.229226190476190368e+03
6.626410256410256352e+02 1.229385730211817190e+03
6.620875420875420332e+02 1.229412457912457967e+03
6.618169642857143344e+02 1.229340401785714221e+03
6.625019542155220051e+02 1.229439419318816363e+03
6.632005617977528118e+02 1.229317415730337189e+03
6.636574803149605941e+02 1.229192350956130440e+03
6.632311586051743006e+02 1.229048931383577155e+03
6.628521641371556825e+02 1.228991568296796004e+03
6.627182783678032365e+02 1.229286752375628794e+03
6.622460585585585022e+02 1.229289977477477578e+03
6.619200223713646665e+02 1.228991610738255076e+03
6.620960674157303174e+02 1.228703932584269751e+03
6.630214689265536663e+02 1.228219774011299478e+03
