6.582619047619048160e+02 1.229679401993355441e+03
6.583569844789357148e+02 1.229586474501108569e+03
6.583611874656404552e+02 1.229207806487080916e+03
6.577781402936378754e+02 1.229281131049483520e+03
6.576690294438385536e+02 1.229425299890948736e+03
6.575607221006564487e+02 1.229673960612691417e+03
6.568086386003280950e+02 1.229821760524876936e+03
6.566808743169399349e+02 1.229837704918032841e+03
6.565390496996177490e+02 1.229612233752048041e+03
6.565133952979770129e+02 1.229454346637506887e+03
6.566148760330578398e+02 1.229233608815427033e+03
6.563872035300606740e+02 1.229284611141754112e+03
6.556211453744493838e+02 1.229114537444933831e+03
6.548178315905338422e+02 1.229137039075399116e+03
6.545726118166758170e+02 1.228846493649917193e+03
6.543606828193832143e+02 1.229154735682819364e+03
6.543541092112520801e+02 1.229364589078874815e+03
6.545473453749316377e+02 1.229201970443349865e+03
6.548171806167400746e+02 1.229082048458149757e+03
6.551893392559688891e+02 1.229079955580233218e+03
6.556499724821134123e+02 1.228726472206934432e+03
6.559515418502202238e+02 1.228752202643171813e+03
6.562042410714285552e+02 1.229012276785714221e+03
6.560093252879868260e+02 1.229041140976412407e+03
6.563084163898117822e+02 1.229123477297895988e+03
6.565791780821917882e+02 1.229403287671232874e+03
6.575408219178082163e+02 1.229437808219178123e+03
6.580403984504704340e+02 1.229411178749308192e+03
6.584018899388548789e+02 1.229391884380211195e+03
6.586018722466960753e+02 1.229129405286343626e+03
6.588947951273532908e+02 1.229004429678848282e+03
6.587589967284624208e+02 1.228503271537622595e+03
6.586217105263158373e+02 1.228646381578947285e+03
6.583438888888888414e+02 1.229119999999999891e+03
6.574802197802197270e+02 1.229225824175824073e+03
