6.557823431426985508e+02 1.230055524708495341e+03
6.558888271261812406e+02 1.230365758754863919e+03
6.566245810055866059e+02 1.230607262569832301e+03
6.586032547699214774e+02 1.230319865319865357e+03
6.601670428893904727e+02 1.230153498871331749e+03
6.605427927927927385e+02 1.230165540540540633e+03
6.591384529147982221e+02 1.229932174887892415e+03
6.576543417366947324e+02 1.230203921568627493e+03
6.556909294512878432e+02 1.230326987681970877e+03
6.536763070077864768e+02 1.230535038932146790e+03
6.525000000000000000e+02 1.230854352678571331e+03
6.521028089887640817e+02 1.230958426966292109e+03
6.514142143253748145e+02 1.230538034425319211e+03
6.502216004476777016e+02 1.230429210968103007e+03
6.491205156950672972e+02 1.230376121076233176e+03
6.490322760155814876e+02 1.230476349471341109e+03
6.491187010078386947e+02 1.230292833146696466e+03
6.499639842431063244e+02 1.230393359594822641e+03
6.521442253521126986e+02 1.230143098591549233e+03
6.540815981992121806e+02 1.230159257175014091e+03
6.547532321528948387e+02 1.229793142214727368e+03
6.542954672635702309e+02 1.229741466144376091e+03
6.534048152295632690e+02 1.229208846584546563e+03
6.528588169642856656e+02 1.229259486607142890e+03
6.527637883008356994e+02 1.229192200557102979e+03
6.531965188096575048e+02 1.229244244806288634e+03
6.536273187183811615e+02 1.229102866779089481e+03
6.534859550561798187e+02 1.229182584269662811e+03
6.527959641255605447e+02 1.228979260089686022e+03
6.516322222222222535e+02 1.229057777777777801e+03
6.506436081903707418e+02 1.229172661870503589e+03
6.512143652561246654e+02 1.228741648106904222e+03
6.564069898534385175e+02 1.228289177001127428e+03
6.587575587905935208e+02 1.228317469204927193e+03
6.608197641774283966e+02 1.228238068500842246e+03
6.623097245643619999e+02 1.228383361439010741e+03
6.622295081967213264e+02 1.228916902204635335e+03
6.616525139664804556e+02 1.229093854748603462e+03
6.617213206491326218e+02 1.229017907106883058e+03
6.620049916805324983e+02 1.228751525235718191e+03
6.612721202003339158e+02 1.228410684474123627e+03
6.602806036892118300e+02 1.228315259921743973e+03
6.599388888888888687e+02 1.228080555555555520e+03
6.592531997774067349e+02 1.228326655537006218e+03
6.580083518930957780e+02 1.228603563474387556e+03
6.578809788654059503e+02 1.228989988876529424e+03
6.591670403587444298e+02 1.229191143497757821e+03
6.614620573355817896e+02 1.228819561551433480e+03
6.631107986501687037e+02 1.228216535433070931e+03
6.645855599772597770e+02 1.227970437748720769e+03
6.649584282460136819e+02 1.227608769931662891e+03
6.633801466441060484e+02 1.227059785673998931e+03
6.611846670397313801e+02 1.228043648573027440e+03
6.589167129372571026e+02 1.228383120488617351e+03
6.582231496939343742e+02 1.228969949916527639e+03
6.579705063995547789e+02 1.229342793544796905e+03
6.588545760808534624e+02 1.229560920830993837e+03
6.605568693693693376e+02 1.228946509009009105e+03
6.619915349887132834e+02 1.229012979683972844e+03
6.620503393665158001e+02 1.228907805429864311e+03
6.607975528364850106e+02 1.228548943270300242e+03
6.594437570303712164e+02 1.228685601799774986e+03
6.576134078212290888e+02 1.229201675977653622e+03
6.554521008403361293e+02 1.229152941176470677e+03
6.536354515050167038e+02 1.229426421404682287e+03
