6.520133481646273594e+02 1.230287541713014434e+03
6.523881690140844967e+02 1.230544788732394409e+03
6.530613738738738903e+02 1.230321509009009105e+03
6.528408208541319482e+02 1.230388241819190171e+03
6.520757150869321777e+02 1.231051598429613023e+03
6.517168141592920847e+02 1.231332964601769845e+03
6.515229408512990403e+02 1.231225538971807737e+03
6.510072747621712779e+02 1.231235590374930098e+03
6.495277469478357943e+02 1.231492785793562689e+03
6.493712707182320401e+02 1.231550828729281875e+03
6.495022271714922226e+02 1.231601893095768446e+03
6.489330381848367324e+02 1.231650802434975049e+03
6.475635663181067230e+02 1.232076499724821133e+03
6.470088740987243909e+02 1.232357182473655030e+03
6.469347705914869948e+02 1.232299613045881642e+03
6.464519867549669243e+02 1.232326710816776995e+03
6.456492495831017777e+02 1.232205669816564750e+03
6.456298557158712583e+02 1.232153718091009978e+03
6.455363283416528475e+02 1.232339434276206248e+03
6.445802332037757196e+02 1.232483620210993877e+03
6.435939597315435776e+02 1.232942953020134155e+03
6.436253489670575618e+02 1.233119486320491433e+03
6.431734072022160262e+02 1.232873130193905808e+03
6.424819344080044630e+02 1.233050583657587595e+03
6.423921242373821769e+02 1.232929561841375516e+03
6.420139353400222717e+02 1.232959866220735876e+03
6.411919866444073932e+02 1.232977740678909186e+03
6.400769230769230944e+02 1.233540121748754927e+03
6.393763796909491930e+02 1.233657284768211866e+03
6.384239070282235389e+02 1.233814609850581064e+03
6.376320491345617256e+02 1.234051926298157468e+03
6.366328341652800873e+02 1.233370493621741616e+03
6.360449999999999591e+02 1.233307222222222208e+03
6.355252077562327031e+02 1.233354570637119195e+03
6.349314538419016571e+02 1.233682697622996102e+03
6.347666297117516478e+02 1.233459534368070990e+03
6.348192904656319797e+02 1.233297671840354724e+03
6.348986149584487748e+02 1.233233795013850340e+03
6.346892341842396945e+02 1.232876248612652716e+03
6.347500000000000000e+02 1.232873608017817332e+03
6.349910364145657695e+02 1.232780392156862717e+03
6.355324459234609549e+02 1.232814198557958889e+03
6.361067039106145558e+02 1.232791061452513986e+03
6.361470258136924940e+02 1.232590347923681293e+03
6.364880222841225077e+02 1.232300835654596085e+03
6.373270194986072283e+02 1.232088022284122644e+03
6.382427293064877176e+02 1.231847315436241615e+03
6.387214484679665247e+02 1.231482451253481941e+03
6.392574146614437041e+02 1.231388360380525910e+03
6.404843924191750375e+02 1.231453177257525113e+03
6.414910213243546195e+02 1.231296296296296305e+03
6.420979729729730252e+02 1.231003941441441384e+03
6.428728908886389490e+02 1.230958942632170874e+03
6.437344537815125705e+02 1.230774789915966494e+03
6.446089887640449660e+02 1.230696629213483220e+03
6.461539325842696826e+02 1.230488764044943764e+03
6.475860124083474147e+02 1.230380146644105935e+03
6.486670422535211173e+02 1.230255211267605546e+03
6.505207865168539456e+02 1.230207303370786576e+03
6.522211538461538112e+02 1.229950791855203533e+03
6.531666666666666288e+02 1.229882086167800480e+03
6.535901916572717028e+02 1.230027621195039501e+03
6.544165727170236551e+02 1.230080608793686679e+03
6.555436619718309430e+02 1.230107605633802905e+03
6.564952220348510536e+02 1.229719505340078740e+03
6.566920919798093337e+02 1.229389231632080737e+03
6.575568117580553462e+02 1.229244205765969582e+03
6.593984108967082420e+02 1.228988081725312213e+03
6.601543700340522491e+02 1.229110102156640096e+03
