6.555036333147010055e+02 1.230299608719955359e+03
6.564643858665170910e+02 1.230150308468872709e+03
6.573299719887954780e+02 1.229537254901960750e+03
6.578134453781513002e+02 1.229253781512604974e+03
6.572646726862302557e+02 1.229185101580135552e+03
6.561159014557671298e+02 1.228627659574467998e+03
6.547608695652173765e+02 1.228748049052396937e+03
6.537429519071309869e+02 1.228647871752349374e+03
6.528933925596890049e+02 1.228640755136035523e+03
6.522479247371334168e+02 1.228532927504150621e+03
6.519290858725761382e+02 1.228610526315789457e+03
6.526037946428571104e+02 1.228342075892857110e+03
6.537718802936194606e+02 1.228322416713721168e+03
6.545921348314607258e+02 1.227989887640449524e+03
6.545367892976588564e+02 1.228059085841694468e+03
6.535637883008356539e+02 1.228127019498607297e+03
6.518651059085841553e+02 1.228747491638795964e+03
6.501098039215686413e+02 1.229090196078431291e+03
6.493665008291874301e+02 1.229289662797125402e+03
6.501024774774774642e+02 1.229107545045045072e+03
6.518693438914027638e+02 1.228781674208144750e+03
6.538444320089535040e+02 1.228399552322327963e+03
6.549265283230510022e+02 1.228033651149747584e+03
6.543035215204024553e+02 1.227908328675237499e+03
6.526820455808782526e+02 1.228354641467481997e+03
6.511290502793295900e+02 1.229242458100558679e+03
6.507387687188020209e+02 1.229246810870771014e+03
6.516583610188260991e+02 1.229536544850498331e+03
6.539323181049069262e+02 1.229757473209249838e+03
6.552736429770565110e+02 1.229909345271404618e+03
6.561310190369540578e+02 1.229523516237401964e+03
6.562485970819303702e+02 1.229402918069584757e+03
6.560366463076069294e+02 1.229520266518600693e+03
6.551809045226131047e+02 1.229450027917364650e+03
6.544739756367663404e+02 1.229527685492801766e+03
6.544266813671443970e+02 1.229922822491731040e+03
6.541762749445675809e+02 1.230284368070953406e+03
6.542311529933481324e+02 1.230430709534368134e+03
6.561277433877321528e+02 1.230282498593134505e+03
6.572601580135440145e+02 1.229940180586907445e+03
6.582144862436832682e+02 1.229818641212801822e+03
6.584212002243409643e+02 1.229900729108244605e+03
6.575835646862853991e+02 1.230176013325929944e+03
6.563876651982378689e+02 1.230485682819383328e+03
6.557679465776293455e+02 1.230685030606566443e+03
6.557920626048071426e+02 1.230721632196758037e+03
6.573148357870894642e+02 1.231166477916194708e+03
6.588104611923509992e+02 1.230850393700787436e+03
6.597827547592385145e+02 1.230426651735722317e+03
6.598102965864577527e+02 1.230446558477895906e+03
6.592456824512535150e+02 1.230411699164345464e+03
6.577910614525139863e+02 1.230663687150838086e+03
6.564823594266813416e+02 1.230539140022050788e+03
6.554035378662243829e+02 1.230662797125483621e+03
6.554349276974415943e+02 1.230913793103448370e+03
6.564300055772448559e+02 1.230532626882320073e+03
6.575069949636261981e+02 1.230499160604364761e+03
6.585796857463524248e+02 1.230222783389450115e+03
6.584014639639639199e+02 1.230180180180180287e+03
6.575948227349465469e+02 1.230055149127743334e+03
6.555895439377085268e+02 1.230382091212458363e+03
6.538324084350721250e+02 1.230213096559378528e+03
6.535348066298342928e+02 1.230510497237569098e+03
6.540033745781777270e+02 1.230634983127109081e+03
6.551629339305710573e+02 1.230553751399776047e+03
6.564088863892013705e+02 1.230307086614173159e+03
6.574504249291784390e+02 1.230120679886685593e+03
6.573976244343891722e+02 1.230071266968325745e+03
6.563210290827740891e+02 1.229753914988814358e+03
6.547202680067001666e+02 1.229957565605806849e+03
6.534224185532855245e+02 1.230092214246272761e+03
6.521143973214285552e+02 1.230362165178571331e+03
6.508957871396895598e+02 1.230282150776053186e+03
6.516255580357143344e+02 1.230264508928571331e+03
6.526668533034714983e+02 1.230007278835386387e+03
6.543979763912310545e+02 1.229523327712197897e+03
