6.526874310915104616e+02 1.229647739801543594e+03
6.525676712328767053e+02 1.229756164383561554e+03
6.527519209659714079e+02 1.230068057080131666e+03
6.533476084538375517e+02 1.230298109010011103e+03
6.538081427774678787e+02 1.229991076408254230e+03
6.545350532809870856e+02 1.229689848569826154e+03
6.556465997770345666e+02 1.229297101449275260e+03
6.570582959641255911e+02 1.228770739910313978e+03
6.581263335204940859e+02 1.228278495227400299e+03
6.584477696216827098e+02 1.228386787125917635e+03
6.580487941671340195e+02 1.228462703309029621e+03
6.568279329608938042e+02 1.228310614525139727e+03
6.557795275590551682e+02 1.228802024746906682e+03
6.549236812570145503e+02 1.229199214365881062e+03
6.542633053221288719e+02 1.230229691876750621e+03
6.535385906040268083e+02 1.230777964205816488e+03
6.535314253647586611e+02 1.231132996632996537e+03
6.534912676056337659e+02 1.231456338028169057e+03
6.539659863945578309e+02 1.232008503401360485e+03
6.554727891156462647e+02 1.232684240362811806e+03
6.568128555176336931e+02 1.232531854379977176e+03
6.576462237365133205e+02 1.232683134582623552e+03
6.579628359062321579e+02 1.232277301315037221e+03
6.577732656514382370e+02 1.232766497461929021e+03
6.571414662084765723e+02 1.232746277205040087e+03
6.564049355019629957e+02 1.232177229388670867e+03
6.555564924114671612e+02 1.232156267566048427e+03
6.544898534385569064e+02 1.232111048478015846e+03
6.532074618428490567e+02 1.231960429621254889e+03
6.523701408450704093e+02 1.232144788732394318e+03
6.524322508398656737e+02 1.232342665173572186e+03
6.537711864406779796e+02 1.232103389830508377e+03
6.557217832957110204e+02 1.232178893905191899e+03
6.572149799885648918e+02 1.232387078330474651e+03
6.582347826086956957e+02 1.232904927536231980e+03
6.590456621004566387e+02 1.232172374429223737e+03
6.590034383954155146e+02 1.232669340974211991e+03
6.585373219373219627e+02 1.232384045584045680e+03
6.574592760180995583e+02 1.232184954751131272e+03
6.561763367463025816e+02 1.232141069397042202e+03
6.547109859154929836e+02 1.231936901408450694e+03
6.531190339275445922e+02 1.232775733179988492e+03
6.521137277426765877e+02 1.232612866168868550e+03
6.520798391728891374e+02 1.232645605973578313e+03
6.530875995449374614e+02 1.232242320819112592e+03
6.540865603644647308e+02 1.232666287015945272e+03
6.551813501144164320e+02 1.233001144164759808e+03
6.565661016949152327e+02 1.232806779661016890e+03
6.574699886749716597e+02 1.232976783691959326e+03
6.577789711701526585e+02 1.232520067834934935e+03
6.581129492298915693e+02 1.232719908727895017e+03
6.579887703537339121e+02 1.232462661426165141e+03
6.570028360748723344e+02 1.232008508224617117e+03
6.553700787401575099e+02 1.231792463442069675e+03
6.536322544642856656e+02 1.231672433035714221e+03
6.523612506979341106e+02 1.231459519821328968e+03
6.520416432189082343e+02 1.230962858750703390e+03
6.517598885793871659e+02 1.230349303621169838e+03
6.518132664437011954e+02 1.229863433667781464e+03
6.524437604924454490e+02 1.229428651371012847e+03
6.534949608062710240e+02 1.229157334826427814e+03
6.545968819599108883e+02 1.229311247216035554e+03
6.558780213603147331e+02 1.228942102304665468e+03
6.570017026106696676e+02 1.229302497162315603e+03
6.575791527313266442e+02 1.229508361204013454e+03
6.574743589743590064e+02 1.229496098104793646e+03
6.561680672268907983e+02 1.229782633053221389e+03
6.545183741648106661e+02 1.230189866369710444e+03
6.530707520891364766e+02 1.230410584958217214e+03
6.520686001115449244e+02 1.230393195761294010e+03
6.512965821389194616e+02 1.229894707828004357e+03
6.508216066481994631e+02 1.229473130193905718e+03
6.509287686361126362e+02 1.229274986195472138e+03
6.516100386100386004e+02 1.228734142305570913e+03
6.525005530973451187e+02 1.228406526548672673e+03
6.536188637617209451e+02 1.227931605074462141e+03
6.542624584717608514e+02 1.227629014396456341e+03
6.547462768891340374e+02 1.227071704357418639e+03
6.550332778702163523e+02 1.227416528008874138e+03
6.546894273127753650e+02 1.227242290748898768e+03
6.540643015521064854e+02 1.227501108647450110e+03
6.534163934426229616e+02 1.227642076502732152e+03
6.525472419442927503e+02 1.227574549426542944e+03
6.519530823786143401e+02 1.227722313147845171e+03
6.520043859649123306e+02 1.227613486842105203e+03
6.521082274986194989e+02 1.227650469353947983e+03
6.525851769911504334e+02 1.227448008849557482e+03
6.531524763494713852e+02 1.227421814134668921e+03
6.538463239358761712e+02 1.226954118297401919e+03
6.547322314049587249e+02 1.226948209366391211e+03
6.552498611882288060e+02 1.226996668517490207e+03
6.548775623268697927e+02 1.226957340720221509e+03
6.537831392124237482e+02 1.227348863006101055e+03
6.527568908489525938e+02 1.227908489525909545e+03
6.517079889807162090e+02 1.228310743801652961e+03
6.512779005524862441e+02 1.229272928176795631e+03
6.511211283185840557e+02 1.229527101769911496e+03
6.511995553085047277e+02 1.229807115063924357e+03
6.518396694214876561e+02 1.230003856749311353e+03
6.525930232558139323e+02 1.230336655592469469e+03
6.534334261838440625e+02 1.229986629526462366e+03
6.545930038867295480e+02 1.229680732926152132e+03
6.564386160714285552e+02 1.229514508928571331e+03
6.579579596412555702e+02 1.228902466367713032e+03
6.585884334643458260e+02 1.228830432341381311e+03
6.581653454133635250e+02 1.228795016987542567e+03
6.575000000000000000e+02 1.228861204013378028e+03
6.564112409571507669e+02 1.228990539788536353e+03
6.555700778642936939e+02 1.229359844271412612e+03
6.549451287793953043e+02 1.229381298992161192e+03
6.543368538076708774e+02 1.230033351862145537e+03
6.541028349082823752e+02 1.230325180655919894e+03
6.538546576879909935e+02 1.230599326599326560e+03
6.549994318181818471e+02 1.231305681818181711e+03
