6.557817174515234910e+02 1.228611634349030510e+03
6.548801104972375242e+02 1.228361325966850927e+03
6.541040623260990969e+02 1.228740122426265998e+03
6.536830752212389370e+02 1.229160398230088504e+03
6.539994340690435592e+02 1.229304470854555802e+03
6.547446448703494752e+02 1.229122886133032807e+03
6.555635952515546023e+02 1.229188807235726472e+03
6.561607954545454504e+02 1.229048863636363649e+03
6.561731970471323621e+02 1.228723452583759126e+03
6.561087323943661431e+02 1.229011830985915594e+03
6.554994438264739074e+02 1.229026140155728626e+03
6.549910464465584710e+02 1.229139899272523735e+03
6.546808864265927923e+02 1.229309141274238300e+03
6.546205752212389370e+02 1.229497787610619525e+03
6.548153329602686199e+02 1.229464465584778964e+03
6.553105802047781481e+02 1.229273606370875996e+03
6.557587768969422086e+02 1.229248018120045344e+03
6.560572887124220642e+02 1.229213272830402730e+03
6.558967851099830568e+02 1.229065425831923221e+03
6.554802448525319960e+02 1.229335002782415131e+03
6.552987736900780646e+02 1.229367892976588564e+03
6.547323008849557482e+02 1.229413163716814097e+03
6.546294667399670288e+02 1.229930181418361826e+03
6.547306622148024644e+02 1.230319421257651584e+03
6.555852842809364347e+02 1.230321070234113677e+03
6.557986539540100921e+02 1.230221536735838527e+03
6.554649859943978072e+02 1.230056582633053267e+03
6.549482273494653555e+02 1.229669667979741234e+03
6.541233729485003323e+02 1.229961516694963166e+03
6.534952593418851166e+02 1.229923591745677641e+03
6.531089275687816098e+02 1.230392476137001722e+03
6.529915492957746892e+02 1.230291830985915567e+03
6.531772009029344872e+02 1.230555304740406427e+03
6.540039637599094249e+02 1.230216874292185821e+03
6.546280112044818225e+02 1.229880112044817906e+03
6.546844170403587668e+02 1.229520179372197390e+03
6.544795058955643299e+02 1.229597978663672166e+03
6.541306306306306624e+02 1.229457207207207148e+03
6.533541666666666288e+02 1.230269144144144093e+03
6.532010078387457952e+02 1.230609182530795124e+03
6.538080180688876908e+02 1.230863354037267072e+03
6.550130904951622597e+02 1.230686966420034196e+03
6.563469387755102389e+02 1.230566326530612287e+03
6.570278250993753772e+02 1.230149346961953370e+03
6.570601930721180679e+02 1.229982396365701334e+03
6.563654708520178929e+02 1.229612668161435067e+03
6.556346801346801385e+02 1.229639730639730715e+03
6.550756302521008365e+02 1.229725490196078454e+03
6.547995545657015555e+02 1.230257238307349553e+03
6.547084028937117637e+02 1.230289371174179223e+03
6.551054732041048965e+02 1.230607753705815185e+03
6.563337091319052661e+02 1.230488726042841108e+03
6.570508571428571258e+02 1.230048000000000002e+03
6.576310130164119983e+02 1.229662139219015216e+03
6.574308123249300024e+02 1.229387114845938413e+03
6.565296727676095543e+02 1.229191902384914101e+03
6.555870535714285552e+02 1.229471540178571331e+03
6.549799107142856656e+02 1.229877790178571331e+03
6.551689189189189619e+02 1.230406531531531527e+03
6.558314669652855855e+02 1.230304591265397448e+03
6.572222222222221717e+02 1.230314625850340235e+03
6.584851936218678929e+02 1.230089977220956825e+03
6.594250851305334891e+02 1.229438706015891057e+03
6.597148548662493113e+02 1.229100739897552558e+03
6.593492688413948599e+02 1.229183914510686236e+03
6.585339696799551348e+02 1.229298708590679325e+03
6.575195312500000000e+02 1.229450334821428669e+03
6.568552338530066663e+02 1.229569042316258447e+03
6.569116825041922993e+02 1.229545556176635046e+03
6.574519015659955130e+02 1.229574944071588334e+03
6.584994356659142341e+02 1.229449774266365694e+03
6.596296505073280514e+02 1.228751972942502789e+03
6.597139626907857064e+02 1.228672131147540995e+03
6.592288613303269358e+02 1.229046786922209776e+03
6.585763187429854497e+02 1.229245230078563509e+03
6.574913841022790848e+02 1.229487493051695310e+03
6.571784909909910084e+02 1.229470157657657637e+03
6.575212290502793167e+02 1.229606145251396583e+03
6.582115711854793290e+02 1.229596142938173671e+03
6.580884009009008651e+02 1.229218468468468473e+03
6.577893258426965986e+02 1.228944382022471927e+03
6.572758426966291836e+02 1.229194382022471927e+03
6.567874720357941669e+02 1.229010067114093999e+03
6.560083705357143344e+02 1.229087053571428669e+03
6.553814606741573243e+02 1.229178089887640454e+03
6.548457683741647770e+02 1.229205456570156002e+03
6.546888888888888687e+02 1.229274444444444498e+03
6.551781285231115817e+02 1.229153325817361974e+03
6.559205633802816919e+02 1.229241126760563475e+03
6.566988352745423754e+02 1.229283971159179146e+03
6.569780281690141237e+02 1.229139718309859063e+03
6.568120133481646690e+02 1.229160177975528313e+03
6.560854748603352391e+02 1.229348044692737403e+03
6.550774845592363818e+02 1.229419988770353712e+03
6.548593750000000000e+02 1.229428571428571331e+03
6.550434047350620403e+02 1.229576099210823031e+03
6.553709315375981532e+02 1.229291245791245728e+03
6.559558823529412166e+02 1.229257918552036244e+03
6.565330347144456482e+02 1.229099664053751439e+03
6.564751257685858263e+02 1.229015651201788614e+03
6.557470817120622542e+02 1.229048916064480181e+03
6.547869855394883416e+02 1.228861512791991117e+03
6.536374722838137359e+02 1.229376940133037806e+03
6.527281284606865484e+02 1.229282945736434158e+03
6.527733333333333121e+02 1.229456111111111113e+03
6.536198208286674571e+02 1.229366181410974150e+03
6.543530738860688416e+02 1.229200789622109369e+03
6.553728144388043120e+02 1.229359842075578172e+03
6.555305664610207259e+02 1.229438025799214756e+03
6.553420467185761709e+02 1.229290878754171217e+03
6.545497498610338880e+02 1.229316842690383510e+03
6.536087437742113480e+02 1.229323741007194258e+03
6.528904947192885402e+02 1.229470817120622542e+03
6.527916897506925125e+02 1.229768975069252065e+03
6.530343468468468018e+02 1.229555180180180287e+03
6.535570469798657314e+02 1.229513982102908358e+03
6.541387151790789858e+02 1.229464468447981744e+03
6.546277495769882080e+02 1.229293852227862317e+03
6.546367738296672769e+02 1.229081782289904140e+03
6.541466965285554807e+02 1.229506718924971892e+03
