6.613383753501400406e+02 1.225880112044817906e+03
6.612567264573990542e+02 1.225940582959641233e+03
6.598449697636064002e+02 1.226262231995601951e+03
6.579688888888888414e+02 1.226406666666666752e+03
6.560411111111111495e+02 1.226361666666666679e+03
6.545301866081229036e+02 1.227288693743139447e+03
6.528072687224669153e+02 1.227229074889867888e+03
6.514331491712707702e+02 1.227428729281768028e+03
6.502487451199107227e+02 1.227432236475181298e+03
6.487961538461538566e+02 1.227500549450549443e+03
6.475024738867509768e+02 1.227735019241341433e+03
6.472146395156852350e+02 1.228230049532195835e+03
6.474093406593406144e+02 1.228606043956044005e+03
6.474953116381688005e+02 1.228674572531715285e+03
6.482231496939343742e+02 1.228941012799109558e+03
6.493682148852825549e+02 1.229221600447677702e+03
6.514879821129122774e+02 1.229138065958636162e+03
6.531634938409854385e+02 1.228863941769316853e+03
6.545497787610619298e+02 1.229323008849557482e+03
6.563468593663146748e+02 1.228997220678154463e+03
6.579057971014492523e+02 1.228714604236343348e+03
6.587012263099219354e+02 1.229228539576365620e+03
6.587620900500278367e+02 1.229214563646470197e+03
6.588120133481646690e+02 1.229449388209121253e+03
6.594748883928571104e+02 1.230305803571428669e+03
6.601982182628062219e+02 1.230546770601336220e+03
6.594511111111111177e+02 1.230516666666666652e+03
6.580993303571428896e+02 1.230427455357142890e+03
6.565790349417637799e+02 1.231034387132556958e+03
6.546055401662049462e+02 1.231188919667589971e+03
6.527635960044394778e+02 1.231198113207547067e+03
6.511938888888888641e+02 1.231484999999999900e+03
6.501186345831001745e+02 1.231850587576944690e+03
6.489179145867997249e+02 1.232366056572379421e+03
6.476046511627906739e+02 1.232674418604651237e+03
6.475136338341681039e+02 1.232585420144685486e+03
6.475280088740987594e+02 1.232667221297836932e+03
6.480794886047804084e+02 1.232607003891050681e+03
6.484868788386376082e+02 1.232475153545505236e+03
6.493060656649971634e+02 1.231845297718419488e+03
6.502498608792432151e+02 1.231465219810795816e+03
6.512989977728285567e+02 1.231420378619153780e+03
6.526062465142219935e+02 1.231614054656999542e+03
6.543628808864266375e+02 1.231539612188365709e+03
6.564997220678154690e+02 1.231566981656475718e+03
6.579566666666667061e+02 1.231417222222222335e+03
6.596231964483906722e+02 1.231088790233074405e+03
6.615711098717233654e+02 1.231092024539877229e+03
6.621145251396648064e+02 1.230498882681564282e+03
6.614568106312292457e+02 1.230391472868217079e+03
6.604027548209365932e+02 1.230465013774104591e+03
6.595321959273527455e+02 1.230391854705558671e+03
6.586617079889807655e+02 1.230425344352617003e+03
6.575783664459161173e+02 1.230266004415011139e+03
6.565295091009376165e+02 1.230355212355212416e+03
6.556648230088495666e+02 1.230446902654867245e+03
6.542595041322314273e+02 1.230435812672176326e+03
6.525113322277501311e+02 1.230398562741846263e+03
6.510574136008918913e+02 1.230168896321070179e+03
6.500022434099831798e+02 1.229745933819405536e+03
6.493918096292196651e+02 1.229813503043718811e+03
6.489721758486366525e+02 1.229434613244296088e+03
6.490061521252796410e+02 1.229132550335570386e+03
6.503745152354570109e+02 1.228325207756232658e+03
6.517977715877436822e+02 1.228192757660167217e+03
6.526867736579966959e+02 1.228055340343110174e+03
6.542453987730061726e+02 1.227645287228109282e+03
6.563303421200224648e+02 1.227773415591699404e+03
6.583693693693693376e+02 1.227612049549549511e+03
6.599597090095131762e+02 1.227355344152210364e+03
6.615792134831460771e+02 1.226862359550561905e+03
6.627305122494432226e+02 1.226125835189309555e+03
6.640426966292135376e+02 1.225819101123595601e+03
6.644220234768026785e+02 1.225994410285075446e+03
6.644428332403792865e+02 1.226234802007808184e+03
6.642845982142856656e+02 1.226392857142857110e+03
6.634154616240266478e+02 1.226294771968854320e+03
6.615304540420819421e+02 1.226787375415282440e+03
6.594991652754590632e+02 1.226810795770729101e+03
6.577812500000000000e+02 1.227088727678571331e+03
6.558200442967885238e+02 1.227238095238095184e+03
6.540985994397759669e+02 1.227343977591036492e+03
6.521866295264624114e+02 1.227241225626740970e+03
6.507143643368189032e+02 1.227369290038525151e+03
6.492746518105849418e+02 1.227504178272980425e+03
6.482889755011135549e+02 1.227599665924276223e+03
6.481717451523545606e+02 1.227912465373961140e+03
6.483314855875831881e+02 1.228237250554323737e+03
6.483300055463116678e+02 1.228231835829173633e+03
6.495890868596882228e+02 1.228376391982182668e+03
