6.974152637485971127e+02 1.228239057239057274e+03
6.967440044617958392e+02 1.227805354155047326e+03
6.956056022408963599e+02 1.227588795518207235e+03
6.945651685393258958e+02 1.227413483146067392e+03
6.940217755443885608e+02 1.227374092685650567e+03
6.937523916713562357e+02 1.227148002250984746e+03
6.934268018018018438e+02 1.226740427927927840e+03
6.931404494382022676e+02 1.226384269662921270e+03
6.932077185017026295e+02 1.226337684449489188e+03
6.931953169617361254e+02 1.226138206739006364e+03
6.920853868194842562e+02 1.226081375358166270e+03
6.893151862464183068e+02 1.226397707736389748e+03
6.851980426021876838e+02 1.226428900402993577e+03
6.804542824074073906e+02 1.227105324074074133e+03
6.758028735632184407e+02 1.227178735632183816e+03
6.694019439679816514e+02 1.227568896512292667e+03
6.612389330306469901e+02 1.228175368898978377e+03
6.544303510758776383e+02 1.228783125707814179e+03
6.474397083567022264e+02 1.229353337072349859e+03
6.397102177554438640e+02 1.230179787828029021e+03
6.337300167691447541e+02 1.230696478479597545e+03
6.293786785119377782e+02 1.231124930594114403e+03
6.257454141189549546e+02 1.231312951639799849e+03
6.234251925192519366e+02 1.231468646864686434e+03
6.217325194228634473e+02 1.231933962264150978e+03
6.206761426978818008e+02 1.232297101449275260e+03
6.200083986562150358e+02 1.229842665173572186e+03
6.194208170117515238e+02 1.231484611080022432e+03
6.185666293393056776e+02 1.231592945128779320e+03
6.177906584130556666e+02 1.231541361845807614e+03
6.171392190152801049e+02 1.231735144312393913e+03
6.161711409395973078e+02 1.232154921700223667e+03
6.153273942093541109e+02 1.232023942093541109e+03
6.143052455357143344e+02 1.231193080357142890e+03
6.128330513254371681e+02 1.230117879300620416e+03
6.121455347298787046e+02 1.231764057331863341e+03
6.113302094818081969e+02 1.232146085997794899e+03
6.105737704918033160e+02 1.232418880723572556e+03
6.106701890989988897e+02 1.231576751946607374e+03
6.109208633093525123e+02 1.231380188157166685e+03
6.113956228956228642e+02 1.231211560044893304e+03
6.122569676700111359e+02 1.230884615384615472e+03
6.127779642058166019e+02 1.230459731543624230e+03
6.133753517163759170e+02 1.230650534608891348e+03
6.135019762845849982e+02 1.230342179559570923e+03
6.138297511312217694e+02 1.230177601809954695e+03
6.145186440677965720e+02 1.229551412429378615e+03
6.153177942012507629e+02 1.229517339397384831e+03
6.159192263936291738e+02 1.229092718998862438e+03
6.160715502555366356e+02 1.228936399772856248e+03
6.159507640067911325e+02 1.229168647425014115e+03
6.153648573027420525e+02 1.228181309457190764e+03
6.145840312674483812e+02 1.228594081518704570e+03
6.138784313725490165e+02 1.228812885154061632e+03
6.134122855561704455e+02 1.229001660210293267e+03
6.130962067069818886e+02 1.227186915887850546e+03
6.131683277962347347e+02 1.228850498338870466e+03
6.131320441988950734e+02 1.228837569060773376e+03
6.127679255610289601e+02 1.228762999452654640e+03
6.124862030905077290e+02 1.229450331125827915e+03
6.125703991130820896e+02 1.229767738359201758e+03
6.136783723522853506e+02 1.230317168338907550e+03
6.153752808988764400e+02 1.229120786516853968e+03
6.168718820861678296e+02 1.230497732426303855e+03
6.179794168096054818e+02 1.230867352773013181e+03
6.181807845366685115e+02 1.230919840818646890e+03
6.185408626560725907e+02 1.231497729852440443e+03
6.189954285714285334e+02 1.231935999999999922e+03
6.190618615209988320e+02 1.232215664018161078e+03
6.189691876750699748e+02 1.232332773109243590e+03
6.192344013490725274e+02 1.232308038223721269e+03
6.202397759103641874e+02 1.232279551820728329e+03
6.217610520425293998e+02 1.232486849468382843e+03
6.234905555555556020e+02 1.232362222222222272e+03
6.256799104644655927e+02 1.232443200895355403e+03
6.297341986455982124e+02 1.232154063205417515e+03
6.359796610169491942e+02 1.231354237288135664e+03
6.419346443030653973e+02 1.231053788316946111e+03
6.481436848203940144e+02 1.230762456546929343e+03
6.562184380504991168e+02 1.229893716970052765e+03
6.638595769682726768e+02 1.228973560517038777e+03
6.704340071343638101e+02 1.228740784780023887e+03
6.766975924838520768e+02 1.227998238402818515e+03
6.812581206496520281e+02 1.227349187935034706e+03
6.852521638776687496e+02 1.227251586843623727e+03
6.886039035591273887e+02 1.227136050516647629e+03
6.906329331046312063e+02 1.226874213836478020e+03
6.920689066059225070e+02 1.226441913439635528e+03
6.930574843483210543e+02 1.226268070574843478e+03
6.935730337078651928e+02 1.226415730337078685e+03
6.941785915492957884e+02 1.226463098591549397e+03
6.946644219977553121e+02 1.226416386083052657e+03
6.956826651609260352e+02 1.226517221908526153e+03
6.967390078917700293e+02 1.226540586245772374e+03
6.982217810550198465e+02 1.226509926262053341e+03
6.993794084186575901e+02 1.226363481228668888e+03
7.003356164383561691e+02 1.226486301369862986e+03
7.011484865790976073e+02 1.226451741861793153e+03
7.017845975680370429e+02 1.226643312101910851e+03
7.021506373117033490e+02 1.226683661645422944e+03
7.025051963048498465e+02 1.227222863741339552e+03
7.024719815135759973e+02 1.227296360485268679e+03
7.022842406876791301e+02 1.227290544412607460e+03
7.021543739279588863e+02 1.227287021154945705e+03
7.020967558338076060e+02 1.227398406374501974e+03
7.015980888139404215e+02 1.227925238898257476e+03
7.004437570303712164e+02 1.228475815523059509e+03
6.994189568143577844e+02 1.228621424565339339e+03
6.987554317548746212e+02 1.228563231197771529e+03
6.987964105440269122e+02 1.228809871003925991e+03
6.989284909909910084e+02 1.228996621621621671e+03
6.988738081884464464e+02 1.229305664610207486e+03
6.984919309961046565e+02 1.229375626043405646e+03
6.982801120448178835e+02 1.229457703081232467e+03
6.982935883014623641e+02 1.229384139482564706e+03
6.984296171171171181e+02 1.228908220720720692e+03
6.990870062965083207e+02 1.228700057240984506e+03
7.000438746438746875e+02 1.228388603988604018e+03
7.006674325100516398e+02 1.228427914991384341e+03
7.010862564692351953e+02 1.228285221391604409e+03
7.008633504859919867e+02 1.228018867924528195e+03
7.000679999999999836e+02 1.227847428571428509e+03
6.991884637350085541e+02 1.227870359794403157e+03
6.983706847764573240e+02 1.227847764572722099e+03
6.976878838637632043e+02 1.227460636515912938e+03
6.971713483146066892e+02 1.227705056179775283e+03
6.959798093101513814e+02 1.227378014582164951e+03
6.944530294608115355e+02 1.227182323513062784e+03
6.935769445998880656e+02 1.227348628987129359e+03
6.931247901510912470e+02 1.227244543928371513e+03
6.926557468073292512e+02 1.226622987229317005e+03
6.924683333333333621e+02 1.226452777777777783e+03
6.923093363329584236e+02 1.226580989876265448e+03
6.924574347332576281e+02 1.226388195232690123e+03
6.920428169014084006e+02 1.226240563380281628e+03
6.902268571428571704e+02 1.226317142857142926e+03
6.863402417962003028e+02 1.227185377086931567e+03
6.823406340057637181e+02 1.227354466858789692e+03
6.781205510907003600e+02 1.227343283582089498e+03
6.721402192729370881e+02 1.228039238315060629e+03
6.650721709006928677e+02 1.227928406466512797e+03
6.579687680740312317e+02 1.228727588201272511e+03
6.505041736227044566e+02 1.229451307735114142e+03
6.432398860398860734e+02 1.230157834757834735e+03
6.366806487695749865e+02 1.230859060402684463e+03
6.306775804661486973e+02 1.231253052164262044e+03
6.267286348501664861e+02 1.231679245283018872e+03
6.237678571428571104e+02 1.232294642857142890e+03
6.199591611479028188e+02 1.230506070640176631e+03
