6.741197104677059997e+02 1.227708797327394223e+03
6.767537437603992885e+02 1.226833056017748277e+03
6.779006073992269421e+02 1.226575372722252951e+03
6.777558268590455555e+02 1.226568812430632534e+03
6.770406370126304409e+02 1.226881933003844097e+03
6.749123484013230154e+02 1.227484564498346117e+03
6.705656565656565817e+02 1.227927048260381525e+03
6.647572383073496667e+02 1.228064587973274001e+03
6.585499999999999545e+02 1.228660000000000082e+03
6.532121553179515558e+02 1.229482273494654009e+03
6.475641741071428896e+02 1.230012834821428669e+03
6.415343383584589674e+02 1.230710217755443864e+03
6.373106312292359235e+02 1.231156699889258107e+03
6.344950549450549033e+02 1.231680769230769329e+03
6.312183020948181138e+02 1.232321940463064948e+03
6.316432522123893705e+02 1.232384955752212363e+03
6.343543526785714448e+02 1.232009486607142890e+03
6.376812881732371352e+02 1.231324264297612444e+03
6.412344444444444207e+02 1.231129444444444516e+03
6.465190582959641006e+02 1.230911434977578438e+03
6.530323863636364194e+02 1.230657954545454459e+03
6.592010163749293952e+02 1.230317334839073965e+03
6.652832207207206920e+02 1.229649211711711814e+03
6.696547486033520045e+02 1.228835754189944055e+03
6.737188710570005696e+02 1.227620365246264555e+03
6.765451002227171102e+02 1.226548997772828443e+03
6.773096809680968136e+02 1.226489548954895554e+03
6.770906578220010488e+02 1.226740740740740648e+03
6.737248736664795388e+02 1.227822010106681546e+03
