6.539005586592178361e+02 1.227494972067039043e+03
6.504855875831485719e+02 1.227251662971175165e+03
6.480434298440980001e+02 1.227290089086859780e+03
6.464880886426592497e+02 1.226648753462603963e+03
6.454616657473800387e+02 1.226698290126861593e+03
6.448334261838440398e+02 1.227296935933147552e+03
6.443121897407611414e+02 1.227234418091560883e+03
6.435488141202426959e+02 1.227298952013237795e+03
6.425304878048780211e+02 1.227631929046563300e+03
6.420721365638765974e+02 1.227537995594713720e+03
6.420967920353982663e+02 1.227962942477876140e+03
6.425910099889011917e+02 1.228005549389567250e+03
6.434145798553144004e+02 1.228083472454090042e+03
6.446340235030777421e+02 1.228218802462227131e+03
6.462458193979932730e+02 1.228317168338907550e+03
6.474997232982844935e+02 1.228346983951300444e+03
6.492881637168142106e+02 1.228436946902654881e+03
6.512953657174762157e+02 1.229102735901730966e+03
6.542221600447677474e+02 1.229606043648572950e+03
6.581217877094971982e+02 1.230341340782122870e+03
6.612604807154834816e+02 1.230762996087199554e+03
6.634278579356271166e+02 1.231121531631520611e+03
6.655288888888889005e+02 1.231376666666666779e+03
6.673562255723060161e+02 1.231503629257398188e+03
6.679689406544647454e+02 1.231469772601220257e+03
6.687432208079690099e+02 1.231016602102933120e+03
6.695083426028920712e+02 1.230355951056729737e+03
6.700401785714285552e+02 1.230402343750000000e+03
6.705114333519240972e+02 1.230345789180144948e+03
6.704822616407982423e+02 1.230302106430155163e+03
6.695245992260917092e+02 1.230285793255942508e+03
6.687387437465258699e+02 1.229997220678154463e+03
6.679637681159420026e+02 1.229670011148272124e+03
6.663927576601671490e+02 1.229593871866295331e+03
6.648327740492170506e+02 1.229555928411633204e+03
6.631403607666291009e+02 1.229113866967305512e+03
6.606768631813125694e+02 1.228353726362625139e+03
6.573784237003912949e+02 1.227593627724985936e+03
6.545125768585802462e+02 1.227418669647847992e+03
6.509451287793953043e+02 1.226957446808510667e+03
6.486379310344827900e+02 1.226758064516129025e+03
6.472136514983351390e+02 1.226444506104328411e+03
6.460000000000000000e+02 1.226500831024930676e+03
6.454408004446914902e+02 1.226766536964980560e+03
6.449540616246498530e+02 1.226990476190476102e+03
6.432396006655574183e+02 1.227173044925124714e+03
