6.639299116997792680e+02 1.227014348785872016e+03
6.599732739420935559e+02 1.228196547884187112e+03
6.559113082039910978e+02 1.229537139689578680e+03
6.515250137438152933e+02 1.230389774601429281e+03
6.483796703296703754e+02 1.231532417582417565e+03
6.472210698689956416e+02 1.232248362445414841e+03
6.484713024282560809e+02 1.232020419426048647e+03
6.525117713004484585e+02 1.231011210762331757e+03
6.572221594120971986e+02 1.230282080271339737e+03
6.610478841870824454e+02 1.228930957683741553e+03
6.623150000000000546e+02 1.227920555555555666e+03
6.611547022815803984e+02 1.228007234279354407e+03
6.575063924402445537e+02 1.228085047248471483e+03
6.536207650273223635e+02 1.227401092896174760e+03
6.500393873085339465e+02 1.227501641137855586e+03
6.471689152725310805e+02 1.227218024824608847e+03
6.471672962763086616e+02 1.227046950890447988e+03
6.497276712328766735e+02 1.227116164383561681e+03
6.539198473282442592e+02 1.226711559432933427e+03
6.593672907488986539e+02 1.226004955947136523e+03
6.639315525876460242e+02 1.225848636616583235e+03
6.662983240223463781e+02 1.226402793296089385e+03
6.647980077476480574e+02 1.227061981184283241e+03
6.612573363431150710e+02 1.228311512415349853e+03
6.564662610619468524e+02 1.229639933628318659e+03
6.491428571428571104e+02 1.232295604395604414e+03
