6.733699095022624306e+02 1.232389140271493261e+03
6.734367231638418616e+02 1.232122033898305062e+03
6.736115795390668382e+02 1.231738617200674526e+03
6.737165178571428896e+02 1.231405691964285779e+03
6.734224235560589022e+02 1.231737825594563901e+03
6.727004429678847828e+02 1.231498892580287929e+03
6.726701890989988897e+02 1.231658509454950035e+03
6.720313390313390300e+02 1.232144159544159493e+03
6.719321266968325972e+02 1.231986990950226300e+03
6.720307167235495172e+02 1.231660978384527880e+03
6.719331065759637340e+02 1.231449546485260726e+03
6.714554176072234668e+02 1.231410270880361168e+03
6.711872871736662773e+02 1.231080590238365403e+03
6.707282976324689798e+02 1.230926155580608793e+03
6.701809415768576628e+02 1.230952921157118453e+03
6.693510758776897092e+02 1.230985843714609246e+03
6.684020442930153649e+02 1.231110164679159652e+03
6.674875706214688762e+02 1.231129943502824972e+03
6.670336950314106161e+02 1.231057681324957230e+03
6.660159817351598122e+02 1.230839041095890479e+03
6.649444444444444571e+02 1.230422902494331083e+03
6.640198750709823798e+02 1.230494605337876237e+03
6.627077702702703164e+02 1.230175675675675620e+03
6.602275312855517768e+02 1.229878839590443704e+03
6.576430578976953711e+02 1.229731871838111374e+03
6.552452085682074312e+02 1.229521984216459941e+03
6.526867266591675616e+02 1.229587739032620902e+03
6.504977401129943928e+02 1.229945197740112917e+03
6.485316027088035753e+02 1.230007336343115185e+03
6.461931818181818699e+02 1.230127272727272839e+03
6.436653631284916628e+02 1.229698324022346469e+03
6.415546218487395436e+02 1.229764145658263260e+03
6.394687500000000000e+02 1.229584263392857110e+03
6.382670039347948432e+02 1.229595840359752629e+03
6.370867117117117004e+02 1.229628941441441384e+03
6.356134969325153179e+02 1.229569436698271147e+03
6.347089385474860137e+02 1.229631843575418998e+03
6.341012443438913806e+02 1.229882918552036244e+03
6.335966666666666924e+02 1.229384444444444398e+03
6.333390868596882228e+02 1.229461581291759558e+03
6.328893214682981352e+02 1.229346496106785253e+03
6.325033222591362119e+02 1.229390919158360930e+03
6.321744251261918635e+02 1.229334268087493001e+03
6.319114845938374856e+02 1.229048739495798372e+03
6.317078212290502961e+02 1.228986033519553075e+03
6.316497206703910479e+02 1.228867597765363143e+03
6.315357941834452049e+02 1.228887583892617386e+03
6.314448775055678880e+02 1.229077394209354225e+03
6.314061452513966515e+02 1.229133519553072574e+03
6.316818181818181301e+02 1.228632435465768822e+03
6.316827624929815101e+02 1.228712521055586649e+03
6.316590016825574594e+02 1.228732473359506457e+03
6.316386083052749427e+02 1.228720538720538798e+03
6.315640022358859369e+02 1.228639463387367186e+03
6.315346756152125636e+02 1.228631431767337745e+03
6.315151175811870417e+02 1.228669652855543063e+03
6.315050505050504626e+02 1.228657687991021248e+03
6.320644067796609988e+02 1.228925423728813485e+03
6.325416666666666288e+02 1.229076013513513544e+03
6.328652762119503450e+02 1.229161781285231200e+03
6.330315670800450789e+02 1.229298196166854495e+03
6.332063134160090385e+02 1.229128523111612139e+03
6.333249158249158199e+02 1.229476992143658890e+03
6.334067796610169125e+02 1.229906779661017026e+03
6.335070501974055333e+02 1.229980823463057050e+03
6.337667044167610584e+02 1.229995469988675040e+03
6.342929178470254783e+02 1.230070254957507132e+03
6.346227477477477805e+02 1.229968468468468473e+03
6.350614777213761499e+02 1.229944162436548140e+03
6.352689694224235382e+02 1.230073612684031787e+03
6.351440677966102157e+02 1.229988135593220250e+03
6.352860347728546913e+02 1.230282669657879978e+03
6.353521836506158706e+02 1.230419932810750197e+03
6.356024705221785780e+02 1.230657495788882670e+03
6.361843891402714917e+02 1.230348981900452600e+03
6.365584778959149617e+02 1.230509233351986495e+03
6.371524184476940036e+02 1.230432508436445460e+03
6.383485103991006326e+02 1.230342327150084429e+03
6.388289251547552112e+02 1.230164321890827296e+03
6.396398210290827819e+02 1.230166666666666742e+03
6.399813453928773015e+02 1.230681175805539851e+03
6.405062287655719047e+02 1.231229898074745279e+03
6.414692049272116492e+02 1.231318589025755955e+03
6.430097087378641163e+02 1.231374071958880677e+03
6.442595116411130221e+02 1.231438387279954668e+03
6.460696744717304227e+02 1.231683609366076553e+03
6.475362971299944093e+02 1.231620146314012345e+03
6.489994301994302077e+02 1.231439886039886005e+03
6.510506257110353090e+02 1.231621729237770296e+03
6.530410256410256125e+02 1.231217094017094041e+03
6.550319270239452862e+02 1.231307297605473195e+03
6.573470887507065754e+02 1.231739400791407661e+03
6.597375846501129217e+02 1.231721218961625254e+03
6.619834001144819240e+02 1.232061247853463101e+03
6.645639436619718481e+02 1.232253521126760461e+03
6.670658271322266728e+02 1.232202633085289108e+03
6.691140901312036249e+02 1.232171135196805380e+03
6.705597057159026235e+02 1.232078664402942877e+03
6.717769537934968866e+02 1.232106103822019350e+03
6.727159221076747144e+02 1.231910652920962093e+03
6.735099601593625493e+02 1.232146272054638530e+03
6.740991354466858638e+02 1.232000000000000000e+03
6.744081050228310232e+02 1.232469178082191775e+03
6.747902494331066237e+02 1.232354875283446745e+03
6.751043227665705899e+02 1.232793659942363092e+03
6.753201829616923533e+02 1.233125786163521980e+03
6.759863013698629857e+02 1.233045662100456639e+03
6.760895522388059362e+02 1.233148679678530470e+03
6.760602064220183820e+02 1.233232798165137638e+03
6.760251860331998159e+02 1.233226101888952599e+03
6.757981910684002287e+02 1.232991520633126129e+03
6.756137387387387889e+02 1.233007882882882996e+03
6.756145251396648064e+02 1.233315642458100456e+03
6.755356334841628723e+02 1.233324660633484200e+03
6.756108927568781155e+02 1.233276810780460437e+03
6.756517357222844566e+02 1.233371220604703240e+03
6.755908071748879138e+02 1.233307174887892415e+03
6.750137378362908294e+02 1.233119633657698841e+03
6.747382022471909977e+02 1.232587078651685488e+03
6.748735177865612513e+02 1.232334839073969533e+03
6.748069977426636115e+02 1.232288374717832994e+03
6.745814732142856656e+02 1.232133370535714221e+03
6.740340522133939203e+02 1.231715096481271303e+03
6.737330342120022806e+02 1.231735277621985460e+03
6.733936170212765546e+02 1.232017357222844339e+03
6.730602272727272748e+02 1.231913636363636442e+03
6.728630214205186348e+02 1.232156708004509483e+03
6.725513966480447152e+02 1.231820111731843554e+03
6.725482970407593939e+02 1.231294249022892245e+03
6.725420875420875291e+02 1.231123456790123555e+03
6.724514317798989396e+02 1.230533408197641847e+03
6.724284103720406165e+02 1.230413754227733989e+03
6.724153587443946662e+02 1.230392376681614451e+03
6.717027932960893395e+02 1.230264804469273713e+03
6.710000000000000000e+02 1.230368153585544860e+03
6.706651710600111755e+02 1.230768928771733044e+03
6.698716789146410520e+02 1.231140192198982504e+03
6.697240406320541979e+02 1.231021444695259561e+03
6.696831460674156915e+02 1.230558988764044898e+03
6.694923857868020605e+02 1.230397067117879260e+03
6.692112436115843366e+02 1.230447473026689295e+03
6.690272263187748649e+02 1.229623369256948308e+03
6.686389668725435058e+02 1.229752947782144929e+03
6.680277149321267416e+02 1.229471153846153811e+03
6.673209459459459367e+02 1.229614864864864785e+03
6.667083567021873023e+02 1.229869882220975796e+03
6.659311123658949327e+02 1.229815358554488967e+03
6.654631284916200684e+02 1.229397765363128428e+03
6.647930258717660763e+02 1.229264904386951685e+03
6.640011370096646033e+02 1.229198976691301823e+03
6.631853325753269246e+02 1.228922114837976096e+03
6.615995500562429470e+02 1.228616422947131696e+03
6.590796160361377360e+02 1.228476566911349437e+03
6.564997186268992664e+02 1.228398424310635846e+03
6.514656917885264420e+02 1.228584364454443175e+03
