6.546288546255506162e+02 1.228976321585903179e+03
6.529994469026548813e+02 1.229774889380531022e+03
6.518786541643684131e+02 1.230580253723110900e+03
6.525871964679911343e+02 1.230426600441501023e+03
6.545155728587319572e+02 1.229741935483870975e+03
6.555924486396446582e+02 1.229614103275957859e+03
6.560819397993310531e+02 1.229261984392419208e+03
6.567474972191323559e+02 1.229038375973303573e+03
6.569423183582916863e+02 1.228977260122018833e+03
6.563507997793711866e+02 1.229400992829564302e+03
6.553991081382386028e+02 1.229083054626532885e+03
6.543610804851157354e+02 1.228757993384785095e+03
6.533950549450549943e+02 1.228769780219780159e+03
6.534849480021894124e+02 1.228443349753694520e+03
6.544031815688425695e+02 1.228510148107515079e+03
6.554106652006596505e+02 1.228478834524463991e+03
6.563146503884572667e+02 1.228327413984461600e+03
6.579160644802668685e+02 1.228352418010005522e+03
6.587871752349363987e+02 1.227892205638474252e+03
6.582161559888579632e+02 1.228201114206128068e+03
6.568751381215469110e+02 1.228414364640884060e+03
6.554380211228460666e+02 1.228976653696498033e+03
6.541547816473189414e+02 1.229735765616362642e+03
6.525956977385549180e+02 1.230303916161059078e+03
6.517823691460055215e+02 1.230672176308539974e+03
6.538290126861555791e+02 1.230258687258687360e+03
