6.584982578397213047e+02 1.226218350754936182e+03
6.584111238532110519e+02 1.226456422018348576e+03
6.574749568221070604e+02 1.226701784686240671e+03
6.571134259259259807e+02 1.226925925925925867e+03
6.572736289381563211e+02 1.226670361726954525e+03
6.573068905616676147e+02 1.226273885350318551e+03
6.572940835266821296e+02 1.226417633410672806e+03
6.559614942528735355e+02 1.226111494252873626e+03
6.536942286348502194e+02 1.226326859045504989e+03
6.514105922551252661e+02 1.226833712984054728e+03
6.493163030998852037e+02 1.227141791044776028e+03
6.481033274956216701e+02 1.227042615294804364e+03
6.473610949330227413e+02 1.227401281304601071e+03
6.465061153174141282e+02 1.227461269656377453e+03
6.457133027522935436e+02 1.228114105504587087e+03
6.454780876494023687e+02 1.228336368810472322e+03
6.454254835039818090e+02 1.228201934015927236e+03
6.459471264367815593e+02 1.228236206896551721e+03
6.471150747986190481e+02 1.227952243958573035e+03
6.478726114649681449e+02 1.228125072379849371e+03
6.476657142857143299e+02 1.228406285714285787e+03
6.477862950058072329e+02 1.229065621370499457e+03
6.477589388696654851e+02 1.229803921568627402e+03
6.478161050828098269e+02 1.230045117075956568e+03
6.485994318181818699e+02 1.230336363636363558e+03
6.500206422018349031e+02 1.230645642201834789e+03
6.517028571428571695e+02 1.230630285714285719e+03
6.527370540851553642e+02 1.230375719217491451e+03
6.528015963511973041e+02 1.230365450399087877e+03
6.530582524271844704e+02 1.230311250713877826e+03
6.526793201133144748e+02 1.230266288951841261e+03
6.511623339110341249e+02 1.230638359329867171e+03
6.487325842696628797e+02 1.231421348314606803e+03
6.470654420206659552e+02 1.231996555683122779e+03
6.456212643678161385e+02 1.232132183908046045e+03
6.449283667621776885e+02 1.232900859598853913e+03
6.440813424345847125e+02 1.232875995449374386e+03
6.435711009174311812e+02 1.232751146788990809e+03
6.436083138173302132e+02 1.232854800936768243e+03
6.437436635944700356e+02 1.232929723502304114e+03
6.439791666666666288e+02 1.232512152777777828e+03
6.437926616191031144e+02 1.232472335468841038e+03
6.432879581151833008e+02 1.232374054682955148e+03
6.428269675925926094e+02 1.231942708333333258e+03
6.432101947308133276e+02 1.232674112256586568e+03
6.440909090909091219e+02 1.232728987993138844e+03
6.452302365839584581e+02 1.232751875360646181e+03
6.468034682080924540e+02 1.232823699421965330e+03
6.487266395821242213e+02 1.232777132907719079e+03
6.510293778801843700e+02 1.232092165898617623e+03
6.532845668387836895e+02 1.231438898450946681e+03
6.547738780207134823e+02 1.230968354430379804e+03
6.547798850574712333e+02 1.230845977011494142e+03
6.541484419263456402e+02 1.231127478753541027e+03
6.536242183058556066e+02 1.230741330301307471e+03
6.530411499436302165e+02 1.230903607666290782e+03
6.528405221339387481e+02 1.231064131668558502e+03
6.528792215226102371e+02 1.231012020606754504e+03
6.530549132947976432e+02 1.230895953757225470e+03
6.534424882629108424e+02 1.230634976525821685e+03
6.532619863013699160e+02 1.230280821917808225e+03
6.530716783216782915e+02 1.229799533799533720e+03
6.527962328767123381e+02 1.229216324200913277e+03
6.520790536641661674e+02 1.229336987882285030e+03
6.509652375434530995e+02 1.229206257242178481e+03
6.502267981438515108e+02 1.229149071925754015e+03
6.500445601851852189e+02 1.229234953703703695e+03
6.507202797202796773e+02 1.229314685314685221e+03
6.521378718535469261e+02 1.229057208237986288e+03
6.542788798133021828e+02 1.228906651108518190e+03
6.560494537090281710e+02 1.228530764807360583e+03
6.571631000578369139e+02 1.228204164256795821e+03
6.581067351598173900e+02 1.227909246575342422e+03
6.597635838150289374e+02 1.227620231213872785e+03
6.609656777196044004e+02 1.227495636998254895e+03
6.613488102147417749e+02 1.227645385954730045e+03
6.618082663605051721e+02 1.227574626865671689e+03
6.614537194775695070e+02 1.227928449744463478e+03
6.610973096737263859e+02 1.227933028048082406e+03
6.610022948938611762e+02 1.228112449799196838e+03
6.618422584400465212e+02 1.228023864959254979e+03
6.620550996483001427e+02 1.227707502930832334e+03
6.620901591043017334e+02 1.227759575721862120e+03
6.610957134468584400e+02 1.227485026423957834e+03
6.592724117987276031e+02 1.227683632157316424e+03
6.570017281105990605e+02 1.227849078341013865e+03
6.544310833806011942e+02 1.228270561542824680e+03
6.531669575334497040e+02 1.228596858638743470e+03
6.520058962264150750e+02 1.228831957547169850e+03
6.506949052132700899e+02 1.228888625592417156e+03
6.499884792626728540e+02 1.229865207373271915e+03
