6.649473094170404011e+02 1.229372757847533649e+03
6.642625979843224968e+02 1.229998320268756970e+03
6.638874024526198809e+02 1.230319397993310986e+03
6.636169154228855405e+02 1.230407407407407391e+03
6.629770693512303978e+02 1.230454697986577230e+03
6.616496674057649443e+02 1.230278824833702856e+03
6.602238470191225588e+02 1.229665916760405025e+03
6.593229398663696657e+02 1.229216592427616888e+03
6.587181208053691535e+02 1.228752237136465283e+03
6.573460246360582460e+02 1.228225083986562140e+03
6.553283664459161173e+02 1.227498344370860877e+03
6.537853982300885036e+02 1.227408185840708029e+03
6.531035058430717299e+02 1.227366165831942226e+03
6.531412618648799935e+02 1.227295365717476216e+03
6.529625279642058331e+02 1.227494966442953000e+03
6.523281337047353645e+02 1.228213927576601691e+03
6.519211111111111450e+02 1.228842222222222290e+03
6.520544747081712558e+02 1.229249027237354085e+03
6.522019922523519426e+02 1.230050359712230147e+03
6.518407079646017337e+02 1.230444137168141651e+03
6.511325842696629707e+02 1.230898314606741678e+03
6.503148769574944481e+02 1.230980425055928436e+03
6.495713501646541772e+02 1.230400109769484061e+03
6.492171016102165595e+02 1.230264852859522534e+03
6.489166666666666288e+02 1.229691501103752671e+03
6.485767313019390485e+02 1.229229916897506882e+03
6.485730832873689451e+02 1.228621070049641503e+03
6.485866295264623886e+02 1.228406685236768908e+03
6.489258226436140831e+02 1.228342442833240284e+03
6.497643454038997106e+02 1.228233426183843903e+03
6.515974316024567088e+02 1.228385259631490726e+03
6.535823496346262118e+02 1.229086003372681262e+03
6.555181462869904863e+02 1.229439977666108234e+03
6.564022346368715262e+02 1.230030726256983144e+03
6.572842753217682912e+02 1.230325125909345161e+03
6.586127964699393260e+02 1.230491450634307739e+03
6.601642376681614905e+02 1.230428251121076300e+03
6.612880404267265249e+02 1.230085345311622632e+03
6.621491031390135049e+02 1.229972533632286968e+03
6.623567415730336734e+02 1.229489887640449524e+03
6.626918344519015136e+02 1.229128635346756255e+03
6.634595959595959584e+02 1.229111672278339029e+03
6.638636871508380182e+02 1.228568715083798907e+03
6.639284516489658472e+02 1.228655673560648438e+03
6.644402692091979361e+02 1.228792484576556262e+03
6.654846110800224324e+02 1.228688864017907008e+03
6.659179314221472623e+02 1.229292299044406946e+03
6.654410456062291814e+02 1.229627919911012214e+03
6.645851893095768901e+02 1.230340200445434220e+03
6.642722744881018571e+02 1.230448256779191979e+03
6.639905450500556299e+02 1.230790322580645125e+03
6.632761111111111632e+02 1.230443333333333385e+03
6.618655229662423380e+02 1.230507470946319927e+03
6.604725761772853048e+02 1.230061495844875253e+03
6.597567867036011648e+02 1.229823268698060929e+03
6.590895856662933738e+02 1.229033034714445648e+03
6.555027901785714448e+02 1.228148437500000000e+03
