6.583441629955947292e+02 1.228971916299559552e+03
6.586145434663750393e+02 1.229210497539639164e+03
6.586028446389497049e+02 1.229388402625820618e+03
6.582930181418362281e+02 1.229810335349092838e+03
6.578129418162044431e+02 1.229834148994018506e+03
6.578184311574327694e+02 1.229725726823916602e+03
6.575196292257361392e+02 1.229693565976008813e+03
6.565402611534276502e+02 1.228993471164309085e+03
6.552293828509011746e+02 1.228380666302566851e+03
6.544147540983606177e+02 1.228393442622950715e+03
6.538405639913231653e+02 1.228373644251626956e+03
6.543882158590308791e+02 1.228416299559471327e+03
6.550673289183223460e+02 1.228465783664459195e+03
6.555043811610077000e+02 1.228525191675794076e+03
6.556626768226333297e+02 1.228729597388465663e+03
6.560082644628099615e+02 1.229330578512396642e+03
6.561967032967032765e+02 1.229896153846153766e+03
6.557385620915032405e+02 1.230005991285403070e+03
6.556452850877193441e+02 1.230322916666666742e+03
6.563120842572061520e+02 1.230506097560975604e+03
6.575662983425414723e+02 1.230209392265193401e+03
6.586696083838941149e+02 1.229719249862107063e+03
6.587402311502476095e+02 1.229578976334617437e+03
6.575503282275710717e+02 1.229452407002188238e+03
6.563380978559648611e+02 1.229199010445299564e+03
6.556684901531729111e+02 1.229143873085339237e+03
6.563070996147496317e+02 1.228434782608695741e+03
6.568802428256070698e+02 1.228342715231788134e+03
6.568212719298245474e+02 1.228384868421052715e+03
6.556917621385706525e+02 1.228413529732678626e+03
6.548294020844761008e+02 1.228517827756445513e+03
6.553839335180055059e+02 1.228911357340720315e+03
6.564414660831509991e+02 1.229387855579868756e+03
6.566559080962800863e+02 1.229370897155361035e+03
6.566257534246575460e+02 1.229790136986301377e+03
6.563774944567627472e+02 1.229998891352549890e+03
6.561745594713656828e+02 1.230253303964757606e+03
6.565559845559845371e+02 1.229855488141202386e+03
