6.506420518602029688e+02 1.230104847801578444e+03
6.520835670218732503e+02 1.230295569265283120e+03
6.535585937500000000e+02 1.230553013392857110e+03
6.543744394618834122e+02 1.230748878923766824e+03
6.537937395192844861e+02 1.231158747903856920e+03
6.536711037160288242e+02 1.231151414309484153e+03
6.539114845938374856e+02 1.230624649859943929e+03
6.542584080717489314e+02 1.230378923766816115e+03
6.551532846715329015e+02 1.230047725996631016e+03
6.563100731570061726e+02 1.229653348339898685e+03
6.566064008983717031e+02 1.229244806288601922e+03
6.563380281690141373e+02 1.229143098591549233e+03
6.567029926595143934e+02 1.229544889892715901e+03
6.574493813273340947e+02 1.229897637795275614e+03
6.581402234636871071e+02 1.230296089385474943e+03
6.593607843137255031e+02 1.230810084033613521e+03
6.607643097643098145e+02 1.231143658810325405e+03
6.616215161649944321e+02 1.231489409141583110e+03
6.622166761202495309e+02 1.232001134429948934e+03
6.627562744004461592e+02 1.232190741773563786e+03
6.633322014714204897e+02 1.232146010186757167e+03
6.634119955156950255e+02 1.231544282511210668e+03
6.630427927927927385e+02 1.230201013513513544e+03
6.625780637940682709e+02 1.229823726916619989e+03
6.613802024746906909e+02 1.229066929133858366e+03
6.599010011123471031e+02 1.228363737486095715e+03
6.590912676056337887e+02 1.227839999999999918e+03
6.590569832402234169e+02 1.227205027932961002e+03
6.596314317673378582e+02 1.226840044742729333e+03
6.595672969966630035e+02 1.227018909899888740e+03
6.591755079006771894e+02 1.227695823927765332e+03
6.588141741071428896e+02 1.228253348214285779e+03
6.593885135135135442e+02 1.228653716216216253e+03
6.595977653631284738e+02 1.229190502793295991e+03
6.596750559284116662e+02 1.229445749440715872e+03
6.595625698324022324e+02 1.229758659217877039e+03
6.586805165637282471e+02 1.229934868051656395e+03
6.574032079646017337e+02 1.229838495575221259e+03
6.565652654867257070e+02 1.229155973451327327e+03
6.557678173719376673e+02 1.228898106904231554e+03
6.542618914381645254e+02 1.228331841074426393e+03
6.525702294348069472e+02 1.227501398992725171e+03
6.512762863534675262e+02 1.227183445190156590e+03
6.499692221600447510e+02 1.226771684387241294e+03
6.485455046883618024e+02 1.226528405956977394e+03
6.482790178571428896e+02 1.226900669642857110e+03
6.493608477412158209e+02 1.227231455660903521e+03
6.501466144376049670e+02 1.228043088975937280e+03
6.506396446418656296e+02 1.228800666296501959e+03
6.519564245810055354e+02 1.229272067039106105e+03
6.534490481522956316e+02 1.229592945128779320e+03
6.551071228266965818e+02 1.229874929893438093e+03
6.560579302587176471e+02 1.230263217097862707e+03
6.572473299606519959e+02 1.230675660483417687e+03
6.575443252399774110e+02 1.230884246188594034e+03
6.573387916431394160e+02 1.231073404856013440e+03
6.572023608768971599e+02 1.230821247892074098e+03
6.574161947904869976e+02 1.230403171007927540e+03
6.569136568848758770e+02 1.230023137697516859e+03
6.566423438363736977e+02 1.229547263681592085e+03
6.568881394041596877e+02 1.229029792017987575e+03
