6.454640486725663777e+02 1.227204646017699133e+03
6.453387007218211693e+02 1.227164353137146009e+03
6.454835103409726571e+02 1.226934600335382811e+03
6.464360692350642239e+02 1.226725851479620360e+03
6.471905829596412332e+02 1.226878363228699527e+03
6.471903695408734620e+02 1.226639417693168980e+03
6.474344170403587668e+02 1.226339686098654738e+03
6.484929735806632607e+02 1.227024732996065268e+03
6.498592260235558342e+02 1.227015703869882145e+03
6.517845982142856656e+02 1.227142857142857110e+03
6.534207865168539229e+02 1.227644382022471973e+03
6.556181211784324887e+02 1.227754307948860514e+03
6.588397075365579667e+02 1.227714848143981953e+03
6.625187885586091170e+02 1.228063376332024745e+03
6.649670206819452005e+02 1.228297931805477901e+03
6.664584257206208804e+02 1.228406319290465717e+03
6.668275669642856656e+02 1.228449218750000000e+03
6.677184734513274407e+02 1.228451327433628421e+03
6.694585420144685486e+02 1.228459654980523055e+03
6.699910714285714448e+02 1.228512834821428669e+03
6.703127828054298334e+02 1.229041855203619889e+03
6.700179775280898866e+02 1.228976404494381995e+03
6.706120737842370545e+02 1.229271660145332589e+03
6.714519553072625513e+02 1.229530167597765285e+03
6.710790645879732210e+02 1.229203786191536665e+03
6.702141662018963189e+02 1.229249860568879058e+03
6.691698430493273690e+02 1.229059977578475355e+03
6.677522222222222581e+02 1.228657222222222117e+03
6.662289223897264492e+02 1.228555555555555657e+03
6.636018983807928180e+02 1.228294249022892245e+03
6.605465631929046140e+02 1.228465631929046594e+03
6.576637168141593293e+02 1.228445243362831889e+03
6.562220357941833981e+02 1.228333892617449692e+03
6.546912416851441776e+02 1.228044900221729449e+03
6.520683090705487075e+02 1.228250279955207134e+03
6.492488789237668243e+02 1.228222533632286968e+03
6.470094339622640973e+02 1.228422863485016705e+03
6.463807947019867015e+02 1.228359271523178904e+03
6.458678511937812345e+02 1.228313714602998289e+03
6.450211228460256052e+02 1.228093941078376929e+03
6.442766908887646196e+02 1.227920626048071654e+03
6.439296008869179104e+02 1.227689578713969013e+03
6.443383333333333667e+02 1.227711111111111222e+03
6.444780433574208018e+02 1.227847137298499092e+03
6.444558087826570727e+02 1.227766536964980560e+03
6.459604677060133326e+02 1.228391982182627999e+03
