6.486057906458797788e+02 1.228752783964365335e+03
6.491468453378000731e+02 1.228722501395868221e+03
6.503136924803591228e+02 1.228984287317620556e+03
6.515083612040133403e+02 1.228872352285395664e+03
6.531171524663676564e+02 1.229151345291479856e+03
6.551389355742296630e+02 1.229448739495798236e+03
6.568124652198107469e+02 1.229624373956594354e+03
6.584661064425770292e+02 1.229850980392156771e+03
6.601301177790240899e+02 1.230063937184520455e+03
6.613870246085010649e+02 1.230125838926174538e+03
6.626481994459833231e+02 1.230191135734072077e+03
6.637622222222222490e+02 1.230263888888888914e+03
6.644697390338700416e+02 1.230330927262631803e+03
6.645160753880265929e+02 1.230425720620842640e+03
6.643763201778765506e+02 1.230300722623679803e+03
6.645868362831857894e+02 1.230339048672566378e+03
6.648739589117157038e+02 1.230051637978900544e+03
6.649352517985611257e+02 1.230003320420586533e+03
6.643446359088381996e+02 1.230386881600889410e+03
6.633080779944289134e+02 1.230379944289693640e+03
6.623182831661092678e+02 1.230236900780379074e+03
6.612525195968645448e+02 1.230225643896976408e+03
6.589046822742475342e+02 1.229364548494983183e+03
6.575966942148760381e+02 1.229403305785124076e+03
6.557019283746556084e+02 1.229225344352617185e+03
6.538961111111111677e+02 1.229207222222222299e+03
6.520436974789915894e+02 1.229002801120448112e+03
6.501185393258426757e+02 1.228721348314606757e+03
6.488486033519552620e+02 1.228701117318435763e+03
6.481736227045074656e+02 1.228366165831942226e+03
6.471417454141189864e+02 1.228464702612562633e+03
6.460288248337028563e+02 1.228396895787139783e+03
6.455860927152317572e+02 1.228360375275938168e+03
6.455696132596684720e+02 1.228267955801105018e+03
6.460322580645160997e+02 1.228416017797552740e+03
6.462449888641425559e+02 1.228347995545657113e+03
6.464508287292817386e+02 1.228154143646408784e+03
6.464648199445983892e+02 1.228297506925207699e+03
6.470033351862145992e+02 1.228452473596442360e+03
6.480903986524424454e+02 1.228733295901179190e+03
6.492401574803149060e+02 1.228969066366704055e+03
6.506481792717087274e+02 1.228991596638655437e+03
6.530351955307262415e+02 1.229339106145251435e+03
6.550646599777033998e+02 1.229415830546265397e+03
6.583742331288343621e+02 1.229747350808700503e+03
