6.587660626029653486e+02 1.228528830313014851e+03
6.583035126234906329e+02 1.228816684961580677e+03
6.569917987971568891e+02 1.229332968835429256e+03
6.558777056277056090e+02 1.229908008658008612e+03
6.547755991285403070e+02 1.230284313725490165e+03
6.542347214710654271e+02 1.230362898864250838e+03
6.544683892248488064e+02 1.230299615173172015e+03
6.555723793677204867e+02 1.230509706045479788e+03
6.570568693693693376e+02 1.230229166666666742e+03
6.580673022994952817e+02 1.229621424565339339e+03
6.577885586090858396e+02 1.229116096466629187e+03
6.573368538076708774e+02 1.228814341300722617e+03
6.557144420131290872e+02 1.228342450765864442e+03
6.510000000000000000e+02 1.227905097613882845e+03
6.494067063277447005e+02 1.227986479177933916e+03
6.487429805615551004e+02 1.227708963282937475e+03
6.496617727025557087e+02 1.227476345840130534e+03
6.517289058247141611e+02 1.227700598802395234e+03
6.541143174250831862e+02 1.227775249722530589e+03
6.563444444444444343e+02 1.227678333333333285e+03
6.583566238121856031e+02 1.227930128563443304e+03
6.597348863006101283e+02 1.228366611203549610e+03
6.590808864265927696e+02 1.228688088642659295e+03
6.578912087912087827e+02 1.229176373626373561e+03
6.566628415300546067e+02 1.229696174863388023e+03
6.549488574537540444e+02 1.230280195865070709e+03
