6.781705382436260834e+02 1.229488385269121864e+03
6.772675339366516027e+02 1.229521493212669611e+03
6.769169960474308709e+02 1.229634105025409326e+03
6.769319342030629514e+02 1.229974475326148649e+03
6.761169125993189937e+02 1.230064131668558502e+03
6.746082766439909619e+02 1.230575963718820958e+03
6.717554929577464691e+02 1.230582535211267668e+03
6.683102665910380438e+02 1.230281905842314245e+03
6.644093732354601798e+02 1.230582156973461224e+03
6.610596175478065106e+02 1.230313835770528613e+03
6.583288058856819589e+02 1.230329937747594840e+03
6.555887640449437868e+02 1.230085955056179728e+03
6.520307950727883508e+02 1.230151735722284457e+03
6.488093907210732141e+02 1.230145332588037945e+03
6.451263335204940859e+02 1.230125772038180685e+03
6.413631315935591601e+02 1.230466962798445365e+03
6.387136539524599357e+02 1.230288004422332733e+03
6.372205638474295029e+02 1.230379215035931566e+03
6.362663371773750214e+02 1.229684788577704467e+03
6.350922992900054851e+02 1.229398689240852036e+03
6.335840175150519826e+02 1.228619594964422504e+03
6.324752043596730573e+02 1.228432697547684029e+03
6.321938278289117079e+02 1.228498646453708716e+03
6.325622968580714769e+02 1.228508125677139788e+03
6.343428414701041902e+02 1.228526604498080133e+03
6.384871373836890598e+02 1.227926655719759083e+03
6.406793179317932072e+02 1.227548954895489487e+03
6.425948037589828346e+02 1.227389718076285135e+03
6.452476454293629331e+02 1.227989473684210452e+03
6.485202890494718986e+02 1.228326848249027307e+03
6.514613259668508363e+02 1.228251933701657435e+03
6.550238888888889051e+02 1.228210000000000036e+03
6.592450815064643166e+02 1.228352445193929270e+03
6.623678873239437053e+02 1.228047887323943769e+03
6.657389849414389573e+02 1.227970998326826475e+03
6.684366515837103861e+02 1.228212669683257900e+03
6.708807134894091178e+02 1.228418060200668833e+03
6.733458049886621666e+02 1.228859977324263127e+03
6.757615819209039500e+02 1.229174576271186424e+03
6.779776887871853432e+02 1.229259725400457683e+03
6.792744765138653520e+02 1.229122807017543892e+03
6.793278126784693995e+02 1.229255853797829786e+03
6.782158314350797355e+02 1.229362756264236850e+03
6.773697383390216373e+02 1.229456769055745099e+03
6.773565365025466463e+02 1.229507640067911780e+03
6.772187147688838422e+02 1.229838782412626870e+03
6.761558806978052871e+02 1.230212718064153023e+03
6.740508862206975209e+02 1.231025728987993034e+03
6.711438317225696437e+02 1.230965321205230339e+03
6.633145939806927345e+02 1.231097103918228186e+03
