6.603755580357143344e+02 1.229844308035714221e+03
6.607390094602114914e+02 1.229561491374513025e+03
6.605805387575591112e+02 1.229406267179769202e+03
6.606467331118493576e+02 1.229449058693244751e+03
6.611952729319077662e+02 1.229796848621271920e+03
6.611479190101237009e+02 1.229729471316085437e+03
6.614512877939529290e+02 1.229449048152295745e+03
6.615091819699499638e+02 1.229536449638286058e+03
6.614952803997779256e+02 1.229475846751804511e+03
6.614056603773584584e+02 1.229460044395116483e+03
6.611779379157427456e+02 1.229205654101995606e+03
6.603832964601770072e+02 1.229527654867256615e+03
6.594012242626599800e+02 1.229464663327768449e+03
6.583424276169265568e+02 1.229182071269487778e+03
6.568256779192031445e+02 1.229205866076369603e+03
6.557301762114537951e+02 1.229073788546255400e+03
6.551770949720670387e+02 1.229112849162011116e+03
6.542051282051281760e+02 1.228994983277591928e+03
6.534668892598775756e+02 1.228973288814691159e+03
6.526853185595567766e+02 1.229013850415512479e+03
6.514718662952645900e+02 1.228957103064066814e+03
6.506909894969596735e+02 1.229012161415146466e+03
6.505038759689922472e+02 1.229015503875968989e+03
6.498183844011142583e+02 1.228975487465181004e+03
6.497043429844097773e+02 1.229177616926503333e+03
6.497996632996632798e+02 1.229012345679012242e+03
6.501319483436271867e+02 1.228965188096575048e+03
6.503681288173237363e+02 1.228913381454747423e+03
6.508181818181818699e+02 1.229071946458449474e+03
6.517379349046016159e+02 1.229053872053872055e+03
6.526256983240223235e+02 1.228994972067039043e+03
6.536687219730941933e+02 1.229121076233183885e+03
6.542305974316024049e+02 1.229379117811278547e+03
6.551850195640022321e+02 1.229263834544438168e+03
6.568130580357143344e+02 1.229308593750000000e+03
6.579431121026212850e+02 1.229420524261015089e+03
6.591157484696716438e+02 1.229218697829716120e+03
6.597642501383508034e+02 1.229207526286662869e+03
6.603532699832308026e+02 1.229328116266070538e+03
6.602153163152053139e+02 1.229328523862375050e+03
6.603475097929490403e+02 1.229347509792949040e+03
6.607490283176013008e+02 1.229398112159911079e+03
6.605787728026533614e+02 1.229464344941956824e+03
6.606670360110803131e+02 1.229535734072022251e+03
