6.834648829431438344e+02 1.223928651059085951e+03
6.824963747908533378e+02 1.224090351366425011e+03
6.804788888888888323e+02 1.224260555555555584e+03
6.760398450470393072e+02 1.225619258439402302e+03
6.689511085844229683e+02 1.226259238203524774e+03
6.607332583005064635e+02 1.227746201463140096e+03
6.531993410214167852e+02 1.229546403075233457e+03
6.476621998883305196e+02 1.230386376326074924e+03
6.413644911504425181e+02 1.230679756637168111e+03
6.348508869179601106e+02 1.231365299334811425e+03
6.308696616749861050e+02 1.231901830282861965e+03
6.285091819699499638e+02 1.231846967167501361e+03
6.261638074156060156e+02 1.232279468732706164e+03
6.254109816971713371e+02 1.233074875207986679e+03
6.324429378531073098e+02 1.232102259887005630e+03
6.380843373493976287e+02 1.231309810671256400e+03
6.437084057971014772e+02 1.230750724637681060e+03
6.520174927113702097e+02 1.229897376093294497e+03
6.614386174016686937e+02 1.229405244338498278e+03
6.681764371087080008e+02 1.229210586226522537e+03
6.731879572312886921e+02 1.228626899268429952e+03
6.765798319327731178e+02 1.228020168067226905e+03
6.804636871508380409e+02 1.226478212290502825e+03
6.833109243697479087e+02 1.225917086834733936e+03
6.831457174638487686e+02 1.225648498331479459e+03
6.822286670384829677e+02 1.225262130507529264e+03
6.802708565072302918e+02 1.225187986651835445e+03
6.763463469046290584e+02 1.225306748466257659e+03
6.591394957983193308e+02 1.228396078431372644e+03
