6.563679245283018417e+02 1.228086015538290894e+03
6.558959955506118149e+02 1.228184093437152342e+03
6.555111234705227616e+02 1.228187986651835445e+03
6.552264150943395862e+02 1.228139844617092194e+03
6.552178051511758667e+02 1.228259238521836551e+03
6.554526493799323816e+02 1.228173618940247934e+03
6.556092083099382535e+02 1.228080853453116333e+03
6.558745119910763606e+02 1.227868377021751257e+03
6.555664804469273577e+02 1.228114525139664693e+03
6.550072102052134824e+02 1.228325013865779283e+03
6.551023489932886150e+02 1.228291946308724846e+03
6.551122905027932575e+02 1.228264245810055854e+03
6.555901455767077550e+02 1.228391937290033638e+03
6.560016930022572978e+02 1.228305304740406427e+03
6.558870786516854423e+02 1.228280898876404535e+03
6.556348501664816695e+02 1.228506104328523861e+03
6.551665731912506772e+02 1.228631519910263705e+03
6.548242491657397295e+02 1.228273637374860982e+03
6.545525442477876368e+02 1.228389933628318659e+03
6.545689750692521329e+02 1.228354016620498669e+03
6.546603032004492206e+02 1.228684446939921372e+03
6.545064209938582280e+02 1.228704075935231685e+03
6.546575571667596023e+02 1.228699386503067444e+03
6.549653243847874364e+02 1.229117449664429614e+03
6.552212138400453796e+02 1.229176971072036395e+03
6.555479528883903413e+02 1.229210880538418451e+03
6.555700725851479547e+02 1.229438860971524264e+03
6.549043624161073467e+02 1.229571588366890410e+03
6.539476646032638882e+02 1.229872256612267847e+03
6.532756302521008820e+02 1.230130532212885100e+03
6.527762938230383725e+02 1.230071229827490242e+03
6.525918933925596548e+02 1.229947806774014452e+03
6.528111298482293705e+02 1.230208544125913477e+03
6.530526912181303487e+02 1.230368271954674128e+03
6.531360813099943243e+02 1.230477131564088040e+03
6.532133559705715697e+02 1.230389926428975741e+03
6.532649379932356624e+02 1.230368658399098194e+03
6.530421585160202085e+02 1.230148397976391152e+03
6.525522222222222126e+02 1.230349999999999909e+03
6.521578063794067930e+02 1.230578623391158317e+03
6.525268756998880235e+02 1.230597984322508410e+03
6.535244596131967683e+02 1.230988623435722502e+03
6.541162657502864022e+02 1.231072737686139817e+03
6.548388920293950832e+02 1.231192198982475929e+03
6.553200682205798557e+02 1.231180784536668625e+03
6.553667800453514474e+02 1.231249433106575907e+03
6.548180797304885346e+02 1.231060640089837079e+03
6.545735870173475632e+02 1.231087297146054880e+03
6.543533707865168481e+02 1.231273033707865125e+03
6.543601575689364154e+02 1.231336522228474905e+03
6.545989847715735550e+02 1.231100394811054684e+03
6.549749573136027720e+02 1.231294251565167997e+03
6.550182128628343889e+02 1.231245873648264023e+03
6.547322128851540128e+02 1.230978711484593759e+03
6.547331838565022508e+02 1.230898542600896917e+03
6.546996644295302303e+02 1.230769574944071564e+03
6.547581005586591800e+02 1.230486592178770934e+03
6.546368186874304911e+02 1.230484983314794135e+03
6.546532887402452161e+02 1.230795429208472797e+03
6.550636833046471565e+02 1.230952380952380963e+03
6.556762225969646352e+02 1.230832490163012835e+03
6.563095238095238528e+02 1.230747732426303855e+03
6.566314898419864221e+02 1.230628103837471826e+03
6.567217832957110204e+02 1.230531602708803575e+03
6.568397759103640965e+02 1.230424089635854443e+03
6.567658263305322635e+02 1.230384313725490301e+03
6.569857630979498708e+02 1.230064350797266570e+03
6.577806379406827091e+02 1.230174594292109759e+03
6.585288461538461888e+02 1.230119343891402650e+03
6.586598870056496935e+02 1.229893785310734529e+03
6.585014116318463948e+02 1.229978543195934435e+03
6.582559188275084807e+02 1.229941939120631332e+03
6.582747747747747553e+02 1.229787162162162076e+03
6.582412626832018532e+02 1.229582863585118275e+03
6.583277121978640025e+02 1.229416526138280005e+03
6.584698930782217303e+02 1.229406302757456388e+03
6.584387241186345818e+02 1.229232232792389368e+03
6.585278873239436734e+02 1.229070985915492884e+03
6.586608841634023292e+02 1.229282036933407880e+03
6.592907042253521013e+02 1.229348732394366152e+03
6.597905935050391690e+02 1.229285554311310079e+03
6.598612521150591874e+02 1.229112239142695898e+03
6.593489026449071844e+02 1.229050647158131596e+03
6.585951847704367310e+02 1.228653975363941754e+03
6.580892756878158707e+02 1.228747332959011828e+03
6.576244419642856656e+02 1.228685825892857110e+03
6.575116926503341119e+02 1.228463251670378668e+03
6.577109988776655882e+02 1.228391694725027946e+03
6.585160202360876838e+02 1.228374929735806745e+03
6.591112994350282861e+02 1.228263276836158184e+03
6.593838727995456566e+02 1.228344690516751825e+03
6.592723669309173147e+02 1.228272366930917315e+03
6.587694877505567774e+02 1.228351336302895334e+03
6.585496651785714448e+02 1.228185267857142890e+03
6.585620478575403922e+02 1.228327212020033357e+03
6.586448911222780680e+02 1.228386934673366795e+03
6.585850529838260172e+02 1.228294478527607453e+03
6.585358342665173268e+02 1.228274916013437860e+03
6.585830527497193998e+02 1.228311447811447806e+03
6.585109243697479542e+02 1.228244257703081303e+03
6.582031337437044840e+02 1.228161163961947295e+03
6.573688616071428896e+02 1.228002790178571331e+03
6.567488789237668243e+02 1.228246636771300473e+03
6.560089285714285552e+02 1.228040178571428669e+03
6.555395763656633790e+02 1.228069119286510613e+03
6.553542825361512314e+02 1.228065628476084612e+03
6.554716451431779660e+02 1.228135317237507024e+03
6.555338218714769027e+02 1.228186583990980807e+03
6.555861875350926766e+02 1.228189219539584428e+03
6.553917410714285552e+02 1.228184709821428669e+03
6.548050800662617803e+02 1.228329099944782001e+03
6.545221483942414125e+02 1.228316168327796277e+03
6.545593126385808773e+02 1.228313747228381317e+03
6.548094972067038952e+02 1.228337430167597859e+03
6.554703579418344361e+02 1.228983221476510153e+03
6.555253093363329526e+02 1.229119235095613021e+03
6.551987647389107678e+02 1.229116226838854573e+03
6.545471803461753098e+02 1.229246789503070886e+03
6.542603351955307289e+02 1.229292178770949704e+03
6.536963292547275159e+02 1.229051167964404840e+03
6.537944134078212528e+02 1.229246368715083690e+03
