6.557036223929748076e+02 1.229279363336992219e+03
6.587554196775986384e+02 1.230484157865480711e+03
6.614930362116991773e+02 1.230968802228412187e+03
6.630433815350389750e+02 1.231548387096774150e+03
6.641147902869756763e+02 1.231874172185430552e+03
6.646624588364434203e+02 1.232304610318331470e+03
6.642493074792243988e+02 1.232419944598337906e+03
6.634594594594594810e+02 1.232188086045228829e+03
6.627707076247943405e+02 1.231921009325287969e+03
6.619702970297029196e+02 1.231369086908690861e+03
6.606161007667031981e+02 1.230560240963855449e+03
6.585590163934426755e+02 1.229466120218579135e+03
6.562233223322332378e+02 1.228959295929593054e+03
6.537469879518072275e+02 1.227776013143482942e+03
6.507072637902784891e+02 1.227215182960131187e+03
6.486510615133369129e+02 1.226519869352204751e+03
6.477342047930283115e+02 1.226419389978213530e+03
6.477270240700219119e+02 1.226346827133479110e+03
6.481853281853282169e+02 1.226404302261445082e+03
6.488059048660470580e+02 1.226381082558775233e+03
6.496193088315962996e+02 1.227232583653318670e+03
6.506950354609929263e+02 1.227518276050190934e+03
6.519340599455040319e+02 1.228452861035422302e+03
6.542230176211453454e+02 1.229286894273127700e+03
6.570697934115019052e+02 1.230258514796203144e+03
6.597696132596685175e+02 1.230804419889502697e+03
6.618649093904448364e+02 1.231376716090060427e+03
6.641426183844010893e+02 1.232225069637883053e+03
