6.514859625668449326e+02 1.237350267379679053e+03
6.516576338400528812e+02 1.236726371447455449e+03
6.519722033898304971e+02 1.237803389830508422e+03
6.522422360248447148e+02 1.238233954451345653e+03
6.524328974535443422e+02 1.238114934618031612e+03
6.520838794233289946e+02 1.237219528178243763e+03
6.515775470473718087e+02 1.236966904607397737e+03
6.506178807947019322e+02 1.237464238410595954e+03
6.500928571428571558e+02 1.236887662337662277e+03
6.494425064599482766e+02 1.236795865633074982e+03
6.491504539559014120e+02 1.237093385214007867e+03
6.490164473684210407e+02 1.237437500000000000e+03
6.489348993288590464e+02 1.237515436241610814e+03
6.496368455931079779e+02 1.236762094102054334e+03
6.505077860528097062e+02 1.236138117806364335e+03
6.514983649444080811e+02 1.234325703073904606e+03
6.533035248041775276e+02 1.233796344647519618e+03
6.542134071340713035e+02 1.231543050430504309e+03
6.546884833228446041e+02 1.231570169918187503e+03
6.548987905792488391e+02 1.231182686187142053e+03
6.549885204081632537e+02 1.231144770408163367e+03
6.539987775061124466e+02 1.229500000000000000e+03
6.514055690072639209e+02 1.229354116222760240e+03
6.499210526315789593e+02 1.230598531211750242e+03
6.488247944339026390e+02 1.232044908285894962e+03
6.476904458598726251e+02 1.233428025477707024e+03
6.469783748361729749e+02 1.234756225425950106e+03
6.463335459183673493e+02 1.234380102040816382e+03
6.457800261096605254e+02 1.236353133159268964e+03
6.455728155339805880e+02 1.236730744336569614e+03
6.451433182698515338e+02 1.237240154938670003e+03
6.450692108667528828e+02 1.238014230271668794e+03
6.453012524719841849e+02 1.238481872116018394e+03
6.458654353562005781e+02 1.238781662269129356e+03
6.472111416781292519e+02 1.240171251719394832e+03
6.480211640211640542e+02 1.238650793650793730e+03
6.496281879194631301e+02 1.239292617449664476e+03
6.509692513368984237e+02 1.238863636363636260e+03
6.525292164674634705e+02 1.238346613545816808e+03
6.539562913907284383e+02 1.238200000000000045e+03
6.548120634920635439e+02 1.236430476190476156e+03
6.555242290748898313e+02 1.236113278791692892e+03
6.556478426395939323e+02 1.235863578680203091e+03
6.556124523506988453e+02 1.235864040660736919e+03
6.556028833551769139e+02 1.236963302752293657e+03
6.552105263157894797e+02 1.236514619883040950e+03
6.545666666666667197e+02 1.236046153846153857e+03
6.544954604409857666e+02 1.236603761348897478e+03
6.545163185378589787e+02 1.236646214099216650e+03
6.542916934964584925e+02 1.235730843528654304e+03
6.541386768447837312e+02 1.235311704834605507e+03
6.540418516169943359e+02 1.235309448319594139e+03
6.539826478149100240e+02 1.235738431876606683e+03
6.537798861480075630e+02 1.235557874762808297e+03
6.537040358744394553e+02 1.236189622037155686e+03
6.536422660725652349e+02 1.236127943984723061e+03
6.535221642764015542e+02 1.236616036505866987e+03
6.529100191448627584e+02 1.235951499680918914e+03
6.529454191033138386e+02 1.236168291098115560e+03
6.528802356020942170e+02 1.236254581151832554e+03
6.525975609756097811e+02 1.235836328626444129e+03
6.524417413572342639e+02 1.235950704225352183e+03
6.524006535947712564e+02 1.236069281045751723e+03
6.523929521276595551e+02 1.236746675531914889e+03
6.521144937127729690e+02 1.236356055592322946e+03
6.521817572099262179e+02 1.236659289067739792e+03
6.526076817558299581e+02 1.236901920438957404e+03
6.535221914008321846e+02 1.236771151178918217e+03
6.540107889413351359e+02 1.235680377612946813e+03
6.546585526315789139e+02 1.235224342105263077e+03
6.554432258064516645e+02 1.234243225806451619e+03
6.563120204603580987e+02 1.234163682864450038e+03
6.567488464073829846e+02 1.235591298615688856e+03
6.569632731958762406e+02 1.234981958762886507e+03
6.565552109181141986e+02 1.234535359801488767e+03
6.559667306461932412e+02 1.236103646833013499e+03
6.546001296176279993e+02 1.237091380427738159e+03
6.534833659491193885e+02 1.238005870841487194e+03
6.525685111989459983e+02 1.238648880105401759e+03
6.519398692810457305e+02 1.239144444444444389e+03
6.516252518468770631e+02 1.240200134318334449e+03
6.522866666666666333e+02 1.239934666666666772e+03
6.541161377447670020e+02 1.240381498987170744e+03
6.557747368421053125e+02 1.240877192982456108e+03
6.571491712707182842e+02 1.240050414364640801e+03
6.596495489243581005e+02 1.239494101318528692e+03
6.617859060402684008e+02 1.237764429530201369e+03
6.638382550335570613e+02 1.237153691275167830e+03
6.656691078561917720e+02 1.235412117177097116e+03
6.672246278755073945e+02 1.235207713125845657e+03
6.686622516556291203e+02 1.233976158940397454e+03
6.700786360473208561e+02 1.234759220598469028e+03
6.706536164565361560e+02 1.232939615129396088e+03
6.710164907651715112e+02 1.232226253298153097e+03
6.709493506493506629e+02 1.231711038961038867e+03
6.705625806451613471e+02 1.231418709677419429e+03
6.695575447570332699e+02 1.231160485933503878e+03
6.684573055028463386e+02 1.231340290955091632e+03
6.671555104800540903e+02 1.232958079783637686e+03
6.660143737166324627e+02 1.234126625598904866e+03
6.647995965030262369e+02 1.233966375252185571e+03
6.638269484808454308e+02 1.233577278731836259e+03
6.637505016722408300e+02 1.234557859531772465e+03
6.635648702594810402e+02 1.234525615435795089e+03
6.636292517006802427e+02 1.235655782312925112e+03
6.635476510067113622e+02 1.235041610738255031e+03
6.638929292929292387e+02 1.235278114478114503e+03
6.640568942436411817e+02 1.234439089692101788e+03
6.640790697674418652e+02 1.234421262458471801e+03
6.643348899266177341e+02 1.234604402935290182e+03
6.646712517193947178e+02 1.235929160935350865e+03
6.646720430107526454e+02 1.235368279569892366e+03
6.646167785234899839e+02 1.235568456375838878e+03
6.645292929292929784e+02 1.235594612794612885e+03
6.645582168995342727e+02 1.235628077178975445e+03
6.644286657859973957e+02 1.235142007926023780e+03
6.646290760869565020e+02 1.236399456521739239e+03
6.645810276679842445e+02 1.235477602108036990e+03
6.645911784068466659e+02 1.235693219223173173e+03
6.644140826873384640e+02 1.234974806201550336e+03
6.647614678899082037e+02 1.235691349934469145e+03
6.651105331599479769e+02 1.235594278283484982e+03
6.648398154251813139e+02 1.236198417930125288e+03
6.652249322493224781e+02 1.237203929539295359e+03
6.653544048419637420e+02 1.237074646940147886e+03
6.654112525117213863e+02 1.237261888814467511e+03
6.650136054421768677e+02 1.238160544217687175e+03
6.647129120879120592e+02 1.238755494505494426e+03
6.640088016249153497e+02 1.238740690589031828e+03
6.633802910052910420e+02 1.237846560846560806e+03
6.624262406526172526e+02 1.238605030591434343e+03
6.612759999999999536e+02 1.238130666666666684e+03
6.606863699582753497e+02 1.238968706536856644e+03
6.601118690313778643e+02 1.238732605729877150e+03
6.605222614840989763e+02 1.239207067137809190e+03
6.612772277227722952e+02 1.239060113154172541e+03
6.626919945725916250e+02 1.237057666214382607e+03
6.642226640159045701e+02 1.235287607687210084e+03
6.657877770315648149e+02 1.235564137004701251e+03
6.680553679945982140e+02 1.234960162052667101e+03
6.699017916390179153e+02 1.234132050431320522e+03
6.706470588235293917e+02 1.233133333333333439e+03
6.705019035532994849e+02 1.232182741116751231e+03
6.704971061093247044e+02 1.232753697749196135e+03
6.700716677829872197e+02 1.234373074346952535e+03
6.678125416944629933e+02 1.234412941961307524e+03
6.636738987508218770e+02 1.234992767915844752e+03
6.615631578947368325e+02 1.235945394736842218e+03
6.603032952252858649e+02 1.237644922663080024e+03
6.586348993288590918e+02 1.237822147651006617e+03
6.572303110522832412e+02 1.238253474520185364e+03
6.560815627141878394e+02 1.239976696367374871e+03
6.551138581652569428e+02 1.238579050097592699e+03
6.545653047555257444e+02 1.239994641661085097e+03
6.547286219081272520e+02 1.241879151943462830e+03
6.550873180873180672e+02 1.240881496881496787e+03
6.565519713261649031e+02 1.241773476702509015e+03
6.577125956854557671e+02 1.240630480167014639e+03
6.589685314685315234e+02 1.240567832167832194e+03
6.599872994652406533e+02 1.238526737967914414e+03
6.609613297150610833e+02 1.238911804613297136e+03
6.619098976109214618e+02 1.238934470989761166e+03
6.628586810228802051e+02 1.238080753701211279e+03
6.634724091520861293e+02 1.237808209959623127e+03
6.634969818913481276e+02 1.237688128772635764e+03
6.632539893617021107e+02 1.237060505319148888e+03
6.633120849933599175e+02 1.236777556440903027e+03
6.629863547758284312e+02 1.236266406757634741e+03
6.627707090788601363e+02 1.236573227302849546e+03
6.627745163442294825e+02 1.237060707138092084e+03
6.626090969017798216e+02 1.236424522083058719e+03
6.624825313117995620e+02 1.236073829927488532e+03
6.626587677725118510e+02 1.236834800270819187e+03
6.625756358768406926e+02 1.236208165997322567e+03
6.627538668459986866e+02 1.236513786146603934e+03
6.625414965986394691e+02 1.236082312925170072e+03
6.623004005340453659e+02 1.235393190921228324e+03
6.621260162601626007e+02 1.236153794037940315e+03
6.618056300268096948e+02 1.235271447721179584e+03
6.615490326884589649e+02 1.235118078719146069e+03
6.614189008042895921e+02 1.235006032171581865e+03
6.612534745201853639e+02 1.234410986101919207e+03
6.612450331125827461e+02 1.234324503311258241e+03
6.610006648936169995e+02 1.235154255319148888e+03
6.607897227856659583e+02 1.235611899932386677e+03
6.605351742274818889e+02 1.234394477317554220e+03
6.607806191117092567e+02 1.235177658142664768e+03
6.608537576167907446e+02 1.235113744075829345e+03
6.610026972353338124e+02 1.234834794335805782e+03
6.620971547536432809e+02 1.235635669673837583e+03
6.632446440912232219e+02 1.235324118866620665e+03
6.638212328767123154e+02 1.235099315068493070e+03
6.643494141971054887e+02 1.234888352860096575e+03
6.644923822714681592e+02 1.235045706371191045e+03
6.638697916666666288e+02 1.233706380208333258e+03
6.628840000000000146e+02 1.235138666666666722e+03
6.612878590078329353e+02 1.234977154046997384e+03
6.597713704206241800e+02 1.236685888738127460e+03
6.577241379310345337e+02 1.238127586206896467e+03
6.556326935804103186e+02 1.237316346790205216e+03
6.539822525597269305e+02 1.239236860068259375e+03
6.528782312925170572e+02 1.239944897959183663e+03
6.520762032085561941e+02 1.239439171122994594e+03
6.520188425302826545e+02 1.239740242261103731e+03
6.534736111111111541e+02 1.240397222222222126e+03
6.550662525879916984e+02 1.239850241545893823e+03
6.563684913217623489e+02 1.237963284379172137e+03
6.576143057503505815e+02 1.239021739130434753e+03
6.582444143534190744e+02 1.237150981719702031e+03
6.589850340136054001e+02 1.236738775510204050e+03
6.594841370558375502e+02 1.233598350253807212e+03
6.602918054630246161e+02 1.234647568287808099e+03
6.605683646112601082e+02 1.234201742627345766e+03
6.608167435728411192e+02 1.233350032959789132e+03
6.607349081364828862e+02 1.233198818897637693e+03
6.601644012944983615e+02 1.232119741100323608e+03
6.589278752436647437e+02 1.232153996101364555e+03
6.575786833855798932e+02 1.231468338557993775e+03
6.564147952443856866e+02 1.232989431968296003e+03
6.546412113232389629e+02 1.233689927583936878e+03
6.528397144711226474e+02 1.233556132381570478e+03
6.516470588235293917e+02 1.234714474553866467e+03
6.501651193633952062e+02 1.235160477453580825e+03
6.492339297548045352e+02 1.235398277004638885e+03
6.488149394347241241e+02 1.235763122476446824e+03
6.487636731937880086e+02 1.236482106684672544e+03
6.487211021505376038e+02 1.236254704301075208e+03
6.489052701801200556e+02 1.236064709806537621e+03
6.495178211163416790e+02 1.236346334902488252e+03
6.499326988443235678e+02 1.237000000000000000e+03
6.501220968812209549e+02 1.236721964167219539e+03
6.498987012987013259e+02 1.235932467532467626e+03
6.499472312703583157e+02 1.235935504885993396e+03
6.502892451569806553e+02 1.236758183032732177e+03
6.505219150370869556e+02 1.237076871207012800e+03
6.507618083670715805e+02 1.237090418353576297e+03
6.511579643093192544e+02 1.236437541308658183e+03
6.516844626967830436e+02 1.237789185489390775e+03
6.516796823295831018e+02 1.236975512905360802e+03
6.521364864864864330e+02 1.237325000000000045e+03
6.524556878306877934e+02 1.236879629629629562e+03
6.525751503006011944e+02 1.237378089512357974e+03
6.524638709677419683e+02 1.236049032258064472e+03
6.528021178027796623e+02 1.236692256783587027e+03
6.533139223560909841e+02 1.237038152610441784e+03
6.535226198514517364e+02 1.237414584740040482e+03
6.537860434496378730e+02 1.236663594470046064e+03
6.540614266842800362e+02 1.236558784676353980e+03
6.539082802547770825e+02 1.235807006369426745e+03
6.533420724094881962e+02 1.235867041198501965e+03
6.523237731038877882e+02 1.236063097514340370e+03
6.516965699208443539e+02 1.237539577836411581e+03
6.507885117493472080e+02 1.237192558746736267e+03
6.502300066093853275e+02 1.237482485128883127e+03
6.501052989130434980e+02 1.238358695652173992e+03
6.501545150501672197e+02 1.237329765886287532e+03
6.507307180851063322e+02 1.236139627659574444e+03
6.516330749354004865e+02 1.234583979328165469e+03
6.530827858081471504e+02 1.234542706964520448e+03
6.546117496807152065e+02 1.233346743295019223e+03
6.555987499999999955e+02 1.231822499999999991e+03
6.558942675159236160e+02 1.231325477707006257e+03
6.560899371069182280e+02 1.230971698113207594e+03
6.557028676021964202e+02 1.229410006101281169e+03
6.546340713407133762e+02 1.229881918819188286e+03
6.524878957169460136e+02 1.230618249534450570e+03
6.509835443037974301e+02 1.231316455696202638e+03
6.494781538461538730e+02 1.230834461538461483e+03
6.485928525845564536e+02 1.233168474792597408e+03
6.477733419188666630e+02 1.234092079845460376e+03
6.470657726692209053e+02 1.234662196679438011e+03
6.465498034076015301e+02 1.236603538663171776e+03
6.457788713910761089e+02 1.237084645669291376e+03
6.453510638297872219e+02 1.238265292553191557e+03
6.448672279792746167e+02 1.238227979274611471e+03
6.450688042752170759e+02 1.239287909151636541e+03
6.454983050847457662e+02 1.239844745762711909e+03
6.464418132611637020e+02 1.240101488497970195e+03
6.474358452138492339e+02 1.240071283095722947e+03
6.486807065217391255e+02 1.239966032608695741e+03
6.503082145281738349e+02 1.239757637474541752e+03
6.518326585695007225e+02 1.239467611336032405e+03
6.534426877470356203e+02 1.237872859025032994e+03
6.545313977042538909e+02 1.238582039162727824e+03
6.548462033462033105e+02 1.236595881595881565e+03
6.552473544973545359e+02 1.236896164021163941e+03
6.552807017543859729e+02 1.236403508771929864e+03
6.551008458035133799e+02 1.236719583604424315e+03
6.546840390879478946e+02 1.236317915309446335e+03
6.544014745308311376e+02 1.237205093833780211e+03
6.541523619427811127e+02 1.237159015302727767e+03
6.538241610738255076e+02 1.237377852348993201e+03
