6.617988857938718184e+02 1.229283565459609918e+03
6.610149584487534185e+02 1.229251523545706277e+03
6.605674778761061816e+02 1.228799778761062043e+03
6.598180309734513003e+02 1.228458517699114964e+03
6.588002207505518300e+02 1.228359823399558536e+03
6.576613436123348038e+02 1.228335352422907590e+03
6.558530227398779289e+02 1.228525790349417548e+03
6.540189204229270672e+02 1.228532554257095171e+03
6.530038997214484198e+02 1.228253481894150354e+03
6.530953708867818932e+02 1.228255995538204161e+03
6.528691070438159159e+02 1.228423183582917318e+03
6.526313186813187031e+02 1.228218681318681320e+03
6.523660418963615939e+02 1.228298235942668043e+03
6.519767827529021815e+02 1.228688225538971892e+03
6.510162101732811379e+02 1.229175517048630581e+03
6.499395973154362309e+02 1.229285234899328771e+03
6.493654485049834193e+02 1.229417497231450625e+03
6.493636363636363740e+02 1.229423503325942420e+03
6.492455357142856656e+02 1.229460379464285779e+03
6.499283314669652327e+02 1.229725083986562140e+03
6.507809894385769667e+02 1.229690939410783812e+03
6.511588366890380257e+02 1.229396532438478744e+03
6.509230769230769056e+02 1.229355838406198018e+03
6.510601671309192398e+02 1.229433983286908187e+03
6.521621621621621898e+02 1.229085022522522422e+03
6.527058823529412166e+02 1.229028571428571468e+03
6.529938236945536119e+02 1.228980909601347548e+03
6.534511991076408322e+02 1.228483547127718793e+03
6.542299107142856656e+02 1.228545200892857110e+03
6.557271205357143344e+02 1.229064174107142890e+03
6.580195749440715645e+02 1.228453579418344589e+03
6.596213646532438588e+02 1.228765100671140999e+03
6.604327030033369965e+02 1.229022803114571843e+03
6.607167597765362643e+02 1.229117877094972073e+03
6.615094866071428896e+02 1.229248325892857110e+03
6.622319819819820168e+02 1.229621058558558616e+03
6.630480446927374487e+02 1.229375418994413394e+03
6.641258426966292063e+02 1.229602808988764082e+03
6.649413735343383678e+02 1.229917364600781639e+03
6.655909859154929791e+02 1.230230985915492965e+03
6.661718036529680376e+02 1.230324771689497766e+03
6.665158192090395914e+02 1.229980790960451941e+03
6.652601351351351013e+02 1.229775337837837924e+03
6.635335570469799222e+02 1.229819910514541334e+03
6.621668539325842175e+02 1.229782022471910068e+03
6.607831190609279020e+02 1.229808831749580804e+03
6.601422991071428896e+02 1.229881696428571331e+03
6.594563758389261920e+02 1.229810961968679976e+03
6.584974986103391075e+02 1.229886047804335703e+03
6.579349276974415943e+02 1.229402669632925381e+03
6.572834733893557768e+02 1.229201680672268822e+03
6.561745942921096457e+02 1.229342473419138287e+03
6.548148760330578853e+02 1.228955371900826549e+03
6.534919489172681324e+02 1.228611327040533070e+03
6.513511407902059318e+02 1.229021702838063447e+03
6.507806236080177769e+02 1.228484966592427554e+03
