6.631445983379501286e+02 1.226669806094182832e+03
6.590388951521983927e+02 1.226367531003382283e+03
6.528991130820398894e+02 1.227181818181818244e+03
6.474134509371554032e+02 1.228359977949283348e+03
6.442906784335356178e+02 1.229448979591836633e+03
6.437109890109890102e+02 1.230272527472527372e+03
6.457458563535911935e+02 1.230464088397789965e+03
6.492486064659977956e+02 1.230243589743589837e+03
6.533023902167871029e+02 1.229451361867704236e+03
6.580674536256324245e+02 1.229085441259134313e+03
6.627215401785714448e+02 1.228724330357142890e+03
6.665459098497495916e+02 1.228629382303839748e+03
6.697706371191135304e+02 1.228370083102493027e+03
6.713911335578002308e+02 1.228751964085297459e+03
6.706696279844530864e+02 1.228508051082731754e+03
6.655406320541760579e+02 1.229217832957110659e+03
6.536974047487575490e+02 1.230326339039204868e+03
6.495987858719646511e+02 1.231114238410596045e+03
6.482413981430912600e+02 1.230876024030584404e+03
6.493322332233223051e+02 1.230823982398239878e+03
6.519240223463687016e+02 1.230643575418994487e+03
6.552675585284281397e+02 1.230371794871794918e+03
6.574988938053097627e+02 1.229543694690265511e+03
6.597440310938367247e+02 1.228747917823431408e+03
6.614118303571428896e+02 1.228313058035714221e+03
6.619146205357143344e+02 1.227695870535714221e+03
6.615248742314141737e+02 1.227454443823364954e+03
6.581460353679407262e+02 1.227377638334284029e+03
6.525453521126760279e+02 1.228136338028169121e+03
6.464550499445060723e+02 1.228624861265260733e+03
6.433668314113124325e+02 1.229618890719385035e+03
6.445710306406684822e+02 1.230925905292479001e+03
