6.514596633778293153e+02 1.231719674985490428e+03
6.488920160827110521e+02 1.231964388282596246e+03
6.466083429895712698e+02 1.232464078794901525e+03
6.446205694363742396e+02 1.233521208599651345e+03
6.429953810623557047e+02 1.234281755196304857e+03
6.421682940838599052e+02 1.234431361286616948e+03
6.415875576036866050e+02 1.234541474654377907e+03
6.415285961871750260e+02 1.234721548238012701e+03
6.414412955465586492e+02 1.234418160786581893e+03
6.415507835171213173e+02 1.234045850261172291e+03
6.418395133256083227e+02 1.233502896871378880e+03
6.429837681159419844e+02 1.232760579710144839e+03
6.446378910776361408e+02 1.232371958285052187e+03
6.461657043879907860e+02 1.231762124711316346e+03
6.471839953271028207e+02 1.231475467289719518e+03
6.470592678675188836e+02 1.231556072051133015e+03
6.462087209302325164e+02 1.231691860465116179e+03
6.456302472685451903e+02 1.231726279470960435e+03
6.452408589669181538e+02 1.232628554846198540e+03
6.448938869665513494e+02 1.233236447520184583e+03
6.448190808609656415e+02 1.233739383362420085e+03
6.449877906976744271e+02 1.234173837209302292e+03
6.464563835932987104e+02 1.234143269786250812e+03
6.472179190751445503e+02 1.234036994219653252e+03
6.472619047619048160e+02 1.233548199767712049e+03
6.477405281285878118e+02 1.232780137772675062e+03
6.486682080924855427e+02 1.232290173410404577e+03
6.496439306358381600e+02 1.231799999999999955e+03
6.513745603751465296e+02 1.231539859320046844e+03
6.529338319907940331e+02 1.230731300345224327e+03
6.545081585081585445e+02 1.230822843822843879e+03
6.555086906141367535e+02 1.230394553881807724e+03
6.555831381733021317e+02 1.230670374707259953e+03
6.554889148191365393e+02 1.231126604434072306e+03
6.546149358226371078e+02 1.231402567094515689e+03
6.541678281068525393e+02 1.231455865272938354e+03
6.537534722222221717e+02 1.231307291666666742e+03
6.535517042172155016e+02 1.231275563258232296e+03
6.527433371958285306e+02 1.231283314020857460e+03
6.510862268518518476e+02 1.230778356481481524e+03
6.497906574394463632e+02 1.231022491349481015e+03
6.496478060046189285e+02 1.231264434180138551e+03
6.497527504342790508e+02 1.231174869716270905e+03
6.512472431804991402e+02 1.231310504933255970e+03
6.527879140034863212e+02 1.231259151656013955e+03
6.548774538964902376e+02 1.231625817965496708e+03
6.571860047846889756e+02 1.231190191387559707e+03
6.585878220140515396e+02 1.230487119437939100e+03
6.595365710942071473e+02 1.230465769455822056e+03
6.596631701631702072e+02 1.229815268065268128e+03
6.598104838709676869e+02 1.229587557603686719e+03
6.595582072176949850e+02 1.229484866123399343e+03
6.590562645011600580e+02 1.229930394431554532e+03
6.576985337243402228e+02 1.230424046920821183e+03
6.558652606912712599e+02 1.230637375512595099e+03
6.538063953488372135e+02 1.231286046511628001e+03
6.518651946542707947e+02 1.231679256246368368e+03
6.499288606130711514e+02 1.232280508964719502e+03
6.487006444053895393e+02 1.233073813708260104e+03
6.486735052754982007e+02 1.233050410316529906e+03
6.497570686670513851e+02 1.232242354298903592e+03
6.520087006960557119e+02 1.231747099767981354e+03
6.535280833815866117e+02 1.231354371742906778e+03
6.547095265926359389e+02 1.231094097019286892e+03
6.559235705950991360e+02 1.230518086347724648e+03
6.572653890824622067e+02 1.230524390243902417e+03
6.584702139965297647e+02 1.229635049161365032e+03
6.595181286549707238e+02 1.229696491228070272e+03
6.602660388463801837e+02 1.230221306650971201e+03
6.605565319273579235e+02 1.230582893966022311e+03
6.605575900767868234e+02 1.231751919669226254e+03
6.602328288707799402e+02 1.232584982537834776e+03
6.598426900584795476e+02 1.233769005847953167e+03
6.592971561230411908e+02 1.234525246662797372e+03
6.592113772455089702e+02 1.236035329341317265e+03
6.595612185120094182e+02 1.235343878148799149e+03
6.602373380447585305e+02 1.235436395759717243e+03
6.611361225692398875e+02 1.234809074837949311e+03
6.617368112543962297e+02 1.233784876905041074e+03
6.621289579735175721e+02 1.232363845710995975e+03
6.621145348837209212e+02 1.231686046511627865e+03
6.618096623981373341e+02 1.231626309662398171e+03
6.615432098765431874e+02 1.231395061728395149e+03
6.613700648202710681e+02 1.231134354743665199e+03
6.616925774400934870e+02 1.231689070718877929e+03
6.620005827505827938e+02 1.232213286713286607e+03
6.619121582315299293e+02 1.232630017452006996e+03
6.609456585942114089e+02 1.233417601890135757e+03
6.602187318208260649e+02 1.233773123909249534e+03
6.595776869158878526e+02 1.234049065420560737e+03
6.591071428571428896e+02 1.233767564402810194e+03
6.589511627906977083e+02 1.233640697674418561e+03
6.587726485862665413e+02 1.233351413733410254e+03
6.587186774941994827e+02 1.233378190255220488e+03
6.587491207502930592e+02 1.233230949589683405e+03
6.589812974868498259e+02 1.233368790181180657e+03
6.591753057658706894e+02 1.233023878858474063e+03
6.599443793911007106e+02 1.233437939110070147e+03
6.610444444444444798e+02 1.232971345029239728e+03
6.623186877562975496e+02 1.232677211482132407e+03
6.635887905604719208e+02 1.232227138643067747e+03
6.646827830188678945e+02 1.231738207547169850e+03
6.653694493783303869e+02 1.231365896980461912e+03
6.655088028169013796e+02 1.230755868544600844e+03
6.647901811805961643e+02 1.230732320280537806e+03
6.637359484777517764e+02 1.230789812646369910e+03
6.620005813953488314e+02 1.231320930232558112e+03
6.607620429483458793e+02 1.231650029019152726e+03
6.599011052937754584e+02 1.232344968004653765e+03
6.589633720930232812e+02 1.232724999999999909e+03
6.582507392075694952e+02 1.233568894145475952e+03
6.578968951376684799e+02 1.233455770357352094e+03
6.580618010594466796e+02 1.233181871689228956e+03
6.592608944954127992e+02 1.232185206422018382e+03
6.612777777777778283e+02 1.231662573099415113e+03
6.637593457943925159e+02 1.230575350467289809e+03
6.656175953079178953e+02 1.230028152492668596e+03
6.669988310929280715e+02 1.229814143775569846e+03
6.682721928277484267e+02 1.229801881246325593e+03
6.689811542991755005e+02 1.229803297997644222e+03
6.693698224852071235e+02 1.229851479289940926e+03
6.691838407494145713e+02 1.229915690866510431e+03
6.684550792718731600e+02 1.230586024662360614e+03
6.677701283547257844e+02 1.231011668611435198e+03
6.666709376820034549e+02 1.231993593476994647e+03
6.654536928487690375e+02 1.232914419695193374e+03
6.644709677419355103e+02 1.233695014662756648e+03
6.640722189866045255e+02 1.234121141525917210e+03
6.636596858638743015e+02 1.233853984874927392e+03
6.624225768321513215e+02 1.233366430260047309e+03
6.614991284137129242e+02 1.232100522951772291e+03
6.615436950146627169e+02 1.230956011730205319e+03
6.619241540256709868e+02 1.229775379229871533e+03
6.619825682742591653e+02 1.228966298663567613e+03
6.619890616004605590e+02 1.228710420264824506e+03
6.614561915887850319e+02 1.229903621495327116e+03
6.610415224913494967e+02 1.230423875432525847e+03
6.606528258362168344e+02 1.231682814302191446e+03
6.599205069124424199e+02 1.232516129032258050e+03
6.588912543153049910e+02 1.233444188722669651e+03
6.581345265588914799e+02 1.234013279445727449e+03
6.578197375926981749e+02 1.233658300057045153e+03
6.575614541257933752e+02 1.233505481823427544e+03
6.567666088965916060e+02 1.232900635470826046e+03
6.559473988439306140e+02 1.232700578034682167e+03
6.556942675159235705e+02 1.232502605674580309e+03
6.556129959746981513e+02 1.232221966647498675e+03
6.555903058280438245e+02 1.232226774379688322e+03
6.559080325960419486e+02 1.232327124563445977e+03
6.564976717112922415e+02 1.232081490104772911e+03
6.571836734693877133e+02 1.232367930029154422e+03
6.577587209302325846e+02 1.232141279069767506e+03
6.582331575864088791e+02 1.232109548916227368e+03
6.586151603498542499e+02 1.232195335276967853e+03
6.585515222482436002e+02 1.232078454332552610e+03
6.585336060783167795e+02 1.231977790765634154e+03
6.582209369577790312e+02 1.232224985540774924e+03
6.577209302325580893e+02 1.232555813953488268e+03
6.567937062937063502e+02 1.232941142191142262e+03
6.551258008153756691e+02 1.233545136866627900e+03
6.545404775771694403e+02 1.233696563774024526e+03
6.538578886310905318e+02 1.233889211136890935e+03
6.529867128827266924e+02 1.234143269786250812e+03
6.525331030512377311e+02 1.233888888888888914e+03
6.529827784156142343e+02 1.233230769230769283e+03
6.545510688836104691e+02 1.233909144893111716e+03
6.565220718069452914e+02 1.232882283696292006e+03
6.584200236966825059e+02 1.232486966824644469e+03
6.601021251475797271e+02 1.231839433293978800e+03
6.608778173190984262e+02 1.231834519572953695e+03
6.615097806757557919e+02 1.231501481920568949e+03
6.618621509209745000e+02 1.231358882947118218e+03
6.617454114860864820e+02 1.231339846062759079e+03
6.611555944055944565e+02 1.231611305361305313e+03
6.600642733063115202e+02 1.231713954834973947e+03
6.588699941961695004e+02 1.232652930934416645e+03
6.570421792618628842e+02 1.232967779730521443e+03
6.553973083674663940e+02 1.232980105324751321e+03
6.540805523590333905e+02 1.233300345224395869e+03
6.536651243493348602e+02 1.233108733371891276e+03
6.536344827586207202e+02 1.232400000000000091e+03
6.538383371824480719e+02 1.231692263279445797e+03
6.544019778941244567e+02 1.231335078534031481e+03
6.548215116279069434e+02 1.229964534883720944e+03
6.553991817650496614e+02 1.229234950321449332e+03
6.554018691588785259e+02 1.228796144859813012e+03
6.548909299655567793e+02 1.228716417910447717e+03
6.542629161882892959e+02 1.228935132032147067e+03
6.544040579710144812e+02 1.229483478260869560e+03
6.549776760160274307e+02 1.230073268460217605e+03
6.550886727688787232e+02 1.230201945080091491e+03
6.546463768115942230e+02 1.231288695652173828e+03
6.537740998838560245e+02 1.231361788617886077e+03
6.525876528829353447e+02 1.231364006988934079e+03
6.516858638743455003e+02 1.231192553810354866e+03
6.514669783752191279e+02 1.230923436586791240e+03
6.512101616628175407e+02 1.230237297921478103e+03
6.513148148148147811e+02 1.229998263888888914e+03
6.519745075318655836e+02 1.229794901506373208e+03
6.527868852459016580e+02 1.229680913348946206e+03
6.534064327485380090e+02 1.229790058479532263e+03
6.536119929453262785e+02 1.229891240446796019e+03
6.538189158016147076e+02 1.230051903114186871e+03
6.542616009280742446e+02 1.230369489559164776e+03
6.550518345952242498e+02 1.230534653465346537e+03
6.552985507246377210e+02 1.230513623188405745e+03
6.553599530240751392e+02 1.231125660598943114e+03
6.551852497096399475e+02 1.231348432055749072e+03
6.546714285714285779e+02 1.231033714285714268e+03
6.537000579038796104e+02 1.231222929936305718e+03
6.518177623990773100e+02 1.231269896193771729e+03
6.500815500289184001e+02 1.231552920763446991e+03
6.489631972397929758e+02 1.231845888441633178e+03
6.486067544361762884e+02 1.232096737263880868e+03
6.483908511870295115e+02 1.232375796178343990e+03
6.479268571428571022e+02 1.232204571428571398e+03
6.474752018454440758e+02 1.232391580161476440e+03
6.469700288184437795e+02 1.232768876080691598e+03
6.476364692218351138e+02 1.232480836236933783e+03
6.489172976121141119e+02 1.232616773442050089e+03
6.503125364431487014e+02 1.231955685131195423e+03
6.513333333333333712e+02 1.231481871345029276e+03
6.524656891495601485e+02 1.231336656891495522e+03
6.526699882766705514e+02 1.231501172332942588e+03
6.522668227033352650e+02 1.231607372732592239e+03
6.505164075993091046e+02 1.231796776050662174e+03
6.486719727117680350e+02 1.232037521318931113e+03
6.468704241719930224e+02 1.233608948285880388e+03
6.455183246073298733e+02 1.233931937172774951e+03
6.443791079812206135e+02 1.234641431924882681e+03
6.434939411425274329e+02 1.234714945181765643e+03
6.425176198729058115e+02 1.234799537839399136e+03
6.417523148148147811e+02 1.234654513888888914e+03
6.414566103669189943e+02 1.234453115899825207e+03
6.412459954233410144e+02 1.233959382151029786e+03
6.415684210526316065e+02 1.233799415204678326e+03
6.425534665099881977e+02 1.233136310223266719e+03
6.438541912632821322e+02 1.233073199527744919e+03
6.449988262910798085e+02 1.232666079812206590e+03
6.452057444314185659e+02 1.232365767878077349e+03
6.445834305717619372e+02 1.232420653442240337e+03
6.437430069930070431e+02 1.232722027972027945e+03
6.433860357761108162e+02 1.232688978649740420e+03
6.433113532110091910e+02 1.233150802752293657e+03
6.435900293255132283e+02 1.233916129032258141e+03
6.447069575471698499e+02 1.234302476415094361e+03
6.464868651488616251e+02 1.234176298890834687e+03
6.479976635514018426e+02 1.234003504672897179e+03
6.489155733029092517e+02 1.232937820878493994e+03
6.487244779582366618e+02 1.233356728538283051e+03
6.493439490445859974e+02 1.232547191661841453e+03
6.496231213872832768e+02 1.231949710982658871e+03
6.503844380403457990e+02 1.231274927953890483e+03
6.512530399536768755e+02 1.231302837290098523e+03
6.518069164265129984e+02 1.231140057636887605e+03
6.523644264194670086e+02 1.231287369640788029e+03
6.525565873476494971e+02 1.231340104468949448e+03
6.526264302059496458e+02 1.231376430205949646e+03
6.521810888252149425e+02 1.231428080229226453e+03
6.520401606425702994e+02 1.231462421113023538e+03
6.521836616454229443e+02 1.231402665121668633e+03
6.526092485549132789e+02 1.231299421965317833e+03
6.528482558139535286e+02 1.231270930232558158e+03
6.524008168028004775e+02 1.231393232205367667e+03
6.508628704241720015e+02 1.231193492155723334e+03
6.503747831116252200e+02 1.231061307113938710e+03
6.503753598157743454e+02 1.230904432930339681e+03
6.504551764025447937e+02 1.231284557547715394e+03
6.513191244239631033e+02 1.231615207373271915e+03
6.536764705882352473e+02 1.231303344867358646e+03
