6.550924369747899618e+02 1.230222408963585394e+03
6.556266741071428896e+02 1.230368861607142890e+03
6.564849498327758965e+02 1.230270345596432662e+03
6.566899268429938274e+02 1.229980866629150341e+03
6.574508606329816303e+02 1.229446973903387061e+03
6.583566629339305791e+02 1.229549832026875720e+03
6.587727272727272521e+02 1.229199775533108777e+03
6.588405390230208241e+02 1.229177989893318454e+03
6.592356580427446033e+02 1.229048931383577155e+03
6.602977401129943473e+02 1.228972881355932259e+03
6.612912181303115631e+02 1.229014164305948952e+03
6.625698324022346242e+02 1.229455307262569931e+03
6.635898876404494331e+02 1.229274157303370885e+03
6.636687185226636529e+02 1.229439843312814673e+03
6.628848720800889396e+02 1.229868743047831003e+03
6.620654101995565952e+02 1.230002217294900220e+03
6.615814341300722390e+02 1.230268482490272390e+03
6.614397123893804746e+02 1.230210176991150547e+03
6.611675946547884450e+02 1.230255567928730443e+03
6.606453940066592168e+02 1.229821309655937739e+03
6.599564489112227648e+02 1.229637074260189820e+03
6.590593455352191086e+02 1.229421519689406523e+03
6.581560402684564224e+02 1.229319910514541334e+03
6.574347345132742930e+02 1.229113938053097399e+03
6.574557522123893705e+02 1.229176991150442518e+03
6.575553085047248487e+02 1.228664813785436309e+03
6.576596335369239341e+02 1.228897279289283688e+03
6.574891364902506439e+02 1.228938161559888613e+03
6.574810901001112597e+02 1.228863737486095715e+03
6.580314253647586611e+02 1.229308080808080831e+03
6.576932071269487778e+02 1.229226057906458891e+03
6.569793641940881344e+02 1.228896820970440558e+03
6.563846153846153584e+02 1.228491422246817820e+03
6.555640461792193037e+02 1.228544804837822994e+03
6.543454947484798367e+02 1.228395245992260925e+03
6.531662049861496371e+02 1.228307479224376721e+03
6.517563676633444629e+02 1.228106866002214929e+03
6.505872928176795540e+02 1.227888950276243122e+03
6.493560267857143344e+02 1.227621651785714221e+03
6.483676307007785908e+02 1.227733036707452811e+03
6.478706659328563546e+02 1.227673637864611919e+03
6.478718232044199112e+02 1.227691160220994561e+03
6.481594609769791759e+02 1.227864682762492976e+03
6.484487534626039178e+02 1.227740720221606580e+03
6.492818791946308465e+02 1.228217002237136512e+03
6.511875699888017834e+02 1.228313549832026865e+03
6.525883014623171903e+02 1.229014060742407310e+03
6.537627024008933176e+02 1.229195979899497388e+03
6.548922991071428896e+02 1.229248883928571331e+03
6.557249860257127239e+02 1.229358300726662947e+03
6.556722222222222172e+02 1.229511111111111177e+03
6.555680933852139560e+02 1.229735964424680333e+03
6.555374791782343209e+02 1.229700166574125433e+03
6.557474916387959638e+02 1.229556856187291032e+03
6.565382041271611797e+02 1.229262688232013488e+03
6.571632196757965403e+02 1.229421464505310269e+03
6.575761663856098949e+02 1.229145587408656638e+03
6.574208170117515238e+02 1.228822607722439898e+03
6.574545961002785361e+02 1.228971587743732698e+03
6.593344632768361180e+02 1.229210734463276822e+03
