6.740474828375286052e+02 1.229197368421052715e+03
6.735183927560838129e+02 1.229305602716468684e+03
6.725641891891891646e+02 1.229412162162162076e+03
6.718377464788732141e+02 1.229321690140845021e+03
6.708280898876404308e+02 1.229464606741573107e+03
6.702913608130999137e+02 1.229399774138904604e+03
6.699615819209039955e+02 1.229389830508474688e+03
6.698295008412787865e+02 1.229267526640493543e+03
6.698998302207130564e+02 1.229156196943972873e+03
6.702352941176470722e+02 1.229311821816105066e+03
6.706747463359639596e+02 1.229089064261555905e+03
6.714301075268816703e+02 1.229362761743067267e+03
6.719748858447488828e+02 1.229147831050228206e+03
6.720731428571428978e+02 1.229269714285714372e+03
6.720177548682703446e+02 1.229117983963344841e+03
6.710714694110920391e+02 1.228951972555746124e+03
6.700199657729606315e+02 1.229005704506560278e+03
6.689948717948717558e+02 1.228961823361823463e+03
6.686878515185601373e+02 1.228894825646794061e+03
6.681184510250569701e+02 1.228988041002277896e+03
6.673607954545454959e+02 1.229128977272727298e+03
6.666482102908277056e+02 1.229225391498881436e+03
6.665355129650507706e+02 1.229280721533258202e+03
6.669313669880884845e+02 1.229250709018717998e+03
6.673064241046048437e+02 1.229260943718021508e+03
6.673752834467120465e+02 1.229426870748299280e+03
6.673734321550741697e+02 1.229474344355758376e+03
6.676323529411764639e+02 1.229082579185520444e+03
6.676989910313901646e+02 1.229128923766816115e+03
6.676741321388577717e+02 1.229539753639417768e+03
6.669790249433106055e+02 1.229681405895691569e+03
6.647425519955030495e+02 1.230182686902754313e+03
6.622654566080544782e+02 1.230196256381168496e+03
6.603522153673584398e+02 1.230275378575434615e+03
6.589265536723163450e+02 1.230131638418079092e+03
6.582617297908423097e+02 1.229808366308649056e+03
6.572921157118547626e+02 1.229859897901304521e+03
6.560420454545454731e+02 1.229907954545454459e+03
6.550581859669138112e+02 1.229947518539646353e+03
6.539581920903955279e+02 1.229667231638418116e+03
6.527954164337618295e+02 1.229699273337059822e+03
6.516319910514541789e+02 1.229977628635346719e+03
6.500158460667798863e+02 1.230018109790605649e+03
6.479665532879818102e+02 1.230154195011337833e+03
6.460801806888763394e+02 1.230051948051948102e+03
6.442328072153326275e+02 1.229974633596392323e+03
6.431593468468468018e+02 1.230234797297297291e+03
6.426065664997217937e+02 1.230166388425152945e+03
6.421813125695216513e+02 1.230384315906562961e+03
6.416199445983379519e+02 1.230383379501384979e+03
6.411076056338027911e+02 1.230611830985915503e+03
6.407269166200335349e+02 1.230462227196418553e+03
6.407727526521496202e+02 1.230307649357900573e+03
6.410398860398860279e+02 1.230053561253561156e+03
6.413771138669673064e+02 1.229977452085681989e+03
6.413611738148983932e+02 1.229911399548532700e+03
6.407458100558659453e+02 1.229888268156424601e+03
6.398797077009555778e+02 1.230091062394603796e+03
6.385277933745087466e+02 1.230097697922515408e+03
6.374512331838565160e+02 1.230292600896860904e+03
6.371899441340782460e+02 1.230372625698324100e+03
6.372942157953281139e+02 1.230533926585094605e+03
6.373218262806235543e+02 1.230552895322939776e+03
6.375781858653310792e+02 1.230642181413466915e+03
6.386449638286031814e+02 1.230512520868113597e+03
6.396033707865168481e+02 1.230564044943820136e+03
6.403110986547085304e+02 1.230701233183856402e+03
6.405724801812004898e+02 1.230967723669309180e+03
6.405739179314221019e+02 1.230423271500843157e+03
6.405156599552573198e+02 1.230307046979865845e+03
6.405600894354388402e+02 1.230446618222470761e+03
6.407723943661972044e+02 1.230966760563380376e+03
6.404901740595171304e+02 1.230706344750140261e+03
6.400566572237960372e+02 1.230981303116147274e+03
6.397778402699663047e+02 1.230929696287963907e+03
6.397907761529809250e+02 1.230846456692913307e+03
6.407737020316027383e+02 1.230832392776523648e+03
6.416731517509728064e+02 1.230548082267926702e+03
6.423346501128668251e+02 1.230710496613995474e+03
6.429484126984126533e+02 1.230847505668934218e+03
6.436562500000000000e+02 1.230369977678571331e+03
6.450373937677053391e+02 1.230232861189801724e+03
6.452803843979650082e+02 1.230127755794233963e+03
6.447248322147651152e+02 1.230049217002237128e+03
6.442567264573990542e+02 1.230276345291479856e+03
6.436006692693808873e+02 1.230050752928053498e+03
6.433098591549295406e+02 1.230152112676056277e+03
6.432808103545301037e+02 1.230160945413618492e+03
6.434873096446700629e+02 1.230213761985335623e+03
6.440285877644367929e+02 1.229958261863922189e+03
6.452284090909090537e+02 1.229586363636363558e+03
6.464851207186973170e+02 1.229373947220662558e+03
6.475303030303030027e+02 1.229383838383838338e+03
6.485515492957746346e+02 1.229504225352112599e+03
6.490588568194680192e+02 1.229450481041312969e+03
6.491661016949152554e+02 1.229444067796610170e+03
6.492457627118643586e+02 1.229478531073446220e+03
6.494719416386083140e+02 1.229569023569023557e+03
6.497404494382022904e+02 1.229337640449438140e+03
6.502608450704225334e+02 1.229406197183098584e+03
6.512650874224477775e+02 1.229461928934010075e+03
6.523976244343891722e+02 1.229136312217194472e+03
6.538268690275435802e+02 1.229290050590219153e+03
6.553498871331828468e+02 1.229335214446952705e+03
6.568490140845070755e+02 1.229311549295774739e+03
6.585300393037618960e+02 1.229220101066816369e+03
6.602628895184135445e+02 1.229040226628895198e+03
6.621751700680272279e+02 1.229252267573696145e+03
6.637057497181510826e+02 1.229060315670800492e+03
6.651855845629966097e+02 1.229378547105561893e+03
6.664062146892655392e+02 1.229344632768361635e+03
6.674768623024830276e+02 1.229498306997742702e+03
6.680821367030441706e+02 1.230041929925330351e+03
6.684239864864864558e+02 1.230357545045045072e+03
6.687304643261608135e+02 1.230703850509626363e+03
6.692235427277871622e+02 1.230367855121675120e+03
6.702443181818181301e+02 1.230275568181818244e+03
6.720222602739726199e+02 1.230308219178082254e+03
6.734937499999999773e+02 1.230162499999999909e+03
6.740725299828669677e+02 1.229609366076527749e+03
6.739852188743603847e+02 1.229624786810687965e+03
6.741166380789022696e+02 1.229667810177244064e+03
6.739977337110481130e+02 1.229781869688385314e+03
6.732149799885648918e+02 1.229718124642653038e+03
6.726182735426009458e+02 1.229383968609865406e+03
6.717712197863968413e+02 1.229436762225969687e+03
6.711013016411998251e+02 1.229395585738539921e+03
6.708313791178112524e+02 1.229538246789503091e+03
6.709334085778781400e+02 1.229582392776523648e+03
6.709592529711375164e+02 1.229788341822297753e+03
6.708902714932127083e+02 1.229929298642533922e+03
6.708226990400903560e+02 1.230019198193111151e+03
6.711228571428571286e+02 1.230002857142857238e+03
6.717220033764772325e+02 1.229758019133370908e+03
6.721182857142856619e+02 1.229489142857142951e+03
6.721493135011442064e+02 1.229401029748283690e+03
6.717515388919977113e+02 1.229385002797985408e+03
6.709100678733032055e+02 1.229461538461538566e+03
6.698416901408451167e+02 1.229668732394366089e+03
6.687594154019111556e+02 1.229690275435637886e+03
6.679087301587301226e+02 1.230128117913832284e+03
6.679193181818181984e+02 1.230043750000000045e+03
6.679874643874643425e+02 1.230019373219373165e+03
6.680388793596340520e+02 1.230076615208690782e+03
6.680456100342074706e+02 1.229993728620296451e+03
6.683717217787913114e+02 1.229977765108323865e+03
6.690228832951945606e+02 1.229889016018306620e+03
6.698284424379232860e+02 1.229927765237020367e+03
6.699239999999999782e+02 1.229962285714285827e+03
6.698140192198982277e+02 1.229833239118145912e+03
6.687218506131549702e+02 1.229459308807134903e+03
6.676300223214285552e+02 1.229425223214285779e+03
6.666843279419966848e+02 1.229358059118795381e+03
6.663054771315640892e+02 1.229362507058159281e+03
6.658691483361534438e+02 1.229454032712915932e+03
6.658286358511837761e+02 1.229711386696730642e+03
6.654197183098591495e+02 1.230226478873239330e+03
6.657447887323943405e+02 1.230068732394366180e+03
6.664233825198638215e+02 1.230189557321225948e+03
6.668521887436043016e+02 1.229999431495167755e+03
6.670234688036633770e+02 1.229933600457927923e+03
6.668348416289592251e+02 1.230134615384615472e+03
