6.616218345526167468e+02 1.228830050647158032e+03
6.622247317899491463e+02 1.228167701863354068e+03
6.621027512633352217e+02 1.227982032565974123e+03
6.603545505304299468e+02 1.227832495812395337e+03
6.585743732590528907e+02 1.228069080779944215e+03
6.575709534368071445e+02 1.228494456762749451e+03
6.580133481646273594e+02 1.228403225806451701e+03
6.594453168816601192e+02 1.228640493550196197e+03
6.615827740492170506e+02 1.228503914988814358e+03
6.629832120872971473e+02 1.228093452714045952e+03
6.628971492453885048e+02 1.227973728339854688e+03
6.611768326804700564e+02 1.227542249580302268e+03
6.591196868008948968e+02 1.227778523489932923e+03
6.571211441390913706e+02 1.228267526640493543e+03
6.555961218836565649e+02 1.228304155124653789e+03
6.547374239911553104e+02 1.229133775566611348e+03
6.543708609271523073e+02 1.229285320088300296e+03
6.543775566611387831e+02 1.229231619679380856e+03
6.552183257918552499e+02 1.229282805429864311e+03
6.556676056338028502e+02 1.228941408450704330e+03
6.553777403035412590e+02 1.228832490163012835e+03
6.543005036373810981e+02 1.229094571908226044e+03
6.530033407572383339e+02 1.229502783964365335e+03
6.515987757373400200e+02 1.230539232053422438e+03
6.511265466816647631e+02 1.231147919010123815e+03
6.523327712197864230e+02 1.231466554243957262e+03
6.544918767507002713e+02 1.231213445378151164e+03
6.558047538200339659e+02 1.230861346915676222e+03
6.557636465953854668e+02 1.230619020821609411e+03
6.550727990970655128e+02 1.230942437923250509e+03
6.533082114735658479e+02 1.231218785151856082e+03
6.515375139977603567e+02 1.231436730123180268e+03
6.504079685746352197e+02 1.231938271604938336e+03
6.503342728297632220e+02 1.231790868094701182e+03
6.510407701019252045e+02 1.231647791619478994e+03
6.523904225352113144e+02 1.231155492957746446e+03
6.538573834924200128e+02 1.230576642335766337e+03
6.545670045045045526e+02 1.230260135135135215e+03
6.550307342060330029e+02 1.230073420603300974e+03
6.544776536312849657e+02 1.230399441340782232e+03
6.535725403001667928e+02 1.230357420789327307e+03
6.526983951300497893e+02 1.230283895960154950e+03
6.523774834437085701e+02 1.230496688741721755e+03
6.531088435374149412e+02 1.230159863945578309e+03
6.552515475520540349e+02 1.229910523353967392e+03
6.577584841628959111e+02 1.229345588235294144e+03
6.595889328063241237e+02 1.228766798418972257e+03
6.606328828828828819e+02 1.228500000000000000e+03
6.602168266516092672e+02 1.229267645398080276e+03
6.584468085106383342e+02 1.229344904815229484e+03
6.584383026242322785e+02 1.228747627024009034e+03
6.595119777158774923e+02 1.228337047353760454e+03
6.612244782853920242e+02 1.227739424703891700e+03
6.623948110547095212e+02 1.227529046813310742e+03
6.630662514156285852e+02 1.227575311438278504e+03
6.630559006211179849e+02 1.228151326933935707e+03
6.624027777777778283e+02 1.228342222222222290e+03
6.613663697104676658e+02 1.228611358574610222e+03
6.602321826280623327e+02 1.228693207126948664e+03
6.595538204127161634e+02 1.228748466257668724e+03
6.595173184357541913e+02 1.228712290502793394e+03
6.601161217587373358e+02 1.228519729425028117e+03
6.611490438695162766e+02 1.228646794150731239e+03
6.616114542391915165e+02 1.228492981471083567e+03
6.616305334846764481e+02 1.228900113507377910e+03
6.600878378378378102e+02 1.229201576576576599e+03
6.581710897797854614e+02 1.229315076228119779e+03
6.556901565995525516e+02 1.229152125279641950e+03
6.538101123595505442e+02 1.229382584269662857e+03
6.539555930297919986e+02 1.229183811129848209e+03
6.552870056497174573e+02 1.229018079096045085e+03
6.572687927107061796e+02 1.228977790432801839e+03
6.591212464589235651e+02 1.229326345609065129e+03
6.599162870159453860e+02 1.229594533029612649e+03
6.596534765404182963e+02 1.229858677218767752e+03
6.592909397861564003e+02 1.230149690489589148e+03
6.593163554046406034e+02 1.230105829088851124e+03
6.592292134831460544e+02 1.229812921348314603e+03
6.591703327693174970e+02 1.229807106598984774e+03
6.595517241379310462e+02 1.229840022611645054e+03
6.605584562996594968e+02 1.229990351872871770e+03
6.614415730337078685e+02 1.229411797752808980e+03
6.621508474576271510e+02 1.229250847457627060e+03
6.622516968325792277e+02 1.229042986425339450e+03
6.611169853768278699e+02 1.228544994375703027e+03
6.590594837261503471e+02 1.228556677890011315e+03
6.572876404494381859e+02 1.229056741573033605e+03
6.569438264738598718e+02 1.229096774193548299e+03
6.577990996060776752e+02 1.228966797974113661e+03
6.598745053702656378e+02 1.228833239118145912e+03
6.617291666666666288e+02 1.228461148648648759e+03
6.622796803652968265e+02 1.228083333333333258e+03
6.611659116647791734e+02 1.227968856172140477e+03
6.595781777277840092e+02 1.228199100112485894e+03
6.572446206115515679e+02 1.228415062287655701e+03
6.551617235590374548e+02 1.228396754336877393e+03
6.540943920044419428e+02 1.228657412548584034e+03
6.528618384401114554e+02 1.229349860724234077e+03
