6.547576923076923094e+02 1.228837912087912173e+03
6.536804407713498222e+02 1.229066115702479237e+03
6.518593663146192512e+02 1.229207893274041226e+03
6.501057906458797788e+02 1.229310133630289556e+03
6.489344444444444662e+02 1.229337222222222181e+03
6.479239311493614650e+02 1.229279289283731259e+03
6.473922865013773844e+02 1.229368595041322351e+03
6.476181516325401617e+02 1.229209186496956363e+03
6.482250696378830526e+02 1.229148746518105781e+03
6.484657079646017337e+02 1.229050331858407162e+03
6.490110926234054887e+02 1.229181364392678915e+03
6.486114474408365140e+02 1.229179966978535958e+03
6.478356391809629713e+02 1.229493082457111313e+03
6.476856668511344424e+02 1.229221361372440469e+03
6.480358142137661162e+02 1.229646334639059887e+03
6.486131549609810918e+02 1.229473801560758147e+03
6.504322364751812984e+02 1.229288343558282122e+03
6.521088664421997692e+02 1.228984848484848499e+03
6.529344080044469365e+02 1.228765425236242436e+03
6.542519422863484806e+02 1.228527192008878956e+03
6.548379424778761404e+02 1.228742256637168111e+03
6.545652173913043725e+02 1.228890189520624290e+03
6.555801011804384189e+02 1.229133783024170953e+03
6.565558659217876993e+02 1.229349720670390980e+03
6.576932515337423411e+02 1.229284439486893461e+03
6.597767807066741170e+02 1.229247335950645038e+03
6.620219594594594810e+02 1.228828265765765764e+03
6.652078651685393424e+02 1.228671910112359456e+03
6.659865016872890919e+02 1.228961192350956026e+03
6.658734533183352369e+02 1.229214848143981953e+03
6.658692480359146657e+02 1.229509539842873210e+03
6.658095505617977778e+02 1.229467415730337052e+03
6.658445566778899547e+02 1.229661616161616166e+03
6.668439796495194969e+02 1.229598643301300172e+03
6.678698092031424949e+02 1.229116161616161662e+03
6.675389755011135549e+02 1.228776169265033332e+03
6.664748883928571104e+02 1.228877232142857110e+03
6.656784335355763460e+02 1.228700496414782037e+03
6.641968503937007426e+02 1.228854330708661337e+03
6.618020134228188454e+02 1.229147091722595178e+03
6.602400671516508055e+02 1.229161163961947295e+03
6.590610169491525312e+02 1.229138418079096027e+03
6.581554809843399880e+02 1.229045861297539204e+03
6.581293725707939757e+02 1.228514158800666337e+03
6.582377232142856656e+02 1.228306919642857110e+03
6.577088607594936320e+02 1.228301596037424360e+03
6.568549365692223319e+02 1.228158852730281296e+03
6.552166666666666970e+02 1.228258333333333439e+03
6.529559643255295214e+02 1.228850613154960911e+03
6.516264591439688729e+02 1.229083379655364070e+03
6.507157953281423488e+02 1.229033926585094605e+03
6.497547274749722419e+02 1.229005561735261381e+03
6.496523437500000000e+02 1.229068638392857110e+03
6.502912241475685278e+02 1.228851313583007368e+03
6.508433667781494023e+02 1.228983277591973319e+03
