6.575657303370786622e+02 1.229110112359550612e+03
6.576862745098038658e+02 1.230496358543417273e+03
6.586666666666666288e+02 1.231510033444816145e+03
6.590640449438202495e+02 1.232734831460674059e+03
6.587380688124305834e+02 1.233408435072142083e+03
6.582432432432432279e+02 1.234228603603603688e+03
6.579710306406685731e+02 1.234348189415041816e+03
6.587473508087005030e+02 1.234330172894590078e+03
6.601398876404493876e+02 1.234503370786516825e+03
6.615156424581006149e+02 1.234502793296089294e+03
6.619654210819854825e+02 1.234385945343000458e+03
6.620762331838565160e+02 1.234195627802690524e+03
6.616705816554809871e+02 1.234234899328859001e+03
6.603292065278559448e+02 1.233842993809791778e+03
6.584702247191011111e+02 1.233856741573033787e+03
6.560579545454545496e+02 1.233632386363636442e+03
6.549471018570624210e+02 1.233166010129431697e+03
6.553729759910664825e+02 1.232563372417643677e+03
6.561582815149802173e+02 1.231496890898812808e+03
6.568640449438202040e+02 1.230575842696629252e+03
6.577686692869174294e+02 1.229664795058955633e+03
6.582038396386222985e+02 1.228984189723320242e+03
6.577863915225877918e+02 1.228176240936977138e+03
6.568912556053811613e+02 1.227241031390134594e+03
6.560824392998306394e+02 1.226114624505928759e+03
6.551967397414277912e+02 1.225496346261944836e+03
6.541910684002260723e+02 1.225037874505370155e+03
6.525924464487035266e+02 1.224726042841037270e+03
6.503408450704225743e+02 1.224802253521126659e+03
6.481586402266289042e+02 1.224469121813031052e+03
6.464579387186629447e+02 1.224374373259052845e+03
6.457228109313998630e+02 1.224179029559397577e+03
6.460331274564850901e+02 1.224319483436271867e+03
6.474451939291736835e+02 1.224894884766722953e+03
6.493042253521126668e+02 1.225043380281690133e+03
6.514090150250417537e+02 1.225261547022815876e+03
6.533414084507041935e+02 1.225604507042253545e+03
6.545851602023608393e+02 1.226393479482855582e+03
6.548092841163311277e+02 1.227482102908277511e+03
6.544701657458563204e+02 1.228435359116022028e+03
6.545050279329608429e+02 1.229748044692737494e+03
6.550591848129536174e+02 1.230595756560580639e+03
6.556437291897891555e+02 1.231342952275249672e+03
6.570039040713887744e+02 1.232031232571109967e+03
6.577849999999999682e+02 1.232477777777777874e+03
6.585377358490566166e+02 1.233414539400665944e+03
6.594049217002236674e+02 1.233737136465324284e+03
6.603385474860335762e+02 1.233877653631284829e+03
6.636105499438832567e+02 1.233737373737373673e+03
6.656801346801346426e+02 1.233843434343434410e+03
6.673278965129359221e+02 1.233766029246344260e+03
6.669082774049217051e+02 1.233753355704697924e+03
6.653567415730336734e+02 1.233849999999999909e+03
6.631914062500000000e+02 1.233697544642857110e+03
6.607277282850780011e+02 1.233224387527839554e+03
6.590444069702080014e+02 1.232570545250140640e+03
6.578853644963828629e+02 1.232006121313299900e+03
6.572196209587514204e+02 1.230935340022296486e+03
6.570583286595625623e+02 1.230025799214806511e+03
6.567950727883538775e+02 1.228494400895856643e+03
6.564974958263773033e+02 1.227199220923761914e+03
6.555391061452513668e+02 1.226005027932960957e+03
6.551118012422359698e+02 1.225042913608130903e+03
6.552989283699943144e+02 1.224479977439368213e+03
6.562298136645962359e+02 1.223883681535855430e+03
6.565031303357997103e+02 1.223742174160500781e+03
6.562225336322869680e+02 1.223236547085201892e+03
6.554336877448237146e+02 1.223027979854504792e+03
6.548512071869736246e+02 1.223258281864121273e+03
6.539580067189249348e+02 1.223618701007838808e+03
6.529359910162829692e+02 1.223859629421673162e+03
6.526104553119730554e+02 1.223881394041596423e+03
6.535414798206278419e+02 1.223714125560538150e+03
6.555884334643458260e+02 1.223615384615384528e+03
6.580219471018571085e+02 1.223888013505908930e+03
6.594905027932960593e+02 1.224417318435754169e+03
6.598277996623522768e+02 1.224790658413055780e+03
6.594089136490250667e+02 1.225402785515320375e+03
6.584377067254686153e+02 1.226173098125689194e+03
6.575662583518931115e+02 1.227356904231625776e+03
6.567146829810900499e+02 1.228303114571746391e+03
6.572762863534675262e+02 1.229848993288590691e+03
6.582635702294347766e+02 1.231183547845551175e+03
6.583478018920422983e+02 1.231952142459655079e+03
6.576454646017699588e+02 1.232438606194690237e+03
6.567278797996660842e+02 1.233234279354479668e+03
6.567397107897663773e+02 1.233160734149054406e+03
6.577772194304857294e+02 1.233321608040200999e+03
6.590915178571428896e+02 1.233498883928571331e+03
6.603294249022892473e+02 1.233642657733109900e+03
6.608675977653631435e+02 1.233379888268156492e+03
6.610577678070667389e+02 1.233404374649467172e+03
6.606845039018952548e+02 1.233292084726867415e+03
6.590786958965711619e+02 1.233032602585722316e+03
6.573027057497181431e+02 1.233104847801578444e+03
6.551959573273442174e+02 1.232426165075800100e+03
