6.462342090553381695e+02 1.230168809390720980e+03
6.462734852695941754e+02 1.230366870483602042e+03
6.468550165380374892e+02 1.230460308710033132e+03
6.483076923076922640e+02 1.230221914775871710e+03
6.505776672194582488e+02 1.230110558319513530e+03
6.534202898550724967e+02 1.229932552954292078e+03
6.558275097060454755e+02 1.229588463671658246e+03
6.589849916620344175e+02 1.230179544191217246e+03
6.608228128460687003e+02 1.230100775193798427e+03
6.627005524861878030e+02 1.229996685082873000e+03
6.650295429208472342e+02 1.229486064659977728e+03
6.670332778702163523e+02 1.229480865224625632e+03
6.679313449634214521e+02 1.229747889701744498e+03
6.679041322314050149e+02 1.229267768595041389e+03
6.670736842105262667e+02 1.229590027700831115e+03
6.625470038482683321e+02 1.230275975810885029e+03
6.606335164835164733e+02 1.230363186813186758e+03
6.590166574125486250e+02 1.230194336479733465e+03
6.567069818581637719e+02 1.229489829576690454e+03
6.538165388828039113e+02 1.229441949616648344e+03
6.514604316546763130e+02 1.229639180962921955e+03
6.490088446655611278e+02 1.229750138197899332e+03
6.471438769906644666e+02 1.230155958264689843e+03
6.464672897196261374e+02 1.229687740516767462e+03
6.466889010388190400e+02 1.229388190267905884e+03
6.467112328767123017e+02 1.229428493150684972e+03
6.468301264431006530e+02 1.229398020890599128e+03
6.480066188637616733e+02 1.229473248758963109e+03
6.500831024930747617e+02 1.229431024930747981e+03
6.549510839355197049e+02 1.229301278488048865e+03
