6.568966480446927108e+02 1.229843575418994305e+03
6.566005509641872777e+02 1.229726721763085379e+03
6.558100220264317386e+02 1.229795154185022056e+03
6.559053156146179617e+02 1.229693244739756437e+03
6.566291390728476927e+02 1.229793598233995681e+03
6.566177606177606094e+02 1.229771097628240568e+03
6.556232839099395733e+02 1.229923119165293883e+03
6.548050521691378663e+02 1.229769357495881422e+03
6.545485996705107254e+02 1.229852278967600114e+03
6.538507135016465099e+02 1.229525795828759556e+03
6.543454443823364954e+02 1.229879262157629910e+03
6.545664451827242374e+02 1.229760243632336596e+03
6.550005589714924099e+02 1.229841252096143080e+03
6.552993844432008927e+02 1.229902070509233454e+03
6.552707984366276150e+02 1.229878838637632498e+03
6.552656599552573198e+02 1.230079418344519127e+03
6.563989927252378038e+02 1.230038612199216459e+03
6.575637472283814304e+02 1.229548780487804834e+03
6.578463671658347494e+02 1.229621741541874599e+03
6.576747252747252332e+02 1.229345604395604369e+03
6.576292817679558311e+02 1.229834806629834247e+03
6.574833242208857200e+02 1.229540185893931039e+03
6.574896288209606610e+02 1.229405021834061245e+03
6.576333150082463135e+02 1.229405717427157697e+03
6.575507405375753933e+02 1.229568294020844860e+03
6.575883324160704433e+02 1.229616951018161899e+03
6.576495867768594508e+02 1.229300275482093639e+03
6.573429362880885947e+02 1.229505263157894660e+03
6.564416941694169054e+02 1.229259075907590841e+03
6.563864013266997972e+02 1.229344941956882167e+03
6.570326944757609908e+02 1.229364712514092389e+03
6.572602585722315780e+02 1.229335019673974102e+03
6.573568627450980557e+02 1.229304201680672350e+03
6.573214285714285552e+02 1.229227120535714221e+03
6.574622641509433834e+02 1.229276359600444039e+03
6.576194690265486997e+02 1.229277101769911496e+03
6.578205555555555293e+02 1.229226666666666688e+03
6.573174958077138399e+02 1.229053661263275671e+03
6.565127071823204687e+02 1.229244198895027694e+03
6.565910596026490111e+02 1.229103200883002273e+03
6.564352876106195254e+02 1.229080752212389370e+03
6.555957213384531315e+02 1.229151398793198041e+03
6.544818681318681683e+02 1.229365934065933970e+03
