6.666797093348238832e+02 1.233252096143096651e+03
6.669960806270996727e+02 1.232310750279955300e+03
6.659051339285714448e+02 1.231176897321428669e+03
6.642249443207126660e+02 1.229492204899777335e+03
6.623076062639820520e+02 1.228200782997762872e+03
6.599180145008365344e+02 1.226529838259899634e+03
6.581176142697881915e+02 1.225446488294314349e+03
6.578382109331861329e+02 1.224237437879624622e+03
6.587357541899441458e+02 1.223541340782122916e+03
6.594772599663110668e+02 1.223113419427288136e+03
6.595162374020156903e+02 1.223351623740201603e+03
6.585699045480067753e+02 1.223902302077484592e+03
6.572598204264870674e+02 1.224979236812570207e+03
6.571065253764639920e+02 1.226301171221416553e+03
6.577016264722377628e+02 1.228150869321368418e+03
6.582021276595744439e+02 1.229365621500559882e+03
6.585136948015650660e+02 1.230741196198993748e+03
6.593327731092437034e+02 1.232156862745098124e+03
6.586857142857143117e+02 1.232935014005602170e+03
6.571840044742729106e+02 1.233501118568232641e+03
6.548723284589426612e+02 1.234252530933633352e+03
6.525963149078727383e+02 1.234031825795644863e+03
6.508652561247215544e+02 1.233517817371937554e+03
6.502346651660101315e+02 1.233011254924029345e+03
6.500173864273696154e+02 1.231628154795288765e+03
6.495545102379634272e+02 1.230619811842833315e+03
6.489312257348863113e+02 1.229647254575707166e+03
6.484595487066593478e+02 1.228266923500275198e+03
6.475353812397147522e+02 1.226361492046077956e+03
6.479811320754716917e+02 1.225824084350721478e+03
6.493790005614822576e+02 1.224945536215609309e+03
6.512893854748602962e+02 1.224651955307262597e+03
6.534738598442713737e+02 1.224482758620689765e+03
6.548590529247910581e+02 1.224442896935933049e+03
6.556961602671118499e+02 1.225194769059543660e+03
6.559020589872009168e+02 1.226127434613244304e+03
6.563374647887324045e+02 1.226932394366197286e+03
6.574127161182375403e+02 1.227854433909648606e+03
6.588206703910614124e+02 1.229093296089385376e+03
6.607772194304857294e+02 1.229487995533221692e+03
6.634406970207982113e+02 1.231010680157391789e+03
6.650720363017583168e+02 1.231980147475893318e+03
6.649647058823529733e+02 1.232506442577030839e+03
6.644828349944629053e+02 1.233330564784053195e+03
6.640961214165261026e+02 1.234338954468802740e+03
6.638852367688022014e+02 1.234344289693593282e+03
6.647004479283314140e+02 1.234246920492721074e+03
6.661734234234234009e+02 1.233833896396396312e+03
6.664196775986658849e+02 1.232563090605892057e+03
6.654167134043746046e+02 1.231707234997195656e+03
6.634472667034787037e+02 1.230205411374930918e+03
6.612513997760357825e+02 1.229033594624859916e+03
6.585653867557039121e+02 1.227253199777406735e+03
6.564022222222222354e+02 1.226326111111111004e+03
6.559137931034482563e+02 1.225124582869855431e+03
6.566253458771444684e+02 1.224133923630326535e+03
6.575728756330894385e+02 1.223881260551491323e+03
