6.568076709282935326e+02 1.229263479710950605e+03
6.559516853932584581e+02 1.229133146067415737e+03
6.552849915682968458e+02 1.228550309162450731e+03
6.543874024526198809e+02 1.228303790412486023e+03
6.531277433877321528e+02 1.228338773213280774e+03
6.521640711902113026e+02 1.228160177975528313e+03
6.504606430155211001e+02 1.228171840354767255e+03
6.492320534223706545e+02 1.228205342237061814e+03
6.492783964365256679e+02 1.228517260579064668e+03
6.493139988845509833e+02 1.229167875069715592e+03
6.482597765363128701e+02 1.229629050279329704e+03
6.476560088202866154e+02 1.230401323042998911e+03
6.491855555555555384e+02 1.230586111111111222e+03
6.513320224719101361e+02 1.231074157303370839e+03
6.531936936936937173e+02 1.231902027027027088e+03
6.552588632526729953e+02 1.232272931907709562e+03
6.568860190903986904e+02 1.232590117911285688e+03
6.581020868584320169e+02 1.232371122391426979e+03
6.595637173066221521e+02 1.232302726766833530e+03
6.614027072758037775e+02 1.232090242526790689e+03
6.634272009029344872e+02 1.231506207674943653e+03
6.641995425957690031e+02 1.231155517438536208e+03
6.628129577464789008e+02 1.230517183098591659e+03
6.611174134997163492e+02 1.230351106069200114e+03
6.597916431394692154e+02 1.229607566346696785e+03
6.590808366308649511e+02 1.229183154324477073e+03
6.576146010186756712e+02 1.229079796264855759e+03
6.555897867564534636e+02 1.228621773288439954e+03
6.538845086063298595e+02 1.228591893392559768e+03
6.520884808013355496e+02 1.228616583194212581e+03
6.502823204419889862e+02 1.228535359116022164e+03
6.500193050193049658e+02 1.228772752344180844e+03
6.505317371937638882e+02 1.228885857461024443e+03
6.510484234234234009e+02 1.229503378378378329e+03
6.506082872928176357e+02 1.229846961325966959e+03
6.508594624860022577e+02 1.230309070548712270e+03
6.528979933110367710e+02 1.230496655518394618e+03
6.548633540372670723e+02 1.230983060417843035e+03
6.559728660260034303e+02 1.231218767665347741e+03
6.570469107551487014e+02 1.231264302059496458e+03
6.570313033579965349e+02 1.231442800227660882e+03
6.564445070422535764e+02 1.231629859154929591e+03
6.563467879476975213e+02 1.231223422399090396e+03
6.563998862343572682e+02 1.231199089874857691e+03
6.559101251422071073e+02 1.231129692832764476e+03
6.538774592467678985e+02 1.230428892636312639e+03
6.515713486289871526e+02 1.230340235030777876e+03
6.502355555555556066e+02 1.229705555555555520e+03
6.492366369710467779e+02 1.229306792873051336e+03
6.480709893795416292e+02 1.228939072107322545e+03
6.468575403450195154e+02 1.228412910406232641e+03
6.464618362831857894e+02 1.228162610619468978e+03
6.466030150753769021e+02 1.227634282523729780e+03
6.464696716750139558e+02 1.227541457985531451e+03
6.467148459383753334e+02 1.227597198879551797e+03
6.484825253664035927e+02 1.227517474633596294e+03
6.504290540540540633e+02 1.227605855855855907e+03
6.513971751412428830e+02 1.227798870056497208e+03
6.518112044817927426e+02 1.228519327731092517e+03
6.532446808510637766e+02 1.229222844344904843e+03
6.560191765369430641e+02 1.229641285956006868e+03
6.572572074618428815e+02 1.229794799321650544e+03
6.578839436619717844e+02 1.230362816901408451e+03
6.581642978965321618e+02 1.230873223422399178e+03
6.583261729790842764e+02 1.231094403617863236e+03
6.583969764837626144e+02 1.231297872340425556e+03
6.586746384872079716e+02 1.231139043381534975e+03
6.596781091727631292e+02 1.231228474957794106e+03
6.601056818181817789e+02 1.231059659090909008e+03
6.598015521064301083e+02 1.230409090909090992e+03
6.585849056603773306e+02 1.229681465038845772e+03
6.575928411633109363e+02 1.229574384787472127e+03
6.570508762012436819e+02 1.229063877897116981e+03
6.568012318029115022e+02 1.229084546472564398e+03
6.559467488789238132e+02 1.228570627802690524e+03
6.548333333333333712e+02 1.228417502787068088e+03
6.534949944382647118e+02 1.228404338153503886e+03
6.518785674314493690e+02 1.228362618914381756e+03
6.506099053978853135e+02 1.228494713411241037e+03
6.503861720067453689e+02 1.229048903878583587e+03
6.502619449128724227e+02 1.229314783586284420e+03
6.486770255271919723e+02 1.230293562708102172e+03
6.480804020100503067e+02 1.231152428810720266e+03
6.494342032204331190e+02 1.231517490283175903e+03
6.529330332020258538e+02 1.233159819921215558e+03
