6.654586340921709962e+02 1.228791782343142586e+03
6.683564686285396874e+02 1.228573570238756247e+03
6.699677239844185124e+02 1.229068447412353862e+03
6.712708102108767889e+02 1.229558268590455100e+03
6.713325966850828763e+02 1.229709944751381272e+03
6.708373493975904012e+02 1.230383351588170854e+03
6.694700996677740932e+02 1.230222591362126195e+03
6.664246272777470494e+02 1.230242407509663281e+03
6.628014380530973995e+02 1.230101216814159216e+03
6.591171221416619801e+02 1.230368098159509145e+03
6.552620111731843053e+02 1.229989385474860228e+03
6.519385474860334853e+02 1.230282122905028018e+03
6.483914491948917203e+02 1.229810660744031111e+03
6.447396807925151734e+02 1.229719317556411625e+03
6.418774157923799066e+02 1.229815571507454479e+03
6.399508830022075472e+02 1.230372516556291430e+03
6.394972466960352904e+02 1.230204845814977944e+03
6.401805555555555429e+02 1.230301666666666733e+03
6.415049450549450967e+02 1.229713736263736337e+03
6.432256809338521180e+02 1.229707615341856581e+03
6.450077777777777328e+02 1.229300555555555547e+03
6.483677777777777465e+02 1.229273333333333312e+03
6.522861111111111541e+02 1.229255555555555475e+03
6.558017767906718518e+02 1.229433092726263112e+03
6.599938820912124129e+02 1.229546718576195872e+03
6.639158826784725989e+02 1.229650802434975049e+03
6.665553709856035312e+02 1.229344407530453964e+03
6.686982995063083308e+02 1.229496982995063036e+03
6.705332594235032957e+02 1.230114745011086370e+03
6.712019922523519426e+02 1.230613724405091261e+03
