6.578029445073613033e+02 1.228963759909399869e+03
6.580492359932088675e+02 1.229023769100169829e+03
6.575565559932470023e+02 1.228952729319077207e+03
6.566005586592178815e+02 1.228504469273743098e+03
6.557406996113270452e+02 1.228374236535258206e+03
6.556892497200448133e+02 1.228756998880179253e+03
6.562175637393767147e+02 1.228984702549575104e+03
6.564405236198065268e+02 1.229117814456459882e+03
6.566850084222346595e+02 1.228569343065693374e+03
6.566757369614512072e+02 1.228784013605442169e+03
6.568679138321995197e+02 1.228775510204081684e+03
6.566570783981951536e+02 1.228690355329949170e+03
6.561271091113610510e+02 1.228851518560180011e+03
6.557619843924192082e+02 1.228692865105908595e+03
6.553575013943111571e+02 1.228706636921360769e+03
6.555444879686625654e+02 1.228432568550643509e+03
6.556618059450364626e+02 1.228251822770611398e+03
6.554899777282851119e+02 1.228200445434298445e+03
6.548888888888889142e+02 1.228447777777777674e+03
6.544582405345211100e+02 1.228624164810690445e+03
6.532041619797524845e+02 1.228374578177727699e+03
6.510945719082260439e+02 1.228382764409624997e+03
6.496618464961068184e+02 1.228441045606229181e+03
6.490442329227323626e+02 1.228255879059350491e+03
6.494610244988864451e+02 1.228327951002227110e+03
6.501620863712843175e+02 1.228289960740325341e+03
6.511214689265536890e+02 1.228271751412429467e+03
6.517408656548623185e+02 1.228162450815064631e+03
6.514064768285874152e+02 1.228085427135678401e+03
6.503122529644268752e+02 1.228019762845849755e+03
6.494988726042840881e+02 1.228385005636978576e+03
6.494963380281690206e+02 1.228451267605633802e+03
6.501577162238552319e+02 1.228089315997738822e+03
6.523831932773109656e+02 1.228283473389355777e+03
6.523267716535433465e+02 1.228408323959504969e+03
6.514550499445060723e+02 1.228431742508324078e+03
6.509759507829977565e+02 1.228481543624161077e+03
6.508436098654708530e+02 1.228234304932735313e+03
6.515586402266288815e+02 1.228383569405099252e+03
6.530417136414881725e+02 1.228282976324690026e+03
6.543190184049079789e+02 1.228366424986056927e+03
6.553346478873239676e+02 1.228894647887324027e+03
6.551620709060214267e+02 1.229118739448508677e+03
6.544498886414254457e+02 1.228489977728285112e+03
6.544330532212885601e+02 1.228491876750700385e+03
6.553594548551959633e+02 1.228850653038046630e+03
6.575089887640449433e+02 1.228798876404494422e+03
6.601979752530933183e+02 1.229111923509561393e+03
6.621837535014005880e+02 1.229431932773109338e+03
6.631987647389107678e+02 1.229308253790005665e+03
6.623355780022446879e+02 1.228958473625140186e+03
6.609178311906092631e+02 1.229192845164896653e+03
6.600785193494110672e+02 1.229097027481772329e+03
6.606226838854576044e+02 1.229333520494104505e+03
6.621121126760563129e+02 1.229421408450704121e+03
6.632912457912458422e+02 1.229298540965207621e+03
6.641806888763410370e+02 1.229207792207792181e+03
6.640804274465691606e+02 1.229358830146231639e+03
6.635363534675615256e+02 1.229289709172259563e+03
6.626692781197538125e+02 1.229109121432568600e+03
6.621507002801120052e+02 1.229255462184873977e+03
6.625817469204927193e+02 1.229681410974244045e+03
6.635000000000000000e+02 1.229771091113610737e+03
6.636521984216459487e+02 1.229832581736189468e+03
6.634729805013927262e+02 1.229832311977715790e+03
6.635325905292479547e+02 1.229492479108635052e+03
6.631960674157303401e+02 1.230146067415730386e+03
