6.564842801985658980e+02 1.230002206287920671e+03
6.585354155047406266e+02 1.229558282208588935e+03
6.605302197802197952e+02 1.228616483516483413e+03
6.604046434494196092e+02 1.228526810392482048e+03
6.574409625069949925e+02 1.228301063234471258e+03
6.529442604856511707e+02 1.228411699779249375e+03
6.490845689181768421e+02 1.229081823174080228e+03
6.464564860426929727e+02 1.229247947454844052e+03
6.452407205240174335e+02 1.229427947598253240e+03
6.469988956377692375e+02 1.229278851463280034e+03
6.499721293199554566e+02 1.228830546265328849e+03
6.539949832775919276e+02 1.228354515050167265e+03
6.574610207515423781e+02 1.228068984856982524e+03
6.587904391328515885e+02 1.228291828793774357e+03
6.587320837927233015e+02 1.228265159867695729e+03
6.568597260273973006e+02 1.229169863013698659e+03
6.542900763358778704e+02 1.230264994547437254e+03
6.552403951701427331e+02 1.230481888035126303e+03
6.578633333333333439e+02 1.230423333333333403e+03
6.602415136338341881e+02 1.229897607122982663e+03
6.610933852140077533e+02 1.229622012229016036e+03
6.609216438356164645e+02 1.229455890410959000e+03
6.597330764997248025e+02 1.229760594386351158e+03
6.564672176308539520e+02 1.230149862258953135e+03
6.544416941694169054e+02 1.230248074807480862e+03
6.542037138175860491e+02 1.230355543418896787e+03
6.553949255377826830e+02 1.230223938223938148e+03
6.572074198988195803e+02 1.229850477796514951e+03
6.594428332403792865e+02 1.229236475181260403e+03
6.606225055432372528e+02 1.228402439024390333e+03
6.590184151785714448e+02 1.228281808035714221e+03
6.501182913472069913e+02 1.229094742606790760e+03
