6.631976549413735711e+02 1.229251814628699094e+03
6.622411699779249830e+02 1.228599889624724028e+03
6.605345016429354246e+02 1.228500000000000000e+03
6.595758241758242093e+02 1.228506043956043868e+03
6.592017592083562931e+02 1.228264980758658567e+03
6.576657534246575096e+02 1.228401095890410943e+03
6.557798466593646936e+02 1.228750821467688866e+03
6.544355458036203572e+02 1.229433351618211645e+03
6.531950413223140686e+02 1.230336088154269873e+03
6.524017563117453165e+02 1.230331503841931863e+03
6.518846787479407112e+02 1.230603514552443812e+03
6.505185589519650193e+02 1.230700873362445463e+03
6.495339168490153270e+02 1.230442013129102861e+03
6.494673614920460523e+02 1.230385628085573217e+03
6.497346827133478655e+02 1.230416301969365350e+03
6.513107658157603055e+02 1.230192563817980044e+03
6.516276127612761684e+02 1.229636963696369548e+03
6.525845225027442211e+02 1.229436333699231682e+03
6.542684563758389231e+02 1.228973154362416153e+03
6.564599555061179217e+02 1.229226918798665110e+03
6.579530646051905478e+02 1.229050800662617348e+03
6.592554257095158619e+02 1.229233166388425161e+03
6.601905817174515505e+02 1.229271468144044320e+03
6.612848383500557929e+02 1.229059085841694468e+03
6.627995570321152172e+02 1.229271871539313452e+03
6.632130242825606956e+02 1.228500000000000000e+03
6.624121212121211784e+02 1.228371900826446335e+03
6.608179824561403848e+02 1.228205043859649095e+03
6.595589687328579203e+02 1.228149753154141536e+03
6.589227820372398128e+02 1.227624315443592650e+03
6.559435925520263027e+02 1.228240416210295734e+03
