6.559224043715846619e+02 1.193983060109289681e+03
6.583047091412742020e+02 1.191646537396121857e+03
6.589010561423012859e+02 1.191659255141745462e+03
6.563429044726669872e+02 1.194866924351187208e+03
6.520719866071428896e+02 1.200207589285714221e+03
6.490657894736841627e+02 1.208110197368421041e+03
6.489030136986301613e+02 1.217865205479452015e+03
6.504208515283843326e+02 1.225510371179039339e+03
6.533491712707182160e+02 1.233391712707182251e+03
6.564016574585635908e+02 1.241766850828729275e+03
6.570562987736900595e+02 1.248412486064660015e+03
6.561527700055959258e+02 1.252913262451035280e+03
6.543938375350139722e+02 1.257025210084033688e+03
6.529802705749717688e+02 1.258122322435174738e+03
6.578790137614679452e+02 1.256995412844036764e+03
6.647438253877081706e+02 1.253761631246410161e+03
6.701079418344519354e+02 1.249223154362416153e+03
6.725000000000000000e+02 1.241723380900109760e+03
6.710555253130103210e+02 1.234095264017419595e+03
6.672082191780822313e+02 1.226144109589041136e+03
6.610713501646541772e+02 1.216597694840834265e+03
6.575419145484045202e+02 1.208352623039480704e+03
6.556601836844948821e+02 1.200145326850351239e+03
6.560279299014239314e+02 1.194039978094195021e+03
6.578896210873147083e+02 1.191240527182866572e+03
6.583660418963615939e+02 1.191221058434399083e+03
6.560608407079646440e+02 1.194434734513274407e+03
6.484082417582417293e+02 1.207434615384615427e+03
