6.544581036383682431e+02 1.229262954796030954e+03
6.531692563817980499e+02 1.230471698113207594e+03
6.525553719008264579e+02 1.230455647382920006e+03
6.532396236856668565e+02 1.230451577199778740e+03
6.539153846153845961e+02 1.229456593406593356e+03
6.546520065970313453e+02 1.228746564046179174e+03
6.552812673707614977e+02 1.228465258476931695e+03
6.556982082866741166e+02 1.228590145576707755e+03
6.559994499449944669e+02 1.228088558855885594e+03
6.550328227571116031e+02 1.228288840262581971e+03
6.539106849315068075e+02 1.228893150684931470e+03
6.543728626585769916e+02 1.229172642029784811e+03
6.548781558726674348e+02 1.229343578485181069e+03
6.555788608981380321e+02 1.229392113910186254e+03
6.564903687396807754e+02 1.229371491469455123e+03
6.573740288568257029e+02 1.228961709211986772e+03
6.576997229916897822e+02 1.228664265927977794e+03
6.573493975903614910e+02 1.228346659364731750e+03
6.563523914238592170e+02 1.228235843870258350e+03
6.554602649006621959e+02 1.228450331125827915e+03
6.550191361399671450e+02 1.228756697648988620e+03
6.548479212253829473e+02 1.229180525164113760e+03
6.538732857926494262e+02 1.230476686780032878e+03
6.530340472267984069e+02 1.230690829214717269e+03
6.533763027975863906e+02 1.230648930334613169e+03
6.539473395501919413e+02 1.229657158529895696e+03
