6.600230596175478013e+02 1.230212598425196802e+03
6.611382022471909750e+02 1.229793258426966304e+03
6.614746235359732509e+02 1.229894590072504116e+03
6.616274292059966911e+02 1.229568573014991671e+03
6.621092865232162694e+02 1.229793318233295622e+03
6.619821229050279499e+02 1.229836871508380000e+03
6.619161542761319197e+02 1.229972051425377231e+03
6.619564245810055354e+02 1.229747486033519635e+03
6.618576177285318636e+02 1.229746260387811617e+03
6.618877777777777283e+02 1.229731666666666570e+03
6.618272425249169828e+02 1.229542635658914833e+03
6.615221975582685445e+02 1.229862930077691544e+03
6.603506131549610245e+02 1.229918060200668833e+03
6.594617532104969087e+02 1.229552763819095389e+03
6.582884399551065826e+02 1.229448372615039261e+03
6.562534741523068078e+02 1.229589772095608623e+03
6.552154017857143344e+02 1.229531808035714221e+03
6.541670366259711500e+02 1.229395671476137522e+03
6.531937812326485755e+02 1.229370349805663409e+03
6.525735374521595986e+02 1.229410606889010296e+03
6.516497797356828414e+02 1.229454295154185047e+03
6.507057205720572028e+02 1.229591309130913032e+03
6.496900165471594164e+02 1.229497517926089358e+03
6.493158765159868153e+02 1.229597574421168702e+03
6.488803748621829754e+02 1.229539691289966868e+03
6.487226844148641476e+02 1.229297282307265732e+03
6.489688022284123008e+02 1.229158774373259121e+03
6.494503605102606798e+02 1.229296173044925126e+03
6.504406873614191227e+02 1.229283813747228351e+03
6.516698165647582073e+02 1.229410783768760439e+03
6.527161111111111040e+02 1.229707777777777665e+03
6.537043429844097773e+02 1.229793429844098000e+03
6.543806053811658785e+02 1.229872757847533649e+03
6.559732441471571747e+02 1.229946488294314349e+03
6.571459977452085468e+02 1.230062570462232316e+03
6.583307086614173613e+02 1.229801462317210280e+03
6.596484679665737758e+02 1.229810584958217305e+03
6.605770949720670160e+02 1.229529608938547426e+03
6.607456968350916213e+02 1.229398667406996083e+03
6.608623955431754666e+02 1.229518105849582071e+03
6.614136971046771123e+02 1.229592984409799556e+03
6.614893973214285552e+02 1.229903459821428669e+03
6.616724042198778761e+02 1.229674069961132773e+03
6.616233333333333348e+02 1.229774444444444498e+03
