6.453085872576177735e+02 1.228883102493074830e+03
6.452252502780867189e+02 1.228941601779755274e+03
6.458750000000000000e+02 1.228513766519823776e+03
6.464839779005525315e+02 1.228292817679558084e+03
6.473394854586130123e+02 1.228064317673378127e+03
6.473968697596422999e+02 1.228112912241475669e+03
6.466497517926089813e+02 1.228088251516822993e+03
6.455917127071822961e+02 1.228350276243093958e+03
6.453110497237569234e+02 1.228691712707182432e+03
6.459056393076493805e+02 1.229080402010050193e+03
6.476147816349383675e+02 1.228975923852183541e+03
6.500709459459459367e+02 1.228218468468468473e+03
6.528240896358543068e+02 1.228048179271708705e+03
6.547222222222221717e+02 1.227633888888888805e+03
6.552065462753949987e+02 1.227733634311512333e+03
6.552340067340066980e+02 1.228062289562289607e+03
6.557076837416481112e+02 1.228482739420935332e+03
6.558131929046563755e+02 1.228717849223946814e+03
6.565383759733036868e+02 1.229430478309232512e+03
6.585033557046980377e+02 1.229551454138702411e+03
6.607246621621621898e+02 1.229238738738738675e+03
6.633394957983193763e+02 1.228532212885153967e+03
6.657199775533108550e+02 1.228451178451178521e+03
6.665822147651006162e+02 1.228494966442953000e+03
6.665621862799777091e+02 1.228413273842721765e+03
6.657041387024607957e+02 1.229118568232662255e+03
6.643781697905182000e+02 1.229550716648290972e+03
6.632751381215470019e+02 1.229939226519337126e+03
6.637901785714285552e+02 1.229261160714285779e+03
6.640590219224283146e+02 1.228807757166947795e+03
6.639004474272931020e+02 1.228171140939597308e+03
6.633689211850195306e+02 1.228038010061486830e+03
6.617916666666666288e+02 1.227788888888888778e+03
6.593505328098709697e+02 1.228191250701065655e+03
6.567512493059410872e+02 1.228338700721821169e+03
6.544589345172031472e+02 1.228744728079911283e+03
6.529018404907975537e+02 1.228997769102063558e+03
6.527446575342465849e+02 1.228836164383561709e+03
6.527656163626312491e+02 1.228427860696517428e+03
6.528646239554317390e+02 1.228156545961002848e+03
6.527393705135284563e+02 1.227768083931529645e+03
6.519548494983278033e+02 1.227876254180602018e+03
6.498411111111111040e+02 1.228338333333333367e+03
6.477356064840693080e+02 1.228924538848518750e+03
6.464655647382919597e+02 1.229154820936639226e+03
6.460215231788079109e+02 1.229337196467991134e+03
6.464466446644664757e+02 1.229165566556655676e+03
6.473790055248618955e+02 1.228579005524861941e+03
6.486347537354731685e+02 1.228121748754842201e+03
6.497186459489456638e+02 1.227586015538290894e+03
6.498179800221975029e+02 1.227497780244173100e+03
6.489105555555555611e+02 1.228176111111111140e+03
6.481733333333332894e+02 1.228527777777777828e+03
6.491351200446678149e+02 1.229356225572305902e+03
