6.471124859392575672e+02 1.231345894263217133e+03
6.461563025210084561e+02 1.231495238095238165e+03
6.466189674523008080e+02 1.230892255892255889e+03
6.478258678611422283e+02 1.230242441209406479e+03
6.494460146975692396e+02 1.229603165630299600e+03
6.511682719546741964e+02 1.228854957507082190e+03
6.529409780775716854e+02 1.228176503653738109e+03
6.547345679012345272e+02 1.227901795735129099e+03
6.556005617977527891e+02 1.227816292134831428e+03
6.562272215973002858e+02 1.227768278965129412e+03
6.558078845086063211e+02 1.228168239866740805e+03
6.548514190317195016e+02 1.228909849749582690e+03
6.531092530657748512e+02 1.229396878483835053e+03
6.513303670745272029e+02 1.229665183537263601e+03
6.499383062254627248e+02 1.230052159282108732e+03
6.488771539744302572e+02 1.229730961645358548e+03
6.484725576289791888e+02 1.229603183315038450e+03
6.483423822714681819e+02 1.229338504155124610e+03
6.483691796008869233e+02 1.229071507760532086e+03
6.493891377379619598e+02 1.228539193729003273e+03
6.510495774647887401e+02 1.228216338028169048e+03
6.530577576443940870e+02 1.228162514156285397e+03
6.555616827743035628e+02 1.228112563956793565e+03
6.577845366685617137e+02 1.228279704377487178e+03
6.606059057353776325e+02 1.228946621237932959e+03
6.630534909909910084e+02 1.229161036036035966e+03
6.645394588500563486e+02 1.229767192784667486e+03
6.652299887260428477e+02 1.230012401352874804e+03
6.656569669837716674e+02 1.230209848908785716e+03
6.657324733595064572e+02 1.230260796410544117e+03
6.642241475684739953e+02 1.229313024035774106e+03
6.598675166297117585e+02 1.228732815964523297e+03
6.581695676586188029e+02 1.228361033127456494e+03
6.562553072625698860e+02 1.228432960893854670e+03
6.552497194163860286e+02 1.228666666666666742e+03
6.549185144124168119e+02 1.229298780487804834e+03
6.552808607021516991e+02 1.230151755379388533e+03
6.568911449520586530e+02 1.230497461928933944e+03
6.586148648648648987e+02 1.230674549549549511e+03
6.608403597526699969e+02 1.230482855536818533e+03
6.631052332195677081e+02 1.230273037542662223e+03
6.649351747463359743e+02 1.229378241262683105e+03
6.659708846584546791e+02 1.228564389697648267e+03
6.661425339366516027e+02 1.227751131221719561e+03
6.650509518477043684e+02 1.227259238521836551e+03
6.635005586592178588e+02 1.227045251396648155e+03
6.617800668151447780e+02 1.227006124721603555e+03
6.593486547085201437e+02 1.228071188340807112e+03
6.560629877369008227e+02 1.229021181716833780e+03
6.538416945373467115e+02 1.230167224080267488e+03
6.517529215358931651e+02 1.230663327768502995e+03
6.500824972129320258e+02 1.231701783723522794e+03
6.490990379173740621e+02 1.232368421052631675e+03
6.485117318435753759e+02 1.231982122905027836e+03
6.489651685393258731e+02 1.231496629213483175e+03
6.499305634604439774e+02 1.230754695503699395e+03
6.515426312817617145e+02 1.229995482778091400e+03
6.535139760410723966e+02 1.229395892755276691e+03
6.551073636874648400e+02 1.228365935919055573e+03
6.566075238629982778e+02 1.228121841661987673e+03
6.578128886376483706e+02 1.228159977388354946e+03
6.581399548532731387e+02 1.228313769751692917e+03
6.569140145170296137e+02 1.229447236180904611e+03
