6.532649191299498170e+02 1.226372002230898033e+03
6.515418963616317569e+02 1.226244762954795988e+03
6.501943207126948892e+02 1.226236080178173779e+03
6.494192837465565162e+02 1.226242424242424249e+03
6.496223698781838038e+02 1.226228682170542697e+03
6.503868289983397517e+02 1.226377974543442178e+03
6.511928451648965392e+02 1.227114589155953126e+03
6.517186629526462411e+02 1.227256267409470865e+03
6.524514862591138353e+02 1.228051598429613023e+03
6.541343115124153655e+02 1.228805869074492193e+03
6.557439775910364688e+02 1.229329971988795478e+03
6.574341957255343232e+02 1.230282902137232895e+03
6.590877993158494519e+02 1.231473204104903061e+03
6.600895607529948848e+02 1.232317170564746220e+03
6.602191235059760857e+02 1.233010813887307904e+03
6.594146614437604512e+02 1.233573027420257404e+03
6.581109224674589768e+02 1.233938313525749891e+03
6.569546228020419676e+02 1.234187748156551379e+03
6.565025069637882780e+02 1.233496378830083586e+03
6.562581552305962305e+02 1.233133295838020331e+03
6.556042363433667788e+02 1.232164994425864052e+03
6.553649103139013050e+02 1.231628923766816115e+03
6.551503119682359966e+02 1.231135564378899517e+03
6.548561759729271898e+02 1.230238014664410684e+03
6.541678004535147011e+02 1.229954081632653015e+03
6.535492638731597026e+02 1.229672706681766613e+03
6.530084411930218948e+02 1.229187957231288692e+03
6.523916713562183531e+02 1.229149690489589148e+03
6.522100508187464811e+02 1.229518351214003360e+03
6.519132882882882996e+02 1.229719594594594582e+03
6.512068577852726321e+02 1.230046093310848846e+03
6.508607666290868110e+02 1.230868094701240125e+03
6.514081632653061433e+02 1.231242630385487473e+03
6.527694050991501626e+02 1.231521813031161400e+03
6.541119318181818016e+02 1.232245454545454550e+03
6.556696986924389421e+02 1.232934053439454146e+03
6.574151050539466041e+02 1.233114139693356037e+03
6.591540664375716005e+02 1.233541809851088146e+03
6.603850541928122766e+02 1.233447803764974424e+03
6.606183162684868648e+02 1.233362343572241116e+03
6.601979405034325055e+02 1.233544050343249410e+03
6.593094017094017545e+02 1.233308262108262170e+03
6.584507683551507853e+02 1.233117814456459882e+03
6.577037246049661690e+02 1.232485327313769858e+03
6.568800454803865705e+02 1.232007390562819864e+03
6.564278438030560210e+02 1.231498019241652628e+03
6.559192372406057530e+02 1.231114974761637768e+03
6.555869809203142040e+02 1.230388888888888914e+03
6.551806342015854625e+02 1.229826727066817739e+03
6.549763912310286287e+02 1.229177065767285058e+03
6.547337845459672963e+02 1.228978003384094791e+03
6.552007874015747575e+02 1.228256467941507253e+03
6.557120181405895210e+02 1.227863378684807230e+03
6.561191562143671945e+02 1.227850627137970378e+03
6.559763513513513544e+02 1.227931306306306396e+03
6.549585201793721581e+02 1.228212443946188387e+03
6.540944350758853716e+02 1.228718943226531792e+03
6.537550111358574441e+02 1.229310690423162669e+03
6.535693673695893722e+02 1.229688124306326245e+03
6.542488839285714448e+02 1.230152343750000000e+03
6.559502515371716527e+02 1.230533817775293528e+03
6.572283776144714693e+02 1.230877897117015209e+03
6.583021947101857450e+02 1.231006190208216140e+03
6.590676056338028275e+02 1.231110985915492847e+03
6.596271757439640169e+02 1.230990454800673888e+03
6.600544835414301588e+02 1.230620317820658329e+03
6.608015651201789069e+02 1.230309670206819419e+03
6.610694522868435570e+02 1.230049124788255313e+03
6.597749860413176748e+02 1.229068118369625836e+03
6.575880398671096145e+02 1.228527685492801766e+03
6.557204182718767242e+02 1.227746285085305544e+03
6.539415011037527847e+02 1.227036423841059559e+03
6.520110436223080796e+02 1.226302595251242337e+03
6.505176918889493436e+02 1.225556341861730971e+03
6.495019262520638677e+02 1.225041276829939534e+03
6.494782608695652470e+02 1.225069345074298326e+03
6.502833240379252402e+02 1.225195761293920896e+03
6.519023849140321545e+02 1.225237936772046623e+03
6.529900826446280462e+02 1.225602203856749384e+03
6.538520352035203587e+02 1.225713421342134325e+03
6.546897506925207608e+02 1.226273684210526426e+03
6.552908587257617228e+02 1.227088088642659386e+03
6.554048538334252498e+02 1.227680639823496904e+03
6.554650776053215395e+02 1.228435698447893628e+03
6.555476059438634593e+02 1.228683544303797362e+03
6.560066740823136797e+02 1.229315906562847658e+03
6.565909339158929470e+02 1.229458219552157288e+03
6.567484831770545952e+02 1.229614451185879716e+03
6.567505494505494426e+02 1.229593956043956041e+03
6.570171745152354106e+02 1.229714681440443201e+03
6.576759002770082816e+02 1.229309141274238300e+03
6.585293466223698715e+02 1.228881506090808443e+03
6.586982806433721862e+02 1.228387687188019981e+03
6.581500833796553707e+02 1.228147304057809833e+03
6.573996683250414890e+02 1.227584300718629038e+03
6.563712541620421916e+02 1.227172586015538400e+03
6.543494771601541515e+02 1.226605943863511357e+03
6.524438943894389240e+02 1.226345984598459836e+03
6.511100055279159733e+02 1.226508015478164680e+03
6.497434354485776566e+02 1.226721006564551317e+03
6.497189041095890616e+02 1.227038904109589112e+03
6.504462305986696720e+02 1.227411308203991211e+03
6.509767184035476930e+02 1.227437915742793848e+03
6.513548746518106327e+02 1.227886908077994349e+03
6.519764573991030829e+02 1.228286434977578438e+03
6.539565462753949987e+02 1.229072234762979633e+03
6.557541993281074610e+02 1.229586226203807428e+03
6.576455203116305483e+02 1.230245965498052328e+03
6.591996596710152971e+02 1.231003403289846801e+03
6.602911036036035739e+02 1.232168355855855907e+03
6.605124930594114403e+02 1.232364797334814057e+03
6.602625352112676183e+02 1.233139154929577444e+03
6.593301675977653531e+02 1.233356424581005513e+03
6.586150837988826652e+02 1.233225698324022460e+03
6.582295173961840646e+02 1.232599326599326560e+03
