6.563196448390676778e+02 1.228986681465038828e+03
6.548980154355016339e+02 1.228671995589856579e+03
6.532566371681415376e+02 1.228755530973451414e+03
6.525416893732970038e+02 1.228723705722070918e+03
6.531156387665198508e+02 1.228826541850220337e+03
6.548945334069575210e+02 1.228700717835449950e+03
6.557825607064017959e+02 1.228563465783664469e+03
6.556804407713498222e+02 1.228322314049586794e+03
6.546554760594386835e+02 1.229032471106218964e+03
6.534180418041804614e+02 1.229575907590759016e+03
6.533811610076670604e+02 1.229192771084337437e+03
6.543834254143646376e+02 1.228875690607734896e+03
6.556389041095890207e+02 1.229016438356164372e+03
6.563305415968732177e+02 1.228797319932998334e+03
6.553906510851419398e+02 1.229198664440734547e+03
6.536397583745194879e+02 1.229236133992311807e+03
6.525350492880613729e+02 1.229286966046002135e+03
6.526461538461538794e+02 1.229364285714285643e+03
6.538203856749311171e+02 1.229175206611570275e+03
6.551873601789709483e+02 1.229281319910514640e+03
6.555207756232687188e+02 1.229085872576177280e+03
6.546573770491803543e+02 1.229228961748633992e+03
6.530912610619468524e+02 1.229410951327433622e+03
6.522588105726872527e+02 1.229524229074889945e+03
