6.573701047986762660e+02 1.228395477109762851e+03
6.602011019283746691e+02 1.228809366391184540e+03
6.618135313531353177e+02 1.229193069306930738e+03
6.625252192982455881e+02 1.229803179824561312e+03
6.629762824048538050e+02 1.230202978488692679e+03
6.628337889557135441e+02 1.230290869327501468e+03
6.621033534909290665e+02 1.230820230896096746e+03
6.609879120879120364e+02 1.230926373626373561e+03
6.599873626373625939e+02 1.230624725274725279e+03
6.587583561643835992e+02 1.230579178082191675e+03
6.568158469945354909e+02 1.230307103825136664e+03
6.549901098901099203e+02 1.230056043956044050e+03
6.536393889798144983e+02 1.229336061102018448e+03
6.518407851690294592e+02 1.228549073064340291e+03
6.499388858842617083e+02 1.228382368848025862e+03
6.484340239912759216e+02 1.228212104689203898e+03
6.479648077964266122e+02 1.227734163508391930e+03
6.484362745098038658e+02 1.227538126361655713e+03
6.490439077936333661e+02 1.227360592755214157e+03
6.505502183406113090e+02 1.227325873362445463e+03
6.518138006571741698e+02 1.227259583789704266e+03
6.535653846153845734e+02 1.227779120879120910e+03
6.549818581638262458e+02 1.228144584936778529e+03
6.572557358701734529e+02 1.228734750979294859e+03
6.600621876735146998e+02 1.229124930594114403e+03
6.624112769485903982e+02 1.229459922609176374e+03
6.633740245261984683e+02 1.230188963210702241e+03
6.637149917627676814e+02 1.230237232289950498e+03
