6.547920305676856287e+02 1.228504366812227090e+03
6.560700110253583262e+02 1.228485667034178505e+03
6.569565217391303804e+02 1.229129319955406800e+03
6.576183121897407773e+02 1.229278543849972493e+03
6.583216666666667152e+02 1.229505000000000109e+03
6.589650582362728528e+02 1.228932889628397106e+03
6.595652415324819913e+02 1.229009439200444149e+03
6.595687361419069248e+02 1.228980044345898023e+03
6.592363433667781010e+02 1.229285953177257625e+03
6.586434830230010675e+02 1.229269441401971562e+03
6.587010989010989306e+02 1.229239560439560364e+03
6.592527839643652214e+02 1.229267817371937554e+03
6.592518146286990941e+02 1.229169737576772832e+03
6.587882808181315113e+02 1.228858485351022637e+03
6.585921416712783412e+02 1.228962368566685200e+03
6.583372483221476159e+02 1.229046979865771846e+03
6.577637969094922710e+02 1.228967991169977950e+03
6.565990071704356978e+02 1.229113072255929410e+03
6.546873626373626394e+02 1.229135164835164915e+03
6.536198895027624758e+02 1.229005524861878484e+03
6.531794166208035222e+02 1.228936158503026945e+03
6.532738359201773619e+02 1.228691241685144178e+03
6.537006578947368780e+02 1.228410087719298190e+03
6.538995084653195136e+02 1.228450573457127348e+03
6.538305084745762770e+02 1.228952433023510139e+03
6.536892408519934179e+02 1.229077007099945376e+03
6.532683600220872222e+02 1.229010491441192698e+03
6.532897664071190320e+02 1.228926585094549409e+03
6.543281423804227188e+02 1.228870411568409281e+03
6.557127132636213673e+02 1.228853054485415441e+03
6.566121546961326203e+02 1.228727071823204369e+03
6.573699164345404142e+02 1.229193314763231228e+03
6.579569773855488393e+02 1.229334804191947114e+03
6.592491601343784851e+02 1.229002799552071565e+03
