6.610484409799554442e+02 1.230488864142538887e+03
6.632898712926693179e+02 1.230289871292669204e+03
6.653841807909604995e+02 1.230225988700565040e+03
6.681647919010123360e+02 1.229856580427446488e+03
6.700158640226628677e+02 1.229803399433427785e+03
6.700748031496062822e+02 1.229611923509561393e+03
6.698772321428571104e+02 1.229934709821428669e+03
6.699742152466367315e+02 1.229888452914798108e+03
6.700061763054463881e+02 1.229774284110050530e+03
6.692256612267867695e+02 1.229716938660664027e+03
6.678983333333333121e+02 1.229197777777777674e+03
6.685585785674625185e+02 1.229647418101054882e+03
6.682473537604456624e+02 1.229631754874651733e+03
6.665927977839335199e+02 1.229361218836565058e+03
6.651160313901344807e+02 1.229352017937219671e+03
6.636814897165091907e+02 1.228695942190105598e+03
6.616357022943481070e+02 1.228706771124790066e+03
6.592665173572228241e+02 1.229170772676371826e+03
6.567186629526462411e+02 1.229593314763231092e+03
6.536594081518704797e+02 1.230226689000558281e+03
6.505317725752507840e+02 1.230304905239687741e+03
6.483123948401570260e+02 1.229455412226584485e+03
6.469632721202003722e+02 1.228745130773511391e+03
6.462898712926693179e+02 1.228125349748181407e+03
6.456318711826762637e+02 1.227997779011660214e+03
6.448853820598006905e+02 1.227682170542635731e+03
6.442277008310248902e+02 1.227516897506925261e+03
6.431833890746934230e+02 1.227476588628762556e+03
6.421834811529932949e+02 1.227466186252771649e+03
6.415905817174515278e+02 1.227887534626038814e+03
6.414212555066079631e+02 1.228211453744493383e+03
6.415197802197802730e+02 1.228282417582417565e+03
6.426221606648199440e+02 1.228649307479224490e+03
6.432116666666667015e+02 1.228464999999999918e+03
6.442136894824708406e+02 1.228306622148024417e+03
6.462811626607043536e+02 1.228243152599217410e+03
6.483701007838745909e+02 1.228178051511758213e+03
6.502485970819303702e+02 1.228006172839506235e+03
6.514389697648376796e+02 1.228326987681970877e+03
6.529484015703869773e+02 1.228938306225462611e+03
6.544746235359732509e+02 1.229211935303959763e+03
6.561030405405405190e+02 1.229106981981982017e+03
6.586362612612612111e+02 1.229032657657657637e+03
6.623743676222596832e+02 1.228545812254075372e+03
6.652863559797866628e+02 1.228248175182481646e+03
6.671087936865840220e+02 1.228342164599774605e+03
6.690692957746479124e+02 1.228278309859154888e+03
6.703329564725834189e+02 1.228100621820237393e+03
6.705913488901536539e+02 1.228291974957313641e+03
6.701777529346003348e+02 1.228204583566238171e+03
6.701517857142856656e+02 1.228366071428571331e+03
6.689230343300110917e+02 1.228362126245847094e+03
