6.545120178870877226e+02 1.230304080491894865e+03
6.563591628959276250e+02 1.230195135746606411e+03
6.582849035187286972e+02 1.229945516458569728e+03
6.604124929656725271e+02 1.229638716938660764e+03
6.627860360360360801e+02 1.229313626126126110e+03
6.649720638540478603e+02 1.229264538198403670e+03
6.652306378132118425e+02 1.228936788154897386e+03
6.641091011871113778e+02 1.228596947427925443e+03
6.612931228861330055e+02 1.228753100338218701e+03
6.589849162011173576e+02 1.229073743016759863e+03
6.568942361499720164e+02 1.229148852825965378e+03
6.545758082497212627e+02 1.229753065774805009e+03
6.532847533632286741e+02 1.229913677130044789e+03
6.529334451901565899e+02 1.229846756152125181e+03
6.534630459126540245e+02 1.229726203807390903e+03
6.550566893424036152e+02 1.229409297052154216e+03
6.568388009049773473e+02 1.228830316742081550e+03
6.590345022624434250e+02 1.228164027149321328e+03
6.604846416382252983e+02 1.228043799772468674e+03
6.610716704288938672e+02 1.227351015801354379e+03
6.609848484848484986e+02 1.227310886644220091e+03
6.597318029115341460e+02 1.227287234042553109e+03
6.577876557191392521e+02 1.227977349943374747e+03
6.551618141097424086e+02 1.228533034714445648e+03
6.530911633109619743e+02 1.229145973154362309e+03
6.526008993816750490e+02 1.229453063518830731e+03
6.529910614525139181e+02 1.229605586592178724e+03
6.537271708683473435e+02 1.230047619047619037e+03
6.551575963718820503e+02 1.230126417233560005e+03
6.567655367231637911e+02 1.229931073446327673e+03
6.583035107587769517e+02 1.229818799546998889e+03
6.595823496346262118e+02 1.229186621697582950e+03
6.601649659863945772e+02 1.228798752834467223e+03
6.598914988814317439e+02 1.228344519015659898e+03
6.590857467348097316e+02 1.228181714934696174e+03
6.562716468590831482e+02 1.227549518958687031e+03
6.532243984331281581e+02 1.227313374370453175e+03
6.502932584269663039e+02 1.227224719101123583e+03
6.477511286681715319e+02 1.227041196388261824e+03
6.465122630992195809e+02 1.227218506131549702e+03
6.466983146067415191e+02 1.227057865168539365e+03
6.486550951847704027e+02 1.227311870100783835e+03
6.511286516853932653e+02 1.227087078651685488e+03
6.538733183856502365e+02 1.227390695067264687e+03
6.568546478873239494e+02 1.227693521126760515e+03
6.591629502572899355e+02 1.227957118353344868e+03
6.610267349260523133e+02 1.228226962457337777e+03
6.621988700564971850e+02 1.228264406779660931e+03
6.611525808281338641e+02 1.228715825297787887e+03
6.591197063805759626e+02 1.229061547148503678e+03
6.563553441522103640e+02 1.229124230554001088e+03
6.543351862145636915e+02 1.229270150083379576e+03
6.529316286826013993e+02 1.229500833796553707e+03
6.526495535714285552e+02 1.229378348214285779e+03
6.528608305274972281e+02 1.229134118967452196e+03
6.531582774049217051e+02 1.228492170022371283e+03
6.535598669623059322e+02 1.228063747228381317e+03
6.555192200557103206e+02 1.227278551532033362e+03
6.574748322147651152e+02 1.226888143176733820e+03
6.591717514124293302e+02 1.226739548022598910e+03
6.594994298745724564e+02 1.226890535917901843e+03
6.591537162162162531e+02 1.227240990990990895e+03
6.576416901408450713e+02 1.228042816901408514e+03
6.554709784411277269e+02 1.228357103372028632e+03
6.534894795127353291e+02 1.229239202657807255e+03
6.521748329621381117e+02 1.229972717149220443e+03
6.517522172949002197e+02 1.230527716186252746e+03
6.519827490261546927e+02 1.230489148580968276e+03
6.535047091412742475e+02 1.230608864265927878e+03
6.555974316024567088e+02 1.230420993858179827e+03
6.575112866817155464e+02 1.230334650112866711e+03
6.597959527824621091e+02 1.229692523889825679e+03
6.625079006772009507e+02 1.229494356659142113e+03
6.641158192090395005e+02 1.229248587570621567e+03
6.641496329757198964e+02 1.229390175042349028e+03
6.622094594594594810e+02 1.229220157657657637e+03
6.594870056497175028e+02 1.229440677966101703e+03
6.568156267566048427e+02 1.229740865654862318e+03
6.541869369369369451e+02 1.230416103603603688e+03
6.516978417266186625e+02 1.230280022136137177e+03
6.502622767857143344e+02 1.230508928571428669e+03
