6.667882022471910659e+02 1.227701123595505578e+03
6.695977653631284738e+02 1.227297206703910661e+03
6.723688340807175337e+02 1.227133968609865406e+03
6.734755011135857785e+02 1.227428173719376446e+03
6.734264297612437531e+02 1.227505274847306964e+03
6.724124513618677383e+02 1.228101167315175189e+03
6.709011049723757196e+02 1.228303867403314825e+03
6.688083333333332803e+02 1.228291111111111150e+03
6.646318711826762637e+02 1.228544142143253794e+03
6.597687150837988384e+02 1.229540223463687198e+03
6.556076233183856630e+02 1.229821188340807112e+03
6.513384785005512185e+02 1.230390848952590886e+03
6.471463550361713715e+02 1.230799666110183580e+03
6.436986072423397900e+02 1.231118662952646218e+03
6.408039757040309041e+02 1.231239094422970766e+03
6.390386100386100452e+02 1.231356867071152692e+03
6.381199333703498269e+02 1.231446973903387061e+03
6.379839513004980063e+02 1.231280575539568417e+03
6.395550611790878293e+02 1.230786985539488342e+03
6.420149999999999864e+02 1.230402777777777828e+03
6.446493868450389755e+02 1.229553511705685651e+03
6.481943820224719275e+02 1.229432584269662811e+03
6.523694196428571104e+02 1.229299665178571331e+03
6.568731218697829490e+02 1.228727323316638831e+03
6.613968609865470398e+02 1.228272982062780329e+03
6.652675660483417914e+02 1.228217537942664421e+03
6.685282167042889796e+02 1.227914221218961529e+03
6.707846068660022638e+02 1.227200442967884783e+03
6.723651241534988685e+02 1.227821670428893867e+03
6.723184606804238683e+02 1.228448968209704390e+03
