6.535016722408026908e+02 1.229122073578595291e+03
6.532756124721603328e+02 1.228928730512249331e+03
6.533759776536312529e+02 1.228905027932960820e+03
6.546237402015677844e+02 1.229131019036954058e+03
6.564244644870349248e+02 1.229617249154453248e+03
6.574371830985915039e+02 1.230252394366197223e+03
6.580755681818181984e+02 1.231071022727272748e+03
6.589355932203390012e+02 1.231397740112994370e+03
6.598704751131222110e+02 1.231640271493212595e+03
6.609783968163729924e+02 1.232064241046048892e+03
6.610335227272727252e+02 1.232234659090909190e+03
6.599432584269662811e+02 1.232175842696629161e+03
6.587886453063518957e+02 1.232102866779089481e+03
6.575839375348577960e+02 1.231522587841606310e+03
6.564243604004449253e+02 1.230616240266963359e+03
6.559653824678949832e+02 1.229959240647682918e+03
6.561131019036954513e+02 1.229318589025755955e+03
6.557337047353760227e+02 1.228991643454038922e+03
6.548754189944133941e+02 1.228706703910614578e+03
6.540659586361095990e+02 1.228430967020681919e+03
6.540701065619741712e+02 1.228440830061693759e+03
6.542219730941703801e+02 1.228576233183856402e+03
6.546327905670971177e+02 1.229377316114542282e+03
6.541256309590577303e+02 1.229824453168816490e+03
6.528731134712129460e+02 1.230448295136947991e+03
6.527184897279289544e+02 1.231355358134369908e+03
6.530887640449437868e+02 1.231484269662921406e+03
6.534845592363840296e+02 1.232031443009545228e+03
6.534253647586980378e+02 1.232237373737373673e+03
6.537140458869613440e+02 1.232170677112479098e+03
6.543556555993246775e+02 1.231899268429938047e+03
6.550672316384180931e+02 1.231327683615819296e+03
6.560629251700680697e+02 1.230893990929705296e+03
6.568433802816900879e+02 1.230291830985915567e+03
6.568888888888889142e+02 1.229549915397631139e+03
6.561481062747315036e+02 1.229526851328434077e+03
6.548745098039215691e+02 1.229305322128851458e+03
6.540095666854248293e+02 1.229253235790658437e+03
6.528490776970375009e+02 1.229401900503074330e+03
6.510949971894323198e+02 1.229281618887015156e+03
6.490022209883397863e+02 1.229758467518045563e+03
6.461804553026096301e+02 1.230365907828983836e+03
6.466655555555555566e+02 1.230480000000000018e+03
6.477064425770307707e+02 1.230804481792717070e+03
6.486981553940748881e+02 1.230675237562884377e+03
6.500261512222854208e+02 1.230990335417851156e+03
6.520051311288483475e+02 1.230839794754846025e+03
6.540237691001698295e+02 1.230323146576117779e+03
6.555537422622397798e+02 1.230294316263365317e+03
6.567326565143823700e+02 1.229966723068245983e+03
6.571817155756207285e+02 1.229679458239277665e+03
6.561748878923766597e+02 1.229632286995515642e+03
6.547565459610027574e+02 1.229893036211699155e+03
6.539107640825432100e+02 1.229950920245398720e+03
6.535030538589672915e+02 1.229887284841754536e+03
6.535363283416528475e+02 1.230265668330560175e+03
6.533968871595330938e+02 1.230773207337409758e+03
6.530005571030640112e+02 1.231070752089136477e+03
6.531300448430492906e+02 1.231318946188340760e+03
6.537356705620478579e+02 1.231400111296605473e+03
6.553128868880135087e+02 1.231528418683173868e+03
6.562430908065425683e+02 1.231387478849407671e+03
6.567168742921857074e+02 1.231103624009060013e+03
6.568158783783783292e+02 1.230625563063063055e+03
6.566221606648199440e+02 1.230400554016620390e+03
6.558999999999999773e+02 1.230140000000000100e+03
6.554596998332407338e+02 1.229703724291272920e+03
6.550204532891100371e+02 1.229328358208955251e+03
6.544352159468438686e+02 1.229005537098560353e+03
6.543225806451613380e+02 1.229073414905450591e+03
6.544331669439822008e+02 1.229277870216306155e+03
6.554634690462911522e+02 1.229557724484104938e+03
6.572459016393443108e+02 1.230319389485585134e+03
6.582457337883959099e+02 1.231157565415244562e+03
6.586376404494382086e+02 1.231748876404494467e+03
6.593761210762331757e+02 1.232145739910313978e+03
6.602385528547201829e+02 1.232357829282080274e+03
6.613549107142856656e+02 1.232603236607142890e+03
6.610185915492958202e+02 1.232560563380281792e+03
6.600532809871003792e+02 1.232574873808188386e+03
6.589898705683737035e+02 1.232294316263365317e+03
6.569927657206454796e+02 1.230800779076238086e+03
