6.188537658053875248e+02 1.236165475536008898e+03
6.200049806308799134e+02 1.236148865522966162e+03
6.246655499720826583e+02 1.235651591289782345e+03
6.325550484883057152e+02 1.233742726754135674e+03
6.427498528546203715e+02 1.231151854031783387e+03
6.517626412849493818e+02 1.229095181439619182e+03
6.616288416075650503e+02 1.226305555555555657e+03
6.699841827768013900e+02 1.223146455770357306e+03
6.746358885017422153e+02 1.221744483159117408e+03
6.781013824884793166e+02 1.220547811059907872e+03
6.770367816091953728e+02 1.220192528735632095e+03
6.724750146972369294e+02 1.221643151087595470e+03
6.637703180212014331e+02 1.224048881036513649e+03
6.530832335329341731e+02 1.226381437125748562e+03
6.433757292882147567e+02 1.228816219369894952e+03
6.336784909909910084e+02 1.231422860360360346e+03
6.274432071269487778e+02 1.233845768374164891e+03
6.248325966850828763e+02 1.235001104972375742e+03
6.258873007146784175e+02 1.235258383727322780e+03
6.304468802698145282e+02 1.235518830803822311e+03
6.376938895417156346e+02 1.234467097532314938e+03
6.480138969310943367e+02 1.232887087434858131e+03
6.594526503871352361e+02 1.230424061941631862e+03
6.682850270595309894e+02 1.227975947083583833e+03
6.777210123602119438e+02 1.225001177163037028e+03
6.854721407624633684e+02 1.222577712609970604e+03
6.884922636103151490e+02 1.221162750716332312e+03
6.873084922010398259e+02 1.220717504332755652e+03
6.829303540336621836e+02 1.220941381311665737e+03
6.758460176991150092e+02 1.222533333333333303e+03
6.656847953216374663e+02 1.224900584795321720e+03
6.459266743648960301e+02 1.230653002309468775e+03
6.366108905275099232e+02 1.233799205899035769e+03
6.308596587782058123e+02 1.235233902036323570e+03
6.290992789794786404e+02 1.236908485856905145e+03
6.305138274336283075e+02 1.236987831858407162e+03
6.350700455580865764e+02 1.235977220956719748e+03
6.426245593419506577e+02 1.234421856639247835e+03
6.526026682134570365e+02 1.232310904872389756e+03
6.636529024536206407e+02 1.229192698982645197e+03
6.726583924349881727e+02 1.225952127659574444e+03
6.802989510489510394e+02 1.223910839160839259e+03
6.848309290248124626e+02 1.221561454125793489e+03
6.852025685931115504e+02 1.220789842381786229e+03
6.815810415447630248e+02 1.221167349327091870e+03
6.739259039715470863e+02 1.222810906935388175e+03
6.643626506024096443e+02 1.224689156626506019e+03
6.518291814946619525e+02 1.228048042704626369e+03
6.395008880994671472e+02 1.230858496151568943e+03
6.304327146171693812e+02 1.232632830626450186e+03
6.214170454545454731e+02 1.234686363636363694e+03
6.167410228509248782e+02 1.235833514689880303e+03
6.165730519480518979e+02 1.235935606060606005e+03
6.198915929203540145e+02 1.235704092920354014e+03
6.280160642570281198e+02 1.234052208835341389e+03
6.372549490101979472e+02 1.232215956808638339e+03
6.485599051008304059e+02 1.229947212336892107e+03
6.596617033948779181e+02 1.226396664681358061e+03
6.680743362831858576e+02 1.223861356932153285e+03
6.741610660486674078e+02 1.222015643105446088e+03
6.766243597040410123e+02 1.220704610130904939e+03
6.734222604704532387e+02 1.221167527251864612e+03
