6.464018743109151046e+02 1.229490628445424363e+03
6.467245240761478726e+02 1.230026875699888024e+03
6.476821748878924154e+02 1.230073991031390051e+03
6.488416945373467115e+02 1.230236343366778101e+03
6.497376320177876323e+02 1.230470817120622542e+03
6.511396522714526327e+02 1.230317442512619209e+03
6.529229910714285552e+02 1.230285714285714221e+03
6.547529150471959838e+02 1.230410327595780018e+03
6.564430871737923781e+02 1.230208772903942190e+03
6.582921535893154896e+02 1.230304952698942770e+03
6.601925013989927038e+02 1.230318410744264156e+03
6.619410774410774820e+02 1.230175645342312009e+03
6.629208913649025590e+02 1.229976044568245015e+03
6.634240896358543296e+02 1.229839775910364096e+03
6.638930957683741099e+02 1.230032850779509999e+03
6.641960563380281428e+02 1.229658591549295807e+03
6.648369504730105746e+02 1.229340011129660525e+03
6.652533632286995271e+02 1.229210762331838623e+03
6.651367713004484585e+02 1.229143497757847626e+03
6.644689234184239695e+02 1.229234739178690234e+03
6.637253171538885681e+02 1.229294539437396679e+03
6.631956400223588162e+02 1.229362772498602681e+03
6.611778900112233259e+02 1.229127384960718246e+03
6.600190796857463056e+02 1.229255331088664434e+03
6.585912610619468524e+02 1.229026548672566378e+03
6.567743902439024168e+02 1.229248337028824835e+03
6.545542570951586185e+02 1.229099610461880957e+03
6.528257956448911727e+02 1.229290898939140106e+03
6.511395739910313978e+02 1.229143497757847626e+03
6.498990011098778723e+02 1.229384017758046639e+03
6.486153421633554217e+02 1.229226821192052967e+03
6.475423822714681137e+02 1.229660941828254863e+03
6.462614269788182355e+02 1.229844481605351120e+03
6.457310690423162214e+02 1.229868596881960002e+03
6.463742399115533317e+02 1.229903261470425605e+03
6.463629794330183813e+02 1.229995553085047277e+03
6.463569844789357148e+02 1.230017738359201758e+03
6.466135480288728559e+02 1.230047196002220971e+03
6.468584958217270469e+02 1.230120891364902491e+03
6.475341476957246414e+02 1.230216546363131556e+03
6.486817420435511394e+02 1.230375767727526409e+03
6.494611542730299334e+02 1.230512763596004334e+03
6.507338129496403099e+02 1.230521859435528540e+03
6.530587248322148071e+02 1.230333333333333258e+03
6.570937149270482678e+02 1.230460157126823788e+03
