6.546588170865279608e+02 1.229263417305586017e+03
6.550409745293466131e+02 1.229208194905869277e+03
6.555428100987925291e+02 1.228888583973655386e+03
6.561724327292696444e+02 1.228801208127402560e+03
6.560711135611907139e+02 1.228921168687982345e+03
6.557274229074889718e+02 1.229001651982378917e+03
6.557361187465641024e+02 1.229210005497526026e+03
6.557255225522552564e+02 1.229266226622662316e+03
6.564474408365437057e+02 1.229340671436433695e+03
6.572640044370493797e+02 1.229338879645036059e+03
6.573573806881242945e+02 1.229320754716981128e+03
6.574892086330935399e+02 1.229169341449917056e+03
6.553901098901098976e+02 1.228720879120879090e+03
6.547284623773173280e+02 1.228506543075245418e+03
6.543007186290768686e+02 1.228486456605859530e+03
6.536321271929824661e+02 1.228586622807017648e+03
6.541969026548672446e+02 1.228647123893805201e+03
6.544603087100331322e+02 1.228671444321940498e+03
6.544029768467474923e+02 1.228931091510474062e+03
6.542355875831485719e+02 1.229099778270509887e+03
6.540767531750414037e+02 1.228922142462727834e+03
6.540766685052399225e+02 1.228948703805846662e+03
6.546852260198456861e+02 1.228558985667034221e+03
6.553170460855080819e+02 1.228610216546363063e+03
6.557956164383562054e+02 1.228470684931506867e+03
