6.566215921483096736e+02 1.229878953107960797e+03
6.556412506856829623e+02 1.229622051563356990e+03
6.547610716238381201e+02 1.229275560415527707e+03
6.546314631463146725e+02 1.229249724972497233e+03
6.546019845644983661e+02 1.229227673649393637e+03
6.547942157953281139e+02 1.229158509454950035e+03
6.553148459383753561e+02 1.228615686274509699e+03
6.555437430786267896e+02 1.228295681063122856e+03
6.558179812465526766e+02 1.228280750137892937e+03
6.559189636163175692e+02 1.228404079382579994e+03
6.562699556541019774e+02 1.228631929046563300e+03
6.561863285556780738e+02 1.228994487320837834e+03
6.558970027247955841e+02 1.229100817438692047e+03
6.557632296781232526e+02 1.229243316966721295e+03
6.558449697636064002e+02 1.229244090159428197e+03
6.566894065446477953e+02 1.229615640599001608e+03
6.575169538632574131e+02 1.229744302390216717e+03
6.575944444444444343e+02 1.230110555555555493e+03
6.572125279642058331e+02 1.229982102908277511e+03
6.567652556349643191e+02 1.230152831225948376e+03
6.567053669222343615e+02 1.230174151150054740e+03
6.566964873765093671e+02 1.230220636663007781e+03
6.567078774617067438e+02 1.230003282275711172e+03
6.563291484716156674e+02 1.229740720524017433e+03
6.555835616438356510e+02 1.229445479452054769e+03
6.552569060773480487e+02 1.229674585635359108e+03
6.555036011080331946e+02 1.229684210526315837e+03
6.560431372549019216e+02 1.229894117647058920e+03
6.570672696438665525e+02 1.230004522328999428e+03
6.572201010668163690e+02 1.229659180235822532e+03
6.573237090505274409e+02 1.229625763464741794e+03
6.568883388338833811e+02 1.230119361936193627e+03
6.561474780701754526e+02 1.230105811403508824e+03
6.559703296703296473e+02 1.229969230769230762e+03
6.556562671045429624e+02 1.230308702791461428e+03
6.546010928961749187e+02 1.229866666666666561e+03
6.540720572057206255e+02 1.229551705170517153e+03
6.539505222649808047e+02 1.229785046728972020e+03
6.540611111111111313e+02 1.229728888888888832e+03
6.541907417735639001e+02 1.229356385945342936e+03
