6.511565164433617383e+02 1.233784409257003745e+03
6.512166666666666970e+02 1.234216666666666697e+03
6.515855911330049821e+02 1.234004310344827672e+03
6.520574712643677913e+02 1.233214761040532267e+03
6.523848964677223421e+02 1.233358099878197208e+03
6.523632504548211273e+02 1.233259551243177611e+03
6.523560651780326225e+02 1.233001810500905322e+03
6.521503894547632854e+02 1.232629718394248130e+03
6.518242236024844942e+02 1.233725465838509308e+03
6.516918819188191492e+02 1.233304428044280485e+03
6.516253041362530212e+02 1.232908150851581468e+03
6.513299522673031561e+02 1.232471360381861587e+03
6.510610551274451154e+02 1.232542975696502708e+03
6.508264758497316507e+02 1.232642218246869334e+03
6.508224414303329013e+02 1.234041307028360052e+03
6.507849331713243828e+02 1.233549210206561384e+03
6.504984912492456033e+02 1.234141219070609623e+03
6.503400833829660996e+02 1.233577724836211928e+03
6.502653682288496384e+02 1.233954960438222770e+03
6.500115361262902525e+02 1.233946569520340063e+03
6.501995118974984962e+02 1.233847467968273349e+03
6.511044025157232227e+02 1.234118238993710747e+03
6.517370049504950202e+02 1.233647896039603893e+03
6.517389705882352473e+02 1.233356617647058783e+03
6.515662211421628172e+02 1.233272782503037661e+03
6.516035322777100873e+02 1.233348355663824577e+03
6.513271196632591682e+02 1.233292844257366141e+03
6.513277711561382830e+02 1.232737783075089283e+03
6.512982768865122125e+02 1.232658942364824725e+03
6.516872009569377724e+02 1.232412679425837268e+03
6.520281774580336105e+02 1.232440647482014356e+03
6.521355529131985804e+02 1.232375148632580249e+03
6.521896758703480828e+02 1.232758103241296567e+03
6.523259259259259579e+02 1.233852469135802494e+03
6.523799633475870223e+02 1.234208918753817898e+03
6.523023970497848723e+02 1.234233558696988212e+03
6.521217285453438990e+02 1.234239805234327378e+03
6.518989037758830136e+02 1.234065164433617610e+03
6.514445805266381058e+02 1.234265156154317310e+03
6.512408312958435772e+02 1.234320904645476730e+03
6.512737948084054551e+02 1.234638442521631532e+03
6.513578038247994755e+02 1.234423195558297266e+03
6.514652307692307431e+02 1.234411692307692419e+03
6.516721511273614169e+02 1.234166361974405845e+03
6.519558111380144965e+02 1.233988498789346295e+03
6.520729483282674437e+02 1.234376899696048667e+03
6.521174680462568176e+02 1.234256847230675703e+03
6.521277372262774179e+02 1.234204379562043869e+03
6.521740467404673609e+02 1.234520295202951957e+03
6.522467771639041985e+02 1.234200736648250540e+03
6.523864468864468336e+02 1.234181929181929263e+03
6.523897685749086577e+02 1.233993909866017020e+03
6.523028467595396478e+02 1.234002422774076422e+03
6.521980499695307572e+02 1.234207190737355177e+03
6.521628048780487461e+02 1.234074390243902371e+03
6.521314044605184108e+02 1.233694394213381656e+03
6.522773722627737243e+02 1.233820559610705686e+03
6.522542168674698360e+02 1.233396385542168673e+03
6.524013277006638418e+02 1.233385636692818252e+03
6.527601208459215059e+02 1.233180664652567884e+03
6.529824242424242584e+02 1.233535151515151483e+03
6.531272294887039607e+02 1.233039239001189117e+03
6.532482142857143117e+02 1.233216071428571468e+03
6.532818671454218702e+02 1.233607420706164021e+03
6.536882882882882768e+02 1.233745945945946005e+03
6.535897129186603252e+02 1.233857655502392390e+03
6.536966426858513159e+02 1.233693645083932779e+03
6.538286399041342065e+02 1.233718993409227096e+03
6.539726941747572937e+02 1.234087985436893177e+03
6.540625383200490433e+02 1.234280809319436003e+03
6.540673606858542826e+02 1.234409675443968126e+03
6.545817157169693701e+02 1.234606762680024985e+03
6.552406483790523453e+02 1.234434538653366644e+03
6.559546568627450824e+02 1.233643382352941217e+03
6.562381238725195090e+02 1.232865303668069828e+03
6.570850152905198911e+02 1.233211009174312039e+03
6.579828009828009954e+02 1.233402334152334106e+03
6.586578449905482557e+02 1.233955891619407794e+03
6.598988982501620058e+02 1.234602073882047989e+03
6.610483768300445035e+02 1.234071292170591960e+03
6.619504337050805134e+02 1.233063197026022408e+03
6.625201511335012583e+02 1.233811083123425760e+03
6.631190789473683935e+02 1.234951973684210543e+03
6.638161668839635468e+02 1.234571056062581420e+03
6.644782342121397960e+02 1.233062538320049043e+03
6.648716510903426524e+02 1.233152024922118471e+03
6.653598746081504487e+02 1.233334796238244508e+03
6.655831280788177082e+02 1.232969211822660100e+03
6.658350000000000364e+02 1.233118124999999964e+03
6.661624525916561197e+02 1.233563211125157977e+03
6.665593434343434183e+02 1.233451388888888914e+03
6.667500000000000000e+02 1.232570719602977761e+03
6.668452758402029303e+02 1.233337349397590287e+03
6.667670025188916725e+02 1.233311083123425760e+03
6.667719410634208543e+02 1.234121076233183885e+03
6.671081081081081265e+02 1.235766891891891873e+03
6.671286254728877338e+02 1.233491172761664529e+03
6.673877940241576425e+02 1.233973935155753225e+03
6.673108448928121561e+02 1.233452080706179004e+03
6.670913580246913170e+02 1.232751851851851825e+03
6.669409203980098937e+02 1.232949004975124353e+03
6.670875866414618258e+02 1.233206049149338469e+03
6.670939261114590408e+02 1.233121477770820320e+03
6.670086047940995968e+02 1.232129686539643444e+03
6.671329153605015563e+02 1.233183072100313439e+03
6.666626287098728199e+02 1.232203513022410561e+03
6.662206235011990429e+02 1.232294964028777031e+03
6.658851473241130634e+02 1.232248947684906852e+03
6.656856435643563827e+02 1.233280940594059302e+03
6.653150343106674427e+02 1.233724266999376141e+03
6.652076433121019363e+02 1.234426751592356595e+03
6.648171710932674614e+02 1.233924027177269863e+03
6.647325436408978021e+02 1.233848503740648312e+03
6.644730139478472211e+02 1.233089751364463382e+03
6.645348837209302246e+02 1.233347613219094228e+03
6.643153477218224907e+02 1.232473621103117466e+03
6.643010882708584859e+02 1.232972188633615588e+03
6.642360360360360119e+02 1.233142942942942909e+03
6.642141560798547744e+02 1.233500907441016352e+03
6.640424641148325691e+02 1.233166866028708228e+03
6.638024390243901962e+02 1.234024390243902417e+03
6.636115802171290170e+02 1.233406513872135065e+03
6.633898827884022467e+02 1.234093769278223363e+03
6.633801955990220449e+02 1.233709046454767758e+03
6.634170265268353432e+02 1.233886489821098166e+03
6.634146800501881671e+02 1.234545169385194413e+03
6.633314465408805063e+02 1.235001257861635168e+03
6.632951541850220565e+02 1.234996224040276957e+03
6.632388242498468571e+02 1.234017758726270586e+03
6.638984709480122319e+02 1.233807339449541359e+03
6.647046153846154084e+02 1.233702153846153806e+03
6.651395061728395603e+02 1.233834567901234550e+03
6.654533925174381466e+02 1.234804692454026736e+03
6.657148288973384069e+02 1.235074778200253377e+03
6.662313575525812439e+02 1.235565328234544268e+03
6.663518971848225192e+02 1.234384944920440603e+03
6.668281452658884518e+02 1.236122568093385325e+03
6.669423434593924185e+02 1.234699318040917433e+03
6.662827455919396016e+02 1.235341939546599406e+03
6.647961822660098505e+02 1.234744458128078804e+03
6.634867788461538112e+02 1.234088341346153811e+03
6.624723587223587629e+02 1.234966830466830515e+03
6.620119331742243958e+02 1.233658114558472562e+03
6.617820131030375705e+02 1.233494937462775397e+03
6.614352238805970501e+02 1.233877014925373032e+03
6.611186335403726844e+02 1.235189440993788821e+03
6.606266829865361387e+02 1.235069767441860449e+03
6.603687461395923037e+02 1.235074737492279155e+03
6.603702101359702965e+02 1.235108776266996301e+03
6.602779850746268266e+02 1.235119402985074657e+03
6.601315789473684390e+02 1.234416156670746659e+03
6.600091240875912035e+02 1.234129562043795659e+03
6.598906633906633488e+02 1.234458845208845105e+03
6.598907138344915211e+02 1.235414403032217251e+03
6.600617048346056208e+02 1.235241094147582771e+03
6.600868187579213782e+02 1.235070342205323186e+03
6.602289156626505928e+02 1.233494578313252987e+03
6.607560664112388622e+02 1.235172413793103487e+03
6.609747899159664257e+02 1.233519807923169310e+03
6.610315151515151229e+02 1.233704242424242466e+03
6.609993935718617877e+02 1.233704063068526466e+03
6.608984184914842217e+02 1.233844282238442929e+03
6.607317073170731874e+02 1.232845330160618687e+03
6.607174833635813229e+02 1.233348457350272156e+03
6.609075785582255094e+02 1.233478126925446759e+03
6.610143212951431906e+02 1.233719178082191775e+03
6.612869729389552731e+02 1.234184392699811269e+03
6.614272329793878953e+02 1.234183010618363596e+03
6.613859864781807119e+02 1.233712354025814420e+03
6.620604938271604851e+02 1.233485802469135706e+03
6.623124231242312590e+02 1.233382533825338214e+03
6.626403013182674613e+02 1.234318267419962240e+03
6.625814814814814326e+02 1.233604320987654319e+03
6.625387431360585424e+02 1.233162294081757182e+03
6.624616329036218758e+02 1.233238796807857625e+03
6.626206896551724412e+02 1.234026959247648847e+03
6.624407090464547991e+02 1.233309902200488978e+03
6.625864848109113154e+02 1.233788592684438981e+03
6.623388991960420071e+02 1.234039579468150805e+03
6.618437110834371424e+02 1.234097135740971453e+03
6.615871047737135768e+02 1.234270303781773009e+03
6.616024020227559959e+02 1.234536030341340165e+03
6.617740355174524893e+02 1.233145744029393654e+03
6.621198757763975209e+02 1.233591304347826053e+03
6.620989143546441937e+02 1.232867310012062717e+03
6.620472392638037036e+02 1.233731901840490764e+03
6.616841455891425312e+02 1.233942011104256608e+03
6.611099033816425390e+02 1.233484299516908322e+03
6.609555149299208097e+02 1.233714808043875792e+03
6.606045197740113508e+02 1.235017576898932930e+03
6.599787367104440818e+02 1.234497811131957405e+03
6.593092024539877229e+02 1.233479141104294513e+03
6.585240706886045245e+02 1.233280926264472782e+03
6.576526717557252368e+02 1.234381679389312922e+03
6.566939788950961656e+02 1.233076970825574108e+03
6.558462951622780110e+02 1.233109614206980950e+03
6.548724672228844383e+02 1.232644815256257516e+03
6.543781362007168809e+02 1.233175029868578349e+03
6.543138075313808031e+02 1.232995815899581658e+03
6.542507552870090421e+02 1.233570392749244775e+03
6.541203097081596525e+02 1.233428231089934570e+03
6.538914728682170789e+02 1.233641025641025635e+03
6.535413669064747637e+02 1.233837529976019141e+03
6.533032140691327641e+02 1.233969072164948557e+03
6.529939939939939677e+02 1.233755555555555475e+03
6.527138554216867306e+02 1.233617469879518012e+03
6.525476477683956773e+02 1.233614595898673088e+03
6.524379204892966300e+02 1.234583486238532032e+03
6.522132845825716458e+02 1.234423522242535000e+03
6.520386052303859969e+02 1.234792029887920307e+03
6.520847665847666121e+02 1.234684889434889328e+03
6.521096224116930671e+02 1.234074299634591853e+03
6.521312272174969848e+02 1.233940461725394925e+03
6.521341019417475309e+02 1.233692961165048473e+03
6.518456456456456181e+02 1.233218618618618621e+03
6.513729922665080494e+02 1.233033313503866793e+03
6.513011536126290366e+02 1.233493017607771662e+03
6.511961023142508793e+02 1.233687576126674685e+03
6.512126366950182046e+02 1.233597205346294004e+03
6.511343465045592893e+02 1.233652887537993820e+03
6.511273385636692410e+02 1.233605914302957217e+03
6.510825852782764969e+02 1.233452423698384109e+03
6.512624544349939697e+02 1.233940461725394925e+03
6.514077906269020559e+02 1.233930614729154058e+03
6.514061930783242360e+02 1.233751062537947746e+03
6.514308348567946041e+02 1.233865935405240634e+03
6.514303797468354560e+02 1.233453285111512969e+03
6.517158403869407266e+02 1.233823458282950469e+03
6.518951467944876867e+02 1.233460754943079792e+03
6.519694793536804127e+02 1.233332734889287849e+03
6.519626334519573447e+02 1.233239027283511177e+03
6.520504807692307168e+02 1.233549278846153811e+03
6.520441621294615970e+02 1.233753781004234725e+03
6.517852348993288842e+02 1.234276998169615581e+03
6.513574468085106446e+02 1.234282674772036444e+03
6.512868649318463667e+02 1.234697645600991336e+03
6.512671149144254059e+02 1.234051344743276331e+03
6.514432367149757965e+02 1.233247584541062906e+03
6.519153439153438967e+02 1.232396237507348587e+03
6.525623858794887155e+02 1.233311016433353643e+03
6.527042944785275722e+02 1.233331288343558299e+03
6.527959183673469852e+02 1.233630797773654876e+03
6.524208333333333485e+02 1.232506547619047524e+03
6.520664294187425867e+02 1.231976868327402144e+03
6.520518474374255220e+02 1.232008343265792519e+03
6.520170212765957558e+02 1.232474772036474178e+03
6.517248803827751544e+02 1.231899521531100390e+03
6.512540736270368598e+02 1.232560651780325998e+03
6.509312612074118078e+02 1.232594142259414184e+03
6.507870699881376595e+02 1.232499406880189781e+03
6.505530257639304637e+02 1.232971240263630989e+03
6.502450922070196384e+02 1.233070196311719201e+03
6.501218487394958174e+02 1.233277310924369658e+03
6.498851391355831311e+02 1.232947306098282979e+03
6.496754385964911762e+02 1.232313450292397647e+03
6.496752486834406000e+02 1.232365125804564059e+03
6.503313574392412875e+02 1.232610551274451609e+03
6.512197604790419518e+02 1.232656287425149685e+03
6.512550295857988658e+02 1.232527810650887659e+03
6.512407079646018246e+02 1.232679646017699042e+03
6.511437908496732234e+02 1.232563874034462287e+03
6.510510204081632537e+02 1.233099039615846323e+03
6.508083434099153237e+02 1.233015114873035145e+03
6.507557856272837853e+02 1.233173568818514013e+03
6.510406553398058804e+02 1.233084951456310591e+03
6.511837708830548763e+02 1.232520883054892693e+03
6.514307783719548297e+02 1.232389185977421221e+03
6.518116028708134309e+02 1.232511961722487968e+03
6.520306859205776391e+02 1.233125150421179342e+03
6.521632653061224119e+02 1.233379951980792384e+03
6.522165871121718510e+02 1.233464200477327040e+03
6.521598336304218719e+02 1.233614973262031981e+03
6.520394500896593399e+02 1.233683203825463352e+03
6.518632273545290445e+02 1.233925014997000517e+03
6.518429850746268812e+02 1.233878805970149187e+03
6.518322309079975412e+02 1.233926037282020388e+03
6.518410876132930980e+02 1.234108761329305025e+03
6.518919247115968574e+02 1.234406193078324122e+03
6.519770253929866612e+02 1.234377871825876582e+03
6.520523114355231655e+02 1.234693430656934197e+03
6.520542495479204490e+02 1.234475587703435849e+03
6.520896341463414956e+02 1.234869512195121843e+03
6.521196319018405347e+02 1.235263190184049108e+03
