7.160714729645742409e+02 1.209226848974518362e+03
7.071269254467035807e+02 1.207194085027726487e+03
6.947826086956521294e+02 1.207786335403726753e+03
6.800377708978328428e+02 1.210466873065015534e+03
6.627065544197233748e+02 1.215105231509320447e+03
6.435434516523868069e+02 1.220935128518971851e+03
6.257705212702217068e+02 1.225512282804074403e+03
6.077672413793103487e+02 1.231770114942528835e+03
5.897324749642345978e+02 1.242645922746781025e+03
5.775638989169675597e+02 1.247151624548736436e+03
5.698424068767908466e+02 1.250287965616045767e+03
5.679336188436831208e+02 1.250887937187723082e+03
5.712278839348903148e+02 1.251145789101203036e+03
5.794918032786885078e+02 1.249088902900378343e+03
6.124879005886200503e+02 1.243714192282537624e+03
6.325898241206029979e+02 1.242799623115577788e+03
6.545837468982630298e+02 1.239144540942927961e+03
6.737658142664872685e+02 1.236915881561238166e+03
6.892591671845866585e+02 1.232101305158483456e+03
7.037148437500000000e+02 1.226998697916666742e+03
7.135726439790576023e+02 1.222410994764397856e+03
7.211507633587785904e+02 1.218244910941475837e+03
7.230830235439900662e+02 1.214344485749690193e+03
7.193966271080574870e+02 1.211698313554028800e+03
7.121493184634448426e+02 1.208635687732341921e+03
7.018454935622318089e+02 1.207860208461066804e+03
6.896277915632754230e+02 1.209450372208436647e+03
6.730647699757869304e+02 1.213022397094430971e+03
6.371319574734209255e+02 1.222868667917448420e+03
