6.474379157427938480e+02 1.229457317073170771e+03
6.466642817831590264e+02 1.229591634562465515e+03
6.459455145844799517e+02 1.229733076499724802e+03
6.458869277440705901e+02 1.229752895752895711e+03
6.465027533039647096e+02 1.229436123348017645e+03
6.472494432071270012e+02 1.229792873051224888e+03
6.487135761589404410e+02 1.229739514348785860e+03
6.507711442786069256e+02 1.230022111663902706e+03
6.532542182227222156e+02 1.230088301462317304e+03
6.553509749303620993e+02 1.230221727019498530e+03
6.576269972451790409e+02 1.230273829201101989e+03
6.602282669657879524e+02 1.230428491306786327e+03
6.627003311258278018e+02 1.230215231788079564e+03
6.652844243792325187e+02 1.229804740406320434e+03
6.672506994963625857e+02 1.229299384443201006e+03
6.675298672566372034e+02 1.228792035398230155e+03
6.663631284916201594e+02 1.228783240223463736e+03
6.651247216035634438e+02 1.228530066815144664e+03
6.630809761508596694e+02 1.228349972268441434e+03
6.612950362520914496e+02 1.228356385945342936e+03
6.593688616071428896e+02 1.228473772321428669e+03
6.571658263305322407e+02 1.228755742296918697e+03
6.543763260748185075e+02 1.228688442211055190e+03
6.516662977310459155e+02 1.228944106253458813e+03
6.489241758241757907e+02 1.229542307692307759e+03
6.469868204283360456e+02 1.229528281164195505e+03
6.460712313638873638e+02 1.229463279955825556e+03
6.458115384615384755e+02 1.229552747252747167e+03
6.461367663344407219e+02 1.229401993355481636e+03
6.478726362625138790e+02 1.230003337041156783e+03
