6.556160616061606561e+02 1.229940044004400534e+03
6.560806363137685366e+02 1.229476686780032878e+03
6.566156777354382257e+02 1.229532934131736511e+03
6.566653888280394540e+02 1.229588718510405215e+03
6.569945085118066572e+02 1.229727622185612290e+03
6.573868493150685026e+02 1.229524931506849271e+03
6.578575342465753693e+02 1.229353424657534333e+03
6.578503549972692781e+02 1.229417258328782054e+03
6.578770581778265978e+02 1.229367178924258951e+03
6.577525885558583241e+02 1.229317711171662040e+03
6.575360655737705429e+02 1.229288524590163888e+03
6.567835332606324528e+02 1.229339694656488518e+03
6.561118957088539219e+02 1.229750135795763072e+03
6.557968580715059943e+02 1.229417659804983714e+03
6.556735582154515214e+02 1.229314472252448240e+03
6.557903667214012557e+02 1.229305418719211730e+03
6.557240811848600970e+02 1.229233680746023083e+03
6.550915531335149353e+02 1.229319346049046317e+03
6.541745513866231931e+02 1.229033170201196299e+03
6.540599128540304719e+02 1.228964596949891074e+03
6.542258420762010473e+02 1.228818884594146994e+03
6.543477546549835324e+02 1.228650054764512561e+03
6.546533842794759721e+02 1.228592248908297051e+03
6.548473282442747632e+02 1.228577426390403389e+03
6.549203925845147296e+02 1.228376226826608445e+03
6.554244444444444753e+02 1.228863333333333230e+03
6.558748627881449238e+02 1.228985729967069119e+03
6.562051991150442518e+02 1.229092920353982208e+03
6.563300165837479199e+02 1.229346047540077279e+03
6.557728017476788409e+02 1.229258874931731270e+03
6.558579234972677341e+02 1.229279781420764948e+03
6.568376302797586277e+02 1.229279758639605006e+03
6.576302797586396309e+02 1.229333516182117364e+03
6.580418041804180120e+02 1.229463146314631558e+03
6.580038419319429295e+02 1.229340285400658559e+03
6.581167035398229928e+02 1.229475110619468978e+03
