6.659870276367738597e+02 1.224703327693175424e+03
6.661491525423729172e+02 1.224819774011299387e+03
6.659670391061453074e+02 1.225061452513966515e+03
6.660145251396647836e+02 1.225481005586592119e+03
6.666522972206465738e+02 1.225277935337492863e+03
6.668286358511837761e+02 1.225031567080045079e+03
6.666600566572237767e+02 1.224990368271954594e+03
6.656645927601809944e+02 1.224880656108597350e+03
6.633101723179544251e+02 1.224933852140077761e+03
6.608791759465478890e+02 1.225149777282850891e+03
6.587358066329398980e+02 1.225709949409780847e+03
6.570807627593942470e+02 1.226095344924284973e+03
6.555611907386989969e+02 1.226196251378169791e+03
6.542075154234436241e+02 1.227067863151991105e+03
6.526561636263128321e+02 1.227566058595909453e+03
6.519415367483296677e+02 1.228347438752784001e+03
6.515376522702104012e+02 1.228028239202657915e+03
6.508359375000000000e+02 1.228230468750000000e+03
6.508688160088938730e+02 1.228262367982212254e+03
6.509370473537604767e+02 1.228246796657381537e+03
6.508493074792244215e+02 1.228564542936288035e+03
6.502594654788418893e+02 1.229270601336302889e+03
6.497171492204900005e+02 1.229525612472160446e+03
6.498942361499720164e+02 1.229855064353665284e+03
6.506440111420612311e+02 1.230499721448467881e+03
6.516025569760978442e+02 1.230695386325736536e+03
6.522795275590551682e+02 1.231165916760405025e+03
6.520611790878754164e+02 1.231467741935483900e+03
6.514955752212389370e+02 1.231491703539822993e+03
6.516010016694490332e+02 1.231488592097940909e+03
6.517413600891861734e+02 1.231689520624303213e+03
6.512622494432071107e+02 1.231491648106904222e+03
6.486888519134774924e+02 1.232189129229062701e+03
6.461259052924791604e+02 1.232329805013927626e+03
6.438161111111111268e+02 1.232411666666666633e+03
6.423176206509540407e+02 1.233212121212121247e+03
6.417477876106195254e+02 1.232898783185840784e+03
6.412623405435385848e+02 1.233145313366611163e+03
6.407808522412839238e+02 1.232775318206972770e+03
6.402965019433647740e+02 1.232647418101054882e+03
6.397676211453745054e+02 1.232380506607929419e+03
6.394453734671126313e+02 1.232547380156075860e+03
6.391503593145383775e+02 1.232244333886124878e+03
6.393809258226435759e+02 1.231791411042944674e+03
6.399059214167127720e+02 1.231529607083563860e+03
6.401954469739033584e+02 1.231962243198223177e+03
6.413585011185682561e+02 1.231749440715883566e+03
6.438571428571428896e+02 1.231361079865016791e+03
6.460949438202246711e+02 1.231219101123595465e+03
6.483971078976641138e+02 1.230408787541713082e+03
6.498045912653975620e+02 1.230445688689809685e+03
6.497581808097614839e+02 1.230141985579589573e+03
6.495733995584988634e+02 1.229586644591611503e+03
6.494232044198895437e+02 1.229518784530386711e+03
6.495759423503326389e+02 1.229367516629711645e+03
6.500929178470255465e+02 1.229328045325778930e+03
6.498303571428571104e+02 1.229075892857142890e+03
6.497202874516307247e+02 1.228466003316749493e+03
6.496892341842396945e+02 1.228206992230854667e+03
6.497444196428571104e+02 1.227858258928571331e+03
6.502223469960696320e+02 1.227208871420550167e+03
6.509977839335180079e+02 1.226733518005540191e+03
6.506613259668508817e+02 1.226370718232044283e+03
6.488287139689579135e+02 1.226121396895787029e+03
6.471195773081201423e+02 1.226286429365962249e+03
6.465651456844419727e+02 1.226195711929631671e+03
6.468870967741935374e+02 1.226259733036707530e+03
6.487679955703212045e+02 1.225954595791805104e+03
6.506031302403577001e+02 1.225474566797093303e+03
6.521259798432250818e+02 1.225206047032474771e+03
6.534053902302077859e+02 1.225348680516563718e+03
6.545320584926884067e+02 1.225134420697412907e+03
6.563080407701019112e+02 1.224943941109852858e+03
6.580067076579094874e+02 1.224406931246506474e+03
6.589259465478842230e+02 1.224160913140311777e+03
6.594149999999999636e+02 1.224368888888888932e+03
6.596266215454032817e+02 1.224841511562323831e+03
6.597016759776536219e+02 1.224971508379888292e+03
6.599087856743144584e+02 1.225153329602685972e+03
6.609932470455823932e+02 1.225385481148002327e+03
6.616515151515151274e+02 1.225118967452300694e+03
6.618146478873239857e+02 1.224898591549295816e+03
6.611123658949745732e+02 1.224835121400338721e+03
6.593153203342618554e+02 1.224994428969359433e+03
6.574730941704035558e+02 1.225414237668161377e+03
6.554678950307090872e+02 1.226026800670016655e+03
6.539911455451024267e+02 1.226123408965135695e+03
6.532674549549549283e+02 1.226643581081081038e+03
6.517700386954118130e+02 1.227359314538419085e+03
6.508168234643054575e+02 1.228047592695074627e+03
6.511238200999445098e+02 1.228619655746807439e+03
