6.552778702163061553e+02 1.229803660565723703e+03
6.559812568908489538e+02 1.230184123484013298e+03
6.559277839029768984e+02 1.230552370452039668e+03
6.559012141280353489e+02 1.230497240618101614e+03
6.560369146005509720e+02 1.230398898071625354e+03
6.567219485495347726e+02 1.230384236453201993e+03
6.572081949058692771e+02 1.230246954595791749e+03
6.574540929203540145e+02 1.230066371681415831e+03
6.576985091109884252e+02 1.230490336830480373e+03
6.574390779363336605e+02 1.230268386388584076e+03
6.566659376708583977e+02 1.230187534171678408e+03
6.564473540643753040e+02 1.230397708674304340e+03
6.566098360655737451e+02 1.230349180327868908e+03
6.570187534473249116e+02 1.230173745173745147e+03
6.570629139072847238e+02 1.229915011037527620e+03
6.571918186843560079e+02 1.229812603648424556e+03
6.563566739606127385e+02 1.229435448577680518e+03
6.552475301866081736e+02 1.229386388583973712e+03
6.545516304347826235e+02 1.229470108695652243e+03
6.545346426623021898e+02 1.229432078559738102e+03
6.549482093663912110e+02 1.229339944903581227e+03
6.552343836373687509e+02 1.229416252072968518e+03
6.553157024793388246e+02 1.229387878787878890e+03
6.550886351277868016e+02 1.229282762370853789e+03
6.550735694822888036e+02 1.229231607629427799e+03
6.554414364640883832e+02 1.229400552486187735e+03
6.559779614325068451e+02 1.229330578512396642e+03
6.565402554136591107e+02 1.229119933370349827e+03
6.567516519823788030e+02 1.229032488986784074e+03
6.566241056686845923e+02 1.229020913593835985e+03
6.559879912663755022e+02 1.229218340611353824e+03
6.567035616438356556e+02 1.229231232876712284e+03
6.575584699453552275e+02 1.229398360655737633e+03
6.577878289473684390e+02 1.229509868421052715e+03
6.583856280855732166e+02 1.229477783872737291e+03
6.584975423265974541e+02 1.229490442381212461e+03
