6.470322757111597411e+02 1.192885120350109446e+03
6.459246009906439667e+02 1.192160154100165073e+03
6.470820568927789509e+02 1.193957877461706858e+03
6.497639344262295253e+02 1.197962841530054675e+03
6.510661157024793511e+02 1.204399449035812722e+03
6.501782988004362096e+02 1.211343511450381584e+03
6.489679026009961262e+02 1.219835639180962971e+03
6.494171240395170344e+02 1.228780461031833056e+03
6.506521499448732584e+02 1.237093715545755231e+03
6.533088565022421790e+02 1.242720291479820617e+03
6.593941441441440929e+02 1.248550675675675620e+03
6.662917369308599973e+02 1.253375491849353466e+03
6.705734463276836550e+02 1.255763276836158184e+03
6.722317548746517559e+02 1.257573259052924868e+03
6.718669623059867035e+02 1.257443458980044397e+03
6.710708705357143344e+02 1.255118861607142890e+03
6.708741685144124176e+02 1.251860310421285931e+03
6.715462138084632215e+02 1.246065144766146886e+03
6.724406593406592947e+02 1.239162637362637270e+03
6.724834437086092294e+02 1.230975717439293703e+03
6.707630279758639062e+02 1.221563357103675344e+03
6.651794588625068627e+02 1.213270568746548861e+03
6.570514223194747956e+02 1.204219365426695731e+03
6.491347945205479846e+02 1.196935342465753365e+03
6.450886699507389039e+02 1.193835249042145506e+03
6.445777656078861355e+02 1.192803395399781039e+03
6.463441629955947292e+02 1.194436123348017645e+03
6.512952433023509684e+02 1.204560415527610758e+03
