6.740660592255125039e+02 1.224960136674259729e+03
6.752211538461538112e+02 1.224122737556561106e+03
6.756466250709019050e+02 1.223893930799773216e+03
6.755644796380090611e+02 1.223911764705882433e+03
6.741753283837806521e+02 1.223840091376356440e+03
6.720158550396375858e+02 1.224240656851642143e+03
6.685079455164585625e+02 1.225455732122587960e+03
6.647059154929577289e+02 1.226943098591549187e+03
6.612934844192634500e+02 1.228303116147308856e+03
6.575888268156425056e+02 1.229689385474860273e+03
6.543978794642856656e+02 1.231643415178571331e+03
6.519139664804469021e+02 1.233245810055865832e+03
6.496960132890365003e+02 1.234394241417497142e+03
6.480132963988919528e+02 1.235279778393351762e+03
6.469293598233995226e+02 1.235507726269315754e+03
6.463545002760905618e+02 1.235411927112092826e+03
6.472588691796008789e+02 1.234910753880266157e+03
6.494437673130194071e+02 1.234346814404432052e+03
6.523766088416340381e+02 1.233213766088416378e+03
6.554017758046614972e+02 1.231471698113207594e+03
6.578627450980392268e+02 1.230143417366946778e+03
6.602107623318385095e+02 1.228389013452914696e+03
6.621404399323181451e+02 1.226846023688663308e+03
6.638426082068577898e+02 1.225742551995503163e+03
6.654358830146231867e+02 1.224925759280090006e+03
6.663155505107831686e+02 1.224045402951191818e+03
6.662247191011235827e+02 1.223306179775280953e+03
6.647649063032367849e+02 1.223282793867120972e+03
6.620812641083521157e+02 1.223270316027088029e+03
6.590113571834185677e+02 1.223881317433276536e+03
6.555944881889763565e+02 1.224817772778402741e+03
6.526905555555555338e+02 1.225640555555555466e+03
6.504643652561246654e+02 1.226944877505568002e+03
6.482117977528089341e+02 1.228862359550561905e+03
6.460863509749303830e+02 1.230774930362116947e+03
6.443942254303165100e+02 1.232355358134369908e+03
6.425222894881673028e+02 1.233389653274628472e+03
6.414394520547945149e+02 1.234408767123287589e+03
6.413588332416070443e+02 1.234730875068794603e+03
6.423692647871752115e+02 1.234753454947484897e+03
6.443578595317725330e+02 1.234780936454849552e+03
6.465233592880979359e+02 1.234374304783092384e+03
6.492685236768802497e+02 1.233148189415041770e+03
6.536074610244988889e+02 1.232271714922048886e+03
6.574980237154150018e+02 1.231174477696216854e+03
6.619814398200225014e+02 1.229441507311586065e+03
6.664081050228310232e+02 1.227970890410958873e+03
6.700453771979580324e+02 1.226676120249574524e+03
6.735140607424071959e+02 1.225822272215973044e+03
6.755274971941638569e+02 1.224210998877665588e+03
6.764678692220969651e+02 1.223622886133032807e+03
6.767028409090909236e+02 1.223155681818181847e+03
6.762969731581953283e+02 1.223227298686464792e+03
6.745454545454545041e+02 1.223639730639730715e+03
6.715846412556053338e+02 1.224373878923766824e+03
6.679673607203151278e+02 1.225646032639279611e+03
6.644761634506243126e+02 1.226903518728717472e+03
6.563489409141583337e+02 1.230274247491638789e+03
