6.649632768361582293e+02 1.226890395480226061e+03
6.655295758928571104e+02 1.227135044642857110e+03
6.652929971988795614e+02 1.227802240896358626e+03
6.640089037284362803e+02 1.228368391764051239e+03
6.622931034482758150e+02 1.229370967741935374e+03
6.611665738161559602e+02 1.230273537604456806e+03
6.612508436445444886e+02 1.230927446569178755e+03
6.609282934963869138e+02 1.231152862701500908e+03
6.597034980566352260e+02 1.231230427540255505e+03
6.574566666666667061e+02 1.231018888888888796e+03
6.552914600550964224e+02 1.230467768595041434e+03
6.538103924820342172e+02 1.230381426202321791e+03
6.534112097669255945e+02 1.230702552719200867e+03
6.538386199220923345e+02 1.230970506399554779e+03
6.556183547845550947e+02 1.231600447677672037e+03
6.571863738738738903e+02 1.231681869369369451e+03
6.580391156462585514e+02 1.231667233560090608e+03
6.581564820102798876e+02 1.231750428326670544e+03
6.582505707762556995e+02 1.231113584474885783e+03
6.590541149943629762e+02 1.230192784667418209e+03
6.605279819106840478e+02 1.229333521763708404e+03
6.620901916572717028e+02 1.228729425028185005e+03
6.631302876480541499e+02 1.228075014100394810e+03
6.627355418304323393e+02 1.228156092083099338e+03
6.612470389170896397e+02 1.227570783981951536e+03
6.591741826381060037e+02 1.227885569334836418e+03
6.572463605823068065e+02 1.228046472564389660e+03
6.554619260918252621e+02 1.228857782754759228e+03
6.535949086884338612e+02 1.229125622578859975e+03
6.523853362734288339e+02 1.229326350606394726e+03
6.504016574585635908e+02 1.229298342541436568e+03
6.469466666666667152e+02 1.229769999999999982e+03
6.438547671840354951e+02 1.230253325942350330e+03
6.423311331133113526e+02 1.230380088008800840e+03
6.422838959601549504e+02 1.230728832318760396e+03
6.425171081677704024e+02 1.231076710816776995e+03
6.430940979955456669e+02 1.231197104677060224e+03
6.443503893214682421e+02 1.231134037819799687e+03
6.457186268992684290e+02 1.230866629150253175e+03
6.469156895589056830e+02 1.230495254048017841e+03
6.489378531073446084e+02 1.230333898305084858e+03
6.515974099099098567e+02 1.230831644144144093e+03
6.550466052934407344e+02 1.231090909090909008e+03
6.586611143021252701e+02 1.231447443997702521e+03
6.604597832287506662e+02 1.230687393040502002e+03
6.612004542873366972e+02 1.229986371379897719e+03
6.615482581382067337e+02 1.229064534551684801e+03
6.627628749292586008e+02 1.228130164119977280e+03
6.642313814667425049e+02 1.227660034110289871e+03
6.650808823529412166e+02 1.227618778280542983e+03
6.657667228780213691e+02 1.227983136593592008e+03
6.657063093243997400e+02 1.228491903964265703e+03
6.645319267073847413e+02 1.228980011104941696e+03
6.631009879253567760e+02 1.229514818880351186e+03
6.623923076923076678e+02 1.230253296703296655e+03
6.623751375137513833e+02 1.231063806380637971e+03
6.622177947598253240e+02 1.231380458515283863e+03
6.608099173553719083e+02 1.231323966942148672e+03
6.566159779614324634e+02 1.231031955922865109e+03
