7.119632731958762406e+02 1.203951675257731949e+03
7.020235368956742832e+02 1.203635496183206214e+03
6.864176656151419138e+02 1.206194321766561416e+03
6.695079365079365061e+02 1.210231481481481524e+03
6.535127272727272612e+02 1.216302424242424195e+03
6.336881335718544506e+02 1.220188431723315489e+03
6.138876765083440432e+02 1.225126444159178391e+03
5.960005824111823358e+02 1.232601630751310495e+03
5.794935251798560785e+02 1.247585611510791296e+03
5.691603498542274338e+02 1.251135568513119551e+03
5.656978939724037900e+02 1.253148874364560697e+03
5.670522496371553416e+02 1.253780841799709833e+03
5.743132440476190368e+02 1.251172619047619037e+03
5.873090523338048570e+02 1.250609618104667561e+03
6.049868342309994205e+02 1.246477558348294451e+03
6.261496774193548163e+02 1.244943225806451665e+03
6.464864300626304612e+02 1.243780097425191343e+03
6.698712363869314004e+02 1.240385009609224880e+03
6.911466314398943496e+02 1.234739762219286604e+03
7.054749837556854573e+02 1.229189083820662745e+03
7.174444444444444571e+02 1.222982016698779717e+03
7.255393900889453107e+02 1.216268742058449789e+03
7.289703153988867825e+02 1.211507730364873169e+03
7.261071871127633131e+02 1.206871747211895809e+03
7.178247291268323806e+02 1.204181644359464599e+03
7.092547770700637102e+02 1.202293630573248493e+03
6.963836915297092673e+02 1.203361567635903839e+03
6.808959424083769818e+02 1.207162958115183301e+03
6.443775075987841774e+02 1.218635258358662668e+03
