6.578589672404219755e+02 1.230243753470294223e+03
6.585080779944289588e+02 1.230072980501392749e+03
6.592061452513966060e+02 1.230259217877094898e+03
6.591374513077350912e+02 1.230258208124652128e+03
6.582317548746517559e+02 1.230046796657381719e+03
6.568349834983498567e+02 1.229883938393839344e+03
6.559828918322295976e+02 1.229814017660044101e+03
6.557141292442497615e+02 1.229265060240963749e+03
6.554666666666666970e+02 1.229158677685950352e+03
6.554593698175788177e+02 1.229196241017136572e+03
6.558713091922005560e+02 1.229153760445682565e+03
6.563221850613155084e+02 1.228893534002229671e+03
6.572307692307692832e+02 1.229053340819764117e+03
6.573212896053363465e+02 1.229160644802668230e+03
6.569956092206366520e+02 1.229223929747530292e+03
6.569526170798898193e+02 1.229521212121212102e+03
6.568940654464780664e+02 1.230198003327787092e+03
6.567157894736842536e+02 1.230250969529085978e+03
6.565168788046486270e+02 1.230153846153846189e+03
6.557784496976361197e+02 1.230323254535459000e+03
6.557504123144584582e+02 1.230268829026937965e+03
6.558961325966851064e+02 1.230259116022099533e+03
6.567385295743504230e+02 1.229995577667219550e+03
6.573574610244988889e+02 1.229675389755011111e+03
6.568716401535930345e+02 1.229227098189797061e+03
6.566002196595277383e+02 1.229304777594728193e+03
6.560748486516235971e+02 1.229113924050632932e+03
6.552251106194689783e+02 1.229066371681415831e+03
6.547579234972677114e+02 1.229215300546448134e+03
6.544900662251656058e+02 1.229089955849889520e+03
6.553550361713968186e+02 1.229205898720088953e+03
6.558463671658347494e+02 1.229330005546311668e+03
6.561128942999446281e+02 1.229505810736026660e+03
6.566134732192158481e+02 1.229704583103257846e+03
6.567781456953642873e+02 1.229679359823399636e+03
6.575935093509350509e+02 1.229757975797579775e+03
6.579867183176535264e+02 1.229859988931931412e+03
6.574878048780487916e+02 1.229993902439024396e+03
6.563879023307436000e+02 1.229972807991121044e+03
6.544310344827586050e+02 1.229831479421579616e+03
