6.730245854774157124e+02 1.225763293310463041e+03
6.752917847025495348e+02 1.224454390934844241e+03
6.770724885844748542e+02 1.223675228310502234e+03
6.781854154889767869e+02 1.222954211418880732e+03
6.775251554550593482e+02 1.222887507066139051e+03
6.756472253680634594e+02 1.222980747451868638e+03
6.732015945330296063e+02 1.223993735763097902e+03
6.697209695603156661e+02 1.225062006764374246e+03
6.663201803833145505e+02 1.225984780157835303e+03
6.624699331848552220e+02 1.227416481069042220e+03
6.586330532212884918e+02 1.229718767507002894e+03
6.551975582685904556e+02 1.231537180910099778e+03
6.516393805309734262e+02 1.232846238938053148e+03
6.482706600110926729e+02 1.234476982806433625e+03
6.460171840354767028e+02 1.235769401330376922e+03
6.445731639977913119e+02 1.236436775262286119e+03
6.448225806451613380e+02 1.236624582869855431e+03
6.462989403234802239e+02 1.236335192414946960e+03
6.481787114845938049e+02 1.235525490196078408e+03
6.499932394366197741e+02 1.234255774647887392e+03
6.516233333333333348e+02 1.232322777777777674e+03
6.536067853170188755e+02 1.230466629588431488e+03
6.560095990965555757e+02 1.228400903444381811e+03
6.583159682899207610e+02 1.227084937712344299e+03
6.611041666666666288e+02 1.225445945945946050e+03
6.633062146892655164e+02 1.224455367231638320e+03
6.644954853273137587e+02 1.223555304740406427e+03
6.642332214765100389e+02 1.222967002237136512e+03
6.624172297297296836e+02 1.223159346846846802e+03
6.604416386083053112e+02 1.223512906846240185e+03
6.586007905138339993e+02 1.223928853754940747e+03
6.568498883928571104e+02 1.224685825892857110e+03
6.553251396648045102e+02 1.225793296089385422e+03
6.530623955431755121e+02 1.227060167130919126e+03
6.501825749167591084e+02 1.228371809100998917e+03
6.475659856432910146e+02 1.229975704030922088e+03
6.449707344008835435e+02 1.231256764218663648e+03
6.429017563117453165e+02 1.233083973655323916e+03
6.422655210643015380e+02 1.234386363636363740e+03
6.425332594235032957e+02 1.235114745011086370e+03
6.437119113573406821e+02 1.235673684210526289e+03
6.449177777777778147e+02 1.235457222222222299e+03
6.466897321428571104e+02 1.234973772321428669e+03
6.500191226096737864e+02 1.234082677165354426e+03
6.536692869174620455e+02 1.232651880965749569e+03
6.575654362416107688e+02 1.231303131991051487e+03
6.620886867538373508e+02 1.229245025582717517e+03
6.663138479001135011e+02 1.227941543700340617e+03
6.702230419977298652e+02 1.226432463110102162e+03
6.735362811791383137e+02 1.224756235827664341e+03
6.755509391007399245e+02 1.223326693227091710e+03
6.768819875776397339e+02 1.222916431394692154e+03
6.772968036529680376e+02 1.222753995433789896e+03
6.759212018140589180e+02 1.222262471655328909e+03
6.736400226757369865e+02 1.222732993197278802e+03
6.705876056338028093e+02 1.223590985915492865e+03
6.674089619965967586e+02 1.224731707317073187e+03
6.597192393736017948e+02 1.227466442953020078e+03
