6.621694915254237230e+02 1.227944632768361544e+03
6.610910112359550794e+02 1.228352247191011202e+03
6.578407821229050114e+02 1.229347486033519544e+03
6.538257993384785323e+02 1.229825799338478419e+03
6.509697303247110085e+02 1.230558613098514115e+03
6.494936499171728883e+02 1.230946438431805745e+03
6.495255074053757198e+02 1.231225452550740556e+03
6.509070796460176780e+02 1.230847898230088504e+03
6.536359088382434948e+02 1.230214563646470197e+03
6.569502262443438667e+02 1.229404977375565522e+03
6.598100056211354740e+02 1.228233839235525465e+03
6.604698930782217303e+02 1.227781091727630837e+03
6.584991708126036656e+02 1.227221669430624615e+03
6.528592311857065624e+02 1.227373037357877593e+03
6.501096184846855977e+02 1.227538420204191198e+03
6.494076262083781330e+02 1.227224489795918316e+03
6.498076508620689538e+02 1.227278556034482790e+03
6.524320175438596152e+02 1.227237938596491176e+03
6.555790340285400362e+02 1.227149835345773909e+03
6.594701657458563204e+02 1.227381215469613153e+03
6.624570637119113599e+02 1.227495290858725866e+03
6.633686868686868365e+02 1.227914702581369284e+03
6.621946308724832306e+02 1.228329977628635334e+03
6.592735901730876549e+02 1.229342266890005476e+03
6.559383259911894584e+02 1.229915748898678430e+03
6.508250825082508300e+02 1.231210121012101126e+03
