6.557807545106616089e+02 1.228764352104975387e+03
6.548976203652462118e+02 1.229651355838406289e+03
6.536311702717692924e+02 1.230222961730449242e+03
6.516363636363636260e+02 1.230477134986225792e+03
6.498651059085841553e+02 1.230361204013378028e+03
6.493747191011235600e+02 1.230267977528089887e+03
6.499786636720942852e+02 1.229268950028074187e+03
6.512958380202475155e+02 1.228359955005624215e+03
6.529842342342342363e+02 1.227707770270270203e+03
6.537943661971830807e+02 1.227865352112675964e+03
6.536382022471909750e+02 1.227964606741573107e+03
6.532138470128419385e+02 1.228060301507537588e+03
6.526823464305479092e+02 1.228582733812949527e+03
6.520538589672404441e+02 1.229219877845641349e+03
6.515228794642856656e+02 1.229547991071428669e+03
6.499561354802887081e+02 1.230033870072182026e+03
6.486360089186175628e+02 1.230177814938684605e+03
6.479906077348066447e+02 1.229733701657458596e+03
6.474069574820541675e+02 1.229384318056322400e+03
6.472217898832684568e+02 1.229419121734296823e+03
6.477750138197899332e+02 1.229317855168601454e+03
6.487434467373117286e+02 1.229054656999442386e+03
6.500343275182892739e+02 1.229409679234665191e+03
6.512204812534974963e+02 1.229348628987129359e+03
6.525678733031674028e+02 1.229680429864253483e+03
6.536462931522354438e+02 1.229700622524052051e+03
6.546911764705882888e+02 1.229667420814479556e+03
6.554869909502262999e+02 1.229655542986425417e+03
6.559372526851328757e+02 1.229343697003957004e+03
6.570997183098590995e+02 1.229675492957746428e+03
6.585268210050818425e+02 1.229639186900056529e+03
6.581451157538114103e+02 1.230116318464144570e+03
6.570750700280111687e+02 1.230403361344537871e+03
6.570067039106145330e+02 1.230778212290502779e+03
6.582684977578475127e+02 1.230841367713004502e+03
6.592954545454545041e+02 1.230344235033259338e+03
6.603115212527964104e+02 1.230111856823266180e+03
6.606259073143495471e+02 1.229409268565047569e+03
6.601783905458638628e+02 1.229526167698367999e+03
6.588974215246636277e+02 1.229220291479820617e+03
6.577761529808774412e+02 1.229230033745781839e+03
6.576911434977578210e+02 1.229609304932735313e+03
6.588091428571428878e+02 1.230153142857142939e+03
6.597786561264822467e+02 1.230160361377752679e+03
6.601361556064073284e+02 1.230467963386727661e+03
6.600160366552119058e+02 1.230975945017182084e+03
6.596948015651202013e+02 1.230880380100614957e+03
6.602466216216216708e+02 1.230497184684684726e+03
6.621416478555304366e+02 1.229846501128668251e+03
6.630283125707813952e+02 1.229105322763306958e+03
6.631539332201471098e+02 1.228898698358800175e+03
6.618779395296752455e+02 1.228731802911534260e+03
6.598119800332779050e+02 1.228640599001663986e+03
6.573623188405797464e+02 1.229241917502787146e+03
6.556362612612612111e+02 1.230713963963964034e+03
6.548256267409470865e+02 1.230305292479108630e+03
6.538788558609086294e+02 1.230901850813236024e+03
6.525790645879732210e+02 1.231079621380846220e+03
6.509734613212874592e+02 1.230824957651044542e+03
6.507322526551146211e+02 1.230361654555617633e+03
6.520662514156285852e+02 1.229375424688561679e+03
6.534203389830508968e+02 1.228348587570621476e+03
6.550226244343891722e+02 1.227744343891402650e+03
6.565538116591927746e+02 1.227778587443946208e+03
