6.543960396039603893e+02 1.228367986798679794e+03
6.522884828349945110e+02 1.228312846068660065e+03
6.502459744586341230e+02 1.228311493614658502e+03
6.493774104683195674e+02 1.228297520661157023e+03
6.489423393739702988e+02 1.228529928610653542e+03
6.485831047723532947e+02 1.228783872737246384e+03
6.488288682340077003e+02 1.229171131765992413e+03
6.498635863586358710e+02 1.229372387238723832e+03
6.510628476084538079e+02 1.229743604004449480e+03
6.521354802887284450e+02 1.230073292615213859e+03
6.534127161182375403e+02 1.229810373675404435e+03
6.547265147304058246e+02 1.229932740411339637e+03
6.566661073825503081e+02 1.229978187919463153e+03
6.584787946428571104e+02 1.229856026785714221e+03
6.597686318131256940e+02 1.229809788654059957e+03
6.633217488789238132e+02 1.230037556053811613e+03
6.642113228699552110e+02 1.230196748878923700e+03
6.641706771124789839e+02 1.230544487968662452e+03
6.639174972314507386e+02 1.230779623477297946e+03
6.634947600661886327e+02 1.230828461114175298e+03
6.617828947368420813e+02 1.230472039473684163e+03
6.603049999999999500e+02 1.230460000000000036e+03
6.584573816155989334e+02 1.230145961002785498e+03
6.560495867768595417e+02 1.229693663911845761e+03
6.541543586896168563e+02 1.229044975013881185e+03
6.520477247502774389e+02 1.229039955604883517e+03
6.497062053816583784e+02 1.228710049423393684e+03
6.483333333333333712e+02 1.228576354679802989e+03
6.476191256830601333e+02 1.228662295081967159e+03
6.472093922651934008e+02 1.229245303867403209e+03
