6.661941913439635528e+02 1.229029612756264214e+03
6.663354178510517158e+02 1.228830585559977180e+03
6.664920544835414375e+02 1.228733825198637987e+03
6.667315022421524873e+02 1.228366031390134594e+03
6.671481900452488389e+02 1.228467760180995583e+03
6.674259154929577562e+02 1.228401126760563329e+03
6.675753348214285552e+02 1.228268973214285779e+03
6.676243032329988409e+02 1.228380713489409118e+03
6.676477146042363984e+02 1.228394648829431389e+03
6.676485426008969171e+02 1.228653587443946208e+03
6.675584778959149617e+02 1.229163961947397866e+03
6.675165266106442914e+02 1.229132212885154104e+03
6.675661434977578210e+02 1.229168161434977492e+03
6.676512935883014279e+02 1.229062992125984238e+03
6.681338582677165050e+02 1.229526434195725642e+03
6.675762144053601332e+02 1.229357342266890100e+03
6.667222838137472536e+02 1.229320399113081976e+03
6.660231769361221268e+02 1.229260599208592339e+03
6.652365168539325850e+02 1.229543258426966304e+03
6.645715871254161584e+02 1.229379023307436228e+03
6.642526610644257516e+02 1.229504761904761835e+03
6.640821995464852989e+02 1.229537981859410365e+03
6.640181097906055356e+02 1.229686474250141373e+03
6.637293064876957942e+02 1.229280201342281771e+03
6.636170568561873324e+02 1.229153846153846189e+03
6.633387276785714448e+02 1.229439732142857110e+03
6.629353932584269842e+02 1.229416292134831565e+03
6.626090100111234733e+02 1.229139043381534975e+03
6.623007856341189381e+02 1.229469135802469054e+03
6.622970407593522850e+02 1.229381351200446716e+03
6.628187429854096990e+02 1.229297418630751963e+03
6.630203274985883581e+02 1.229271597967250045e+03
6.631412429378531215e+02 1.229395480225988649e+03
6.630129796839729579e+02 1.229336343115124237e+03
6.627882156753752270e+02 1.229166203446359077e+03
6.626287458379578084e+02 1.229500554938956611e+03
6.621002801120448567e+02 1.229610644257703143e+03
6.613998881431767813e+02 1.230097315436241615e+03
6.609041248606465615e+02 1.230110925306577428e+03
6.601637591446258284e+02 1.230297692740573893e+03
6.594111111111111541e+02 1.230276666666666642e+03
6.590474595198213592e+02 1.230287548855387968e+03
6.587556786703601119e+02 1.230274792243767251e+03
6.581303611738148902e+02 1.230102144469525911e+03
6.574890510948905558e+02 1.230367209432902882e+03
6.566953605366126112e+02 1.230056456120737948e+03
6.554738323016320010e+02 1.230245357343837895e+03
6.538827508455467523e+02 1.230067643742953805e+03
6.518801817149346789e+02 1.229899488926746244e+03
6.501948343627175291e+02 1.230098259404828696e+03
6.492234162895927057e+02 1.229869343891402650e+03
6.484899216125420480e+02 1.229930571108622644e+03
6.476333887964503901e+02 1.230006100942872990e+03
6.467892699115044479e+02 1.229993915929203467e+03
6.463348164627363985e+02 1.230040044493882078e+03
6.460969187675069634e+02 1.230270588235294099e+03
6.456653718091009750e+02 1.230291897891231883e+03
6.452099385817979282e+02 1.230511446119486209e+03
6.452711864406779796e+02 1.230977401129943473e+03
6.450641891891891646e+02 1.231147522522522422e+03
6.446965978806470048e+02 1.231098717233686557e+03
6.447205800334634205e+02 1.231151143335192501e+03
6.446348940914158447e+02 1.231226867335562929e+03
6.444936004451864164e+02 1.231343350027824044e+03
6.439162011173184510e+02 1.231174301675977631e+03
6.434757660167131235e+02 1.231244011142061254e+03
6.434341736694677820e+02 1.230944537815126068e+03
6.439715585893060279e+02 1.230908418657565335e+03
6.443323927765236476e+02 1.230566591422121974e+03
6.447344188658057647e+02 1.230302638966872564e+03
6.451379310344827900e+02 1.230810627473148770e+03
6.452929292929293297e+02 1.230716610549943880e+03
6.453438025799214302e+02 1.230787436904094193e+03
6.454828362408553630e+02 1.230934158694428788e+03
6.455780898876404308e+02 1.230974157303370703e+03
6.460623229461756409e+02 1.230816430594900794e+03
6.465766629086809871e+02 1.230941939120631332e+03
6.473833240067151564e+02 1.230993844432008927e+03
6.478737973967175776e+02 1.230764006791171369e+03
6.477841928251120862e+02 1.230628923766816115e+03
6.477808988764045353e+02 1.230897752808988798e+03
6.475830527497193998e+02 1.231042087542087529e+03
6.473346412556053338e+02 1.230968049327354265e+03
6.473518830803822084e+02 1.231036537380550953e+03
6.476104847801578899e+02 1.231016910935738451e+03
6.476681690140844694e+02 1.230991549295774576e+03
6.479652223489167682e+02 1.230781071835803914e+03
6.484918217710095405e+02 1.230971799210377867e+03
6.488144154370033903e+02 1.230980136208853537e+03
6.485671140939597308e+02 1.230654921700223667e+03
6.485749440715883338e+02 1.230644854586129668e+03
6.486831183398766143e+02 1.230490745933819426e+03
6.487498601007274601e+02 1.230480693900391771e+03
6.493166479190101654e+02 1.230357142857142890e+03
6.498245219347581951e+02 1.230243532058492747e+03
6.504499437570303826e+02 1.230160292463442147e+03
6.513152848279752334e+02 1.230181049069374012e+03
6.524073239436619360e+02 1.229984225352112617e+03
6.536653653095370373e+02 1.229762409369771376e+03
6.554169014084507126e+02 1.229952112676056231e+03
6.565976364659538831e+02 1.230048958919527195e+03
6.577257431295569177e+02 1.230046550757150953e+03
6.587658013544017876e+02 1.229998871331828468e+03
6.598810198300283218e+02 1.230103116147308810e+03
6.613057432432432279e+02 1.230079391891891873e+03
6.621632882882882996e+02 1.230185810810810835e+03
6.633103254769921477e+02 1.230269360269360277e+03
6.644765363128491344e+02 1.230172625698324055e+03
6.651525808281338641e+02 1.229820192853091385e+03
6.652501421262080612e+02 1.229925525866969792e+03
6.654703872437357859e+02 1.229770501138952113e+03
6.658851809954751388e+02 1.229411199095022539e+03
6.661176470588235361e+02 1.229360936607652775e+03
6.662680705748434775e+02 1.229351166761525292e+03
6.663577878103837975e+02 1.229019187358916497e+03
6.665101694915254029e+02 1.228808474576271237e+03
6.666191275167785761e+02 1.228571029082773975e+03
6.667068004459308668e+02 1.228369007803790510e+03
6.667844011142061618e+02 1.228288579387186701e+03
6.669730488489612981e+02 1.228295901179112889e+03
6.670790513833992463e+02 1.228780914737436433e+03
6.670140370578326383e+02 1.228721504772599701e+03
6.670198300283285562e+02 1.228822662889518369e+03
6.671305084745762315e+02 1.228809604519773984e+03
6.675223796033994859e+02 1.229094617563739348e+03
6.676681715575621183e+02 1.228896726862302557e+03
6.671628169014084051e+02 1.229008450704225424e+03
6.666514896008993674e+02 1.229156829679595376e+03
6.660304568527918718e+02 1.229027072758037320e+03
6.652267573696144609e+02 1.229291383219954696e+03
6.648228699551569889e+02 1.229198991031390051e+03
6.643282399547255181e+02 1.229026032823995365e+03
6.638456338028169057e+02 1.229127887323943696e+03
