6.523722379603399304e+02 1.229479886685552401e+03
6.515773843517989690e+02 1.229179897201599033e+03
6.506010273972602818e+02 1.229026255707762630e+03
6.501276473955351776e+02 1.229093875214653735e+03
6.497072758037224958e+02 1.228897913141567869e+03
6.495281848928974568e+02 1.229139233370913189e+03
6.493361486486486456e+02 1.229289414414414523e+03
6.490797511312217694e+02 1.230207013574660550e+03
6.482765837104072943e+02 1.231526583710407294e+03
6.470280641466208635e+02 1.232065292096219991e+03
6.461156884875846345e+02 1.232282167042889341e+03
6.452909507445590407e+02 1.233339633447880942e+03
6.447951329937748142e+02 1.233502546689303927e+03
6.447717889908257121e+02 1.233881307339449450e+03
6.449701321079838863e+02 1.233608845491097100e+03
6.456857469948482731e+02 1.233718946765884311e+03
6.463898401826484132e+02 1.233671232876712338e+03
6.477675489067894432e+02 1.233369390103567412e+03
6.492745995423340446e+02 1.232720823798626952e+03
6.513950056753689069e+02 1.232298524404086265e+03
6.534495990836196597e+02 1.232072164948453519e+03
6.551998857795545064e+02 1.231315819531696206e+03
6.573262492820218768e+02 1.231149339460080455e+03
6.595924855491329026e+02 1.230577456647398776e+03
6.614598416289592251e+02 1.229544117647058783e+03
6.623645773433007662e+02 1.229649223691776797e+03
6.624810344827586732e+02 1.229670114942528699e+03
6.624309455587392677e+02 1.229612607449856796e+03
6.623477765108324320e+02 1.229685860889395599e+03
6.616907333712337049e+02 1.229960204661739681e+03
6.608812217194570167e+02 1.229735294117647072e+03
6.595449886104784127e+02 1.230789293849658407e+03
6.582148148148147584e+02 1.231032478632478615e+03
6.575400560224089759e+02 1.230927731092436943e+03
6.569485875706214983e+02 1.231138418079096027e+03
6.565574873808188840e+02 1.231385305664610314e+03
6.563365061590145615e+02 1.231396976483762501e+03
6.563174958077138399e+02 1.231510899944102903e+03
6.563247335950644583e+02 1.231494671901289848e+03
6.563828345567476390e+02 1.231640880858272112e+03
6.565787356321839070e+02 1.232442528735632095e+03
6.573524729960204240e+02 1.231426947129050632e+03
6.578659378596087208e+02 1.231891254315304877e+03
6.586916951080773970e+02 1.231064277588168352e+03
6.596214979988565119e+02 1.230499714122355726e+03
6.608332391181457979e+02 1.229743357829282104e+03
6.616708357021034317e+02 1.229259806708357019e+03
6.621706758304696905e+02 1.229151775486827091e+03
6.619159519725557175e+02 1.229094339622641428e+03
6.614483342744211996e+02 1.229260304912478887e+03
6.608489494605337313e+02 1.229432140829074342e+03
6.607046485260771078e+02 1.229519841269841208e+03
6.607113636363636715e+02 1.229817613636363603e+03
6.611055363321798950e+02 1.229862745098039113e+03
6.612595550484883233e+02 1.229988020536223530e+03
6.611884965831435466e+02 1.230479498861047887e+03
6.610380034032898493e+02 1.230969370391378334e+03
6.613161512027490971e+02 1.231065864833906062e+03
6.615969387755102389e+02 1.231657029478458071e+03
6.618349404424276372e+02 1.232201361315938811e+03
6.622713310580204507e+02 1.232265073947667815e+03
6.629339839265212504e+02 1.233281285878300878e+03
6.634871648602395453e+02 1.233127210496292037e+03
6.640285551113648808e+02 1.233059965733866420e+03
6.643248009101251910e+02 1.232953356086461781e+03
6.644712973593570950e+02 1.232996555683122779e+03
6.650794930875575801e+02 1.232432027649769680e+03
6.655986238532110519e+02 1.231938073394495405e+03
6.664495095210617137e+02 1.231615118291979115e+03
6.674004616272360408e+02 1.230608770917484208e+03
6.684563106796116472e+02 1.229875499714448779e+03
6.688810748999428597e+02 1.229377930245854714e+03
6.692144092219019740e+02 1.229116426512968246e+03
6.694144661308840796e+02 1.229129735935706094e+03
6.696269340974212128e+02 1.228886532951289382e+03
6.698328479906814437e+02 1.228639487478159481e+03
6.697690075449796723e+02 1.228596633778293608e+03
6.694934770277935741e+02 1.227997731140102132e+03
6.682973280272882448e+02 1.228262649232518470e+03
6.667327188940091673e+02 1.228745967741935374e+03
6.649115095430885276e+02 1.229233082706766936e+03
6.633943181818182211e+02 1.229371590909090855e+03
6.611822886716503263e+02 1.230050028752156322e+03
6.582514351320321566e+02 1.230743398392652125e+03
6.559737592698231765e+02 1.231411865373645242e+03
6.548218944980147853e+02 1.231891094724900768e+03
6.543185143500281811e+02 1.231719752391671364e+03
6.540302860347728711e+02 1.231992148065058927e+03
6.539223744292237370e+02 1.232472602739725971e+03
6.542873497424155858e+02 1.232439038351459658e+03
6.555833804409270442e+02 1.231934426229508290e+03
6.575790067720090519e+02 1.231654063205417515e+03
6.597784123358080706e+02 1.231294688749286024e+03
6.615598411798071083e+02 1.230996029495178618e+03
6.630621436716077142e+02 1.230449258836944182e+03
6.643675799086757934e+02 1.229998287671232902e+03
6.650589244851258854e+02 1.229860411899313476e+03
6.660449118817509770e+02 1.229366685616827681e+03
6.676022662889517960e+02 1.229209065155807366e+03
6.686227375565611055e+02 1.229264705882352928e+03
6.686129032258064626e+02 1.229239954725523376e+03
6.678741534988713511e+02 1.229542325056433356e+03
6.669861830742660231e+02 1.230314910765687955e+03
6.661849743881616632e+02 1.230444507683551592e+03
6.651750994883456087e+02 1.231146674246731209e+03
6.643826037521318995e+02 1.231221716884593434e+03
6.636709859154929063e+02 1.231846197183098639e+03
6.628932874354561591e+02 1.232529546758462402e+03
6.627557942340305317e+02 1.232409836065573700e+03
6.627964951950253862e+02 1.232357263990955289e+03
6.627870056497174573e+02 1.232266666666666652e+03
6.628038331454340550e+02 1.232229425028185005e+03
6.627616345062428991e+02 1.232326333711691177e+03
6.626643952299829152e+02 1.232324815445769445e+03
6.626337633202467714e+02 1.231874369040942156e+03
6.624903299203640472e+02 1.231971558589306142e+03
6.622525539160045582e+02 1.230345062429057862e+03
6.617989864864864558e+02 1.229806869369369451e+03
6.616012373453318105e+02 1.229176602924634381e+03
6.610435520361991166e+02 1.228914592760180994e+03
6.606258542141230237e+02 1.229121298405466860e+03
6.600313747860809599e+02 1.228622932116371885e+03
6.596752664049355417e+02 1.228591699383062178e+03
6.592844141069397210e+02 1.228595563139931755e+03
6.586407657657657637e+02 1.228670045045045072e+03
6.579127972819932211e+02 1.228936579841449657e+03
6.575309684684684726e+02 1.229257319819819713e+03
6.571121177802943976e+02 1.229864099660249167e+03
6.567054833239118352e+02 1.230442622950819668e+03
6.558570621468926447e+02 1.231018644067796686e+03
6.550894677236692587e+02 1.231198187995469880e+03
6.546626848691695386e+02 1.232266780432309361e+03
6.545919409761634142e+02 1.232355845629965870e+03
6.539810479375696559e+02 1.232586956521739239e+03
6.532521198417184678e+02 1.232929338609383876e+03
6.526435420191764933e+02 1.233420191765369509e+03
6.525682074408117614e+02 1.233504509582863648e+03
6.529193363844393616e+02 1.233872425629290547e+03
6.532668200115008403e+02 1.233688901667625032e+03
6.536956271576524387e+02 1.233816455696202638e+03
6.542361349342481844e+02 1.232812464265294466e+03
6.551260695949799810e+02 1.232063320022818061e+03
6.566169125993189937e+02 1.231359818388195208e+03
6.579614277489924916e+02 1.230779504893494504e+03
6.591875000000000000e+02 1.229821674311926699e+03
6.601357672561323398e+02 1.229300627495721528e+03
6.605608646188851480e+02 1.229133674630261567e+03
6.606395480225988877e+02 1.228840112994350193e+03
6.598407679277244142e+02 1.229381705251270432e+03
6.585852560495217176e+02 1.229222284749577966e+03
6.570913734392735250e+02 1.229357548240635651e+03
6.553028089887640135e+02 1.230049999999999955e+03
6.537073310423826342e+02 1.230634020618556633e+03
6.523331438317226230e+02 1.230712336554860713e+03
6.505292447473026414e+02 1.230872231686541681e+03
6.486642376681614905e+02 1.230871636771300473e+03
6.470534090909090992e+02 1.231136363636363740e+03
6.448060368921185272e+02 1.231533258803801118e+03
6.433517359134889375e+02 1.232352874217416002e+03
6.433223981900453055e+02 1.231955882352941217e+03
6.437742484401587717e+02 1.231930799773113904e+03
6.446003401360544558e+02 1.231677437641723373e+03
6.451897642323174296e+02 1.231842438182863816e+03
6.459202939513850197e+02 1.231083663086489651e+03
6.467133831131533270e+02 1.231151062607696758e+03
6.476047180667434304e+02 1.230657077100114975e+03
6.482983362019506330e+02 1.230189902467010825e+03
6.485707013574660778e+02 1.229505090497737456e+03
6.486537585421411904e+02 1.229593963553530784e+03
6.486223736513344420e+02 1.229629755820556511e+03
6.487018846373500764e+02 1.229599657338663519e+03
6.487225988700564585e+02 1.229597175141243042e+03
6.486778409090909463e+02 1.229762500000000045e+03
6.491348122866894528e+02 1.229873720136518841e+03
6.495295774647887583e+02 1.230111549295774694e+03
6.500017152658662098e+02 1.230633504859919867e+03
6.500895522388059362e+02 1.231152698048220373e+03
6.502785673678225749e+02 1.231181921546333115e+03
6.503652864435621268e+02 1.231657969370391356e+03
6.503919455473624112e+02 1.232162223482700028e+03
6.506003420752565489e+02 1.232595210946408315e+03
6.509550309162450503e+02 1.232762788083192845e+03
6.511966197183098757e+02 1.232825352112676001e+03
6.515929054054054177e+02 1.233126126126126110e+03
6.523120045300113361e+02 1.232905436013590133e+03
6.528191549295775076e+02 1.232586478873239457e+03
6.529971264367816275e+02 1.232656321839080420e+03
6.528099775784753547e+02 1.231573991031390051e+03
6.527548460661345189e+02 1.231587799315849452e+03
6.527190503109101201e+02 1.230958168456755175e+03
6.525975336322869680e+02 1.230632847533632230e+03
6.522422535211267132e+02 1.229792112676056377e+03
6.521152542372881271e+02 1.229422598870056390e+03
6.519152161706906554e+02 1.229039865244244766e+03
6.517456387169386289e+02 1.228740011254923957e+03
6.514843400447426802e+02 1.227983221476510153e+03
6.506745098039215236e+02 1.227762464985994484e+03
6.504344444444444662e+02 1.227816666666666606e+03
6.502903770399549330e+02 1.227815981992121579e+03
6.502632768361581839e+02 1.227702259887005539e+03
6.501502293577981391e+02 1.228548738532110065e+03
6.501125492402926511e+02 1.228801350590883430e+03
6.488240635641316203e+02 1.229438138479001054e+03
6.472625635234330730e+02 1.230023715415019751e+03
6.457600225861095851e+02 1.230941276115189112e+03
6.445581134194272863e+02 1.231142055025266700e+03
6.440962506994964087e+02 1.231217123670956880e+03
6.438317495807714295e+02 1.231278926774734600e+03
6.438456299659477509e+02 1.231821793416572064e+03
6.442649717514124177e+02 1.231325988700564949e+03
6.447966292134831292e+02 1.231722471910112290e+03
6.463182844243792715e+02 1.231351015801354379e+03
6.481541547277937525e+02 1.231548997134670572e+03
6.500119182746879005e+02 1.231604994324631207e+03
6.522340182648401878e+02 1.231162100456620919e+03
6.541558891454965305e+02 1.231169745958429530e+03
6.561423611111110858e+02 1.230851273148148039e+03
6.584863636363636488e+02 1.229649431818181711e+03
6.598997084548104795e+02 1.229773760932944697e+03
6.604363947518539817e+02 1.229138619509412365e+03
6.603874434389140333e+02 1.229274886877828067e+03
6.603299435028249036e+02 1.229248022598869966e+03
6.601581316826111561e+02 1.229391108610016772e+03
6.595644171779141516e+02 1.229739542665922954e+03
6.584521788341821775e+02 1.230385398981324215e+03
6.572944162436548368e+02 1.230683023124647434e+03
6.564333145751265874e+02 1.231018007878446724e+03
6.557369893676552692e+02 1.231429770565193166e+03
6.552778402699663047e+02 1.231391451068616334e+03
6.549425543781371744e+02 1.231434467373117741e+03
6.547069452286843898e+02 1.231920948616600754e+03
6.547542662116040901e+02 1.232153583617747472e+03
6.550605546123373415e+02 1.231890209394453905e+03
