6.531856659142212038e+02 1.232265801354401901e+03
6.550175339366516027e+02 1.232253959276018122e+03
6.571227168949772022e+02 1.232077054794520564e+03
6.588186440677966402e+02 1.231581355932203451e+03
6.597092238470190750e+02 1.231569178852643518e+03
6.601270022883295496e+02 1.231299199084668089e+03
6.603990851915380063e+02 1.231082332761578073e+03
6.603622361665716198e+02 1.231015972618368551e+03
6.603755656108597805e+02 1.230597285067873372e+03
6.602077185017026295e+02 1.230690692395005726e+03
6.603272623790552416e+02 1.230990324416619160e+03
6.604579545454545269e+02 1.231130113636363603e+03
6.611172804532577629e+02 1.231628895184135899e+03
6.617481731309724182e+02 1.232291174817313049e+03
6.624983202687569701e+02 1.232358902575587990e+03
6.627113111986493550e+02 1.232538548114800278e+03
6.628340883352208266e+02 1.232878822197055570e+03
6.633864155251141028e+02 1.232953196347031962e+03
6.643027730616864801e+02 1.232447085455574324e+03
6.655102857142857147e+02 1.232143428571428558e+03
6.671795454545454049e+02 1.231717613636363694e+03
6.682144092219019740e+02 1.231429971181556084e+03
6.687498562392179338e+02 1.231492811960897143e+03
6.681223434807582180e+02 1.231149913842619071e+03
6.668213272830403184e+02 1.230752694271128803e+03
6.653133218982275139e+02 1.230881646655231634e+03
6.637823129251701175e+02 1.231141723356009152e+03
6.624985883681536052e+02 1.231254658385093080e+03
6.613941276115189112e+02 1.231311688311688386e+03
6.607111609646663055e+02 1.231554122265844171e+03
6.604422645739909967e+02 1.231458520179372272e+03
6.603323991031389824e+02 1.231482062780268961e+03
6.606036036036035739e+02 1.231321509009009105e+03
6.616483889202939963e+02 1.231238552854720183e+03
6.623718535469107564e+02 1.231236270022883218e+03
6.630783645655877763e+02 1.231052243043725184e+03
6.634443813847900628e+02 1.231092508513053417e+03
6.640119931467733068e+02 1.231115933752141700e+03
6.646314888762121882e+02 1.231173416999429492e+03
6.657463026166097961e+02 1.230852673492605163e+03
6.665310734463276958e+02 1.230444067796610170e+03
6.667274266365687936e+02 1.230152934537245983e+03
6.660268264840182155e+02 1.230106164383561691e+03
6.649690011481055762e+02 1.229979908151550035e+03
6.635854483925550085e+02 1.229970107163000648e+03
6.626294019005031259e+02 1.230420905533817859e+03
6.624420168067226768e+02 1.230513725490196066e+03
6.620022497187851513e+02 1.230699662542182296e+03
6.620249858035207353e+02 1.230814310051107213e+03
6.622805017103762566e+02 1.230960091220068307e+03
6.626422902494331311e+02 1.231125850340136139e+03
6.629500283929585294e+02 1.230693923906871078e+03
6.633162100456620465e+02 1.230760273972602818e+03
6.636355979786636681e+02 1.230206064008983731e+03
6.637536723163841543e+02 1.230061581920904018e+03
6.640500863557858793e+02 1.230163500287852685e+03
6.648785796105383952e+02 1.230134020618556633e+03
6.655614942528735583e+02 1.230627011494252883e+03
6.667178189994378954e+02 1.230344013490725047e+03
6.676708715596330421e+02 1.230779243119266084e+03
6.675401459854014092e+02 1.230319483436271867e+03
6.662983550765740119e+02 1.230672149744753369e+03
6.642975917431192556e+02 1.230941513761467832e+03
6.621274065685164487e+02 1.231150622876557236e+03
6.602694712905059760e+02 1.231129619101762273e+03
6.589703196347031735e+02 1.231195776255707869e+03
6.580981735159817845e+02 1.231272831050228206e+03
6.575952782462056803e+02 1.231143901068015793e+03
6.570548953027730477e+02 1.231184493491794001e+03
6.567040988208871113e+02 1.231016844469399302e+03
6.564632641615255579e+02 1.230784632641615190e+03
6.561469248291572285e+02 1.230897494305239206e+03
6.556167597765363553e+02 1.230503910614525239e+03
6.553154960981047452e+02 1.230534002229654334e+03
6.549097533632286741e+02 1.230315022421524645e+03
6.546446558477896360e+02 1.230200335758254141e+03
6.545762996087199781e+02 1.230125768585802234e+03
6.543986448334273973e+02 1.229874082439299855e+03
6.536737430167597722e+02 1.230170391061452619e+03
6.526482412060302067e+02 1.230222780569514271e+03
6.511968325791855250e+02 1.230495475113122211e+03
6.494372537985368581e+02 1.231270118176702226e+03
6.480135211267605655e+02 1.231485633802816892e+03
6.467035175879397002e+02 1.231701842546063745e+03
6.462565974171814105e+02 1.231881527231892278e+03
6.462875633089477105e+02 1.231880697805289856e+03
6.463273340832396343e+02 1.232019122609673786e+03
6.466987612612612111e+02 1.231951576576576599e+03
6.472223476297967864e+02 1.231455417607223580e+03
6.474395480225988422e+02 1.231204519774011260e+03
6.475901730876605598e+02 1.230751535455053045e+03
6.474790385690329231e+02 1.230351593068753573e+03
6.469418407679277152e+02 1.230342179559570923e+03
6.466296709425544122e+02 1.230438371444506402e+03
6.462859531772575110e+02 1.230410813823857325e+03
6.462034949267192587e+02 1.231012965050732873e+03
6.460879368658398789e+02 1.231331454340473556e+03
6.459017857142856656e+02 1.231574776785714221e+03
6.452246049661399638e+02 1.231931151241534963e+03
6.437452085682074312e+02 1.231861894024802723e+03
6.425971988795517973e+02 1.231771988795518155e+03
6.416271855611956880e+02 1.231928369994359855e+03
6.415425709515859580e+02 1.231359488035614959e+03
6.420175141242938253e+02 1.231129943502824972e+03
6.428928771733034182e+02 1.230856421761076945e+03
6.437853107344632235e+02 1.230818079096045267e+03
6.448031674208144750e+02 1.231090497737556461e+03
6.457917607223475898e+02 1.231345372460496719e+03
6.466254891000559155e+02 1.231568474007825671e+03
6.469417808219178596e+02 1.232125000000000000e+03
6.469351166761525747e+02 1.232302788844621546e+03
6.467524024872809605e+02 1.232148671565856375e+03
6.463747203579417828e+02 1.231961409395973078e+03
6.456687150837989293e+02 1.231474301675977586e+03
6.452210348706411196e+02 1.231370641169853798e+03
6.446709786276715022e+02 1.230946569178852542e+03
6.438167040358744089e+02 1.230295964125560431e+03
6.425889570552146779e+02 1.230148912437256058e+03
6.415013881177123949e+02 1.229873403664630814e+03
6.403428252372975749e+02 1.230376326074818508e+03
6.400908071748879138e+02 1.230358183856502137e+03
6.405996631106120276e+02 1.230974733295901160e+03
6.421631728045325644e+02 1.231176770538243545e+03
6.443022071307300394e+02 1.231370684776457210e+03
6.463876404494382086e+02 1.231410674157303447e+03
6.480142612664004673e+02 1.231487164860239545e+03
6.491455372370664918e+02 1.231423536100056936e+03
6.495737704918033160e+02 1.231262295081967295e+03
6.498893956670467560e+02 1.230983466362599756e+03
6.501014739229025281e+02 1.230693310657596385e+03
6.503265536723164360e+02 1.230361581920903973e+03
6.503308947664603465e+02 1.230519977490151859e+03
6.500836653386454600e+02 1.231081388730791105e+03
6.495727119595733257e+02 1.231317237507018490e+03
6.492618778280542529e+02 1.231703619909502322e+03
6.485291153415453209e+02 1.231845464725643978e+03
6.476601123595505669e+02 1.231985393258426939e+03
6.468153585544889665e+02 1.232059288537549492e+03
6.462339943342776678e+02 1.231912181303116085e+03
6.456666666666666288e+02 1.231474036850921266e+03
6.460568828213879442e+02 1.230868031854379979e+03
6.472867647058823195e+02 1.230301470588235361e+03
6.487073033707864624e+02 1.230281460674157415e+03
6.504254237288135982e+02 1.230206214689265607e+03
6.518184892897406826e+02 1.230460541149943538e+03
6.525202702702703164e+02 1.230980855855855907e+03
6.525309336332958310e+02 1.231071991001124843e+03
6.520153409090909236e+02 1.231390340909090810e+03
6.513417650365373675e+02 1.231439010680157480e+03
6.506670391061452392e+02 1.231636312849162096e+03
6.503740068104426655e+02 1.231490351872871770e+03
6.502208972174901191e+02 1.231559909142532661e+03
6.503030474040632498e+02 1.231152370203160217e+03
6.507218767665348196e+02 1.231236291690220469e+03
6.511978335233751523e+02 1.231081527936145903e+03
6.516484198645598553e+02 1.231033295711060873e+03
6.519982817869415612e+02 1.231217067583046855e+03
6.524475014037058145e+02 1.231165637282425678e+03
6.532780294450735710e+02 1.231427519818799510e+03
6.547656691134951643e+02 1.231479390175042454e+03
6.565975336322869680e+02 1.231596973094170380e+03
6.585492721164613386e+02 1.231167413213885766e+03
6.600249574588768837e+02 1.231262053318207563e+03
6.606826651609260352e+02 1.231140033879164321e+03
6.608598078010174959e+02 1.230736574335782961e+03
6.608843537414966249e+02 1.230577097505668917e+03
6.608813174332765357e+02 1.230421351504826816e+03
6.608489819004524861e+02 1.229705882352941217e+03
6.608471121177802843e+02 1.229662514156285397e+03
6.608555240793201619e+02 1.229635127478753475e+03
6.611364411597498929e+02 1.230159749857873749e+03
6.618099266779470327e+02 1.230408911449520474e+03
6.625706309324399399e+02 1.230563372417643677e+03
6.633579545454545041e+02 1.231096590909090992e+03
6.636406779661017481e+02 1.231393220338983156e+03
6.635699421965317697e+02 1.232492485549132880e+03
6.642707622298065644e+02 1.231340728100113665e+03
6.653373287671232674e+02 1.231198630136986367e+03
6.667899829254411088e+02 1.230891861126920958e+03
6.682497136311569648e+02 1.230218213058419224e+03
6.692698231602965961e+02 1.229464346833998889e+03
6.694346590909091219e+02 1.229382386363636442e+03
6.684127345082433749e+02 1.229181921546333115e+03
6.667754524886877334e+02 1.228972850678733039e+03
6.652351258581235243e+02 1.229034897025171631e+03
6.637541076487252667e+02 1.229237393767705271e+03
6.624436302142052000e+02 1.229366403607666371e+03
6.614703557312252542e+02 1.229911914172783781e+03
6.610472396129766821e+02 1.230162208309618563e+03
6.604889892715979158e+02 1.230031620553359744e+03
