6.735353181552831074e+02 1.220244016345592627e+03
6.677588405797101814e+02 1.220853333333333239e+03
6.604874857792946159e+02 1.222411262798634880e+03
6.528916761687571579e+02 1.224519384264538303e+03
6.453721320649132167e+02 1.226763850027979743e+03
6.378561269146608765e+02 1.229599015317286558e+03
6.313719412724307176e+02 1.231696574225122276e+03
6.270369379014989590e+02 1.233930406852248325e+03
6.231797752808988662e+02 1.235830390583199460e+03
6.209125067096081239e+02 1.236957058507783131e+03
6.208396579369320989e+02 1.237727418492784636e+03
6.232170626349892473e+02 1.237043736501079820e+03
6.276917127071823188e+02 1.236654143646408784e+03
6.338764673001677465e+02 1.235534376746785938e+03
6.422495736213758164e+02 1.233954519613416778e+03
6.502110408280620959e+02 1.232640023001725240e+03
6.571337209302325846e+02 1.231373837209302337e+03
6.651048667439165456e+02 1.229489571263035941e+03
6.720516431924883136e+02 1.228126173708920078e+03
6.769388594944150555e+02 1.226740740740740648e+03
6.807575577949021408e+02 1.225068761114404197e+03
6.831681363903586544e+02 1.224008818342151699e+03
6.837173396674584183e+02 1.222942992874109223e+03
6.813032786885246423e+02 1.222434426229508290e+03
6.767270029673589988e+02 1.222188130563798268e+03
6.718079859072225872e+02 1.222568408690545994e+03
6.647867352773013181e+02 1.223369353916523778e+03
6.572155619596542238e+02 1.225138904899135468e+03
6.505579831932773232e+02 1.226997759103641556e+03
6.434463401210787197e+02 1.229373142542652658e+03
6.369598044541010040e+02 1.232260727865290619e+03
6.317635574837310060e+02 1.234446854663774502e+03
6.271672882258924346e+02 1.236452317527970081e+03
6.252602230483271342e+02 1.238103558151885181e+03
6.249152542372880816e+02 1.238583156779661067e+03
6.258086816720257275e+02 1.238258306538049283e+03
6.289449838187701971e+02 1.237604099244875897e+03
6.343113938053097627e+02 1.236407079646017792e+03
6.423119060927892860e+02 1.234673560648406919e+03
6.509838150289017449e+02 1.233125433526011648e+03
6.595795321637426696e+02 1.231970760233918099e+03
6.685136390017411259e+02 1.230243760882182187e+03
6.755567313345090952e+02 1.228293356848912481e+03
6.809816568047336887e+02 1.226926035502958484e+03
6.880664294187425867e+02 1.223208185053380703e+03
6.881138114997036155e+02 1.221914048606994584e+03
6.861289566236811197e+02 1.220874560375146530e+03
6.832982971227246480e+02 1.220001761597181485e+03
6.790878537735849250e+02 1.220244103773584811e+03
6.719576968272619979e+02 1.220847238542890636e+03
6.639976594499707971e+02 1.221721474546518493e+03
6.561529614721104053e+02 1.223634847613571083e+03
6.474774624373956158e+02 1.226198664440734547e+03
6.391899224806201119e+02 1.228455703211517175e+03
6.324986241056686822e+02 1.231110071546505196e+03
6.263367401828940046e+02 1.233429800968262498e+03
6.222623736029803467e+02 1.235246407663650871e+03
6.204875331564986709e+02 1.236042440318302397e+03
6.209005910800644870e+02 1.236272971520687861e+03
6.242976190476190368e+02 1.235529220779220850e+03
6.289629427792915521e+02 1.234434877384196170e+03
6.351070438158624256e+02 1.233257903494176389e+03
6.426274843838727975e+02 1.231928449744463478e+03
6.506984402079722258e+02 1.230454650491045641e+03
6.601068129330253669e+02 1.228786951501154817e+03
6.685041666666667197e+02 1.227060714285714312e+03
6.751503030303030073e+02 1.225734545454545469e+03
6.817289442467377967e+02 1.223689798339264598e+03
6.859916417910447990e+02 1.221971343283582200e+03
6.878426365795723996e+02 1.221107482185273057e+03
6.874287403903016411e+02 1.219991129509166285e+03
6.844849023090586115e+02 1.219641799881586849e+03
6.798119103773584584e+02 1.219277122641509322e+03
6.731801278326554439e+02 1.219932016269610585e+03
6.660814771395075695e+02 1.220875732708089117e+03
6.592439306358381828e+02 1.222438150289017358e+03
6.514013528748590716e+02 1.224621758737316895e+03
6.439569351230425127e+02 1.227263982102908358e+03
6.372963576158940668e+02 1.229933774834437145e+03
6.307347826086956957e+02 1.232569565217391300e+03
6.258522483940042775e+02 1.234968415417558845e+03
6.226240721102863063e+02 1.236300106044538779e+03
6.211821069348861784e+02 1.237353096876654263e+03
6.228969729155602408e+02 1.237436006372809288e+03
6.260522022838499652e+02 1.236874388254486121e+03
6.310720130932896836e+02 1.236133660665575462e+03
6.385769014084506807e+02 1.234310422535211273e+03
6.541211441390913706e+02 1.231632080762759415e+03
