6.483791964777104795e+02 1.229987341772151922e+03
6.479894444444444161e+02 1.230242222222222154e+03
6.483771587743732425e+02 1.230188300835654672e+03
6.492979318054779014e+02 1.229618781442146428e+03
6.488793969849245968e+02 1.229516471245114417e+03
6.480699105145413341e+02 1.229833333333333258e+03
6.469661487236403445e+02 1.229723640399555961e+03
6.462217294900221987e+02 1.229590354767183953e+03
6.461322314049587021e+02 1.229583471074380213e+03
6.462137701277068800e+02 1.229517490283175903e+03
6.462637423653525275e+02 1.229520266518600693e+03
6.475103294249022383e+02 1.229544388609715270e+03
6.495109243697479542e+02 1.229280672268907665e+03
6.510899830220713511e+02 1.229009620826259152e+03
6.529977439368302612e+02 1.228982515510434268e+03
6.535047512576858253e+02 1.228991056456120759e+03
6.531198233020430735e+02 1.228857537272225272e+03
6.526973539140021785e+02 1.228805402425578905e+03
6.532905027932961275e+02 1.228789944134078269e+03
6.551597300337457455e+02 1.228947694038245118e+03
6.574078431372548721e+02 1.228998319327730997e+03
6.593985385047780028e+02 1.229311410905002731e+03
6.612312040700960551e+02 1.229218202374222756e+03
6.627549407114624955e+02 1.229143986448334317e+03
6.645098591549295861e+02 1.229131830985915485e+03
6.654448179271709023e+02 1.229517086834733846e+03
6.657672991071428896e+02 1.229337053571428669e+03
6.659305169538632754e+02 1.229345747637576324e+03
6.663365222284749052e+02 1.229814856499718644e+03
6.668733821046707817e+02 1.229610579628587402e+03
6.683314383172256612e+02 1.230050596930073880e+03
6.698116919617763187e+02 1.229783024170882527e+03
6.702956472583380219e+02 1.229259468626342596e+03
6.692786516853932426e+02 1.228885955056179682e+03
6.672594259988744625e+02 1.228955543050084316e+03
6.651674182638106458e+02 1.229080608793686679e+03
6.634276169265033332e+02 1.228894209354120221e+03
6.622717633928571104e+02 1.229191964285714221e+03
6.611706771124789839e+02 1.229275321768326876e+03
6.604133704735376114e+02 1.228643454038997106e+03
6.599799888827126324e+02 1.228548638132295764e+03
6.596906873614191227e+02 1.228560421286030987e+03
6.588171206225680407e+02 1.227969983324068835e+03
6.574127777777778192e+02 1.227754444444444516e+03
6.553264852859522307e+02 1.227888395335924542e+03
6.527749586321015158e+02 1.228045780474351886e+03
6.508904261206419051e+02 1.228177089097952376e+03
6.503961432506887377e+02 1.228346005509641827e+03
6.510353733857383531e+02 1.228448062886018988e+03
6.515914396887159228e+02 1.228117287381878896e+03
6.512813026389668494e+02 1.228243121841662060e+03
6.501955431754875008e+02 1.228143175487465214e+03
6.493416528008874593e+02 1.228093732667775839e+03
6.482645268400664236e+02 1.228203652462645323e+03
6.475973597359735550e+02 1.228433443344334364e+03
