8.189342481417953650e+02 1.224271012006861156e+03
8.246102075154234399e+02 1.230752664049354962e+03
8.277637576431350226e+02 1.236211784324624887e+03
8.292646566164154365e+02 1.241857063093244051e+03
8.289139966273187383e+02 1.247346824058459788e+03
8.281751700680272279e+02 1.251676303854875187e+03
8.274400000000000546e+02 1.254366760563380240e+03
8.275695627484384431e+02 1.255899488926746244e+03
8.288385093167702280e+02 1.256199887069452188e+03
8.301367763904653430e+02 1.254972190692395088e+03
8.290676136363636033e+02 1.251909659090909145e+03
8.250670835702103432e+02 1.248332006822058020e+03
8.180835253456220926e+02 1.244210253456221153e+03
8.074857309260337388e+02 1.239743739079790430e+03
7.957287522603978687e+02 1.235365883062085686e+03
7.830369487485100990e+02 1.231311680572109708e+03
7.677382230172927393e+02 1.225539057841383510e+03
7.531112500000000409e+02 1.221546250000000100e+03
7.390990279465370349e+02 1.217157958687727842e+03
7.236264705882352928e+02 1.213452941176470631e+03
7.097159090909091219e+02 1.209739832535885171e+03
6.976575990538143515e+02 1.207018923713778804e+03
6.854409221902017180e+02 1.204112391930835656e+03
6.751933064050779194e+02 1.202330063473744985e+03
6.663056036972848233e+02 1.201035239745811623e+03
6.572236693091732604e+02 1.199314835787089578e+03
6.493049971280872796e+02 1.198793796668581308e+03
6.430793201133144521e+02 1.198380169971671421e+03
6.365559302979202130e+02 1.197644182124789268e+03
6.307808450704225152e+02 1.197750985915492947e+03
6.255631013016411544e+02 1.198013016411997796e+03
6.195980834272829725e+02 1.199286358511837761e+03
6.133079954954954474e+02 1.200706644144144093e+03
6.067336740488358373e+02 1.203010221465076711e+03
5.985154234436342904e+02 1.206232753785754312e+03
5.894966592427616661e+02 1.209221603563474446e+03
5.816006674082314021e+02 1.213253058954393737e+03
5.735704918032787418e+02 1.217021857923497237e+03
5.673237837837838242e+02 1.221618918918919007e+03
5.631424672489082468e+02 1.226637008733624498e+03
5.602843886462882210e+02 1.231779475982532858e+03
5.580164835164835040e+02 1.236580219780219750e+03
5.559922694643843215e+02 1.241098288238542182e+03
5.530770937326677767e+02 1.246297282307265732e+03
5.491524122807018102e+02 1.251172697368421041e+03
5.455992448759438957e+02 1.255092233009708707e+03
5.412321237993596696e+02 1.260445570971184679e+03
5.367435046987285432e+02 1.264148148148148039e+03
5.335622222222222035e+02 1.266514444444444507e+03
5.307292600896861359e+02 1.267996636771300473e+03
5.285597519729425358e+02 1.269312288613303281e+03
5.269863945578231323e+02 1.269530045351473973e+03
5.255684695051783137e+02 1.268754890678941365e+03
5.238554285714285470e+02 1.266915428571428492e+03
5.217697634160415419e+02 1.264016733987305315e+03
5.188448374215630565e+02 1.260148887621220865e+03
5.153322072072072615e+02 1.255612612612612565e+03
5.115397183098591540e+02 1.251581408450704203e+03
5.073516237402015463e+02 1.247413773796192572e+03
5.023514137334102543e+02 1.241631852279284431e+03
4.983490241102181244e+02 1.235838117106773780e+03
4.946818941504178042e+02 1.230686350974930292e+03
4.915392433653303215e+02 1.223448898927159689e+03
4.906831908831908891e+02 1.218413105413105313e+03
4.907826086956521863e+02 1.213446640316205503e+03
4.914769053117782960e+02 1.208310046189376408e+03
4.915439208842350354e+02 1.205511343804537546e+03
4.910636205899363631e+02 1.203488721804511215e+03
4.890904872389791080e+02 1.203374709976798158e+03
4.871308089500860774e+02 1.204307515777395338e+03
4.860233618233618245e+02 1.206694017094016999e+03
4.887121212121211897e+02 1.210245920745920785e+03
4.940949292452830264e+02 1.214499410377358572e+03
5.017289552238805754e+02 1.218637014925373023e+03
5.130207223208999494e+02 1.223756660746003490e+03
5.237733507511430844e+02 1.227838667537557058e+03
5.361470031545741222e+02 1.233054889589905315e+03
5.501511701454775221e+02 1.237682479443390321e+03
5.625944700460829608e+02 1.240499670836076348e+03
5.756476846057571493e+02 1.242011889862327962e+03
5.901838790931990388e+02 1.246191435768261954e+03
6.021698360655738043e+02 1.249465573770491801e+03
6.144546016059296107e+02 1.252052501544163079e+03
6.263760842627013972e+02 1.254453531598513109e+03
6.359167701863353841e+02 1.256034782608695650e+03
6.454981971153846416e+02 1.257983774038461434e+03
6.546175586289837156e+02 1.258675886951292796e+03
6.617961859356377090e+02 1.259676996424314666e+03
6.684464705882353428e+02 1.260482352941176487e+03
6.743145539906103068e+02 1.260889671361502451e+03
6.789370588235293553e+02 1.260839411764705801e+03
6.837224489795918316e+02 1.260254227405247775e+03
6.891468695143358900e+02 1.259215915740198852e+03
6.945834333733492940e+02 1.257795918367346985e+03
7.014292537313432376e+02 1.255878805970149187e+03
7.103237979306147736e+02 1.252713937918441843e+03
7.185136162127929538e+02 1.250333122229259061e+03
7.269951159951159525e+02 1.246564102564102541e+03
7.346236230110158658e+02 1.242278457772337788e+03
7.393915151515151365e+02 1.237964242424242457e+03
7.430317936412717472e+02 1.232857228554289122e+03
7.456678765880217270e+02 1.227763460375075510e+03
7.479381009615384528e+02 1.222904447115384528e+03
7.508022974607013111e+02 1.217879081015719521e+03
7.547657384987893465e+02 1.212480629539951678e+03
7.588159658744667695e+02 1.207694698354661796e+03
7.634423428920073320e+02 1.203184258694325763e+03
7.684357099329677112e+02 1.198572212065813574e+03
7.727434650455927567e+02 1.195488145896656533e+03
7.766551305403764900e+02 1.192318154219793541e+03
7.797723723723723879e+02 1.189908708708708673e+03
7.819365649311789639e+02 1.189123877917414802e+03
7.833715461493238763e+02 1.188947089947090035e+03
7.852093023255813478e+02 1.189961046511627956e+03
7.871578947368420813e+02 1.191574320416425735e+03
7.901697353279631670e+02 1.194100690448791738e+03
7.942361111111110858e+02 1.197383101851851961e+03
7.983994186046511459e+02 1.201439534883720853e+03
8.041987253765933019e+02 1.206496523754345390e+03
8.105063437139561984e+02 1.211606113033448764e+03
8.162014092777451424e+02 1.216969465648855021e+03
8.220831422018349031e+02 1.222861238532110065e+03
8.271498868778280666e+02 1.228815045248868728e+03
8.294102999434069261e+02 1.234526881720430083e+03
8.302631578947368780e+02 1.239814669652855628e+03
8.297680756395996013e+02 1.244843715239154562e+03
8.294256035934868123e+02 1.248740595171252153e+03
8.297951329937748142e+02 1.251916242218449270e+03
8.318428899082568932e+02 1.253298165137614660e+03
8.347540509259259807e+02 1.252965856481481524e+03
8.371826977803073078e+02 1.251939669891861058e+03
8.364893982808023338e+02 1.249165616045845354e+03
8.316034772854739003e+02 1.247836231071228212e+03
8.241719636776390416e+02 1.244295119182746930e+03
8.153321428571429124e+02 1.237261309523809587e+03
8.044725864123956853e+02 1.232897497020262108e+03
7.908927113702624183e+02 1.228176676384839539e+03
7.756381818181818062e+02 1.223543030303030264e+03
7.620061236987140774e+02 1.220025107164727387e+03
7.470059594755661010e+02 1.215983909415971311e+03
7.312283987915408261e+02 1.212647734138972737e+03
7.174137515078407432e+02 1.209960796139927652e+03
7.036511085180864029e+02 1.207450991831972033e+03
6.899598837209301792e+02 1.205655813953488405e+03
6.686874279123413771e+02 1.202463091118800548e+03
