6.558546770601336675e+02 1.229670378619153780e+03
6.555409292035398039e+02 1.229568584070796533e+03
6.541941854086670673e+02 1.229512890839275997e+03
6.537314814814815236e+02 1.229545751633987038e+03
6.538089764641488273e+02 1.229366174055829333e+03
6.543398004434590121e+02 1.229439024390243958e+03
6.544774477447745085e+02 1.229310781078107766e+03
6.546963003865267865e+02 1.229489232468249611e+03
6.544148760330579080e+02 1.229257300275482066e+03
6.535828288387451721e+02 1.229362685745734780e+03
6.534413377192981898e+02 1.229397478070175339e+03
6.534634414513468528e+02 1.229537108301264425e+03
6.548122246696035518e+02 1.229465859030837009e+03
6.560700110253583262e+02 1.229538588754134480e+03
6.560579150579150109e+02 1.229400441257584134e+03
6.554211105002748354e+02 1.229408466190214313e+03
6.545065573770491483e+02 1.229295628415300598e+03
6.540861035422343548e+02 1.229467029972752016e+03
6.542222835079977585e+02 1.229370104798676266e+03
6.547504132231405265e+02 1.229183471074380122e+03
6.553290788013318888e+02 1.229207547169811278e+03
6.553074361820199556e+02 1.229280244173141000e+03
6.545077092511013461e+02 1.229128854625550730e+03
6.542837389380531476e+02 1.229305862831858349e+03
