7.037622418879055886e+02 1.178234218289085447e+03
7.026814728229105640e+02 1.177294564582115754e+03
6.970136660724896274e+02 1.180058823529411711e+03
6.847486371895820412e+02 1.187938219261053973e+03
6.699717586649550185e+02 1.197928754813863861e+03
6.564285714285714448e+02 1.208344291691571925e+03
6.437125782583949558e+02 1.219718269778030844e+03
6.337760942760942271e+02 1.230358585858585911e+03
6.264822695035461493e+02 1.239043644298963500e+03
6.191474082073434602e+02 1.248679805615550777e+03
6.130213106020245277e+02 1.255351624933404310e+03
6.086906552094521885e+02 1.260291084854994551e+03
6.049130901287553570e+02 1.264325643776824108e+03
6.043958896700919468e+02 1.265226608977825890e+03
6.098480225988701022e+02 1.264339548022598819e+03
6.218529241459177683e+02 1.262225825130283738e+03
6.374366028708134309e+02 1.257177631578947285e+03
6.516011063306699498e+02 1.250418561770129145e+03
6.656340326340326783e+02 1.240694638694638797e+03
6.773822301729278479e+02 1.229528324388789542e+03
6.854462269756387514e+02 1.219121212121212011e+03
6.917716121495327570e+02 1.206175233644859873e+03
6.964976662777129377e+02 1.193676779463243975e+03
7.000265957446808898e+02 1.185942080378250694e+03
7.031807442409923397e+02 1.179816893089190899e+03
7.028173862310385402e+02 1.177549591598599818e+03
6.985278609946075221e+02 1.179312162971839371e+03
6.881414925373134110e+02 1.185401791044776019e+03
6.617887154861945191e+02 1.205753301320528180e+03
