6.484023372287144866e+02 1.226839176405119588e+03
6.474302390216787444e+02 1.226881600889382980e+03
6.469140625000000000e+02 1.227104910714285779e+03
6.463623673925181947e+02 1.227179787828029021e+03
6.455322580645160997e+02 1.227666295884316014e+03
6.451939966648137670e+02 1.228078932740411346e+03
6.448380320619127133e+02 1.228480375898286411e+03
6.444090657822000594e+02 1.228674405749032530e+03
6.450423162583518888e+02 1.228853006681514444e+03
6.461406074240719590e+02 1.229021934758155339e+03
6.473787281935847204e+02 1.228966235227912193e+03
6.491728603603603460e+02 1.229082207207207148e+03
6.510307606263982052e+02 1.228853467561521256e+03
6.535412486064659561e+02 1.228382385730211809e+03
6.561485649971862131e+02 1.229135059088351227e+03
6.581384355655599165e+02 1.229289251547552112e+03
6.609056393076493805e+02 1.229402568397543291e+03
6.634480628860191018e+02 1.229726558113419514e+03
6.651993243243243796e+02 1.230156531531531527e+03
6.662838817624093508e+02 1.230379810373675355e+03
6.678003355704697697e+02 1.230505592841163207e+03
6.690864682762493203e+02 1.230487366647950694e+03
6.695526905829595989e+02 1.230379484304932703e+03
6.692584269662921770e+02 1.230311235955056191e+03
6.690144766146993334e+02 1.230145879732739331e+03
6.693740201567749182e+02 1.229797312430011289e+03
6.690189204229270672e+02 1.229476905954368476e+03
6.681173840134152897e+02 1.229402459474566740e+03
6.671668533034714983e+02 1.229290033594624902e+03
6.666400443704935697e+02 1.229356627842484841e+03
6.656407551360355228e+02 1.229337590227651390e+03
6.637562465297056633e+02 1.229689616879511277e+03
6.613751406074241004e+02 1.229641732283464535e+03
6.594822222222222763e+02 1.229547777777777810e+03
6.568524130190796768e+02 1.229161054994388223e+03
6.539311695579183379e+02 1.228959149412423130e+03
6.516006655574043407e+02 1.228661674986134130e+03
6.490033277870215898e+02 1.228320576816417088e+03
6.469044444444444935e+02 1.228265555555555466e+03
6.457285318559556799e+02 1.228180055401662003e+03
6.447902058987200462e+02 1.228117974401780657e+03
6.443205768164170877e+02 1.228010537992235186e+03
6.435199115044247264e+02 1.228273783185840784e+03
6.428522789676002276e+02 1.228404173531026800e+03
6.426096227446691955e+02 1.228457627118644041e+03
6.419557522123893705e+02 1.229077433628318659e+03
