6.533375690607734896e+02 1.229221546961325885e+03
6.533800223214285552e+02 1.228819196428571331e+03
6.541909547738692936e+02 1.228376884422110606e+03
6.550785953177257852e+02 1.228394091415830644e+03
6.557285873192436156e+02 1.228442714126807459e+03
6.571800894854586659e+02 1.228998881431767359e+03
6.589128233970753854e+02 1.229426321709786180e+03
6.601294516676088051e+02 1.229999434708875015e+03
6.604487968662563162e+02 1.230404588696138717e+03
6.597272727272727479e+02 1.231068462401795841e+03
6.588911946158160617e+02 1.231348289399887790e+03
6.576274400446179698e+02 1.231807585052983768e+03
6.567167597765362643e+02 1.232237430167597722e+03
6.556142301278488276e+02 1.232130072262368003e+03
6.541659167604049117e+02 1.231544994375703027e+03
6.527084952803998021e+02 1.230772348695169285e+03
6.524903154399556797e+02 1.230415052573325966e+03
6.529326280623607772e+02 1.229489420935411999e+03
6.536895589056392737e+02 1.228778336125069700e+03
6.545315818893236610e+02 1.227924538848518750e+03
6.551756453423120092e+02 1.227406846240179675e+03
6.553530738860688416e+02 1.227388042865200305e+03
6.554880952380951840e+02 1.227400226757369637e+03
6.551685330347144145e+02 1.227995520716685405e+03
6.539439822518025949e+02 1.228518025513033763e+03
6.528999999999999773e+02 1.229309999999999945e+03
6.519795127353266935e+02 1.230036544850498331e+03
6.522753217683267621e+02 1.230513150531617157e+03
6.528019079685745965e+02 1.230962962962963047e+03
6.535879732739421115e+02 1.231473273942093556e+03
6.542276330690826853e+02 1.231785390713476772e+03
6.550964265456608473e+02 1.231338060124787262e+03
6.564918493535693642e+02 1.230732433951658322e+03
6.575298087739032553e+02 1.229916197975252999e+03
6.580756111426946973e+02 1.229167708925525858e+03
6.575497498610338880e+02 1.228302946081156279e+03
6.562079096045197275e+02 1.227846327683615755e+03
6.543720538720539253e+02 1.227177890011223326e+03
6.522722660653889761e+02 1.227064825253664139e+03
6.503466068424004334e+02 1.227149747616376999e+03
6.488971078976641138e+02 1.227492769744160114e+03
6.478619922092376555e+02 1.228309404563160797e+03
6.480556792873051108e+02 1.228449331848552447e+03
6.490607765897580066e+02 1.229094541361845813e+03
6.506135346756152558e+02 1.229510067114093999e+03
6.525180586907449651e+02 1.229874717832957003e+03
6.541325028312570566e+02 1.229852774631936654e+03
6.559644067796609761e+02 1.229825988700564949e+03
6.579743589743590064e+02 1.230108831908831917e+03
6.594359410430838579e+02 1.230155328798186019e+03
6.591709786276715022e+02 1.229545556805399428e+03
6.576064189189189619e+02 1.229335022522522422e+03
6.563322072072072615e+02 1.228915540540540633e+03
6.552397067117879033e+02 1.228807106598984774e+03
6.545832408435072693e+02 1.228997780244173100e+03
6.543557800224466519e+02 1.229104938271604851e+03
6.540050391937289760e+02 1.229245800671892539e+03
6.538064516129031745e+02 1.229310344827586277e+03
6.542136031478358973e+02 1.229539066891511993e+03
6.552852348993288842e+02 1.229829977628635334e+03
6.569555430500844295e+02 1.230260551491277511e+03
6.580348173515981216e+02 1.230996004566210104e+03
6.584960496613995247e+02 1.231009593679458249e+03
6.582160633484162418e+02 1.231209841628959339e+03
6.582376910016978400e+02 1.231195812110922361e+03
6.577481853713009059e+02 1.231108319374651046e+03
6.572996613995485404e+02 1.231225733634311609e+03
6.564246651785714448e+02 1.230729352678571331e+03
6.557416851441241761e+02 1.230417405764966816e+03
6.557500000000000000e+02 1.230003906250000000e+03
6.564580536912751541e+02 1.229557606263982052e+03
6.579831460674157597e+02 1.229340449438202313e+03
6.592077922077921812e+02 1.229057029926595078e+03
6.601356218345525804e+02 1.229401800787844650e+03
6.618127777777777965e+02 1.229576666666666597e+03
6.633049605411499670e+02 1.229990980834272932e+03
6.640841278743690737e+02 1.230372966909702654e+03
6.638451178451178976e+02 1.230936588103254735e+03
6.627146829810900499e+02 1.231697441601779701e+03
6.612771219786396841e+02 1.232464305789769469e+03
6.595491939966648260e+02 1.232862701500833737e+03
6.571084133258045767e+02 1.232092038396386215e+03
