6.597757947573898036e+02 1.230131065253764746e+03
6.606509171762089636e+02 1.229668148971650908e+03
6.605027964205816033e+02 1.230011744966442848e+03
6.605390189520624062e+02 1.229992753623188491e+03
6.613131652661064663e+02 1.229800560224089622e+03
6.615170105967652034e+02 1.230204684885666438e+03
6.615161469933184435e+02 1.230196547884187112e+03
6.618362310712282124e+02 1.229978687605159848e+03
6.617524916943522157e+02 1.229976190476190368e+03
6.613379888268156037e+02 1.230120111731843508e+03
6.609222222222222172e+02 1.229843333333333248e+03
6.605723756906077142e+02 1.229948618784530481e+03
6.593778519755147727e+02 1.229695603784084597e+03
6.583626251390434163e+02 1.229487208008898733e+03
6.569843400447426802e+02 1.229605704697986539e+03
6.553746510329424382e+02 1.229718592964824211e+03
6.541598885793871432e+02 1.229593314763231092e+03
6.530601213458356824e+02 1.229462217319360207e+03
6.522396236856668565e+02 1.229771444382955224e+03
6.512932372505542844e+02 1.229703436807095386e+03
6.504008786381109530e+02 1.229756727073036700e+03
6.495046935394809680e+02 1.229696852567642281e+03
6.482641509433962028e+02 1.229805771365149894e+03
6.484708818635607486e+02 1.229895174708818558e+03
6.486540810660743546e+02 1.230012215435868939e+03
6.487974472807991333e+02 1.229509433962264211e+03
6.490922818791946156e+02 1.229621364653243745e+03
6.494340871483728961e+02 1.229271373414230538e+03
6.506788685524126095e+02 1.229468663338879651e+03
6.515763274336283075e+02 1.229610619469026460e+03
6.529273433166944187e+02 1.230024403771491961e+03
6.538806469604015774e+02 1.230301171221416553e+03
6.545298382598996341e+02 1.229967651979921811e+03
6.560721821210438520e+02 1.230270405330372114e+03
6.572861142217245742e+02 1.230260358342665086e+03
6.583752796420582172e+02 1.230189038031320024e+03
6.594235491071428896e+02 1.230172991071428669e+03
6.600553691275167694e+02 1.229842841163311050e+03
6.601655480984339874e+02 1.229850111856823332e+03
6.604980457844779949e+02 1.229896147403685063e+03
6.615197992191857566e+02 1.229905744562186328e+03
6.615566090351366029e+02 1.230160066926938043e+03
6.617957589285714448e+02 1.230036830357142890e+03
6.623068693693693376e+02 1.230126126126126110e+03
