6.551898734177215147e+02 1.229834342322509656e+03
6.558918176825919772e+02 1.229648544755628791e+03
6.568564356435643958e+02 1.229278327832783361e+03
6.576155543298400517e+02 1.229288472145615060e+03
6.581507847533632685e+02 1.229427690582959713e+03
6.576646542261250943e+02 1.229299670691547817e+03
6.570309392265193082e+02 1.230095580110497167e+03
6.568111658456485884e+02 1.229918992884510089e+03
6.568039647577091955e+02 1.230197136563876711e+03
6.568087100330760677e+02 1.230273980154355058e+03
6.569855475264035931e+02 1.230281267370761498e+03
6.567677490368739655e+02 1.230235002751788670e+03
6.554435883324160841e+02 1.229608695652173992e+03
6.543693398799781562e+02 1.229433169667212269e+03
6.545602409638554491e+02 1.229378970427163267e+03
6.552419533851276583e+02 1.229498890122086550e+03
6.557157894736842536e+02 1.228979501385041658e+03
6.562178988326847957e+02 1.229225680933852118e+03
6.561636161952301336e+02 1.229194120909595085e+03
6.545174672489082468e+02 1.229370633187772910e+03
6.534755090809026115e+02 1.229672537149147047e+03
6.539039735099337349e+02 1.229915011037527620e+03
6.549512465373961732e+02 1.229464819944598275e+03
6.561543175487464623e+02 1.229333704735375932e+03
