6.548704918032786964e+02 1.229276502732240488e+03
6.561899288451012353e+02 1.230293924466338240e+03
6.574094661529994710e+02 1.231081452944413968e+03
6.594469488730071589e+02 1.231095107201759220e+03
6.613377556661138215e+02 1.230705362078496364e+03
6.624983534577387445e+02 1.230350713501646624e+03
6.637923076923076451e+02 1.229629120879120819e+03
6.643394241417497597e+02 1.228851605758582537e+03
6.642542465753424494e+02 1.228385205479451997e+03
6.633338815789473983e+02 1.228322916666666742e+03
6.617493128092357892e+02 1.228516217702034055e+03
6.589806949806950342e+02 1.229215113072255917e+03
6.560806805708012917e+02 1.230091657519209548e+03
6.546332964601770072e+02 1.230856747787610630e+03
6.542818132168214333e+02 1.231767340251228916e+03
6.516157229246838369e+02 1.232313908741066598e+03
6.504183006535947698e+02 1.231405773420479363e+03
6.503031130529765278e+02 1.230966684871654934e+03
6.507117263843648516e+02 1.229713897937024967e+03
6.509457831325300958e+02 1.228720700985761141e+03
6.511777899343544505e+02 1.228195295404814033e+03
6.511592531576056899e+02 1.227978034047226856e+03
6.514410625345876724e+02 1.227903707802988265e+03
6.520164473684210407e+02 1.228185855263157919e+03
6.525049288061336483e+02 1.229180175246440285e+03
6.529743028977583208e+02 1.229859486057955110e+03
6.536017505470459810e+02 1.230635667396061308e+03
6.550704845814977944e+02 1.231423458149779663e+03
6.566626307099614905e+02 1.231462300495321870e+03
6.586729281767956081e+02 1.231612707182320491e+03
6.613451131971286259e+02 1.230777471010491354e+03
