6.555286343612334576e+02 1.228615638766519851e+03
6.563186874304783487e+02 1.228493882091212527e+03
6.554801104972375470e+02 1.228540883977900648e+03
6.536200873362445236e+02 1.229020742358078678e+03
6.529557474365892631e+02 1.229410685375067487e+03
6.541901369863013542e+02 1.229581369863013606e+03
6.557637752318603361e+02 1.229452264048008828e+03
6.570501392757660142e+02 1.229118105849582207e+03
6.577569939659900911e+02 1.228522216127262709e+03
6.578847420417124567e+02 1.228361141602634461e+03
6.568666300768386463e+02 1.229114709110867125e+03
6.556377995642701535e+02 1.229418300653594770e+03
6.549277566539924464e+02 1.229808799565453455e+03
6.556522453450164676e+02 1.229696056955093127e+03
6.573994490358127223e+02 1.229469421487603313e+03
6.598722931704608072e+02 1.229857301499167079e+03
6.610428491930996415e+02 1.230129104062326178e+03
6.600996104618809568e+02 1.230208124652198194e+03
6.580568119139547889e+02 1.230359624931053531e+03
6.560229132569558033e+02 1.229883797054009847e+03
6.554909885308574076e+02 1.229371381758601956e+03
6.558892543859649322e+02 1.229075657894736878e+03
6.574121546961325748e+02 1.229275138121546888e+03
6.586894273127753650e+02 1.229653083700440448e+03
6.589212730318257627e+02 1.230014517029592298e+03
6.577543859649123306e+02 1.229929276315789366e+03
6.560943188086044984e+02 1.230296745725317123e+03
6.548929159802306685e+02 1.229943986820428336e+03
6.539689880304679264e+02 1.230242655059847721e+03
6.543700440528634772e+02 1.230171806167400973e+03
6.554868131868131513e+02 1.229294505494505529e+03
6.567198014340871168e+02 1.229186431329288553e+03
6.573696132596685402e+02 1.228965193370165707e+03
6.564842801985658980e+02 1.228858797573083393e+03
6.543981430912069754e+02 1.229271436373566303e+03
6.534557935200439260e+02 1.229923668314113229e+03
6.557189218921892007e+02 1.229848184818481741e+03
