6.609706533776301285e+02 1.228928017718715410e+03
6.589039106145251026e+02 1.228983798882681640e+03
6.574207011686143005e+02 1.228804674457428973e+03
6.564718853362734308e+02 1.228654355016538148e+03
6.556809917355371908e+02 1.228596694214875924e+03
6.545308848080134112e+02 1.228952698942682218e+03
6.523617139677239720e+02 1.229740122426265998e+03
6.509772727272727479e+02 1.229958425720620880e+03
6.505407488986784301e+02 1.230170154185022056e+03
6.504352360043907311e+02 1.230256311745334870e+03
6.499916851441241761e+02 1.230412971175166376e+03
6.495388002201431163e+02 1.230228398458998299e+03
6.491117841409691209e+02 1.230479074889867888e+03
6.491669430624654069e+02 1.230320619126589236e+03
6.505394373965802970e+02 1.229874241588527411e+03
6.525786858089453517e+02 1.229438431805632263e+03
6.531641541038526384e+02 1.229348967057509753e+03
6.551511758118700754e+02 1.229066069428891296e+03
6.576409116175652798e+02 1.229232907170650378e+03
6.599361702127660010e+02 1.229043673012318095e+03
6.612980501392758015e+02 1.229230640668523620e+03
6.619015025041736635e+02 1.229397885364496460e+03
6.625136186770428139e+02 1.229192329071706581e+03
6.638946488294313895e+02 1.229094760312151720e+03
6.642708917554682557e+02 1.228997195737520997e+03
6.633056330172894377e+02 1.228576129392080247e+03
6.609251662971174710e+02 1.228396341463414728e+03
6.594897620365246667e+02 1.228519645821804033e+03
6.584358407079646440e+02 1.228496128318584169e+03
6.576868464501926610e+02 1.228291689598238918e+03
6.547914586799778363e+02 1.229337215751525264e+03
