6.562366498032602067e+02 1.230148960089938100e+03
6.519197080291970678e+02 1.229997192588433563e+03
6.466229508196721554e+02 1.229969474279253745e+03
6.411359003397508332e+02 1.230293884484711270e+03
6.353585858585859114e+02 1.230847923681257043e+03
6.310312674483528781e+02 1.231929089893914124e+03
6.283103638368246493e+02 1.232198456449834566e+03
6.254825870646766361e+02 1.232658374792703171e+03
6.237958172812327575e+02 1.232836543753439628e+03
6.236987355689939250e+02 1.232584936778449674e+03
6.243087027914614282e+02 1.232341543513957276e+03
6.252049586776859087e+02 1.232212672176308615e+03
6.265501941209096231e+02 1.232085967831392054e+03
6.282769485903813802e+02 1.231541182974018739e+03
6.311362107623318707e+02 1.231127242152466351e+03
6.339766666666666879e+02 1.230482777777777756e+03
6.375944598337949856e+02 1.229673130193905763e+03
6.413853521126760597e+02 1.228843380281690088e+03
6.453975084937712836e+02 1.227875424688561679e+03
6.500444569499155705e+02 1.226947664603264002e+03
6.548794084186575901e+02 1.226692263936291283e+03
6.595053581500282007e+02 1.226737732656514481e+03
6.653485875706214756e+02 1.227110169491525312e+03
6.763855285472018295e+02 1.227276427360090338e+03
6.802081218274112189e+02 1.227303440496333906e+03
6.832326369282891392e+02 1.227168266516092672e+03
6.850304225352113008e+02 1.226287323943661931e+03
6.867887087758524558e+02 1.224993851313583036e+03
6.874852941176470722e+02 1.224752828054298561e+03
6.872562217194570167e+02 1.223932692307692378e+03
6.864263786242182732e+02 1.223712336554860713e+03
6.847145260796410184e+02 1.224163768928771788e+03
6.833583521444695634e+02 1.225384875846501018e+03
6.811801136363636715e+02 1.226375568181818153e+03
6.781701644923425647e+02 1.227753261486103156e+03
6.745676905574516695e+02 1.228629124004550704e+03
6.701962669683257445e+02 1.229309954751131272e+03
6.651722972972972912e+02 1.229389076576576599e+03
6.609670641680862673e+02 1.229210675752413408e+03
6.560641466208476231e+02 1.229118556701030911e+03
6.501968415115622975e+02 1.229139311900733219e+03
6.444422423556059130e+02 1.229362967157417870e+03
6.388981797497156094e+02 1.229959044368600644e+03
6.333661111111110813e+02 1.231113888888888823e+03
6.297050279329608884e+02 1.232162011173184283e+03
6.267084028937117637e+02 1.232603227601558046e+03
6.237502793296089294e+02 1.233131284916201139e+03
