6.561541076487252440e+02 1.230085552407932028e+03
6.561517202481669528e+02 1.229918217710095860e+03
6.560822998872604330e+02 1.230091319052987501e+03
6.560129213483146486e+02 1.229959550561797641e+03
6.562247065399664052e+02 1.229487423141419868e+03
6.573051224944321120e+02 1.229388641425389778e+03
6.583101514301738462e+02 1.228969153112731419e+03
6.582797752808988889e+02 1.228976404494381995e+03
6.581499157776529501e+02 1.229093767546322397e+03
6.581445378151260002e+02 1.229061064425770383e+03
6.591463825014021722e+02 1.229263039820527183e+03
6.602206703910615033e+02 1.229815642458100456e+03
6.616219376391982223e+02 1.230345768374164891e+03
6.633518930957683324e+02 1.230262249443207111e+03
6.641669458403126782e+02 1.230371859296482398e+03
6.641926503340757790e+02 1.230433184855233776e+03
6.639286109573879457e+02 1.230348090758162698e+03
6.636434108527131457e+02 1.230351605758582537e+03
6.635055493895671361e+02 1.230743618201997833e+03
6.631991101223582064e+02 1.230344271412680655e+03
6.623275669642856656e+02 1.229680803571428669e+03
6.609598438371444900e+02 1.229358059118795381e+03
6.599749861033907337e+02 1.228602556976097731e+03
6.591706636921360314e+02 1.228457891801450160e+03
6.585539647577091955e+02 1.228357929515418391e+03
6.585590163934426755e+02 1.227683060109289727e+03
6.586483214089157627e+02 1.227330764997248252e+03
6.586449834619625108e+02 1.227763506063947034e+03
6.582378559463986676e+02 1.228189279731993338e+03
6.584659598214285552e+02 1.228722098214285779e+03
6.595387186629526468e+02 1.229241225626740970e+03
6.593627287853577172e+02 1.229219079312257236e+03
6.585279329608938497e+02 1.229011731843575490e+03
6.581050866405813622e+02 1.229326998323085490e+03
6.572673378076062818e+02 1.229205816554809871e+03
6.562044817927170470e+02 1.229346218487394935e+03
6.546653631284916628e+02 1.229334636871508337e+03
6.526406950672645735e+02 1.229072869955156875e+03
6.508842746400886199e+02 1.228501661129568220e+03
6.491719532554257057e+02 1.228331107401224244e+03
6.482284292035398039e+02 1.228337389380531022e+03
6.482886426592797307e+02 1.228284764542936273e+03
6.483996674057649443e+02 1.228381929046563300e+03
6.482430632630411083e+02 1.228228634850166372e+03
6.482479201331115064e+02 1.228207986688851861e+03
6.488742382271468614e+02 1.228527977839335108e+03
6.500583613916946888e+02 1.229240179573512933e+03
6.512026726057906671e+02 1.229504454342984445e+03
6.528120133481646690e+02 1.229769187986651787e+03
6.542038180797304676e+02 1.230068500842223557e+03
6.551715741789354297e+02 1.229932616081540118e+03
6.551583990980834642e+02 1.230065388951521982e+03
6.554983089064261321e+02 1.230165727170236778e+03
6.560310910118711263e+02 1.230040135669870097e+03
6.562580828133862951e+02 1.229612592172433324e+03
6.565648044692737813e+02 1.229251396648044647e+03
6.571894322653175777e+02 1.228991006183249056e+03
6.569855153203342297e+02 1.228595543175487364e+03
6.562964205816555250e+02 1.228828859060402692e+03
6.572943480693900256e+02 1.228789031897034192e+03
