6.453259300388673410e+02 1.230322043309272658e+03
6.456109877913429500e+02 1.230290788013318434e+03
6.460656649972175956e+02 1.230525876460767904e+03
6.462599217439910717e+02 1.230378423700391295e+03
6.467026125625347959e+02 1.230347415230683737e+03
6.471235326998322535e+02 1.230017887087758481e+03
6.474265695067264232e+02 1.230032511210762323e+03
6.482240896358543978e+02 1.230206162464985937e+03
6.491637689287717876e+02 1.230264161525518830e+03
6.502765363128492027e+02 1.230159217877094989e+03
6.511798319327731406e+02 1.230295798319327787e+03
6.525826859045505444e+02 1.230081021087680256e+03
6.542550335570469997e+02 1.230225391498881436e+03
6.561782902137232441e+02 1.230190101237345289e+03
6.577031861375070321e+02 1.229774175517048661e+03
6.593126760563379776e+02 1.229774647887323908e+03
6.602581552305962305e+02 1.230211473565804226e+03
6.615942921096810778e+02 1.230348628987129359e+03
6.628071150639243569e+02 1.230280711506392436e+03
6.642849944008958119e+02 1.230607502799552094e+03
6.653684507042253244e+02 1.230538591549295688e+03
6.660799549549549283e+02 1.230260698198198270e+03
6.667714604236343803e+02 1.230426978818283260e+03
6.672623318385650464e+02 1.230292040358744316e+03
6.666139275766016681e+02 1.230364902506963745e+03
6.662002230897936670e+02 1.230274958170663695e+03
6.663120805369127311e+02 1.230250559284116434e+03
6.652722159730034264e+02 1.229835208098987550e+03
6.639715560513106993e+02 1.230119353039598536e+03
6.623767313019390031e+02 1.230175069252077492e+03
6.607463687150838041e+02 1.230059217877095080e+03
6.591432552954291850e+02 1.229558528428093723e+03
6.578208124652197739e+02 1.229446855870895888e+03
6.569204229271007307e+02 1.229420701168614414e+03
6.559794672586015167e+02 1.229249722530521694e+03
6.545228650137740942e+02 1.229257300275482066e+03
6.530951585976628166e+02 1.229201446855870927e+03
6.515256124721603328e+02 1.229037861915367557e+03
6.501666666666666288e+02 1.229069910514541334e+03
6.488233333333333803e+02 1.229183333333333394e+03
6.476106194690265738e+02 1.229167588495575274e+03
6.471873262923846823e+02 1.229290717065036233e+03
6.471814134668892393e+02 1.229268224819142915e+03
6.474008859357696792e+02 1.229042635658914833e+03
6.480643536653609544e+02 1.229232792389479528e+03
6.482870733072187477e+02 1.229058198097369996e+03
6.482786429365962704e+02 1.229275305895439487e+03
6.482583705357143344e+02 1.229457031250000000e+03
6.482646894236149819e+02 1.229437604924454490e+03
6.486631637168142106e+02 1.229431415929203467e+03
6.494537861915367785e+02 1.229633073496659335e+03
6.504863509749303603e+02 1.229318662952646264e+03
6.514715719063544839e+02 1.229276477146042453e+03
6.537076318742984995e+02 1.228911335578002308e+03
