6.637710306406685277e+02 1.229669637883008363e+03
6.644060742407199314e+02 1.229675478065241805e+03
6.653173348390739648e+02 1.229473743647656647e+03
6.665164212910532342e+02 1.229451868629671480e+03
6.673403648802736825e+02 1.229316989737742233e+03
6.679056497175141658e+02 1.229224858757062066e+03
6.675402363534045662e+02 1.229059651097355072e+03
6.664983127109111365e+02 1.229181102362204683e+03
6.653915225878415640e+02 1.229296151701059671e+03
6.639338565022421790e+02 1.229313901345291470e+03
6.629166200335757821e+02 1.229314493564633494e+03
6.623738161559888340e+02 1.229427298050139370e+03
6.623079064587973335e+02 1.229316258351893111e+03
6.627998885172797827e+02 1.229022853957636471e+03
6.635516093229745138e+02 1.228523862375138833e+03
6.642350620067643376e+02 1.228564261555806070e+03
6.645473920358945179e+02 1.228578238923163099e+03
6.644916294642856656e+02 1.228676897321428669e+03
6.636446558477896360e+02 1.229062115277000657e+03
6.626885428253615373e+02 1.229257508342602932e+03
6.616074610244988889e+02 1.229559020044543331e+03
6.604952908587257525e+02 1.229672576177285237e+03
6.597731611454239555e+02 1.230010668163952914e+03
6.596412982652490200e+02 1.230291550083939455e+03
6.597838293093767561e+02 1.230167321729365540e+03
6.601835694050992061e+02 1.230311614730878091e+03
6.604549549549549283e+02 1.230289414414414523e+03
6.606847098214285552e+02 1.229934151785714221e+03
6.606854748603351482e+02 1.229830726256983326e+03
6.605636464702612329e+02 1.229506948304613616e+03
6.596941964285714448e+02 1.229483816964285779e+03
6.587819297267150205e+02 1.229089235917456790e+03
6.578540268456375770e+02 1.229189597315436231e+03
6.573803131991051032e+02 1.229366890380313180e+03
6.572916899051867858e+02 1.229284439486893461e+03
6.572114635503617137e+02 1.229121869782971544e+03
6.574156928213689071e+02 1.229400111296605473e+03
6.574705882352941444e+02 1.229368479467258567e+03
6.575617283950617775e+02 1.229199214365881062e+03
6.575091819699499638e+02 1.229430161380077834e+03
6.565965498052308931e+02 1.229529771841958791e+03
6.553510936623667931e+02 1.229916993830622459e+03
6.534288107202679612e+02 1.230217755443886062e+03
6.517815642458100456e+02 1.230265363128491572e+03
6.503999999999999773e+02 1.230612290502793257e+03
6.496483762597983969e+02 1.230782194848824247e+03
6.496097424412093915e+02 1.230736282194848854e+03
6.499524886877827612e+02 1.230526583710407294e+03
6.504841225626740879e+02 1.230353203342618372e+03
6.504997211377580015e+02 1.230211935303959763e+03
6.496813616071428896e+02 1.229940290178571331e+03
6.480532809871003792e+02 1.229735277621985460e+03
6.464838350055741785e+02 1.229774804905239762e+03
6.448320312500000000e+02 1.230183035714285779e+03
6.436885063853414977e+02 1.230265963353692314e+03
6.436884700665189030e+02 1.230365299334811425e+03
6.447170758928571104e+02 1.230337053571428669e+03
6.462240406320541979e+02 1.230164785553047295e+03
6.476917502787067633e+02 1.229895206243032362e+03
6.486509539842872982e+02 1.229601010101010161e+03
6.491730769230769056e+02 1.229701923076923094e+03
6.490428893905192353e+02 1.229727426636568907e+03
6.484821627647714877e+02 1.230358974358974365e+03
6.473887652947719289e+02 1.230456062291434819e+03
6.465156075808249625e+02 1.230798216276477206e+03
6.463333333333333712e+02 1.231175141242937798e+03
6.472594900849858277e+02 1.231181869688385177e+03
6.484946539110860613e+02 1.231148564997186213e+03
6.499552407932011420e+02 1.230714447592067927e+03
6.512370665150654077e+02 1.230936895963615598e+03
6.521805239179954015e+02 1.230658883826879219e+03
6.525451486259113381e+02 1.230514301738642644e+03
6.523725379853685808e+02 1.230384355655599393e+03
6.518536174985978278e+02 1.230141334828939989e+03
6.510118510158013123e+02 1.229948645598194162e+03
6.506677927927927385e+02 1.229916666666666742e+03
6.506260527793374422e+02 1.229963503649634958e+03
6.509897959183673493e+02 1.229920634920634939e+03
6.515382022471910659e+02 1.230085393258427075e+03
6.524823331463825298e+02 1.230097588334268039e+03
6.535643176733781274e+02 1.229792505592841053e+03
6.540343082114735580e+02 1.229328458942632096e+03
6.545337078651685943e+02 1.229701685393258458e+03
6.544226457399103083e+02 1.229749439461883412e+03
6.540203850509626591e+02 1.229887315968289840e+03
6.537137298499166036e+02 1.230135075041689788e+03
6.534884233737597015e+02 1.230383131201763945e+03
6.531936205931729091e+02 1.230674874090654839e+03
6.530915254237288536e+02 1.230660451977401181e+03
6.537337807606263596e+02 1.230262304250559282e+03
6.551336775674125192e+02 1.230224325874928354e+03
6.561654306902453300e+02 1.230188819167142128e+03
6.571268571428571477e+02 1.230055428571428592e+03
6.580068065796937162e+02 1.229815655133295422e+03
6.583705815279361104e+02 1.230095781071835745e+03
6.588948863636363740e+02 1.229965909090909008e+03
6.589386363636364194e+02 1.229832386363636260e+03
6.589693877551020478e+02 1.229900793650793730e+03
6.596559199555308624e+02 1.229518065591995537e+03
6.612151326933935707e+02 1.229093167701863422e+03
6.629909090909090992e+02 1.228898863636363558e+03
6.653840497737556916e+02 1.228762443438914033e+03
6.675221088435374668e+02 1.228509637188208671e+03
6.687252252252252447e+02 1.228579391891891873e+03
6.685879732739421115e+02 1.228423719376392000e+03
6.673151991026360292e+02 1.228951205832865980e+03
6.661116751269036058e+02 1.229318668922729785e+03
6.646883695047300762e+02 1.229518085698386130e+03
6.639673974142776842e+02 1.229810005621135360e+03
6.639470124013528221e+02 1.229883878241262664e+03
6.646574957888826702e+02 1.230133632790567162e+03
6.657860360360360801e+02 1.229395270270270203e+03
6.670039772727272975e+02 1.229152272727272702e+03
6.681390465380250134e+02 1.229054483541430272e+03
6.685940146809712132e+02 1.228945228684359108e+03
6.681142374788970528e+02 1.228947664603264002e+03
6.669081172491544294e+02 1.228705749718151083e+03
6.655262569832402733e+02 1.229162011173184283e+03
6.642443310657596385e+02 1.229174036281179042e+03
6.630697674418604493e+02 1.229130459444129428e+03
6.625641310383120981e+02 1.229335369239311603e+03
6.625780122154358196e+02 1.228946141032759670e+03
6.632869905080959825e+02 1.228554997208263558e+03
6.640112994350282634e+02 1.228257627118643995e+03
6.647512605042016958e+02 1.228117647058823422e+03
6.648060538116592397e+02 1.228164237668161377e+03
6.647150027886224279e+02 1.228246514221974394e+03
6.640332394366197377e+02 1.228629859154929591e+03
6.628921953958450786e+02 1.229313868613138766e+03
6.616085011185682561e+02 1.229480425055928436e+03
6.597853549468976553e+02 1.229953605366126340e+03
