6.531016853932584354e+02 1.231324157303370839e+03
6.509073143495254499e+02 1.231627582356225503e+03
6.493634850166481556e+02 1.232122086570477222e+03
6.480599889928453194e+02 1.232298844248761725e+03
6.479669239250275723e+02 1.232161521499448781e+03
6.494075513603553418e+02 1.232374236535258206e+03
6.520226757369614461e+02 1.232283446712018076e+03
6.548921399885255141e+02 1.232376362593230169e+03
6.564689458689458661e+02 1.232271225071224990e+03
6.567340909090909236e+02 1.232468750000000000e+03
6.544893258426966440e+02 1.232496629213483175e+03
6.506187814421464282e+02 1.232623253214086162e+03
6.464753462603878233e+02 1.232549030470914204e+03
6.429277839029768984e+02 1.232493384785005446e+03
6.410038461538460979e+02 1.232505494505494426e+03
6.408180809761508954e+02 1.232465335551858061e+03
6.418525139664805010e+02 1.232462569832402323e+03
6.432974504249291385e+02 1.232049291784702518e+03
6.447026255707762630e+02 1.231936073059360751e+03
6.455146299483649273e+02 1.231242111302352214e+03
6.454850917431192556e+02 1.231059059633027573e+03
6.448992601024473288e+02 1.231302219692657900e+03
6.434342179559571377e+02 1.231160926030491282e+03
6.423249440715883338e+02 1.231011185682326641e+03
6.406942425936276777e+02 1.231347680268306249e+03
6.397753863134657877e+02 1.230916666666666742e+03
6.399155162893429178e+02 1.230603533959138531e+03
6.415452513966480410e+02 1.230134636871508292e+03
6.453560090702948173e+02 1.229299319727891088e+03
6.494605785592739267e+02 1.228799205899035769e+03
6.531466742467310951e+02 1.228440591245025644e+03
6.550240412135088945e+02 1.228206067544361758e+03
6.546273187183811615e+02 1.227331084879145692e+03
6.527713806595863844e+02 1.227171604248183257e+03
6.504628603104213198e+02 1.227198447893569892e+03
6.491902923331495003e+02 1.226966354109211352e+03
6.489404958677686182e+02 1.226901377410468285e+03
6.503715877437325616e+02 1.226761559888579313e+03
6.521052042529379378e+02 1.226539451594851698e+03
6.541225184344866648e+02 1.225968803176403753e+03
6.561251422070535000e+02 1.225322525597269532e+03
6.573300747556066881e+02 1.225008625646923520e+03
6.582409845449341219e+02 1.224683457355466544e+03
6.582297297297296836e+02 1.224311936936936945e+03
6.571652421652421481e+02 1.224908831908831871e+03
6.554722689075630342e+02 1.225160224089635904e+03
6.535321768326804204e+02 1.225421376608841683e+03
6.525655555555555338e+02 1.225663333333333412e+03
6.526308463251669991e+02 1.225649777282850891e+03
6.546571588366890637e+02 1.225000000000000000e+03
6.578192090395480136e+02 1.225033898305084676e+03
6.617610568638713175e+02 1.224943136128661763e+03
6.648525159051474702e+02 1.224856564488143476e+03
6.661448944666286707e+02 1.224452937820878560e+03
6.661502857142857010e+02 1.224469142857142970e+03
6.648146067415730158e+02 1.224016292134831474e+03
6.631140155728587615e+02 1.224274193548387075e+03
6.611503884572697416e+02 1.225002219755826900e+03
6.600945872061236059e+02 1.225258064516129025e+03
6.600136911281489347e+02 1.225210295728368010e+03
6.607619577308120142e+02 1.225126251390433708e+03
6.622549687677455950e+02 1.225044293015332187e+03
6.634223107569721378e+02 1.224922595332953961e+03
6.644381061038220651e+02 1.224755276668568058e+03
6.643331428571428887e+02 1.224703999999999951e+03
6.630598290598290987e+02 1.224917378917378983e+03
6.607264523406655599e+02 1.225351381838691395e+03
6.571741826381060037e+02 1.225551296505073196e+03
6.536959195081051348e+02 1.226030184460592409e+03
6.502641509433962028e+02 1.226392896781354011e+03
6.485527610716238769e+02 1.226829961727720047e+03
6.494820342730790799e+02 1.227311774461028108e+03
6.518891377379619598e+02 1.227940649496080596e+03
6.543791523482244656e+02 1.228754295532645983e+03
6.558167808219178596e+02 1.228917237442922442e+03
6.560382201939531797e+02 1.229247575584711967e+03
6.551430192962542378e+02 1.229658342792281474e+03
6.539448198198198270e+02 1.230306306306306396e+03
6.522718064153067417e+02 1.231144625773775942e+03
6.506763231197771802e+02 1.231844011142061390e+03
6.494688017669795954e+02 1.232408614025400311e+03
6.487341423055709129e+02 1.232564809707666882e+03
6.497721164613661813e+02 1.233146136618141099e+03
6.521887005649717821e+02 1.233088135593220386e+03
6.554787294384572078e+02 1.233149744753261530e+03
6.587661056297156392e+02 1.233668020893789844e+03
6.600195739781231623e+02 1.234236039147956262e+03
6.593627562642368503e+02 1.234265375854214199e+03
6.560373937677053391e+02 1.234844759206798926e+03
6.521930609960828633e+02 1.234740346950195772e+03
6.484562289562289834e+02 1.234842312008978752e+03
6.454908282379099091e+02 1.234950528071150529e+03
6.452781787895613661e+02 1.235523598001110486e+03
