6.552490336830480828e+02 1.228635560463832235e+03
6.550927947598253240e+02 1.228371179039301296e+03
6.555826468973091323e+02 1.228702361339923073e+03
6.562643805309734262e+02 1.229193030973451414e+03
6.562831125827814276e+02 1.229288079470198682e+03
6.564761382336807856e+02 1.229270433351618294e+03
6.565311816192560173e+02 1.229481400437636694e+03
6.569961580680570705e+02 1.229572996706915546e+03
6.574226125137212193e+02 1.229365532381997809e+03
6.580231404958677786e+02 1.229427548209366478e+03
6.583189368770764531e+02 1.229267441860465169e+03
6.586364136413641290e+02 1.229213971397139630e+03
6.581036184210526017e+02 1.229450109649122851e+03
6.574787117903930493e+02 1.229554039301310013e+03
6.582262693156733349e+02 1.229692604856512162e+03
6.583994490358127223e+02 1.229628099173553665e+03
6.576519847743338687e+02 1.229419793365959777e+03
6.574568777292575987e+02 1.229367358078602592e+03
6.567241379310345337e+02 1.229251231527093523e+03
6.566750684931506612e+02 1.229185753424657605e+03
6.560367526055952112e+02 1.228861217772901909e+03
6.559530567685590086e+02 1.228713973799126734e+03
6.558403041825094988e+02 1.228608908202064185e+03
6.560684704583103439e+02 1.228636112644947616e+03
6.564242424242423795e+02 1.228651239669421557e+03
6.565232876712328789e+02 1.228483835616438455e+03
6.567223749312809105e+02 1.228416162726772882e+03
6.566814449917898173e+02 1.228532019704433424e+03
6.567197591680350115e+02 1.228497536945812726e+03
6.568926615553122019e+02 1.228311062431544315e+03
6.567220412595005428e+02 1.228428881650379935e+03
6.569536423841059332e+02 1.228992825607064105e+03
6.576556655665566495e+02 1.229034103410341004e+03
6.577782632441288797e+02 1.229338066630256662e+03
6.576803055100926940e+02 1.229364975450081829e+03
6.584934210526315610e+02 1.229504934210526244e+03
