6.803923552557616858e+02 1.225456998313659369e+03
6.749704004643064081e+02 1.225934997098084750e+03
6.664552661381653706e+02 1.226515288788222051e+03
6.587501410039481016e+02 1.227683023124647434e+03
6.524280898876404535e+02 1.228452247191011338e+03
6.457965631929046140e+02 1.229154656319290552e+03
6.408080133555926068e+02 1.229954924874791232e+03
6.369413407821228930e+02 1.230770949720670387e+03
6.334234835837506807e+02 1.231470784641068349e+03
6.293043478260869961e+02 1.232351778656126498e+03
6.258498045784477881e+02 1.233018425460636536e+03
6.238867819297266806e+02 1.233842163970998399e+03
6.232676290949472104e+02 1.234087173792337580e+03
6.223006100942873218e+02 1.234533000554631144e+03
6.199290898939140106e+02 1.235049692908989300e+03
6.181710382513660988e+02 1.235166666666666742e+03
6.178507135016465099e+02 1.235295828759604774e+03
6.190946907498631617e+02 1.235271483305966058e+03
6.209856194690265738e+02 1.235304756637168111e+03
6.233551246537396082e+02 1.234940166204986099e+03
6.273670745272524982e+02 1.234204671857619587e+03
6.325621834552616747e+02 1.233628587507034354e+03
6.376676168757126106e+02 1.232744013683010280e+03
6.446510297482838041e+02 1.232232837528604023e+03
6.590664756446991532e+02 1.230387965616045904e+03
6.649361459521094275e+02 1.229550741163055818e+03
6.695868704018109838e+02 1.228694963214487871e+03
6.744305949008498828e+02 1.227930878186968812e+03
6.791261312217194472e+02 1.227006221719457017e+03
6.825884980457844904e+02 1.226129536571747622e+03
6.846760953965613226e+02 1.225272323904603354e+03
6.859994444444444071e+02 1.225205555555555520e+03
6.877498607242339403e+02 1.224332033426183898e+03
6.897572706935122824e+02 1.223916666666666742e+03
6.916120401337792600e+02 1.223409698996655607e+03
6.931106094808126272e+02 1.223203160270880289e+03
6.937458970005659467e+02 1.223186191284663209e+03
6.925154061624649557e+02 1.223086834733893511e+03
6.892802944507361644e+02 1.223736693091732832e+03
6.858808582721626408e+02 1.224293619424054214e+03
6.824814398200225014e+02 1.225122609673790748e+03
6.774977272727272748e+02 1.225305113636363558e+03
6.707089552238805936e+02 1.226106773823191816e+03
6.621643990929704842e+02 1.227379251700680243e+03
6.543555431131019304e+02 1.228408174692049215e+03
6.480755033557046545e+02 1.228852348993288615e+03
6.424522752497225611e+02 1.229474472807991106e+03
6.374073455759598801e+02 1.230671675013912136e+03
6.305148127445499995e+02 1.231778647288988168e+03
