6.532710743801652598e+02 1.228706336088154330e+03
6.517500000000000000e+02 1.227760917030567725e+03
6.505161998901702418e+02 1.227546403075233457e+03
6.499222826086956957e+02 1.227290217391304395e+03
6.494080741953082452e+02 1.227432078559738102e+03
6.491641304347825780e+02 1.227565760869565111e+03
6.497776566757493129e+02 1.227326975476839152e+03
6.512624584717608514e+02 1.227405869324473997e+03
6.526888283378746110e+02 1.227992915531335257e+03
6.539048140043763624e+02 1.228229759299781108e+03
6.554856194690265738e+02 1.228656526548672673e+03
6.574440154440154629e+02 1.229389961389961400e+03
6.589637362637362230e+02 1.229949450549450603e+03
6.605623283909939119e+02 1.230299286106534964e+03
6.611206611570247560e+02 1.230397796143250616e+03
6.612290626733222325e+02 1.230541874653355535e+03
6.616366135239142068e+02 1.230338097855964861e+03
6.614043022614450820e+02 1.230638168781026025e+03
6.604933701657458869e+02 1.230425966850828672e+03
6.597693584070796078e+02 1.229889933628318659e+03
6.586164835164835267e+02 1.229437362637362639e+03
6.566971869829012576e+02 1.229002206287920671e+03
6.548947945205479755e+02 1.228646575342465667e+03
6.536567982456140271e+02 1.228260416666666742e+03
6.524621253405994139e+02 1.227393460490463212e+03
6.510623632385120345e+02 1.227025711159737511e+03
6.502171088251218407e+02 1.226964807796426612e+03
