6.584098179812465332e+02 1.229637617209045857e+03
6.583636363636363740e+02 1.229596452328159558e+03
6.573375831485587923e+02 1.229635254988913630e+03
6.564225274725274630e+02 1.229569780219780114e+03
6.565883644346871506e+02 1.229399560922063756e+03
6.573400222965440207e+02 1.229405797101449252e+03
6.580382695507487369e+02 1.229331114808652273e+03
6.582495812395310395e+02 1.229580681183696242e+03
6.580401761144744341e+02 1.229531645569620196e+03
6.572867443150305462e+02 1.229607875762617823e+03
6.558245901639344311e+02 1.229375409836065501e+03
6.556628226249313229e+02 1.229678198791872546e+03
6.563099447513811810e+02 1.229535359116022164e+03
6.572966666666666242e+02 1.229296111111111031e+03
6.571919470490898902e+02 1.229269167126310094e+03
6.566829402084475760e+02 1.229311574328030702e+03
6.565000000000000000e+02 1.229424092409240984e+03
6.554800000000000182e+02 1.229265753424657532e+03
6.553743109151047292e+02 1.229319184123484092e+03
6.558578512396694578e+02 1.229245179063360865e+03
6.567235099337748352e+02 1.229612030905077290e+03
6.571102406267486913e+02 1.229742585338556182e+03
6.566224156692056795e+02 1.229609902067464645e+03
6.539518862766539087e+02 1.229689994532531500e+03
