6.583172645739909967e+02 1.227616591928251182e+03
6.585428730512248876e+02 1.227367483296213777e+03
6.580238227146813870e+02 1.227607202216066526e+03
6.571498043599776793e+02 1.228042481833426564e+03
6.559549749861033661e+02 1.228321289605336233e+03
6.553082537900056650e+02 1.229548006737787773e+03
6.547038888888888550e+02 1.230129444444444516e+03
6.537350000000000136e+02 1.230752222222222144e+03
6.529495005549389361e+02 1.231410099889012145e+03
6.528293093767546225e+02 1.232139809096013551e+03
6.533277498604131779e+02 1.232372417643774497e+03
6.546851540616246439e+02 1.232142296918767443e+03
6.564250559284116662e+02 1.231618008948545821e+03
6.583277310924369203e+02 1.231256022408963645e+03
6.597046718576195872e+02 1.230304783092324897e+03
6.609557422969187428e+02 1.230046498599439701e+03
6.618298940323479655e+02 1.229449525934188614e+03
6.623807365439093928e+02 1.228905382436260652e+03
6.626576879910213620e+02 1.228300785634118938e+03
6.625902466367713259e+02 1.227752242152466351e+03
6.612251544076361824e+02 1.227747894441325116e+03
6.594049355019629957e+02 1.227708356702187302e+03
6.570568373663477360e+02 1.228172200337647610e+03
6.544933110367893505e+02 1.228389632107023317e+03
6.525607995558023049e+02 1.228578567462520823e+03
6.509375348577802924e+02 1.229294478527607453e+03
6.497765486725663777e+02 1.229806969026548586e+03
6.495701608430393890e+02 1.230248474764281809e+03
6.503651591289782345e+02 1.230452261306532591e+03
6.515951712521056152e+02 1.230206064008983731e+03
6.534803811659193116e+02 1.229713565022421562e+03
6.558897017445132178e+02 1.229083286437816469e+03
6.586179271708683700e+02 1.228508683473389283e+03
6.606176305446377910e+02 1.228314991577765340e+03
6.624395480225988422e+02 1.228027118644067741e+03
6.639076056338028593e+02 1.227673802816901343e+03
6.640666666666667197e+02 1.227551977401129989e+03
6.628719101123595010e+02 1.227706741573033696e+03
6.607084499160604310e+02 1.228022943480693812e+03
6.584985962942167816e+02 1.228264458169567661e+03
6.553551820728291659e+02 1.228609523809523807e+03
6.516066852367688398e+02 1.229350417827298088e+03
6.487083333333333712e+02 1.229265555555555466e+03
6.464386451971126917e+02 1.229559689061632525e+03
6.445248344370860423e+02 1.229488962472406229e+03
6.435642581356867140e+02 1.229522890237175943e+03
6.442668148971650908e+02 1.229334630350194630e+03
6.464980479643056697e+02 1.229090909090909008e+03
6.483512605042017185e+02 1.228617927170868370e+03
6.506940382452193035e+02 1.228186726659167562e+03
6.540293122886132551e+02 1.227338218714768800e+03
6.567056818181818016e+02 1.227006818181818289e+03
6.586985294117647527e+02 1.226937782805429833e+03
6.595670562047857857e+02 1.226641624930439548e+03
6.601071025930101541e+02 1.227177001127395670e+03
6.597558268590455555e+02 1.227613207547169850e+03
6.573219866071428896e+02 1.228360491071428669e+03
6.551226890756302055e+02 1.229231932773109293e+03
6.529804359977640615e+02 1.229682504192286160e+03
6.510373883928571104e+02 1.230391741071428669e+03
6.497817174515234910e+02 1.230725207756232749e+03
6.485998887033945266e+02 1.230987757373400200e+03
6.485995538204126660e+02 1.231027886224205304e+03
6.490523619806488114e+02 1.231205463858850408e+03
6.495650000000000546e+02 1.230457777777777665e+03
6.508200111794297982e+02 1.230112353269983259e+03
6.528832772166105087e+02 1.229548821548821479e+03
6.551054114994362862e+02 1.229039458850056462e+03
6.568925573587017652e+02 1.228263010632344731e+03
6.578934977578475127e+02 1.227746076233183885e+03
6.581682611142374526e+02 1.227470455824423198e+03
6.581694725028058883e+02 1.227264870931537644e+03
6.575703168426904313e+02 1.227320733740967171e+03
6.564665178571428896e+02 1.227693080357142890e+03
6.555307820299500463e+02 1.228312811980033302e+03
6.548181818181818699e+02 1.229032348020078189e+03
6.538460246360582460e+02 1.230263717805151146e+03
6.525893854748603644e+02 1.231141340782122825e+03
6.518358458961473616e+02 1.231857063093244051e+03
6.517515388919977113e+02 1.232148293228875218e+03
6.523794068270844946e+02 1.232454392837157229e+03
6.536398210290827819e+02 1.232094519015659898e+03
6.570119182746879005e+02 1.231220204313280419e+03
