6.531457758144671288e+02 1.228482606294864809e+03
6.510778575372722798e+02 1.228502484815019216e+03
6.495654565456545697e+02 1.228347084708470902e+03
6.484848484848484986e+02 1.228282093663911837e+03
6.477566830332788186e+02 1.228393344244408127e+03
6.475615002757859884e+02 1.228993381136238213e+03
6.477048192771084132e+02 1.229278751369112797e+03
6.485138580931263732e+02 1.229639689578714069e+03
6.494754550468836669e+02 1.230174848317705482e+03
6.509158826784725989e+02 1.230475926950747180e+03
6.522871396895786802e+02 1.230401884700665278e+03
6.534900771775082831e+02 1.230186328555678074e+03
6.552776235424763627e+02 1.230411993337035028e+03
6.574408661854524780e+02 1.230146585230427490e+03
6.590920758928571104e+02 1.230277901785714221e+03
6.625582822085889347e+02 1.229841606246514175e+03
6.636627582356225048e+02 1.230810720268006662e+03
6.636953642384105478e+02 1.230549116997792453e+03
6.634163898117386680e+02 1.231078626799557014e+03
6.629032967032967463e+02 1.231172527472527463e+03
6.616056887897378829e+02 1.231360847741215821e+03
6.602961730449251263e+02 1.230537437603993340e+03
6.583142061281337192e+02 1.230265181058495727e+03
6.563411111111111040e+02 1.229627222222222144e+03
6.544848317705460659e+02 1.229191395477109836e+03
6.526190738699007170e+02 1.228717199558985612e+03
6.509363938053097627e+02 1.228554756637168111e+03
6.491378169790517632e+02 1.228452039691289883e+03
6.484710104914412341e+02 1.228425179458862431e+03
6.477413318657127093e+02 1.229268024215740297e+03
