6.579664466446644155e+02 1.229695269526952643e+03
6.558249585864163009e+02 1.229375483158476072e+03
6.544865458539263727e+02 1.228412959912136103e+03
6.530543657331136274e+02 1.228003294892916074e+03
6.518264192139738498e+02 1.228066048034934511e+03
6.508471232876712520e+02 1.227573150684931534e+03
6.503415705656233285e+02 1.227381658429434310e+03
6.502556473829200741e+02 1.227377410468319567e+03
6.503964854475563016e+02 1.227374519494783044e+03
6.513193370165745364e+02 1.227546408839778906e+03
6.527486278814490106e+02 1.227996158068057184e+03
6.545013789299503060e+02 1.228169884169884199e+03
6.561189427312775706e+02 1.228594162995594615e+03
6.597842278203723936e+02 1.229617196056954981e+03
6.617014428412874167e+02 1.229884572697003250e+03
6.627652608213096528e+02 1.229793007769145333e+03
6.633228875209848638e+02 1.230386681589255659e+03
6.637089097952407428e+02 1.230185943552849949e+03
6.636463414634146147e+02 1.230183481152993409e+03
6.630608407079646440e+02 1.229966261061946852e+03
6.625679691799670081e+02 1.229448541552008919e+03
6.612488814317673587e+02 1.229272371364653281e+03
6.586222345132742930e+02 1.229000000000000000e+03
6.564864864864864558e+02 1.228332597904026443e+03
6.553484764542936318e+02 1.227947922437673242e+03
6.536816192560174841e+02 1.227261487964989101e+03
6.516075327510917532e+02 1.226542576419213901e+03
