6.505584632516703323e+02 1.229936525612472224e+03
6.499726103968697544e+02 1.230010620458356698e+03
6.497832402234637357e+02 1.230458100558659225e+03
6.495805201992252478e+02 1.230413945766463712e+03
6.496133849557521671e+02 1.230419247787610630e+03
6.498766124509254496e+02 1.230542344363432449e+03
6.500367024280067199e+02 1.230462450592885489e+03
6.501112984822934777e+02 1.230454187745924628e+03
6.500833333333333712e+02 1.231027397260274029e+03
6.506334080717489314e+02 1.230982062780268961e+03
6.513372549019608186e+02 1.231054341736694596e+03
6.516152987158012593e+02 1.231269681742043531e+03
6.521269751693001808e+02 1.231475169300225843e+03
6.530783540022547413e+02 1.231495490417136352e+03
6.536026637069921890e+02 1.231480577136514967e+03
6.527061769616026368e+02 1.231887590428491876e+03
6.512415919282510686e+02 1.232259529147981993e+03
6.504241917502787373e+02 1.232221293199554111e+03
6.503021947101857450e+02 1.232070906021384417e+03
6.501554929577464463e+02 1.231707605633802814e+03
6.496929483620210704e+02 1.231584119933370403e+03
6.496393351800553546e+02 1.231572853185595477e+03
6.496549999999999727e+02 1.231439444444444462e+03
6.496668520578419930e+02 1.231384315906562961e+03
6.496261111111110722e+02 1.231376111111111186e+03
6.497046342825237843e+02 1.231276940256839680e+03
6.502358276643990393e+02 1.231091836734693970e+03
6.505668151447661103e+02 1.230779510022271779e+03
6.505540089086860007e+02 1.230692650334075779e+03
6.511054709531866820e+02 1.230628877608573021e+03
6.518501683501683601e+02 1.230034231200897921e+03
6.523745800671892994e+02 1.229543673012318095e+03
6.528032329988851643e+02 1.229217391304347757e+03
6.537492973580663147e+02 1.228894884766722953e+03
6.556194986072423490e+02 1.228427298050139370e+03
6.574777965148959993e+02 1.227930860033726731e+03
6.584808773903262136e+02 1.227647919010123815e+03
6.589272930648769488e+02 1.227402125279641950e+03
6.592898876404494786e+02 1.227339887640449433e+03
6.601563388288800525e+02 1.227302444570778789e+03
6.605561139028475282e+02 1.226896705750977162e+03
6.611929332585530119e+02 1.226708356702187302e+03
6.615727069351230512e+02 1.227120246085011104e+03
6.616903297931805810e+02 1.227054779206260491e+03
6.623945312500000000e+02 1.227064732142857110e+03
6.627643097643098145e+02 1.227001683501683601e+03
6.630468397291195970e+02 1.227123024830699705e+03
6.635098039215686185e+02 1.227178151260504137e+03
6.636494444444444980e+02 1.227090555555555511e+03
6.636431350750416414e+02 1.227480822679266339e+03
6.633533034714445193e+02 1.227572228443449148e+03
6.631891891891891646e+02 1.227840653153153198e+03
6.628635857461024443e+02 1.227675389755011111e+03
6.626909894969596735e+02 1.227701492537313470e+03
6.628148971650916792e+02 1.227540300166759380e+03
6.637761111111111632e+02 1.227336666666666588e+03
6.647614269788182355e+02 1.227310479375696787e+03
6.650588568194680192e+02 1.227432937181663874e+03
6.650702151755378964e+02 1.227383352208380529e+03
6.653529076396807795e+02 1.227055872291904279e+03
6.655688589094996814e+02 1.227016301292861272e+03
6.656614349775784376e+02 1.226791479820627728e+03
6.654289693593315178e+02 1.226640668523676823e+03
6.649296482412059959e+02 1.226438860971524264e+03
6.644781634938409525e+02 1.226965285554311322e+03
6.635242070116861441e+02 1.227130217028380684e+03
6.626868406440866011e+02 1.227340921710160956e+03
6.619871580122836576e+02 1.227337241764377495e+03
6.611481481481481524e+02 1.227051066217732796e+03
6.602184357541899544e+02 1.226705586592178861e+03
6.593572621035058319e+02 1.226636616583194154e+03
6.584464088397789965e+02 1.226800552486187826e+03
6.572546374367622093e+02 1.227173693086003368e+03
6.560257703081232421e+02 1.227532773109243635e+03
6.542107623318385095e+02 1.228209080717488860e+03
6.534886426592797761e+02 1.228243213296398835e+03
6.534092171016102384e+02 1.228253192670738372e+03
6.530824053452115550e+02 1.228489420935411999e+03
6.523023516237401509e+02 1.228932250839865674e+03
6.516341327384271835e+02 1.229130507529280521e+03
6.510608598548296868e+02 1.229145728643215989e+03
6.507569367369588917e+02 1.229431187569367466e+03
6.505757743362831889e+02 1.229611725663716925e+03
6.504281752634498162e+02 1.229796450360510335e+03
6.507053918843802194e+02 1.229790994997220650e+03
6.507768503060656258e+02 1.229880912632164609e+03
6.506442841287458805e+02 1.229804661487236444e+03
6.506750139120756558e+02 1.230059543683917582e+03
6.514807799442896794e+02 1.230306406685236880e+03
6.521626472237801408e+02 1.230327537857543575e+03
6.521818181818181301e+02 1.230447250280583603e+03
6.528922558922558892e+02 1.230629629629629562e+03
6.536570637119114053e+02 1.230495844875346165e+03
6.517876254180602018e+02 1.231202341137123767e+03
