6.672101408450704412e+02 1.229433239436619715e+03
6.695582055650198754e+02 1.228927314026121621e+03
6.715370786516854196e+02 1.228349438202247256e+03
6.722122241086586882e+02 1.228303904923599248e+03
6.725874363327674246e+02 1.228533106960950818e+03
6.729040862656072477e+02 1.228902383654937466e+03
6.729779286926994928e+02 1.229038483305036834e+03
6.731331444759206306e+02 1.229100283286119065e+03
6.724921612541993454e+02 1.229357782754759228e+03
6.717486033519553530e+02 1.229562011173184374e+03
6.719104644655848233e+02 1.229571908226077312e+03
6.721059751972942422e+02 1.229600901916572639e+03
6.702924901185771205e+02 1.229103896103896204e+03
6.671468253968254203e+02 1.228959183673469397e+03
6.645977715877437504e+02 1.228200000000000045e+03
6.623946037099493651e+02 1.228270376616076419e+03
6.598587507034327473e+02 1.228983680360157678e+03
6.571913580246913398e+02 1.229398428731762124e+03
6.542379077615297547e+02 1.229660292463442147e+03
6.512541899441340547e+02 1.229818994413407836e+03
6.491123470522802563e+02 1.229793103448275815e+03
6.476109877913429500e+02 1.229355715871254233e+03
6.458153676064123374e+02 1.228884466556108237e+03
6.446562328390994026e+02 1.228570016474464637e+03
6.436482494529540190e+02 1.228336980306345822e+03
6.422715231788079109e+02 1.228320088300220732e+03
6.413951833607005710e+02 1.228284072249589599e+03
6.405844226579520182e+02 1.228815359477124275e+03
6.410801781737193323e+02 1.229192650334075779e+03
6.417862258953167611e+02 1.229115702479338779e+03
6.426311745334796797e+02 1.229262897914379892e+03
6.437084952803998021e+02 1.229203220433092838e+03
6.447087270705948185e+02 1.229217342968315734e+03
6.466331853496114945e+02 1.229080466148723644e+03
6.493157015590199990e+02 1.228619153674832887e+03
6.510222717149219989e+02 1.228524498886414221e+03
6.523426808749298971e+02 1.229180594503645580e+03
6.542730337078651246e+02 1.229617977528089796e+03
6.561314606741573243e+02 1.230123595505617914e+03
6.583350140056022610e+02 1.230350700280112051e+03
6.617763975155279468e+02 1.230514963297571967e+03
6.643903262092238720e+02 1.230320022497187892e+03
6.664098639455781949e+02 1.230317460317460245e+03
6.686795952782462109e+02 1.229403035413153475e+03
6.703675889328063704e+02 1.229203274985883581e+03
6.709065841305571212e+02 1.229079347214406198e+03
6.709343802579921885e+02 1.229417835109366251e+03
6.711838111298482090e+02 1.229496346261944836e+03
6.714890140845070619e+02 1.229944788732394272e+03
6.714625698324022096e+02 1.229802234636871617e+03
6.698479955456569996e+02 1.230226614699331776e+03
