6.554942148760330838e+02 1.229065013774104727e+03
6.536852957135105271e+02 1.229060770482908310e+03
6.523096280087527248e+02 1.229520240700218892e+03
6.516314067611778000e+02 1.230201199563794944e+03
6.527019758507135521e+02 1.230072996706915546e+03
6.551532481954469631e+02 1.229341476957245959e+03
6.565456557830658539e+02 1.229040398450470320e+03
6.571901330376940678e+02 1.228786585365853625e+03
6.573811634349031010e+02 1.228966759002770004e+03
6.566214442013128973e+02 1.229376914660831517e+03
6.549005464480874252e+02 1.229814207650273147e+03
6.536681246582832046e+02 1.229884636413340559e+03
6.526855895196506481e+02 1.230305676855895172e+03
6.525044052863436264e+02 1.230198237885462504e+03
6.540670731707317600e+02 1.230391906873614289e+03
6.556160220994474912e+02 1.230137569060773558e+03
6.575754716981132333e+02 1.229598224195338616e+03
6.591077610273590608e+02 1.229145170295924117e+03
6.595413450937155631e+02 1.228677508269018745e+03
6.585043811610077000e+02 1.228397042716319902e+03
6.567210065645514305e+02 1.228389496717724342e+03
6.549174412247130022e+02 1.229205576817933206e+03
6.531230853391684832e+02 1.229638949671772480e+03
6.514357298474945992e+02 1.229883986928104605e+03
6.509096352749047583e+02 1.230507348938486757e+03
6.547778384279475858e+02 1.229408296943231335e+03
