6.554347584675180087e+02 1.228106607440310881e+03
6.555723830734966668e+02 1.228115256124721554e+03
6.558926774734488845e+02 1.228190609278926786e+03
6.571162268388545726e+02 1.228262773722627799e+03
6.584585201793721581e+02 1.228482623318385549e+03
6.593100907029478321e+02 1.229392857142857110e+03
6.596084507042253335e+02 1.230095211267605691e+03
6.601385576377058442e+02 1.231032367972742804e+03
6.603911564625850588e+02 1.231620181405895664e+03
6.603583191368541065e+02 1.232108461101646753e+03
6.600864682762493203e+02 1.232285794497473262e+03
6.596775804661486973e+02 1.232219200887902389e+03
6.588897637795275841e+02 1.232002249718785151e+03
6.576644444444444844e+02 1.231245555555555484e+03
6.565330372015547482e+02 1.230791782343142586e+03
6.561710452766908475e+02 1.229658468418110715e+03
6.563387549074593608e+02 1.229267526640493543e+03
6.562230985915492738e+02 1.228874929577464854e+03
6.559174972314507386e+02 1.228388150609080867e+03
6.558528595224875062e+02 1.228404219877845662e+03
6.561957375210320151e+02 1.228287717330342048e+03
6.564199328107503106e+02 1.228368421052631675e+03
6.563510044642856656e+02 1.228715401785714221e+03
6.556662952646239546e+02 1.229291364902506984e+03
6.545780989438577535e+02 1.230193440800444705e+03
6.539811006114507563e+02 1.230703168426903858e+03
6.535232815964523070e+02 1.231447893569844837e+03
6.532751263335204612e+02 1.232079169006176244e+03
6.527942157953281139e+02 1.232309232480533865e+03
6.527452725250277581e+02 1.232303114571746391e+03
6.525854465270120954e+02 1.232282249173098080e+03
6.528890756302521368e+02 1.231472829131652588e+03
6.542825237297598733e+02 1.230690117252931259e+03
6.560418315432448253e+02 1.230180893159977359e+03
6.565731092436974450e+02 1.229192156862745151e+03
6.565067264573990542e+02 1.228889013452914696e+03
6.561998870694523021e+02 1.228815358554488967e+03
6.557925055928411666e+02 1.228925055928411666e+03
6.550941576857628661e+02 1.228881452070334717e+03
6.533249016301292613e+02 1.228957279370432843e+03
6.509656724817107261e+02 1.229494653911086061e+03
6.487650669642856656e+02 1.229395647321428669e+03
6.471810584958217305e+02 1.229736490250696306e+03
6.466229143492769253e+02 1.230186874304783032e+03
6.465984513274336223e+02 1.229991703539822993e+03
6.469101562500000000e+02 1.230002790178571331e+03
6.480492081447963528e+02 1.230296380090497678e+03
6.499661781285230973e+02 1.230263810597519750e+03
6.516035934868051527e+02 1.230229084783829421e+03
6.529848058525604984e+02 1.229977490151941538e+03
6.544156862745097669e+02 1.229640336134453719e+03
6.555554305008440679e+02 1.229013505908835214e+03
6.558296795952782077e+02 1.229174817313097265e+03
6.555466666666666242e+02 1.228941666666666606e+03
6.553308988764044898e+02 1.229007303370786531e+03
6.550624303232998500e+02 1.229435897435897459e+03
6.543099219620959275e+02 1.229874024526198355e+03
6.537444196428571104e+02 1.230346540178571331e+03
6.531293199554069133e+02 1.230534559643255307e+03
6.530970819304152428e+02 1.231108866442199769e+03
6.531246490735542238e+02 1.231290847838293075e+03
6.528890756302521368e+02 1.231114845938375311e+03
6.529406779661017026e+02 1.231048022598870148e+03
6.529442567567567721e+02 1.230524774774774869e+03
6.529340845070422574e+02 1.230237183098591458e+03
6.529340044742729106e+02 1.229429530201342232e+03
6.529641456582633054e+02 1.229145658263305222e+03
6.534894209354119994e+02 1.228800111358574668e+03
6.538300000000000409e+02 1.228556666666666615e+03
6.539049471928849471e+02 1.228376320177876551e+03
6.538510044642856656e+02 1.228246093750000000e+03
6.541093049327354265e+02 1.228150784753363268e+03
6.553002785515320738e+02 1.228277994428969350e+03
6.568820912124582492e+02 1.228607897664071288e+03
6.576926966292135148e+02 1.229330898876404490e+03
6.581786922209695376e+02 1.229992671927846686e+03
6.585449943757030269e+02 1.230461754780652427e+03
6.588367117117117004e+02 1.231046171171171181e+03
6.588414565826331000e+02 1.231387675070028081e+03
6.585428091773923143e+02 1.231922775601566855e+03
6.577044444444444480e+02 1.231547222222222217e+03
6.553420177383592318e+02 1.230419068736141980e+03
