6.525486922648859718e+02 1.228979966611018426e+03
6.530979729729730252e+02 1.229136824324324380e+03
6.534272880404266743e+02 1.229165075800112390e+03
6.537690140845070346e+02 1.228912676056338114e+03
6.542754356379988394e+02 1.229207419898819580e+03
6.548176733780760514e+02 1.229182326621923949e+03
6.560917276308384771e+02 1.229360157568936302e+03
6.561592178770949886e+02 1.229416201117318451e+03
6.566136742634797656e+02 1.229418010005558699e+03
6.574857621440536377e+02 1.229340591848129634e+03
6.574128745837957695e+02 1.229305216426193056e+03
6.576385474860335307e+02 1.229244692737430114e+03
6.581953828828828819e+02 1.229288288288288186e+03
6.583576233183856630e+02 1.229284192825112086e+03
6.585279642058166019e+02 1.229429530201342232e+03
6.585102720710716540e+02 1.229416435313714601e+03
6.585283018867924056e+02 1.229636514983351844e+03
6.588702763677382563e+02 1.229573604060913794e+03
6.588379136287156825e+02 1.229563095905776891e+03
6.588145658263305222e+02 1.229484593837534931e+03
6.587932773109243954e+02 1.229541736694677866e+03
6.588323991031389824e+02 1.229469730941704029e+03
6.588303370786517235e+02 1.229555617977528073e+03
6.588332397529477475e+02 1.229693992139247712e+03
6.588026830631637267e+02 1.229708775852431472e+03
6.587388143176733593e+02 1.229748881431767359e+03
6.586560934891485886e+02 1.229741235392320505e+03
6.585276854928017656e+02 1.229699335548172712e+03
6.584212271973466386e+02 1.229823659480375909e+03
6.582910406232609830e+02 1.229741791875347872e+03
6.576588628762541475e+02 1.229720735785953138e+03
6.573809788654059503e+02 1.229724137931034420e+03
6.567955307262569704e+02 1.229621787709497312e+03
6.563340744858254538e+02 1.229730961645358548e+03
6.558612040133779146e+02 1.229596989966555157e+03
6.549556048834627973e+02 1.229549389567147500e+03
6.540005546311703029e+02 1.229354409317803629e+03
6.533761720904577714e+02 1.229486486486486456e+03
6.532119021134593595e+02 1.229436596218019986e+03
6.527240997229916957e+02 1.229391135734072122e+03
6.526775804661486973e+02 1.229220865704772450e+03
6.523555185801442349e+02 1.229150859678313964e+03
6.521269574944071792e+02 1.229539149888143129e+03
6.520256553262688612e+02 1.229427216954824416e+03
6.518558758314856050e+02 1.229381929046563300e+03
6.520202588632527068e+02 1.229446257737760334e+03
6.519977490151941311e+02 1.229482273494654009e+03
6.518983807928531178e+02 1.229486320491345623e+03
6.519072625698323691e+02 1.229424022346368702e+03
6.518243847874720132e+02 1.229254474272930565e+03
6.519530011325027772e+02 1.228920724801811957e+03
6.519267877412031567e+02 1.228877412031782114e+03
6.521021444695259106e+02 1.228954853273137587e+03
6.521890072910824756e+02 1.229227706113292243e+03
6.522543514879281474e+02 1.229287478944413351e+03
6.526616161616161662e+02 1.229180695847362585e+03
6.529887387387387889e+02 1.229329954954954928e+03
6.531584546472564625e+02 1.229209406494960831e+03
6.537439640651319905e+02 1.229032565974171803e+03
6.543471444568868947e+02 1.228932810750279941e+03
6.548978675645341809e+02 1.229162738496071825e+03
6.554446318156267353e+02 1.228897133220910519e+03
6.560810198300283673e+02 1.229145042492917810e+03
6.570781426953567461e+02 1.229184031710079353e+03
6.580887005649717594e+02 1.229001694915254348e+03
6.581723163841808173e+02 1.229144632768361589e+03
6.588742279618192015e+02 1.229102189781021934e+03
6.596108291032148827e+02 1.228987027636773746e+03
6.595235955056180046e+02 1.229122471910112381e+03
6.603905458638154187e+02 1.228762521102982646e+03
