6.466709000552181124e+02 1.230926007730535503e+03
6.453724291272928895e+02 1.231351862145636460e+03
6.481883656509695584e+02 1.230080886426592770e+03
6.529459007250418381e+02 1.229403792526491998e+03
6.583584045584045725e+02 1.229194301994301895e+03
6.627106333527019615e+02 1.229004648460197586e+03
6.643115034168564534e+02 1.228431093394077379e+03
6.640119521912350820e+02 1.228969834945930643e+03
6.606865503657850240e+02 1.229066966797974146e+03
6.553782122905028018e+02 1.229406703910614624e+03
6.505602641717116512e+02 1.229496422674738596e+03
6.472822806036891734e+02 1.230866964784795982e+03
6.477638580931263732e+02 1.230502217294900220e+03
6.500088057237204566e+02 1.230000000000000000e+03
6.537164429530200778e+02 1.229922259507829949e+03
6.583820483314153762e+02 1.229456846950517729e+03
6.629582379862699781e+02 1.229078375286041137e+03
6.652459770114942330e+02 1.228903448275862047e+03
6.638352468427095801e+02 1.228979334098737127e+03
6.556277654867257070e+02 1.229212942477876140e+03
6.510065897858319204e+02 1.229759472817133428e+03
6.474991825613078618e+02 1.230083923705722100e+03
6.460740337506804281e+02 1.230896026129559004e+03
6.484139254385964932e+02 1.230544956140350905e+03
6.526478092068774686e+02 1.229671103716028938e+03
6.588154897494305260e+02 1.229349088838268699e+03
6.633523316062176036e+02 1.228890040299366774e+03
6.656697459584295302e+02 1.228838337182447958e+03
6.655960986804360573e+02 1.228461273666092893e+03
6.628115034168564534e+02 1.228929384965831332e+03
6.579763113367174583e+02 1.229382966723068193e+03
6.523030973451327554e+02 1.230204646017699133e+03
6.485784581738655561e+02 1.230383269546200154e+03
6.468009814612868240e+02 1.230672300981461376e+03
6.485346805024577179e+02 1.230412342981976963e+03
6.528847229994404415e+02 1.229578063794068157e+03
6.581193181818181301e+02 1.229230113636363740e+03
6.631438317225696437e+02 1.228781125639568018e+03
6.652687499999999545e+02 1.228902840909090855e+03
