6.517065491183878976e+02 1.234183879093199039e+03
6.519192852741836077e+02 1.233740603820086335e+03
6.521720496894409962e+02 1.234078260869565156e+03
6.522762259466170462e+02 1.234142768466790812e+03
6.522550957381099579e+02 1.234337862878320038e+03
6.525286506469500409e+02 1.234348120764017267e+03
6.530057692307692605e+02 1.235247435897435935e+03
6.530313267813268112e+02 1.233462530712530679e+03
6.532506097560975604e+02 1.233199390243902371e+03
6.537583025830258521e+02 1.232934194341943339e+03
6.538799755052051523e+02 1.232777709736680890e+03
6.541680511182108830e+02 1.233985942492012782e+03
6.541463262764632418e+02 1.233456413449564025e+03
6.539416873449131344e+02 1.233606699751861015e+03
6.535453431372549176e+02 1.233781862745098124e+03
6.534848675914249725e+02 1.234967843631778123e+03
6.532983565107458617e+02 1.235433628318584169e+03
6.531415662650601917e+02 1.234132530120481988e+03
6.531778461538461897e+02 1.234799999999999955e+03
6.533528693528693339e+02 1.234664224664224776e+03
6.536240048989590150e+02 1.234273116962645418e+03
6.538579169175195602e+02 1.233910897049969890e+03
6.538770883054892238e+02 1.233624105011933125e+03
6.540971563981042891e+02 1.233379146919431378e+03
6.541986593540524382e+02 1.233599024984765492e+03
6.540228228228228318e+02 1.233384384384384475e+03
6.541571946795646681e+02 1.233137847642079805e+03
6.540036385688296150e+02 1.232950879320800595e+03
6.538699334543255191e+02 1.232784029038112521e+03
6.538454489920586639e+02 1.232983506414172325e+03
6.537667887667887499e+02 1.232939560439560410e+03
6.536288659793814304e+02 1.233023044269254115e+03
6.534954792043399721e+02 1.233169981916817278e+03
6.538213383838383379e+02 1.234710858585858659e+03
6.536640857653364947e+02 1.233509231685527084e+03
6.538311057108140858e+02 1.234208991494532256e+03
6.537206809583858558e+02 1.236042244640605304e+03
6.535136645962733155e+02 1.236123602484472030e+03
6.534070413835701174e+02 1.236012353304508906e+03
6.534795982423100895e+02 1.236270558694287502e+03
6.534912390488110532e+02 1.236349186483103949e+03
6.533139974779319346e+02 1.236054854981084418e+03
6.531670776818742752e+02 1.235401356350184869e+03
6.531448450347880907e+02 1.235912080961416905e+03
6.531070063694266992e+02 1.235834394904458577e+03
6.528301301921884487e+02 1.235140111593304482e+03
6.526386138613861476e+02 1.235024133663366229e+03
6.525600497822028956e+02 1.235439327940261364e+03
6.526012500000000500e+02 1.235654375000000073e+03
6.525443196004994206e+02 1.235697877652933812e+03
6.525207687538747905e+02 1.235724116553006752e+03
6.526305021698698283e+02 1.235779293242405402e+03
6.526596273291925172e+02 1.235741614906832410e+03
6.529552969993876559e+02 1.235217391304347757e+03
6.527376330619912324e+02 1.235989981214777799e+03
6.526166770379588797e+02 1.236156191661480989e+03
6.523537117903930493e+02 1.236362445414847116e+03
6.516744904261889815e+02 1.236456454601605856e+03
6.512824189526184000e+02 1.236746259351620893e+03
6.511408188585608059e+02 1.236650124069478807e+03
6.511569365976146173e+02 1.237250470809792887e+03
6.511185599006828397e+02 1.236828677839851025e+03
6.511416876574306798e+02 1.236869647355163806e+03
6.512975206611570229e+02 1.237087094723458449e+03
6.514548994159636095e+02 1.237935107073328936e+03
6.513389303482587138e+02 1.236588308457711491e+03
6.513630094043886629e+02 1.237590595611285380e+03
6.511736453201970107e+02 1.236833128078817708e+03
6.510831295843520365e+02 1.236801344743276331e+03
6.507950769230769765e+02 1.237326153846153829e+03
6.508571428571428896e+02 1.237485339987523503e+03
6.507761377613776403e+02 1.236892988929889270e+03
6.510179487179486841e+02 1.238225641025640925e+03
6.509801118707271144e+02 1.236383467992541910e+03
6.510314070351759028e+02 1.236351758793969793e+03
6.511308411214953367e+02 1.235228660436137034e+03
6.512348252605763719e+02 1.234570815450643750e+03
6.514947820748925551e+02 1.234564763658686388e+03
6.519025477707006075e+02 1.235630573248407700e+03
6.527256965944272906e+02 1.234504024767801866e+03
6.542068311195446313e+02 1.235283364958886750e+03
6.554673430564362206e+02 1.235503487634749490e+03
6.564667503136762434e+02 1.235619824341279809e+03
6.573633540372670723e+02 1.235680124223602434e+03
6.582309612983769966e+02 1.235809612983770194e+03
6.591349968010237035e+02 1.236934740882917367e+03
6.595854287556414874e+02 1.237277240490006534e+03
6.599570032573290064e+02 1.237259934853420191e+03
6.604329475833900460e+02 1.239004765146358068e+03
6.604689153439153415e+02 1.237876322751322732e+03
6.605226683937823964e+02 1.237406088082901533e+03
6.607213220998055476e+02 1.237208036292935731e+03
6.613027027027027316e+02 1.237560135135135170e+03
6.614196959682749366e+02 1.237104428288169174e+03
6.616982011992005255e+02 1.237539640239840082e+03
6.619129287598944984e+02 1.236754617414248060e+03
6.620856785490931316e+02 1.234968730456535241e+03
6.624428844926611646e+02 1.235793873643905499e+03
6.626683971447112071e+02 1.236267358857884574e+03
6.629067258883248996e+02 1.235387690355330051e+03
6.629139784946236205e+02 1.235373814041745618e+03
6.629924528301886539e+02 1.235132704402515628e+03
6.632361477572559352e+02 1.236815303430079211e+03
6.629741650913673539e+02 1.235308128544423425e+03
6.626492771841609510e+02 1.235518541797611533e+03
6.623090342679128071e+02 1.234874766355140082e+03
6.622793650793651068e+02 1.235322539682539627e+03
6.623932946486138462e+02 1.235730496453900741e+03
6.625934579439252730e+02 1.236885180240320324e+03
6.623639846743294584e+02 1.235545338441890181e+03
6.622947831552482967e+02 1.235002514142048994e+03
6.623034134007585862e+02 1.235115676359039298e+03
6.624849068721900949e+02 1.235938342967244807e+03
6.625110821382007771e+02 1.236475228161668838e+03
6.626446499339498359e+02 1.236955746367239044e+03
6.631576576576576372e+02 1.236162162162162076e+03
6.632764227642276182e+02 1.235175109443402107e+03
6.636327180140037854e+02 1.235681731381285772e+03
6.639795109054857676e+02 1.236842035690680859e+03
6.638251435864709720e+02 1.235633056796426217e+03
6.638145738451529496e+02 1.236039687703318123e+03
6.637588235294117567e+02 1.236517647058823513e+03
6.634576719576720052e+02 1.236427248677248599e+03
6.631649616368285933e+02 1.235179667519181521e+03
6.633298565840938181e+02 1.235443285528031311e+03
6.636391076115485248e+02 1.235305118110236208e+03
6.639523809523809632e+02 1.236006706908115348e+03
6.641744791666666288e+02 1.234348958333333258e+03
6.648281743524952390e+02 1.233500947567908952e+03
6.656202935545628634e+02 1.234132737715379790e+03
6.661528034504004836e+02 1.232751078250154023e+03
6.667465923172243265e+02 1.233515489467162297e+03
6.673450659962287546e+02 1.234276555625392803e+03
6.680057989690722025e+02 1.235384664948453519e+03
6.690100671140939994e+02 1.237356375838926169e+03
6.695993548387097007e+02 1.236095483870967655e+03
6.703899328859060915e+02 1.237528859060402738e+03
6.713600000000000136e+02 1.237788000000000011e+03
6.716842809364547975e+02 1.237445484949832689e+03
6.710781974817759874e+02 1.237602385685884656e+03
6.697002012072434809e+02 1.237467471495640439e+03
6.685399746192892962e+02 1.235211928934010075e+03
6.677558441558441018e+02 1.235972727272727298e+03
6.671188311688312069e+02 1.235813636363636306e+03
6.663492268041237594e+02 1.235584407216494810e+03
6.660971867007672245e+02 1.235377877237851635e+03
6.657345523329130401e+02 1.235024590163934363e+03
6.653028255528255386e+02 1.234361793611793701e+03
6.649987745098038658e+02 1.233837009803921546e+03
6.645899938987187170e+02 1.233237339841366747e+03
6.642565991405770092e+02 1.234014732965009216e+03
6.640291382517049215e+02 1.234179789212647165e+03
6.634002517306481650e+02 1.234657646318439220e+03
6.627174185463659342e+02 1.234841478696741888e+03
6.623375796178344217e+02 1.235308280254777173e+03
6.621911392405063452e+02 1.234996202531645622e+03
6.619174484052532534e+02 1.234480925578486449e+03
6.616435213887166356e+02 1.234647861128332352e+03
6.617477183833116214e+02 1.236060625814863215e+03
6.614937343358395765e+02 1.234934837092731868e+03
6.614535104364326799e+02 1.235367488931056187e+03
6.612288343558282122e+02 1.234104907975460037e+03
6.616116071428571104e+02 1.235845025510204096e+03
6.618040973111395715e+02 1.235923175416133063e+03
6.621298535964353960e+02 1.235759388924252107e+03
6.620430711610487151e+02 1.235410736579275863e+03
6.618146524733875822e+02 1.236005635566687488e+03
6.616026038437694297e+02 1.235491010539367608e+03
6.616382445141065318e+02 1.235588087774294763e+03
6.613324840764331611e+02 1.235718471337579558e+03
6.613333333333333712e+02 1.236220284237725991e+03
6.610423053341507966e+02 1.234238503985285206e+03
6.611487082545684189e+02 1.235161310649023335e+03
6.610133333333333212e+02 1.235476825396825461e+03
6.608118686868687064e+02 1.235271464646464665e+03
6.602562999385371540e+02 1.234384142593730758e+03
6.602456467661691022e+02 1.234823383084577017e+03
6.599368421052631675e+02 1.234982043343653231e+03
6.597005511328842431e+02 1.234850581751377831e+03
6.596626506024095988e+02 1.236440710209257986e+03
6.592820204449789117e+02 1.234765484064942939e+03
6.593481858688733155e+02 1.236354551241247691e+03
6.594585779517286710e+02 1.237144814090019509e+03
6.593879817112998580e+02 1.237173742651861630e+03
6.588117797695261970e+02 1.236818181818181756e+03
6.583587786259541872e+02 1.236468193384223923e+03
6.581093143596377786e+02 1.237498706338939201e+03
6.576830065359476976e+02 1.238605882352941080e+03
6.570249343832020941e+02 1.238927821522309614e+03
6.561455816910362273e+02 1.237629370629370669e+03
6.557648195876288355e+02 1.238246778350515569e+03
6.554796116504854808e+02 1.237968284789644031e+03
6.550707732634338072e+02 1.238325032765399783e+03
6.545862524785194410e+02 1.237889623265036334e+03
6.539265387160820637e+02 1.238133686300463296e+03
6.529475065616798020e+02 1.237520997375328079e+03
6.516494845360824684e+02 1.236869201030927798e+03
6.502334581772784077e+02 1.235589263420724137e+03
6.494406670942912569e+02 1.236815907633098050e+03
6.491687737041719402e+02 1.236151706700379236e+03
6.487283638660770748e+02 1.236477574226152910e+03
6.481420490257700067e+02 1.236219987429289858e+03
6.481967948717948502e+02 1.236451282051282078e+03
6.476508648302370830e+02 1.236750160153747629e+03
6.472233567326101138e+02 1.236280153158902294e+03
6.468189024390244413e+02 1.235361585365853671e+03
6.467982885085574480e+02 1.235449266503667559e+03
6.466966854283926978e+02 1.236270794246403966e+03
6.471037613488975921e+02 1.237355382619974080e+03
6.471200510855683206e+02 1.237271392081736849e+03
6.471881313131312936e+02 1.236542297979797922e+03
6.474574332909784289e+02 1.237272554002541256e+03
6.480709219858156303e+02 1.237239845261121900e+03
6.482710459183673493e+02 1.236808673469387713e+03
6.483821656050955653e+02 1.236788535031847232e+03
6.486459119496855692e+02 1.236203773584905548e+03
6.486107899807321928e+02 1.236989081567116273e+03
6.485213622291021238e+02 1.235623529411764594e+03
6.486058348851645405e+02 1.235561762880198557e+03
6.487458912768647679e+02 1.235944374209860825e+03
6.488882503192847935e+02 1.236307790549169795e+03
6.486880152187698059e+02 1.235789473684210634e+03
6.485844892812106082e+02 1.235537200504413704e+03
6.486275125628141041e+02 1.235240577889447195e+03
6.491748526522593465e+02 1.236776031434184688e+03
6.493004542504867231e+02 1.236456846203763689e+03
6.494564102564102086e+02 1.236158974358974319e+03
6.493511166253101692e+02 1.235178660049627752e+03
6.496668785759694629e+02 1.235833439287984675e+03
6.497685127566894607e+02 1.235041070317361573e+03
6.499440993788820151e+02 1.235093788819875726e+03
6.499346608587429728e+02 1.235126944617299387e+03
6.499447929736511469e+02 1.235455457967377697e+03
6.497100000000000364e+02 1.235231874999999945e+03
6.496779026217228648e+02 1.235054307116104837e+03
6.500758054327226318e+02 1.234768793430195728e+03
6.501054958938724440e+02 1.234625394819962139e+03
6.503501896333755212e+02 1.234487989886220021e+03
6.504990366088632072e+02 1.234983943481053302e+03
6.508582230623818532e+02 1.234463768115942003e+03
6.511956386292835077e+02 1.234204361370716470e+03
6.514580291970802364e+02 1.233422749391727393e+03
6.519877498388136701e+02 1.235406189555125820e+03
6.522175283732660773e+02 1.234512610340479114e+03
6.523919949174078283e+02 1.234498094027954266e+03
6.525544675642595394e+02 1.233508567931456582e+03
6.526609651802076542e+02 1.233043982895540694e+03
6.528194789081885574e+02 1.232687965260545980e+03
6.528704630788486156e+02 1.233255319148936223e+03
6.532179974651457997e+02 1.233721166032953079e+03
6.532736030828516505e+02 1.234066795118818163e+03
6.529981320049813576e+02 1.233224782067247816e+03
6.525906326034063341e+02 1.232888077858880706e+03
6.522355769230769056e+02 1.232805288461538566e+03
6.523004318322023209e+02 1.233964219617520030e+03
6.523589263420724365e+02 1.234125468164794029e+03
6.525120558375634801e+02 1.235121827411167487e+03
6.525910484365419961e+02 1.234155119558552997e+03
6.528929008567931760e+02 1.234050795593635257e+03
6.530975460122699587e+02 1.234212883435582853e+03
6.531557326793378024e+02 1.234183936235438296e+03
6.533235113566605605e+02 1.234470841006752607e+03
6.538764742396027714e+02 1.234615145872129006e+03
6.540207823960880660e+02 1.234067848410757961e+03
6.541203192142418175e+02 1.233968692449355331e+03
6.543314465408805063e+02 1.234136477987421358e+03
6.543272954403497579e+02 1.233855715178013725e+03
6.543277363184079150e+02 1.233730099502487519e+03
6.542902227722772750e+02 1.233501237623762336e+03
6.542455274521900037e+02 1.233566317088217147e+03
6.542014787430683782e+02 1.233460258780037066e+03
6.542753712871286780e+02 1.233849009900990040e+03
6.542523481527864533e+02 1.234303694427050686e+03
6.542041312272175446e+02 1.233856622114216179e+03
6.542739975698663102e+02 1.234481166464155422e+03
6.543471278567017180e+02 1.235135268684373159e+03
6.542263092269326989e+02 1.235326683291770678e+03
6.542512437810945585e+02 1.235166666666666742e+03
6.542330402010049966e+02 1.235628768844221213e+03
6.540304726368159436e+02 1.235454601990049696e+03
6.536494910941476064e+02 1.236662849872773450e+03
6.535779758115850200e+02 1.236740929344366577e+03
6.533835443037975210e+02 1.236393037974683466e+03
6.533121859296481944e+02 1.235940326633165796e+03
6.533117206982543621e+02 1.235514339152119646e+03
