6.666401129943502610e+02 1.229128248587570624e+03
6.671318931210914798e+02 1.228876634451392874e+03
6.675657526580861258e+02 1.228517067711247819e+03
6.676357022943481070e+02 1.228420817011751524e+03
6.678854748603351936e+02 1.228504469273743098e+03
6.679132138857783048e+02 1.228467525195968619e+03
6.672581736189403046e+02 1.228941939120631332e+03
6.663034909909910084e+02 1.228983671171171181e+03
6.654641068447411953e+02 1.228529771841958791e+03
6.649745152354570337e+02 1.228531855955678566e+03
6.647479224376730826e+02 1.228221052631578914e+03
6.646323042998897108e+02 1.228320286659316480e+03
6.643239046034386774e+02 1.228483638380477032e+03
6.641501954215522119e+02 1.228617532104969314e+03
6.639542155220547102e+02 1.229084310441094431e+03
6.638510638297872219e+02 1.229030795072788351e+03
6.635656791503632803e+02 1.229043599776411384e+03
6.630000000000000000e+02 1.229139233370913189e+03
6.619814606741573471e+02 1.229359550561797732e+03
6.609751833051325320e+02 1.229229554427523908e+03
6.599543918918918735e+02 1.229199887387387435e+03
6.591993224167136987e+02 1.228948051948051898e+03
6.587885586090858396e+02 1.229073471676948884e+03
6.587244270542202003e+02 1.228988820570150892e+03
6.585301939058172138e+02 1.228673684210526289e+03
6.584546472564389887e+02 1.229113101903695451e+03
6.585246360582307261e+02 1.229374580067189299e+03
6.589632560768795884e+02 1.229239118145845168e+03
6.590485875706215211e+02 1.229349152542372849e+03
6.588439079169006618e+02 1.228873104997192513e+03
6.587919911012236298e+02 1.228429365962180100e+03
6.587333333333333485e+02 1.228223888888888951e+03
6.583589887640449660e+02 1.228365730337078730e+03
6.583185143500281811e+02 1.228331457512661700e+03
6.583452380952380736e+02 1.229064625850340235e+03
6.577494382022472337e+02 1.229148876404494331e+03
6.568203559510567402e+02 1.229360956618465025e+03
6.563856502242152828e+02 1.229778587443946208e+03
6.565321408608160709e+02 1.229555058692006696e+03
6.569305084745762997e+02 1.229221468926553598e+03
6.569027543563800009e+02 1.229054525014052842e+03
6.564836895388076528e+02 1.228957255343082124e+03
6.557507050197405079e+02 1.229170332769317611e+03
6.546432189082723880e+02 1.229084411930219403e+03
6.537667228780213691e+02 1.229384485666104638e+03
6.528938547486033031e+02 1.229851396648044783e+03
6.520849268841394633e+02 1.230041057367829126e+03
6.507259052924790694e+02 1.230085236768802133e+03
6.495069793411502133e+02 1.229977107761027355e+03
6.487210084033613384e+02 1.229827450980392086e+03
6.483205128205128176e+02 1.229328874024526158e+03
6.478931339977851849e+02 1.229383167220376436e+03
6.474556609035137171e+02 1.229184049079754686e+03
6.468599330357143344e+02 1.229349330357142890e+03
6.463126398210290517e+02 1.230038031319910488e+03
6.461202460850112175e+02 1.230260067114093999e+03
6.465328507795099995e+02 1.230378619153674890e+03
6.468378226711560046e+02 1.230556116722783372e+03
6.467526521496371288e+02 1.230390284757118934e+03
6.462328458942631642e+02 1.229690101237345289e+03
6.459553571428571104e+02 1.229436941964285779e+03
6.460593505039194042e+02 1.229601343784994469e+03
6.458378378378378102e+02 1.229894707207207148e+03
6.458195067264573481e+02 1.230429372197309476e+03
6.459334849346219016e+02 1.231101193860147760e+03
6.475773776027011763e+02 1.231159819921215558e+03
6.487121978639685267e+02 1.230855536818437258e+03
6.497739764441952275e+02 1.230296130117779057e+03
6.502260820045557921e+02 1.230092824601366829e+03
6.505144149236856492e+02 1.230016393442622984e+03
6.507309644670050375e+02 1.229796390298928372e+03
6.508855047941342491e+02 1.229735476593344629e+03
6.512073863636363740e+02 1.230257954545454595e+03
6.519983069977427022e+02 1.230127539503386060e+03
6.522760770975056630e+02 1.230552154195011326e+03
6.522584650112867166e+02 1.230652934537245983e+03
6.524864253393665194e+02 1.230949660633484200e+03
6.528565826330532218e+02 1.230411204481792765e+03
6.533637387387387889e+02 1.230183558558558616e+03
6.540262716601453121e+02 1.229671324762437052e+03
6.543603147835863183e+02 1.229588532883642529e+03
6.545610986547085304e+02 1.229591928251121089e+03
6.545993265993265595e+02 1.229671717171717091e+03
6.547858744394618498e+02 1.230007847533632230e+03
6.552841868317389071e+02 1.230389420371412598e+03
6.556690848214285552e+02 1.230313058035714221e+03
6.554193729003359294e+02 1.230396416573348233e+03
6.549359910162829692e+02 1.230068500842223557e+03
6.546957245974458601e+02 1.229485285952248660e+03
6.546981132075471805e+02 1.229529966703662694e+03
6.547019977802441417e+02 1.229523862375138833e+03
6.548574622694242180e+02 1.229430967020681919e+03
6.557126116071428896e+02 1.229658482142857110e+03
6.569054360135900197e+02 1.230273499433748611e+03
6.585373467112597154e+02 1.229796544035674515e+03
6.600757403189065826e+02 1.229416856492027364e+03
6.610000000000000000e+02 1.229290158371040661e+03
6.616458100558659225e+02 1.229373743016759818e+03
6.618012318029115022e+02 1.229313549832026865e+03
6.622669300225733195e+02 1.229368510158013578e+03
6.626674119619899557e+02 1.229226383454443749e+03
6.633401129943503065e+02 1.229156497175141340e+03
6.639517867271696332e+02 1.229040839478162297e+03
6.640957207207206920e+02 1.229275900900900979e+03
6.642302036199095028e+02 1.229264140271493261e+03
6.647592385218365507e+02 1.229203807390817474e+03
6.654427523970671245e+02 1.229521150592216600e+03
6.663627118644068332e+02 1.229449717514124359e+03
6.670603156708004917e+02 1.228989853438557020e+03
6.673977464788732732e+02 1.228782535211267714e+03
6.676905829596412332e+02 1.228639573991031284e+03
6.676347874720357822e+02 1.228650447427293102e+03
6.680854555744199388e+02 1.228908319185059327e+03
6.684906515580736368e+02 1.229060623229461726e+03
6.684818739542665753e+02 1.228951477969882944e+03
6.675944134078212073e+02 1.228846927374301686e+03
6.667829716193656395e+02 1.228921535893155351e+03
6.663528102392876917e+02 1.228412353923205274e+03
6.659815229563270123e+02 1.228310750279955300e+03
6.655923460898502526e+02 1.228389905712700966e+03
6.655809682804674594e+02 1.228422370617696060e+03
6.655748469671674457e+02 1.228490818030050150e+03
6.655601336302895561e+02 1.228522828507795111e+03
6.655000000000000000e+02 1.228698102678571331e+03
6.649955182072828848e+02 1.229223529411764730e+03
6.640577678070667389e+02 1.229431295569265330e+03
6.628763290430889583e+02 1.229238388360380441e+03
6.620028248587570943e+02 1.229423728813559364e+03
6.610725534308211309e+02 1.229496062992125871e+03
6.601845204711161159e+02 1.228896242288278245e+03
