6.583701842546063290e+02 1.230917364600781639e+03
6.568417508417508088e+02 1.231036475869809237e+03
6.562160804020101068e+02 1.231131769960915790e+03
6.556781354051054223e+02 1.231100443951165289e+03
6.558629213483145577e+02 1.231176404494382041e+03
6.560657223796033577e+02 1.231339943342776223e+03
6.560639140271492806e+02 1.231362556561085967e+03
6.563195067264573481e+02 1.231286434977578438e+03
6.573643497757847172e+02 1.231368273542600946e+03
6.583902989283700435e+02 1.231208685843203511e+03
6.584253393665158001e+02 1.231252262443438894e+03
6.579379582628313301e+02 1.230945290468133180e+03
6.558804713804713629e+02 1.231098765432098844e+03
6.536391982182627771e+02 1.231307349665924221e+03
6.515050223214285552e+02 1.231416852678571331e+03
6.504611948632049234e+02 1.231088777219430540e+03
6.504486396446418439e+02 1.230842309827873351e+03
6.514726256983240091e+02 1.230257541899441321e+03
6.515329608938546926e+02 1.230283798882681594e+03
6.513392956959195317e+02 1.230362213527110043e+03
6.503472686733556429e+02 1.230338907469342303e+03
6.494980392156862763e+02 1.230243137254901967e+03
6.498169567658618462e+02 1.229710836608646787e+03
6.509129949804796524e+02 1.229390964863357567e+03
6.521102982554867822e+02 1.229403489026449051e+03
6.529655364091162255e+02 1.229322401334074584e+03
6.529744444444444298e+02 1.229251111111111186e+03
6.517458379578246195e+02 1.229370699223085467e+03
6.506912339475153431e+02 1.229173646007816842e+03
6.503948832035595160e+02 1.229125139043381523e+03
6.504649220489977779e+02 1.228923719376392000e+03
6.514873808188445992e+02 1.228845765563656869e+03
6.522533632286995271e+02 1.228670403587443843e+03
6.522699386503066989e+02 1.228422197434467307e+03
6.521415094339622556e+02 1.228305771365149894e+03
6.521843732433951573e+02 1.227865092748735151e+03
6.522466216216216708e+02 1.227673986486486456e+03
6.534063901345291470e+02 1.227656950672645735e+03
6.542977528089887755e+02 1.228212921348314694e+03
6.548408963585434321e+02 1.228610084033613475e+03
6.550624648283624083e+02 1.228447383230163268e+03
6.553764772087788515e+02 1.228180078784468151e+03
6.567050279329608884e+02 1.227920670391061549e+03
6.583873873873874345e+02 1.227919481981982017e+03
6.600758426966292518e+02 1.228279213483146123e+03
6.617787659811006051e+02 1.228497498610339107e+03
6.622391914654688208e+02 1.228494104435710369e+03
6.613402350307778761e+02 1.228531617235590375e+03
6.599675070028010850e+02 1.228980392156862763e+03
6.595178770949720501e+02 1.228907262569832483e+03
6.593876404494382086e+02 1.229003370786516825e+03
6.606947723440134723e+02 1.228740303541315370e+03
6.621740346950195999e+02 1.228453273642977138e+03
6.628537946428571104e+02 1.228412388392857110e+03
6.632431063590320264e+02 1.228234665166010018e+03
6.635790349417637799e+02 1.228033277870216352e+03
6.633891050583657716e+02 1.228176764869371937e+03
6.624288088642658749e+02 1.228248199445983346e+03
6.616584958217270014e+02 1.228320891364902536e+03
6.607689750692520647e+02 1.228551800554016609e+03
6.602208588957055326e+02 1.228770775237032922e+03
6.603515625000000000e+02 1.228710937500000000e+03
6.606297129994372881e+02 1.228628587507034354e+03
6.615304396843291670e+02 1.228941939120631332e+03
6.626428571428571104e+02 1.229006186726659280e+03
6.631533296026860853e+02 1.228474538332400698e+03
6.608014460511679999e+02 1.228918242491657338e+03
