6.444267621145374960e+02 1.220901431718061758e+03
6.453632336655592781e+02 1.221012735326688926e+03
6.467324945295405314e+02 1.221527352297593097e+03
6.482280219780219568e+02 1.222937362637362639e+03
6.496718232044198658e+02 1.224660773480663011e+03
6.524128133704734864e+02 1.226439554317548755e+03
6.565486922648859718e+02 1.228265442404006762e+03
6.615397443023902042e+02 1.230063368538076702e+03
6.653740926856504529e+02 1.231384701284198854e+03
6.685706371191135986e+02 1.232721883656509590e+03
6.699604456824512226e+02 1.234415041782729759e+03
6.702512534818941958e+02 1.235226183844011075e+03
6.703392363032651247e+02 1.235536801328168167e+03
6.687932960893854215e+02 1.236109497206703963e+03
6.657299554565701101e+02 1.234400334075723777e+03
6.629828539823008668e+02 1.233013827433628421e+03
6.604852859522487734e+02 1.231063853414769483e+03
6.568100496963004389e+02 1.229169519602429546e+03
6.527276736493936369e+02 1.227255237045204012e+03
6.493084988962472153e+02 1.226052980132450330e+03
6.467035010940918482e+02 1.224692013129102861e+03
6.451329700272480068e+02 1.223269209809264339e+03
6.445106382978723332e+02 1.222437534097108482e+03
6.446551724137931387e+02 1.222102353585112269e+03
6.455507962657879943e+02 1.222238879736408535e+03
6.468975609756097356e+02 1.222910569105691138e+03
6.481458333333333712e+02 1.224109649122807014e+03
6.535445489762036004e+02 1.227089097952407201e+03
