6.568685236768802724e+02 1.229538718662952533e+03
6.568483333333333576e+02 1.229442222222222199e+03
6.568044321329639388e+02 1.229325207756232658e+03
6.563552123552123021e+02 1.228721456150027507e+03
6.563911357340720087e+02 1.228644321329639979e+03
6.565388002201431163e+02 1.228724821133736896e+03
6.557588846364133133e+02 1.228513395297977013e+03
6.556391639163916807e+02 1.228544554455445450e+03
6.553909442297073156e+02 1.228284925455549455e+03
6.549675824175824346e+02 1.228391208791208783e+03
6.549050493962678274e+02 1.228390230515916528e+03
6.549741046831956055e+02 1.228399449035812722e+03
6.555376106194689783e+02 1.228797013274336223e+03
6.557773437500000000e+02 1.228770647321428669e+03
6.557908787541713309e+02 1.228634037819799687e+03
6.555186214563645990e+02 1.228893274041133964e+03
6.555439955727725874e+02 1.229044825677919107e+03
6.562908277404922046e+02 1.228678411633109590e+03
6.573318485523385561e+02 1.228484966592427554e+03
6.580523676880222865e+02 1.228478551532033407e+03
6.582097044060234339e+02 1.228328499721137860e+03
6.584219269102990211e+02 1.228527131782945844e+03
6.589134295227524944e+02 1.228225305216426250e+03
6.594620958751393118e+02 1.228374581939799327e+03
6.594860956618465480e+02 1.228347052280311345e+03
6.593012181616833232e+02 1.228524363233665554e+03
6.591090706733444904e+02 1.228583194212576473e+03
6.588090507726269607e+02 1.228565121412803592e+03
6.578483674598782045e+02 1.228537354731599407e+03
6.568609271523179132e+02 1.228605408388521028e+03
6.567818884594147448e+02 1.228589729431253545e+03
6.567030905077263014e+02 1.228620860927152307e+03
6.566143973214285552e+02 1.228967075892857110e+03
6.564742951907130646e+02 1.229152017689331160e+03
6.563419603524229160e+02 1.228991189427312747e+03
6.564977777777777419e+02 1.229170000000000073e+03
6.565843071786310929e+02 1.229046744574290415e+03
6.564182825484764408e+02 1.229044875346260369e+03
6.561309192200557163e+02 1.229121448467966502e+03
6.556787479406918919e+02 1.228765513454146003e+03
6.562655210643015380e+02 1.228398558758314948e+03
6.566760641238253129e+02 1.228323935876174573e+03
6.558902976846748061e+02 1.228212238147739754e+03
