6.553808982376350514e+02 1.232009664582148844e+03
6.539762845849802488e+02 1.231182947487295223e+03
6.525571830985915085e+02 1.230842816901408469e+03
6.511019252548131817e+02 1.229841449603623914e+03
6.498919071873231132e+02 1.229084889643463384e+03
6.494767507002801494e+02 1.228394957983193308e+03
6.493009491903964090e+02 1.227707426018983824e+03
6.490849858356940558e+02 1.227262889518413658e+03
6.489166193987521183e+02 1.227370391378332442e+03
6.491374002280501827e+02 1.227192702394526805e+03
6.504469783352337799e+02 1.227120866590649939e+03
6.519708237986269523e+02 1.227020022883295269e+03
6.538085106382978893e+02 1.227347704367301276e+03
6.563501131221719334e+02 1.228591063348416355e+03
6.588796821793416711e+02 1.229131668558456340e+03
6.610097087378641163e+02 1.229850371216447684e+03
6.630692615912993233e+02 1.230933600457927923e+03
6.648748564867968298e+02 1.232081515499425905e+03
6.664654088050314158e+02 1.232893653516294989e+03
6.681566609491137569e+02 1.233484848484848499e+03
6.694085155350977629e+02 1.234036248561565117e+03
6.702127780946948405e+02 1.234011979463776470e+03
6.705028735632183725e+02 1.233985057471264327e+03
6.703282051282051270e+02 1.233041025641025726e+03
6.692381496287835034e+02 1.232534551684751477e+03
6.672475865985235259e+02 1.231513344690516760e+03
6.657267605633802532e+02 1.231024788732394427e+03
6.639715909090908781e+02 1.229528409090909008e+03
6.621286848072562634e+02 1.228299319727891088e+03
6.607795849691531203e+02 1.227381379697139664e+03
6.595369127516778462e+02 1.226385346756152103e+03
6.584380580357143344e+02 1.226220424107142890e+03
6.578998311761395144e+02 1.225970174451322464e+03
6.577530933633296399e+02 1.225941507311586065e+03
6.581629881154499344e+02 1.226525749858517202e+03
6.591642897889332744e+02 1.227146605818596754e+03
6.611485486624928853e+02 1.227716562322139907e+03
6.633363740022805359e+02 1.228303876852907706e+03
6.650321285140562395e+02 1.229103270223752133e+03
6.665002855511136204e+02 1.229848657909765961e+03
6.676125565610859667e+02 1.230771493212669611e+03
6.687976054732041575e+02 1.231569555302166464e+03
6.698808022922636383e+02 1.232175358166189199e+03
6.708285714285714221e+02 1.232820571428571384e+03
6.713165426445334560e+02 1.232924441900400780e+03
6.716445852534561709e+02 1.232862327188940071e+03
6.717923875432526302e+02 1.233263552479815417e+03
6.715005694760819779e+02 1.232751138952163956e+03
6.708808437856328055e+02 1.232312428734321657e+03
6.696930415263748273e+02 1.231418630751963974e+03
6.682240592930444336e+02 1.230793044469783354e+03
6.664084985835694397e+02 1.230339943342776223e+03
6.641743589743589382e+02 1.229468376068376074e+03
6.624834548513740629e+02 1.228640493550196197e+03
6.609579067121728713e+02 1.228013083048919270e+03
6.595420403587444298e+02 1.227598094170403556e+03
6.587302299495232774e+02 1.227539540100953445e+03
6.581739373601790248e+02 1.227590604026845540e+03
6.578406531531531982e+02 1.227726351351351241e+03
6.583244771057094340e+02 1.228559638213680046e+03
6.587018633540373003e+02 1.228789949181253633e+03
6.603224535734383380e+02 1.229589758019133342e+03
6.617308126410835030e+02 1.230474604966139850e+03
6.634302788844621546e+02 1.231317586795674515e+03
6.654886363636363740e+02 1.231877272727272839e+03
6.666103526734925708e+02 1.232337883959044348e+03
6.671329908675799061e+02 1.232690068493150648e+03
6.683097142857143353e+02 1.233233714285714314e+03
6.695054441260745079e+02 1.233860171919770664e+03
6.707895940537449633e+02 1.234387650085763198e+03
6.712256410256410391e+02 1.234143019943019908e+03
6.711588838268792188e+02 1.234056378132118425e+03
6.705847554038680300e+02 1.233451080773606463e+03
6.687855121675155488e+02 1.232538200339558671e+03
6.663551665725578914e+02 1.231402597402597394e+03
6.642430751837196112e+02 1.230495195025438079e+03
6.621597733711048477e+02 1.229516713881019768e+03
6.601518264840182155e+02 1.228952625570776263e+03
6.580644418872267352e+02 1.228312428078250832e+03
6.559101694915253802e+02 1.227107344632768445e+03
6.544744160177975800e+02 1.226278642936596270e+03
6.534697986577181155e+02 1.226388143176733820e+03
6.525125628140704066e+02 1.226559463986599667e+03
6.523299832495812325e+02 1.227247347850362985e+03
6.530710659898477388e+02 1.228379582628313528e+03
6.548762711864407038e+02 1.229358192090395505e+03
6.564808988764044670e+02 1.230232584269662993e+03
6.583190639269406574e+02 1.231103310502283193e+03
6.601837196156020582e+02 1.232252685132843453e+03
6.615191538021726956e+02 1.233053173241852392e+03
6.626083476272156076e+02 1.233994854202401484e+03
6.641637293916998033e+02 1.234383172256964144e+03
6.649563719862227344e+02 1.234746842709529346e+03
6.651902857142856647e+02 1.234104571428571489e+03
6.650937859608745839e+02 1.234014959723820539e+03
6.644330886504799309e+02 1.233379446640316246e+03
6.634101251422071073e+02 1.233073378839590532e+03
6.616595022624434250e+02 1.232097850678733039e+03
6.599208878770631372e+02 1.231158793397837144e+03
6.578507631430186393e+02 1.230230073487846312e+03
6.554813559322034280e+02 1.229225988700565040e+03
6.504102419808666582e+02 1.227589195272931875e+03
6.481562323745064305e+02 1.227443316412859531e+03
6.464513422818791923e+02 1.227274608501118564e+03
6.450337837837837469e+02 1.227077139639639654e+03
6.437596638655462584e+02 1.227053221288515488e+03
6.432673378076062818e+02 1.227676733780760514e+03
6.430503919372899873e+02 1.228351063829787336e+03
6.436653476540418524e+02 1.229314867156585706e+03
6.447731611454239555e+02 1.229839977540707423e+03
6.463589598643301315e+02 1.230320520067834877e+03
6.484898305084745971e+02 1.231194915254237230e+03
6.499131668558455885e+02 1.231893303064699239e+03
6.507146080090242322e+02 1.232056965595036672e+03
6.514030525720746709e+02 1.232286037309214180e+03
6.521699942954934386e+02 1.232776953793496887e+03
6.529667431192660842e+02 1.232639908256880744e+03
6.536208072768617967e+02 1.232033541785105172e+03
6.539885255306942327e+02 1.232255880665519271e+03
6.538107798165137865e+02 1.232151376146789062e+03
6.525909859154929791e+02 1.231317746478873232e+03
6.510245433789954177e+02 1.230183219178082254e+03
6.495373385738349725e+02 1.229238068500842246e+03
6.481946006749155913e+02 1.228645669291338663e+03
6.466224089635854853e+02 1.227731092436974677e+03
6.452645562464668956e+02 1.227183154324477073e+03
6.438015651201789069e+02 1.226738401341531471e+03
6.417837988826815945e+02 1.225956424581005649e+03
6.402723713646532815e+02 1.225758948545861358e+03
6.389838259899609056e+02 1.226190741773563786e+03
6.386514983351830779e+02 1.226732519422863561e+03
6.391601123595505669e+02 1.227284831460674241e+03
6.405674625208217776e+02 1.228507495835646750e+03
6.423605174353206166e+02 1.229527559055118218e+03
6.440934314835786836e+02 1.230618912797282064e+03
6.465481690140844648e+02 1.231703098591549406e+03
6.485130090497737001e+02 1.232855203619909389e+03
6.504028328611898360e+02 1.233298016997167224e+03
6.524365714285714830e+02 1.234076000000000022e+03
6.541635327635327712e+02 1.234259829059829144e+03
6.551444823663254056e+02 1.234270193401592678e+03
6.554545454545454959e+02 1.234106346483705011e+03
6.559852440408626535e+02 1.233356413166855873e+03
6.559262202043132675e+02 1.232895573212258796e+03
6.550130979498860597e+02 1.232015945330296063e+03
6.535669291338582525e+02 1.231120922384701998e+03
6.519378531073446084e+02 1.229719209039548105e+03
6.500562429696287836e+02 1.228577615298087721e+03
6.483994413407821185e+02 1.227568156424581048e+03
6.466304347826087451e+02 1.227052954292084678e+03
6.444972222222222626e+02 1.226634444444444398e+03
6.426371830985915494e+02 1.226891830985915476e+03
6.414532814238042420e+02 1.226842046718576285e+03
6.403603104212860444e+02 1.227226164079822638e+03
6.395920177383592318e+02 1.227759423503325934e+03
6.396131183991105900e+02 1.228503057254029954e+03
6.402672268907563193e+02 1.229467226890756365e+03
6.415708683473388874e+02 1.230318767507002804e+03
6.434143179255918312e+02 1.231017474633596294e+03
6.460996015936254935e+02 1.231771200910643074e+03
6.483957858769931590e+02 1.232377562642368957e+03
6.504997157475838776e+02 1.232913018760659497e+03
6.530303030303030027e+02 1.233289879931389351e+03
6.549383209594517439e+02 1.233407195888064052e+03
6.565604584527220595e+02 1.233276790830945629e+03
6.582591533180777787e+02 1.232725400457665955e+03
6.595200918484500789e+02 1.232323765786452441e+03
6.603549684089604170e+02 1.231950603101665820e+03
6.602907110091742879e+02 1.231071674311926699e+03
6.598170525127046631e+02 1.230473178994918044e+03
6.590251572327043732e+02 1.229640937678673481e+03
6.577898016997166906e+02 1.228920113314447690e+03
6.565433070866141634e+02 1.228354330708661337e+03
6.552289904117315018e+02 1.227487309644669949e+03
6.541420486700623087e+02 1.227152801358234228e+03
6.529325842696629252e+02 1.227035393258426893e+03
6.516580427446568820e+02 1.227181102362204683e+03
6.506172355903748894e+02 1.227346390598768949e+03
6.503428731762064672e+02 1.227778338945005544e+03
6.505901730876605598e+02 1.228238972640982638e+03
6.514010152284264450e+02 1.229386914833615265e+03
6.527711864406779796e+02 1.230474011299435006e+03
6.548848346636259521e+02 1.231352337514253122e+03
6.572419627749576421e+02 1.231943598420755734e+03
6.595899035734543077e+02 1.233242200794100881e+03
6.619068848758464583e+02 1.233462753950338538e+03
6.644336588167719810e+02 1.234267087880528379e+03
6.665462909718229412e+02 1.234864864864864785e+03
6.687032777458309738e+02 1.235126509488211695e+03
6.706868918145391945e+02 1.234925014310246070e+03
6.719101969872538120e+02 1.234134994206257261e+03
6.726332179930795974e+02 1.233437139561706999e+03
6.727270642201834789e+02 1.232202981651376149e+03
6.718041119360365201e+02 1.231020559680182714e+03
6.707353603603603460e+02 1.229496058558558616e+03
6.693692220969560367e+02 1.228552423900789108e+03
6.676206509539842955e+02 1.227251402918069516e+03
6.659019607843137010e+02 1.226332212885154149e+03
6.639528354856821579e+02 1.225720943290286414e+03
6.621560920830993382e+02 1.225338012352610804e+03
6.606399776035834748e+02 1.225248040313549836e+03
6.594548494983278033e+02 1.225536789297658970e+03
6.580759776536312984e+02 1.227599999999999909e+03
