6.455030470914127818e+02 1.226481440443213387e+03
6.479332229580573994e+02 1.226700331125827915e+03
6.513288962839711758e+02 1.227423738214087734e+03
6.549267480577136666e+02 1.228434517203107589e+03
6.578928571428571104e+02 1.229442522321428669e+03
6.602232142857143344e+02 1.230317522321428669e+03
6.622171970965940773e+02 1.230787269681742146e+03
6.637296398891966192e+02 1.230929085872576252e+03
6.651599326599326787e+02 1.231373176206509470e+03
6.658293628808863787e+02 1.231204986149584556e+03
6.661131756756756204e+02 1.231291103603603688e+03
6.651905564924114742e+02 1.231020236087689682e+03
6.639003340757237766e+02 1.230768374164810666e+03
6.617802441731409999e+02 1.230049389567147500e+03
6.592102304665542079e+02 1.228788083192804834e+03
6.554611542730299334e+02 1.228086015538290894e+03
6.526453551912568400e+02 1.226565573770491710e+03
6.503732083792723415e+02 1.226132855567806018e+03
6.484566058595909226e+02 1.225490878938640208e+03
6.471038461538461206e+02 1.224795604395604414e+03
6.463919068736141753e+02 1.225055986696230548e+03
6.458007662835249221e+02 1.224953475643130787e+03
6.462427616926503333e+02 1.224942093541202667e+03
6.471448162369720194e+02 1.225153592978606639e+03
6.494139457664637121e+02 1.225869396790259998e+03
6.521419068736141753e+02 1.226261640798226153e+03
6.553898494143893458e+02 1.227444506413831505e+03
6.612840401785714448e+02 1.229368303571428669e+03
