6.497617728531855619e+02 1.230774515235457102e+03
6.482170542635658421e+02 1.229723698781838266e+03
6.466429359823399636e+02 1.228527041942604910e+03
6.451283598464069655e+02 1.227042238069116820e+03
6.440973597359735550e+02 1.225632563256325739e+03
6.449978058145912883e+02 1.224633022490400435e+03
6.472016574585635453e+02 1.224228729281767983e+03
6.489817174515235365e+02 1.223846537396121903e+03
6.504918949133593742e+02 1.223936836221352678e+03
6.539507278835386614e+02 1.223849384098544306e+03
6.584017857142856656e+02 1.224140625000000000e+03
6.621131549609810918e+02 1.224727424749163902e+03
6.640577136514983749e+02 1.225829633740288500e+03
6.648791759465478890e+02 1.226707126948775112e+03
6.684726867335563156e+02 1.229467112597547384e+03
6.683079064587973335e+02 1.230821269487750669e+03
6.666938660664040981e+02 1.232095666854248748e+03
6.639127071823204460e+02 1.232632596685082945e+03
6.620088938299055599e+02 1.233017787659811120e+03
6.603474387527840008e+02 1.233062360801781779e+03
6.572337590227651845e+02 1.232433092726263112e+03
6.534454293628808728e+02 1.232223268698061020e+03
6.493929359823399636e+02 1.231526490066225278e+03
6.464167124793842731e+02 1.230775151181968113e+03
6.449528250137136638e+02 1.229605595172792164e+03
6.441247947454844507e+02 1.228619047619047706e+03
6.434835706462212102e+02 1.227197699890471085e+03
6.443816584294344239e+02 1.225092257001647340e+03
