6.579371816638370092e+02 1.229063384267119318e+03
6.590152887882219375e+02 1.228955832389581019e+03
6.596360089186175628e+02 1.228689520624303213e+03
6.597490196078431381e+02 1.228673949579831969e+03
6.597856743144935763e+02 1.228677672076105182e+03
6.594401993355481864e+02 1.228409745293466131e+03
6.585592841163311277e+02 1.228845078299776333e+03
6.576310788149804694e+02 1.228802124091671431e+03
6.573186137506986597e+02 1.228878144214645090e+03
6.573561030235161979e+02 1.228718365061590248e+03
6.577916666666666288e+02 1.228447072072072160e+03
6.587384701912260425e+02 1.228343082114735580e+03
6.594548494983278033e+02 1.228325529542920776e+03
6.597495807713806926e+02 1.228462828395751785e+03
6.596091825307951240e+02 1.228873460246360537e+03
6.591429369067559492e+02 1.229111669458403185e+03
6.585805369127516542e+02 1.229096756152125181e+03
6.578309938236945982e+02 1.229147669848399801e+03
6.569047350620068073e+02 1.229100338218714796e+03
6.561528948847667380e+02 1.228876335019673888e+03
6.561436651583710500e+02 1.228888009049773700e+03
6.560648984198645621e+02 1.228711060948081240e+03
6.559175487465181504e+02 1.228424512534818859e+03
6.555671476137624722e+02 1.228356270810210845e+03
6.549169453734671151e+02 1.228294314381270851e+03
6.536158129175946669e+02 1.228381403118039998e+03
6.529322222222222081e+02 1.228418333333333294e+03
6.531368715083798406e+02 1.228349720670390980e+03
6.539642458100558997e+02 1.228360893854748610e+03
6.550622197309417061e+02 1.228442825112107585e+03
6.567201554691837373e+02 1.228461410327595786e+03
6.577651006711408854e+02 1.228737695749440718e+03
6.578446438586652221e+02 1.228968031407739772e+03
6.572556433408577732e+02 1.229021444695259561e+03
6.566363636363636260e+02 1.229057800224466973e+03
6.559717992103778670e+02 1.229269035532994849e+03
6.557512690355330278e+02 1.229133671742808701e+03
6.559498289623717255e+02 1.228989167616875648e+03
6.559897201599086429e+02 1.228801256424899975e+03
6.557857941834452049e+02 1.228362975391498821e+03
6.554271412680756157e+02 1.228374860956618477e+03
6.554005555555555702e+02 1.228329999999999927e+03
6.553680709534368134e+02 1.228227272727272748e+03
6.547728026533997081e+02 1.228415146489773406e+03
6.544022408963585349e+02 1.228864985994397784e+03
6.542101694915254484e+02 1.228974576271186379e+03
6.549035874439462077e+02 1.228979260089686022e+03
6.558303370786517235e+02 1.228953932584269751e+03
6.568045197740112826e+02 1.229036723163841771e+03
6.581023176936122354e+02 1.229075183719615552e+03
6.590723163841807946e+02 1.229352542372881317e+03
6.591473743647657102e+02 1.229310559006211179e+03
6.587649357900613722e+02 1.229395868230039014e+03
6.578120427687113079e+02 1.229421496904896003e+03
6.569892594686263010e+02 1.229166760881854088e+03
6.571106069200226329e+02 1.229117413499716349e+03
6.579022471910112699e+02 1.229112359550561905e+03
6.591409168081494272e+02 1.229100735710243271e+03
6.600628895184136127e+02 1.229220396600566573e+03
6.601164499717353920e+02 1.229091577162238536e+03
6.596208821887213389e+02 1.229378559463986676e+03
6.590213963963964261e+02 1.229658220720720692e+03
6.590039637599094249e+02 1.229745186862967103e+03
6.592613895216401261e+02 1.230326309794988674e+03
6.592744874715261858e+02 1.230335990888382639e+03
6.595153234960272357e+02 1.230101589103291644e+03
6.596209039548023156e+02 1.229841242937853167e+03
6.594650251818690094e+02 1.229812534974818163e+03
6.588060538116592397e+02 1.229800448430493361e+03
6.577852348993288842e+02 1.229674496644295232e+03
6.565976496922215802e+02 1.229705092333519815e+03
6.551182072829132039e+02 1.229518207282913181e+03
6.537743732590529362e+02 1.229228969359331586e+03
6.533132664437011954e+02 1.229410256410256352e+03
6.533784994400896267e+02 1.229333706606942997e+03
6.543510158013543787e+02 1.229428893905191899e+03
6.550839002267573505e+02 1.229128684807256150e+03
6.561388261851016068e+02 1.229202595936794523e+03
6.566183547845550947e+02 1.229233911583659847e+03
6.567869034406215860e+02 1.229326304106548378e+03
6.568261598658468756e+02 1.229756288429290180e+03
6.567782101167315432e+02 1.229894385769872088e+03
6.573640474844545452e+02 1.230084228377614409e+03
6.583159371492704395e+02 1.229672839506172750e+03
6.595324384787471672e+02 1.229479865771812001e+03
6.603546019198192880e+02 1.229553359683794497e+03
6.606091113610798402e+02 1.229449381327334095e+03
6.606051889452904788e+02 1.229292160180485098e+03
6.599009460211464102e+02 1.229243183082915948e+03
6.588216094541361372e+02 1.229151378728193549e+03
6.580761421319797364e+02 1.229231810490693761e+03
6.578872686483455254e+02 1.229146382501402059e+03
6.581652470187393646e+02 1.229127200454287276e+03
6.588677966101695347e+02 1.228915819209039455e+03
6.596134078212290888e+02 1.228324022346368793e+03
6.598320312500000000e+02 1.228438058035714221e+03
6.596885793871866781e+02 1.228463509749303512e+03
6.594918676388109589e+02 1.229122265844082904e+03
6.589803811659193116e+02 1.229184417040358767e+03
6.580298087739032553e+02 1.229165916760405025e+03
