6.691556442417331709e+02 1.228777651083238425e+03
6.691064788732394391e+02 1.228634366197182999e+03
6.682089721749006230e+02 1.228321976149914917e+03
6.675979899497486940e+02 1.228053042992741439e+03
6.676254180602006727e+02 1.228209030100334530e+03
6.677120535714285552e+02 1.228262834821428669e+03
6.678040201005024983e+02 1.228335008375209327e+03
6.677922948073702401e+02 1.228348967057509753e+03
6.675562395075545510e+02 1.228656407386681622e+03
6.670257142857142298e+02 1.229244571428571362e+03
6.667808450704225152e+02 1.229154929577464827e+03
6.669183210436755189e+02 1.229205899035734546e+03
6.673038829487901467e+02 1.229370849746764179e+03
6.678581157775255406e+02 1.228975595913734423e+03
6.681022146507666548e+02 1.228813742191936399e+03
6.672145270270269748e+02 1.228668355855855907e+03
6.660374361883153824e+02 1.228555303460011373e+03
6.651242200794100654e+02 1.228950085082246233e+03
6.650357751277682610e+02 1.229235093696763215e+03
6.650733788395904185e+02 1.229505119453924863e+03
6.656566572237960600e+02 1.229794334277620464e+03
6.658401592718998927e+02 1.229953356086461781e+03
6.654195369847543589e+02 1.229855448898927079e+03
6.647077267637178011e+02 1.229293952967525229e+03
6.640191549295774394e+02 1.229564507042253581e+03
6.633178511471739967e+02 1.229451035254616727e+03
6.631837078651685715e+02 1.229776966292134830e+03
6.631405985319029242e+02 1.230006775832862786e+03
6.625264919129949703e+02 1.230204127161182441e+03
6.607733631785114312e+02 1.229819809736989328e+03
6.584865921787709340e+02 1.229500558659217859e+03
6.568194600674916046e+02 1.229673790776153055e+03
6.553592342342342363e+02 1.229788288288288186e+03
6.544103720405862532e+02 1.230174182638106004e+03
6.535562395075545510e+02 1.230236709569110189e+03
6.523353897924845342e+02 1.230423443634324258e+03
6.504652855543113219e+02 1.230416013437849870e+03
6.485924064768286144e+02 1.230300949190396523e+03
6.466899832120873270e+02 1.230238388360380441e+03
6.447477477477477805e+02 1.229984234234234236e+03
6.435397727272727479e+02 1.230464772727272702e+03
6.427680268306315838e+02 1.230059809949692635e+03
6.416439351593069205e+02 1.229953046394633930e+03
6.406118237590629860e+02 1.230141662018962734e+03
6.394980544747081694e+02 1.230254030016675870e+03
6.382834821428571104e+02 1.230198660714285779e+03
6.375284280936455161e+02 1.230207357859531839e+03
6.376209186496956818e+02 1.230454344216934032e+03
6.377748603351955126e+02 1.230512849162011207e+03
6.375277469478357943e+02 1.230657602663706939e+03
6.366722408026755602e+02 1.230517837235228626e+03
6.361245092540661972e+02 1.230447560291643185e+03
6.356330172894589623e+02 1.230226993865030636e+03
6.355769445998880656e+02 1.230180749860100832e+03
6.358701734750978858e+02 1.230491326245103437e+03
6.366429761243753092e+02 1.230371460299833416e+03
6.369646067415729931e+02 1.230842134831460726e+03
6.368517474633596294e+02 1.230864148816234547e+03
6.366549413735343705e+02 1.230975432719151286e+03
6.363878686700055596e+02 1.231421814134668921e+03
6.362606026785714448e+02 1.231437500000000000e+03
6.365206473214285552e+02 1.231340401785714221e+03
6.366477462437395616e+02 1.231258208124652128e+03
6.367214765100670775e+02 1.231174496644295232e+03
6.365157835400225395e+02 1.231436865839909842e+03
6.362281690140845285e+02 1.231066478873239475e+03
6.356722501395868221e+02 1.230630932439977641e+03
6.356802911534155101e+02 1.230605263157894797e+03
6.361768707482992795e+02 1.230806689342403615e+03
6.369767705382436134e+02 1.230943909348441821e+03
6.374469399213925271e+02 1.231201572150477205e+03
6.374435075885328388e+02 1.231162450815064631e+03
6.369038888888889005e+02 1.230991111111111195e+03
6.362156531531531982e+02 1.230647522522522422e+03
6.360773137697516404e+02 1.230704853273137587e+03
6.366021324354658191e+02 1.230624017957351271e+03
6.377323232323232105e+02 1.230744107744107851e+03
6.387404494382022904e+02 1.230618539325842676e+03
6.389852691218130758e+02 1.230661189801699720e+03
6.386928213689482163e+02 1.230649415692821321e+03
6.382581717451523673e+02 1.230447091412742338e+03
6.385628140703518056e+02 1.230420435510887728e+03
6.388375634517766457e+02 1.230626057529610762e+03
6.392554744525547221e+02 1.230706344750140261e+03
6.391058290888511237e+02 1.230783248443689899e+03
6.388463264161525785e+02 1.230191250701065655e+03
6.385674625208217776e+02 1.230255968906163162e+03
6.386110491071428896e+02 1.230191964285714221e+03
6.394264870931538098e+02 1.229989898989899075e+03
6.407537942664417869e+02 1.230024732996065268e+03
6.416508114157805949e+02 1.229969781757134797e+03
6.420392938496582929e+02 1.229926537585421329e+03
6.420802713397399657e+02 1.229631430186546140e+03
6.421781899943788403e+02 1.229383923552557690e+03
6.427945128779394963e+02 1.229447368421052715e+03
6.441070422535211719e+02 1.229399436619718244e+03
6.457669300225733195e+02 1.229965011286681829e+03
6.476715575620767140e+02 1.229955981941309346e+03
6.495496613995485404e+02 1.229939616252821679e+03
6.506925238898257930e+02 1.229746486790331574e+03
6.518467561521252946e+02 1.229442393736017948e+03
6.534292873051224433e+02 1.229510022271714888e+03
6.557387133182844536e+02 1.229937358916478615e+03
6.578758426966292063e+02 1.229726966292134875e+03
6.603181559476380471e+02 1.229821286283437757e+03
6.620594965675056756e+02 1.230027459954233336e+03
6.630599547511312721e+02 1.229579751131221656e+03
6.639286926994906253e+02 1.229436332767402291e+03
6.650764840182648641e+02 1.229754566210045596e+03
6.661538901601830958e+02 1.229737986270022930e+03
6.672451649601820236e+02 1.229707622298065871e+03
6.680839080459769548e+02 1.229986781609195305e+03
6.683445521962349858e+02 1.229702224757558497e+03
6.683263574660633140e+02 1.229354638009049722e+03
6.681231638418079228e+02 1.229110169491525312e+03
6.679256526674233783e+02 1.229116912599318994e+03
6.683511060692002275e+02 1.229051049347702701e+03
6.691389207807118282e+02 1.229169345579793344e+03
6.696835300730747349e+02 1.229261944912872423e+03
6.700159271899885880e+02 1.229405005688282245e+03
6.696445816956766066e+02 1.229256035934868123e+03
6.695025352112676273e+02 1.229150985915493038e+03
6.694362302483069698e+02 1.229112866817155691e+03
6.697757166947723135e+02 1.228856661045531155e+03
6.701778656126482474e+02 1.229027103331451144e+03
6.703949008498583453e+02 1.229248725212464478e+03
6.701760045274476170e+02 1.229058856819468019e+03
6.697148437500000000e+02 1.229208705357142890e+03
6.691184433164128222e+02 1.229527918781725930e+03
6.687581005586591800e+02 1.229705586592178861e+03
6.690221088435374668e+02 1.229682539682539755e+03
6.693967176004526891e+02 1.229826259196378032e+03
6.697121896162527719e+02 1.229747178329571170e+03
6.697926760563379958e+02 1.229649577464788763e+03
6.692296380090497223e+02 1.229421945701357572e+03
6.680270880361173340e+02 1.229428893905191899e+03
6.673508474576270828e+02 1.229345197740113008e+03
6.673333333333333712e+02 1.229428248587570579e+03
6.675090395480225425e+02 1.229951412429378479e+03
6.675792442188380846e+02 1.229877608573040106e+03
6.676169853768278699e+02 1.230127671541057452e+03
6.675456071628427708e+02 1.230243984331281581e+03
6.672332394366196695e+02 1.230164507042253490e+03
6.671583710407239778e+02 1.230497171945701439e+03
6.673723943661972271e+02 1.230516056338028193e+03
6.679949037372593921e+02 1.230532842582106468e+03
6.686466629276500271e+02 1.230273135165451549e+03
6.685386338185890054e+02 1.230348264277715543e+03
6.675490417136414862e+02 1.230340473506200624e+03
6.661431805319750765e+02 1.230382003395585798e+03
6.651532349602724707e+02 1.230478433598183983e+03
6.649539511085844197e+02 1.230861284820920901e+03
6.650561926605504368e+02 1.231049885321100874e+03
6.657315968289921102e+02 1.231120611551528782e+03
6.657812852311161578e+02 1.231131905298759875e+03
6.653261608154020905e+02 1.231053793884484776e+03
6.646961668545659450e+02 1.230946448703494980e+03
6.640354083380925658e+02 1.231078241005139944e+03
6.631920000000000073e+02 1.230905714285714339e+03
6.628202816901408596e+02 1.231263098591549351e+03
