6.476711409395973078e+02 1.230239932885906001e+03
6.510122630992195809e+02 1.230050167224080269e+03
6.543238888888888596e+02 1.229671666666666624e+03
6.589726409826912459e+02 1.229558905639307568e+03
6.628848720800889396e+02 1.229296996662958918e+03
6.660681183696259495e+02 1.228726968174204330e+03
6.688421639709982855e+02 1.228750697155605167e+03
6.703832772166105087e+02 1.228814814814814781e+03
6.710194228634850333e+02 1.228507214206437311e+03
6.707776554760594081e+02 1.228282883874518348e+03
6.701868070953436245e+02 1.228117516629711645e+03
6.689159242761692212e+02 1.227896436525612444e+03
6.656624097723487239e+02 1.228054969461410337e+03
6.622349665924276678e+02 1.228302895322939776e+03
6.585948945615982666e+02 1.228127081021087633e+03
6.496798002219755972e+02 1.228668146503884600e+03
6.468810307017544119e+02 1.229127741228070136e+03
6.444079382579933508e+02 1.229423373759647120e+03
6.423402004454343341e+02 1.230240534521158224e+03
6.408913282107573650e+02 1.230398463227222919e+03
6.402032026504693931e+02 1.230627277747101061e+03
6.414262114537444859e+02 1.230254955947136523e+03
6.426950747094631424e+02 1.230314886552296684e+03
6.449334811529932949e+02 1.230509977827050989e+03
6.479199555308504159e+02 1.230602556976097731e+03
6.505621203754831186e+02 1.230411927112092826e+03
6.541757206208425259e+02 1.230572616407982196e+03
6.586575571667596023e+02 1.230475181260457248e+03
6.623810584958217760e+02 1.230109192200557118e+03
6.683048848961258273e+02 1.228718135878719750e+03
