6.544030837004405612e+02 1.229172907488986766e+03
6.585306799336650556e+02 1.229253178551686005e+03
6.618235294117647527e+02 1.228669048927982431e+03
6.649055770292656007e+02 1.228519602429596944e+03
6.677501375894331659e+02 1.228326362135388081e+03
6.695656008820286615e+02 1.228702866593164345e+03
6.703820912124582492e+02 1.228523915461624028e+03
6.698779419813902223e+02 1.228977558839627818e+03
6.687497255762898476e+02 1.229218990120746412e+03
6.668136338647608454e+02 1.229284222100054876e+03
6.637402526084568990e+02 1.229260296540362333e+03
6.602455555555555975e+02 1.229930000000000064e+03
6.565000000000000000e+02 1.229599004424778741e+03
6.533943044906900468e+02 1.230011500547645028e+03
6.504573002754821118e+02 1.229960330578512412e+03
6.473808219178082481e+02 1.229758356164383486e+03
6.447114754098361118e+02 1.229465027322404467e+03
6.436679368535656067e+02 1.229512248230811110e+03
6.428661202185792263e+02 1.229716939890710364e+03
6.420867430441898023e+02 1.229921985815602739e+03
6.421591033351558053e+02 1.230037178786222057e+03
6.435656455142232062e+02 1.229360503282275658e+03
6.453014991671293501e+02 1.229229317046085498e+03
6.472675900277008623e+02 1.228902493074792346e+03
6.502483370288248352e+02 1.228851995565410107e+03
6.529248079034028933e+02 1.228473106476399607e+03
6.550967564595931663e+02 1.228679494227597615e+03
6.579829106945975354e+02 1.228873208379272228e+03
6.614184632393587435e+02 1.228557766721945882e+03
6.659235843870258122e+02 1.229050577240241864e+03
