6.435846153846154039e+02 1.216000549450549443e+03
6.437980187121629569e+02 1.216278481012658176e+03
6.440983606557376788e+02 1.217033333333333303e+03
6.444218921892189655e+02 1.219203520352035184e+03
6.452677984665936037e+02 1.221359255202628674e+03
6.469128516271373428e+02 1.224046332046332054e+03
6.497929320817228245e+02 1.227379900607399122e+03
6.534856035437430819e+02 1.230585825027685587e+03
6.571359550561797960e+02 1.232989325842696644e+03
6.617839335180055969e+02 1.235391135734072122e+03
6.664295302013422315e+02 1.237387583892617386e+03
6.696635044642856656e+02 1.238839285714285779e+03
6.711988857938719093e+02 1.239570473537604357e+03
6.705329275041505070e+02 1.239942446043165546e+03
6.695884955752212591e+02 1.237460730088495666e+03
6.689486607142856656e+02 1.235229352678571331e+03
6.667219458264233936e+02 1.232574903261470354e+03
6.635019347705914470e+02 1.229273079049198486e+03
6.611819184123484092e+02 1.226046857772877729e+03
6.577406162464985755e+02 1.223361344537815057e+03
6.523770856507230747e+02 1.220332591768631801e+03
6.474737133370226729e+02 1.218266187050359804e+03
6.446008869179601106e+02 1.217002217294900220e+03
6.436081452944414423e+02 1.216167859108420544e+03
6.435562293274531385e+02 1.216031973539139926e+03
6.434496166484118476e+02 1.216980832420591469e+03
6.436391304347826008e+02 1.217435326086956593e+03
6.469317685589519442e+02 1.224359170305676798e+03
