6.571780515117580990e+02 1.229314669652855628e+03
6.569837898267188621e+02 1.229314141978759153e+03
6.568268471517202443e+02 1.228862944162436634e+03
6.570897727272727025e+02 1.228892045454545496e+03
6.575730400451212745e+02 1.228391990975747376e+03
6.580994940978077921e+02 1.228109612141652633e+03
6.582304643261608135e+02 1.228157417893544789e+03
6.573729849916620651e+02 1.228208449138410288e+03
6.561696329254727971e+02 1.228375417130144569e+03
6.555244716351501211e+02 1.228513348164627359e+03
6.547218506131549702e+02 1.228702898550724740e+03
6.550117122141662094e+02 1.228612939208031321e+03
6.556864501679731347e+02 1.228399776035834293e+03
6.563790005614822576e+02 1.227968556990454772e+03
6.562541806020067270e+02 1.227594760312151720e+03
6.552308988764044670e+02 1.227365730337078730e+03
6.533389355742297084e+02 1.227647619047618946e+03
6.510554938956714750e+02 1.228255826859045555e+03
6.506326644370122949e+02 1.228483277591973319e+03
6.507466517857143344e+02 1.228336495535714221e+03
6.520804274465691606e+02 1.227737907761529868e+03
6.534605925097820318e+02 1.227529346003353794e+03
6.542998872604283633e+02 1.227392897406989960e+03
6.542985409652076214e+02 1.227253647586980833e+03
6.536293436293436798e+02 1.227377826806398161e+03
6.523413677130045016e+02 1.227379484304932703e+03
6.513992161254199118e+02 1.227569428891377356e+03
6.516229050279329158e+02 1.227441340782123007e+03
6.527080779944290043e+02 1.227540389972144794e+03
6.548325817361893542e+02 1.227798759864712565e+03
6.562777777777778283e+02 1.227960317460317356e+03
6.572072072072072615e+02 1.228227477477477578e+03
6.572079820123665286e+02 1.228263631253513267e+03
6.562432885906040383e+02 1.228268456375838923e+03
6.551051454138702184e+02 1.228305369127516769e+03
6.542713567839196003e+02 1.228305974316024503e+03
6.542670011148271669e+02 1.228335005574135948e+03
6.543649025069637446e+02 1.228393871866295285e+03
6.551923724060571885e+02 1.228387549074593380e+03
6.557334076965978511e+02 1.228384829894032237e+03
6.560539932508436323e+02 1.228213723284589378e+03
6.561724137931034875e+02 1.228153759185980789e+03
6.562958950969212992e+02 1.228278221208665855e+03
6.564344170403587668e+02 1.227875000000000000e+03
6.566902901785714448e+02 1.227945312500000000e+03
6.575920758928571104e+02 1.228343750000000000e+03
6.580533707865168935e+02 1.228727528089887528e+03
6.585961968680089740e+02 1.229337248322147616e+03
6.588159819921215785e+02 1.229438942037141260e+03
6.589598643301300172e+02 1.229464669304691824e+03
6.587180346175321120e+02 1.229352317141261892e+03
6.582758235622557095e+02 1.229230039084310420e+03
6.575986622073578474e+02 1.229061315496098132e+03
6.569427459699833207e+02 1.229003891050583661e+03
6.564493949394939136e+02 1.228636413641364243e+03
6.563861386138613625e+02 1.228394389438943790e+03
6.565469705391884645e+02 1.228444135630905976e+03
6.567342618384401476e+02 1.228348189415041816e+03
6.570180383314543633e+02 1.228537204058624638e+03
6.570487252124645465e+02 1.229197167138810300e+03
6.571717342342342363e+02 1.229486486486486456e+03
6.571682557487380336e+02 1.229947279865395330e+03
6.567417035398229928e+02 1.229753871681415831e+03
6.560270867882808261e+02 1.229668877833056968e+03
6.546543141592920847e+02 1.229398783185840784e+03
6.539217199558985385e+02 1.229294377067254572e+03
6.538127777777777965e+02 1.229110555555555493e+03
6.541261918115535536e+02 1.229052720134604670e+03
6.548936409679234885e+02 1.228548677546426461e+03
6.553666852990497773e+02 1.228357182783678127e+03
6.555041782729805391e+02 1.228250139275766060e+03
6.545835176991150774e+02 1.228191924778760949e+03
6.532194986072423717e+02 1.228406128133704669e+03
6.521300722623680031e+02 1.228762090050027837e+03
6.511163961947397638e+02 1.229390598768886321e+03
6.512008953553441870e+02 1.229462227196418553e+03
6.530953449242848592e+02 1.229166573191250791e+03
