6.582708102108767889e+02 1.228725305216426250e+03
6.579114270092946981e+02 1.228593220338982974e+03
6.575351262349066701e+02 1.228799670691547817e+03
6.573586358635864144e+02 1.229136963696369548e+03
6.579466152999449378e+02 1.229194276279581800e+03
6.584913936701832426e+02 1.229248750694058799e+03
6.581986754966887929e+02 1.229055187637969084e+03
6.575538545653362235e+02 1.228593767085839318e+03
6.569676357652222123e+02 1.228685134393856288e+03
6.573087991145545175e+02 1.228596568898727128e+03
6.579011049723757196e+02 1.228662430939226624e+03
6.585941629955947292e+02 1.228491189427312747e+03
6.595327102803738626e+02 1.228626717976910413e+03
6.588171806167400746e+02 1.228694933920704898e+03
6.582957435046987484e+02 1.228940298507462785e+03
6.584103410341034532e+02 1.228925192519251823e+03
6.592290033594624674e+02 1.229026315789473756e+03
6.587278236914600029e+02 1.228977961432506845e+03
6.576146688560481834e+02 1.229048713738368861e+03
6.575557986870896912e+02 1.228656455142231835e+03
6.575424657534246080e+02 1.228546849315068584e+03
6.573512035010941190e+02 1.228768599562363306e+03
6.568333333333333712e+02 1.229275386313465788e+03
6.579014941892639854e+02 1.229340896513558391e+03
