6.905783410138249110e+02 1.205879608294930904e+03
6.778111764705881797e+02 1.204085294117646981e+03
6.641577739529546989e+02 1.205284566838783803e+03
6.481394117647058692e+02 1.210372941176470476e+03
6.348767857142856883e+02 1.218638095238095275e+03
6.217923121055650881e+02 1.227479059093516980e+03
6.089816564758199320e+02 1.236035019455252950e+03
6.004617501375894335e+02 1.241182718767198594e+03
5.946595976073953125e+02 1.245754758020663303e+03
5.919492911668484112e+02 1.247758996728462307e+03
5.944316263365221857e+02 1.246969611705120997e+03
5.995940482874789268e+02 1.244899494665917928e+03
6.084711316397228984e+02 1.242348729792147878e+03
6.175674556213017468e+02 1.239096449704142060e+03
6.287063151440834190e+02 1.236854077253218975e+03
6.481894604767879855e+02 1.234819949811794231e+03
6.683283154121863845e+02 1.233187813620071665e+03
6.882237890864499832e+02 1.231480073574494099e+03
7.058203769140164923e+02 1.229265017667844631e+03
7.155989367985823719e+02 1.226782634376845863e+03
7.198126055149127751e+02 1.223162633652222894e+03
7.186767847105114697e+02 1.218847105115233262e+03
7.158878923766816342e+02 1.215461883408071799e+03
7.096025272831706161e+02 1.212001723147616303e+03
6.972137096774193878e+02 1.206764400921658989e+03
6.847107784431137816e+02 1.204873053892215466e+03
6.712965714285713830e+02 1.204454285714285788e+03
6.550051516886090894e+02 1.207504865483686217e+03
6.274769493454751910e+02 1.223944792259533187e+03
