6.635902090209020798e+02 1.228658965896589734e+03
6.627813186813186803e+02 1.228296153846153857e+03
6.607942951179375086e+02 1.228326933625891343e+03
6.595709570957095593e+02 1.228601210121012173e+03
6.587999999999999545e+02 1.228339560439560501e+03
6.574103982300885036e+02 1.228579092920354014e+03
6.555496141124586984e+02 1.228998346196251305e+03
6.539301691216585368e+02 1.229157665030005546e+03
6.526699399890889026e+02 1.229464811783960613e+03
6.517810457516339966e+02 1.229859477124183059e+03
6.510530925013683827e+02 1.230050903119868735e+03
6.498407851690294592e+02 1.230135768811341222e+03
6.490032733224222738e+02 1.230097654118930677e+03
6.489634877384196443e+02 1.229919891008174318e+03
6.490400438837082220e+02 1.229562260010970931e+03
6.508039430449068732e+02 1.229205914567360423e+03
6.515905077262692657e+02 1.229125827814569448e+03
6.525867542419266556e+02 1.228845101258894374e+03
6.543048780487804379e+02 1.228660753880266157e+03
6.563477297895902893e+02 1.228583056478405297e+03
6.577883452446399133e+02 1.228409565695437095e+03
6.593918096292196651e+02 1.228812949640287798e+03
6.604829482948294981e+02 1.228577557755775615e+03
6.613032150776052731e+02 1.228796008869179559e+03
6.625971459934138466e+02 1.228826564215148210e+03
6.630005530973451187e+02 1.228884402654867245e+03
6.624720700985760686e+02 1.228475903614457820e+03
6.606570338058887728e+02 1.228434023991275808e+03
6.591915011037527847e+02 1.228703642384105933e+03
6.584378437843784013e+02 1.228694169416941804e+03
6.550195121951219335e+02 1.229214634146341496e+03
