6.556597533632286741e+02 1.229436659192825118e+03
6.588996006845408147e+02 1.229225898459783139e+03
6.625790358744394553e+02 1.229113228699551655e+03
6.653622448979591582e+02 1.229045351473922892e+03
6.670203850509626591e+02 1.228995469988675040e+03
6.686103678929765692e+02 1.228897435897435798e+03
6.695144312393888413e+02 1.228967176004527346e+03
6.700034013605442169e+02 1.229036281179138314e+03
6.700214205186019853e+02 1.229543404735062040e+03
6.695509181969949850e+02 1.229488035614913770e+03
6.688705357142856656e+02 1.229438058035714221e+03
6.684802887284841972e+02 1.228956135480288822e+03
6.687305322128851230e+02 1.229016806722689125e+03
6.691775382870107478e+02 1.229140669313669832e+03
6.698471121177802843e+02 1.229151755379388533e+03
6.694678692220969651e+02 1.228785794813979692e+03
6.679758698092031182e+02 1.227795735129068362e+03
6.652545045045045526e+02 1.227481418918918962e+03
6.622114413909141604e+02 1.227849691531127291e+03
6.594930747922437604e+02 1.228246537396121994e+03
6.563681843732433663e+02 1.229149522203485049e+03
6.536324264297612672e+02 1.229162132148806222e+03
6.519729431253450684e+02 1.229175041413583585e+03
6.505113072255929865e+02 1.228424710424710383e+03
6.497749036873967725e+02 1.228500825536598768e+03
6.493349862258953635e+02 1.228624793388429680e+03
6.471952035694366714e+02 1.228794757389849337e+03
6.454105555555555611e+02 1.228988333333333230e+03
6.433933701657458641e+02 1.228902762430939219e+03
6.414809286898839673e+02 1.229257048092868899e+03
6.399121546961325748e+02 1.229332596685082763e+03
6.393535519125682640e+02 1.229451366120218609e+03
6.396210121012101126e+02 1.229496699669967029e+03
6.405240174672488820e+02 1.229270196506550292e+03
6.421413407821229384e+02 1.229169832402234533e+03
6.436092715231787906e+02 1.228375827814569448e+03
6.452124582869855658e+02 1.228379310344827672e+03
6.467936772046589340e+02 1.228373266777592789e+03
6.481389201349830955e+02 1.228721034870641233e+03
6.492495784148397888e+02 1.229042158516020208e+03
6.504095449500555333e+02 1.229186459489456183e+03
6.516208240534521110e+02 1.229590757238307333e+03
6.526701949860723744e+02 1.229769359331476380e+03
6.546559020044543331e+02 1.229662026726058002e+03
6.581476056338028684e+02 1.229659154929577426e+03
6.616212718064152796e+02 1.229475520540236403e+03
6.647166947723439989e+02 1.229341765036537481e+03
6.672360248447205322e+02 1.228989836250705821e+03
6.688124293785310783e+02 1.229073446327683541e+03
6.690242937853107605e+02 1.229342372881355914e+03
6.686799104644655927e+02 1.229532176832680534e+03
6.676155133928571104e+02 1.230083147321428669e+03
