6.574480483782298279e+02 1.228471137987905422e+03
6.575987858719646511e+02 1.228333885209713117e+03
6.592978248745120027e+02 1.228760736196318931e+03
6.605968096809681356e+02 1.229212321232123259e+03
6.606465090709181140e+02 1.229246838922484812e+03
6.599194520547945331e+02 1.229056438356164335e+03
6.586368159203980213e+02 1.228606412382531744e+03
6.562819237147595004e+02 1.228375345494748444e+03
6.551881188118811679e+02 1.228422442244224385e+03
6.556123903508771491e+02 1.228413925438596380e+03
6.576934065934066211e+02 1.229158241758241729e+03
6.593939563514269366e+02 1.229506435366536152e+03
6.598756936736958778e+02 1.229547724750277439e+03
6.575225274725274858e+02 1.229291208791208874e+03
6.555068719076415391e+02 1.229289169873556830e+03
6.544925537782680749e+02 1.229035852178709320e+03
6.554588170259812614e+02 1.229188501934770557e+03
6.573152053274139917e+02 1.229306326304106506e+03
6.587180616740088226e+02 1.229194383259912001e+03
6.585204419889503242e+02 1.229082320441988941e+03
6.571774819744870229e+02 1.228799223516361508e+03
6.563035320088300750e+02 1.228575607064017731e+03
6.562974018794914173e+02 1.228545052515201860e+03
6.573637883008356084e+02 1.229233426183843903e+03
6.592188024622272451e+02 1.229592053721320553e+03
