6.711756679931779672e+02 1.228793632745878313e+03
6.723601815087918112e+02 1.227832671582529883e+03
6.716573504751257815e+02 1.226404136389044197e+03
6.691273557966876524e+02 1.225921187892632815e+03
6.662606981981981562e+02 1.225314189189189165e+03
6.634035774175516735e+02 1.225109558412520983e+03
6.613937360178971403e+02 1.225132550335570386e+03
6.603983286908078298e+02 1.225642339832869084e+03
6.596901874310915446e+02 1.226304299889746517e+03
6.586657473800330536e+02 1.227118587975730861e+03
6.574387527839643326e+02 1.228337973273941998e+03
6.553962472406180950e+02 1.229689845474613776e+03
6.527578947368421041e+02 1.230717451523545606e+03
6.512094972067038725e+02 1.232091061452513941e+03
6.514997217584863165e+02 1.233390651085141826e+03
6.534418212478921077e+02 1.234081506464305903e+03
6.551271091113610510e+02 1.234314960629921188e+03
6.568551454138702184e+02 1.234359619686800897e+03
6.577857142857143344e+02 1.234088169642857110e+03
6.572338392355255792e+02 1.233886453063518729e+03
6.555582685904550999e+02 1.232642619311875706e+03
6.544569205113951966e+02 1.231801556420233510e+03
6.541253497481812929e+02 1.230543928371572520e+03
6.550290990486849978e+02 1.229357582540570775e+03
6.563474623535972796e+02 1.228129392080312300e+03
6.571664791901011995e+02 1.227301462317210280e+03
6.564700332963374194e+02 1.226140954495005644e+03
6.546944751381215610e+02 1.225312154696132666e+03
6.506734919756502222e+02 1.225514665190924234e+03
6.497356194690265738e+02 1.225551991150442518e+03
6.501617069062324390e+02 1.225898371701291353e+03
6.513464961067853665e+02 1.226807563959955587e+03
6.515364091161756050e+02 1.227495275152862632e+03
6.509114898295766807e+02 1.228200659703133624e+03
6.495217630853994706e+02 1.229107438016528931e+03
6.485060773480662419e+02 1.230525966850828809e+03
6.483298226164080234e+02 1.231374168514412304e+03
6.493152295632698952e+02 1.232301231802911616e+03
6.518177727784027411e+02 1.233092800899887607e+03
6.550912162162162531e+02 1.233430180180180287e+03
6.587793871866294921e+02 1.233746518105849646e+03
6.614376746785914065e+02 1.234308552263834599e+03
6.630848036425725240e+02 1.234092771770062654e+03
6.637928531546622253e+02 1.233158570630932445e+03
6.649921126760563084e+02 1.232332394366197150e+03
6.671212801796743861e+02 1.231893318360471540e+03
6.694870056497175028e+02 1.230315819209039546e+03
6.714373227453204436e+02 1.228908678389109582e+03
6.730977953646128071e+02 1.227829282080271241e+03
6.728082267926625946e+02 1.226150083379655371e+03
6.706056179775281407e+02 1.225065168539325896e+03
6.677618243243243796e+02 1.224679617117117004e+03
6.648826159865847103e+02 1.224212409167132364e+03
6.624683827644096255e+02 1.224217123670956880e+03
6.610852144469525911e+02 1.224638826185101607e+03
6.601422147273749488e+02 1.225232715008431796e+03
6.575636061946902373e+02 1.227116150442477874e+03
