6.580755879059350946e+02 1.229196528555431087e+03
6.588113938053097627e+02 1.229241150442477874e+03
6.597572222222222535e+02 1.229225555555555502e+03
6.601024198086662409e+02 1.228747889701744498e+03
6.603749300503637869e+02 1.228475657526580790e+03
6.607954292084726831e+02 1.228288740245262034e+03
6.608104026845637691e+02 1.228355704697986539e+03
6.613188487584650375e+02 1.228907449209932338e+03
6.621507537688441971e+02 1.229352317141261892e+03
6.628195446973903699e+02 1.230213214880621990e+03
6.633969764837626144e+02 1.230465845464725589e+03
6.632355580482333153e+02 1.230353337072349859e+03
6.625367074527252953e+02 1.230370411568409281e+03
6.625688789737869229e+02 1.230233128834355739e+03
6.625443458980043943e+02 1.230236141906873627e+03
6.619245701608430181e+02 1.230388241819190171e+03
6.613729096989966365e+02 1.230372352285395664e+03
6.608253880266075839e+02 1.230116962305986590e+03
6.599683509161576467e+02 1.229984453081621268e+03
6.596181211784324887e+02 1.229482490272373525e+03
6.595628476084538079e+02 1.229419354838709751e+03
6.591573971078976228e+02 1.229460511679644014e+03
6.590787269681742373e+02 1.229471803461753098e+03
6.588960533629793872e+02 1.229393551973318608e+03
6.583411111111111040e+02 1.229368888888888932e+03
6.581915367483296677e+02 1.229388641425389778e+03
6.581535038932146335e+02 1.229370411568409281e+03
6.576061946902655109e+02 1.229322455752212363e+03
6.574831024930747390e+02 1.229419944598337906e+03
6.548922222222222445e+02 1.229865555555555602e+03
6.537214561500276204e+02 1.229685052399338019e+03
6.521043864519710951e+02 1.229887840088839539e+03
6.504611997798568837e+02 1.229608695652173992e+03
6.493791208791209328e+02 1.229504945054944983e+03
6.476742382271468159e+02 1.229267590027700862e+03
6.465954746136865197e+02 1.229374724061810184e+03
6.462986149584487521e+02 1.229288088642659204e+03
6.460450500556173665e+02 1.229399888765294691e+03
6.460706733444629890e+02 1.229629382303839748e+03
6.470839865621500167e+02 1.229557110862262107e+03
6.480647682858738108e+02 1.229481295365717415e+03
6.492554744525547221e+02 1.229226277372262757e+03
6.509156355455568246e+02 1.228985939257592690e+03
6.524110429447853221e+02 1.229411042944785322e+03
6.538858093126385711e+02 1.229619179600886810e+03
6.551565656565657036e+02 1.229507856341189608e+03
6.557878280290340172e+02 1.229049134561697429e+03
6.565781858653310792e+02 1.229353366722315059e+03
6.571553179516038199e+02 1.229393922341024108e+03
6.570508948545860903e+02 1.229695749440715872e+03
6.577147651006711158e+02 1.229617449664429614e+03
6.585634037819800142e+02 1.229145161290322676e+03
6.592602355580481799e+02 1.228961301177790347e+03
6.594651032942490474e+02 1.228591848129536629e+03
6.601087562744004344e+02 1.228443390964863283e+03
6.605553072625698405e+02 1.228333519553072620e+03
6.612804054054054177e+02 1.229161036036035966e+03
6.619407490217998884e+02 1.229698714365567412e+03
6.631480022509848595e+02 1.230070906021384417e+03
