6.532555066079295329e+02 1.232837633731906863e+03
6.528090388287714632e+02 1.233399745385105007e+03
6.523963907902924575e+02 1.232960174237709907e+03
6.521858573216520654e+02 1.233085106382978665e+03
6.523121890547263320e+02 1.233664800995024962e+03
6.527817947062620760e+02 1.234923176242737327e+03
6.532746344564526453e+02 1.234640178003814299e+03
6.538583441138421222e+02 1.235714100905562645e+03
6.545730769230768828e+02 1.235969230769230762e+03
6.552437779195915937e+02 1.235953414167198389e+03
6.554803548795944153e+02 1.236273130544993592e+03
6.553943661971831034e+02 1.237035211267605746e+03
6.546253196930946388e+02 1.237359335038363270e+03
6.533908196721311015e+02 1.238347540983606450e+03
6.518448160535117495e+02 1.239281605351170583e+03
6.506344370860927029e+02 1.238387417218543078e+03
6.505590604026845085e+02 1.238373825503355647e+03
6.507035546613011547e+02 1.237727699530516475e+03
6.510418848167539636e+02 1.236386125654450325e+03
6.515474220241884495e+02 1.234714831317632161e+03
6.516602687140115222e+02 1.233925143953934821e+03
6.506754883427851155e+02 1.233189666036546896e+03
6.493238276299113068e+02 1.232986692015209201e+03
6.482621419676214600e+02 1.232177459526774555e+03
6.473203703703703695e+02 1.231893209876543096e+03
6.466797752808988662e+02 1.232094257178526732e+03
6.460325953259532525e+02 1.231559040590405857e+03
6.456588160407384294e+02 1.232756206238065033e+03
6.452878692646135050e+02 1.232363922061596440e+03
6.452914798206278419e+02 1.233401665598975114e+03
6.454655612244897611e+02 1.233815051020408191e+03
6.461140635126376992e+02 1.234126377187297521e+03
6.465232858990943896e+02 1.234854463130659724e+03
6.471703470031545748e+02 1.234399369085173475e+03
6.475702155453951718e+02 1.235637491835401761e+03
6.479811574697173455e+02 1.237187079407806095e+03
6.481952861952861440e+02 1.237259259259259352e+03
6.484624505928853750e+02 1.236519104084321498e+03
6.495564152159896594e+02 1.235819471308833045e+03
6.510040540540541087e+02 1.236997972972973002e+03
6.529257493188010812e+02 1.236993869209809191e+03
6.541363636363636260e+02 1.235094805194805303e+03
6.551584664536741229e+02 1.234656869009584625e+03
6.555612244897959044e+02 1.234829719387755176e+03
6.546923076923077360e+02 1.235090384615384664e+03
6.536166237113402531e+02 1.235665592783505190e+03
6.525694626474443112e+02 1.236152031454783810e+03
6.519737015121630748e+02 1.236646942800789020e+03
6.519831059129304549e+02 1.236506822612085671e+03
6.525036399735274699e+02 1.237262078093977607e+03
6.526805377720870638e+02 1.236615877080665769e+03
6.533522292993631027e+02 1.236456687898089285e+03
6.537615681233933174e+02 1.236965295629820048e+03
6.541905075807515004e+02 1.238135794330916269e+03
6.544279918864096999e+02 1.239519269776876172e+03
6.539262883235486470e+02 1.238722113502935372e+03
6.533934108527131457e+02 1.238565245478036104e+03
6.526116568434839564e+02 1.238724950884086411e+03
6.523090787716955674e+02 1.239758344459278987e+03
6.523248492967180709e+02 1.239487608841259316e+03
6.522991967871486167e+02 1.239422356091030679e+03
6.526046511627906739e+02 1.240093023255813932e+03
6.529973190348525804e+02 1.238936997319034845e+03
6.535036544850498785e+02 1.237623920265780725e+03
6.536283128636069932e+02 1.236402068519715613e+03
6.537325049051668202e+02 1.236504251144539012e+03
6.536789716545814599e+02 1.236550428477257810e+03
6.532802790107799638e+02 1.234908687381103391e+03
6.523393548387097098e+02 1.234734838709677433e+03
6.518036410923276662e+02 1.234821196358907628e+03
6.516431774503523684e+02 1.233884048686739334e+03
6.521852808263395218e+02 1.233350548741123248e+03
6.533996075866579076e+02 1.233585349901896734e+03
6.546048841577958228e+02 1.232275516593613020e+03
6.555777374470659424e+02 1.230668481548699447e+03
6.567343453510436575e+02 1.231902593295382758e+03
6.573867469879518239e+02 1.230627108433734975e+03
6.577157169693174410e+02 1.231943644333124666e+03
6.575778481012657721e+02 1.233541139240506254e+03
6.574957709824333278e+02 1.235219258295380541e+03
6.572730794060684048e+02 1.235680438992898644e+03
6.580334029227557266e+02 1.238439109255393078e+03
6.589711096520026103e+02 1.237189100459619112e+03
6.609181326116373612e+02 1.238249661705006702e+03
6.628786863270777303e+02 1.238372654155495866e+03
6.654274755927475553e+02 1.239187587168758682e+03
6.669410582719357308e+02 1.238028801071667885e+03
6.683858004018753718e+02 1.237547220361687778e+03
6.694510833880499376e+02 1.236507550886408353e+03
6.703045454545454049e+02 1.235942207792207682e+03
6.708652575957727322e+02 1.236587186261558827e+03
6.709565217391303804e+02 1.236560535117056816e+03
6.713042886317222155e+02 1.236641933287950906e+03
6.709495081967213537e+02 1.235586229508196766e+03
6.709149637442320682e+02 1.235187870797626829e+03
6.709960526315788911e+02 1.234765789473684208e+03
6.710910256410256807e+02 1.233494230769230853e+03
6.707106918238994240e+02 1.233569182389937168e+03
6.697626895187870559e+02 1.234882003955174696e+03
6.687197070572569828e+02 1.235822902796271592e+03
6.668880936890045632e+02 1.235121665582303194e+03
6.655638082376772218e+02 1.236871033085752970e+03
6.645651289009498441e+02 1.237252374491180490e+03
6.637542315504400676e+02 1.237585646580907223e+03
6.637401628222523868e+02 1.237746947082767974e+03
6.642029186935371854e+02 1.237931202223766604e+03
6.654962147281486295e+02 1.237092222986923616e+03
6.660454237288136028e+02 1.236229830508474606e+03
6.666009358288770272e+02 1.235434491978609685e+03
6.664846461949265404e+02 1.234894526034712953e+03
6.661631205673759268e+02 1.233579626047711145e+03
6.653650793650793958e+02 1.232626031746031686e+03
6.646184635248547465e+02 1.233249193027759929e+03
6.648461016949152054e+02 1.234564745762711937e+03
6.646199064796259108e+02 1.233803607214428894e+03
6.647830188679245111e+02 1.233712938005390924e+03
6.650088255261371160e+02 1.233656483367277588e+03
6.655687074829932044e+02 1.233819047619047524e+03
6.660224867724867863e+02 1.232210978835978949e+03
6.664712182061579142e+02 1.233007362784471297e+03
6.666063685636856917e+02 1.233661246612466130e+03
6.657464424320827447e+02 1.232816946959896541e+03
6.654221476510067532e+02 1.234682550335570568e+03
6.645364751452550536e+02 1.234236281471917437e+03
6.640332247557003029e+02 1.235055374592833914e+03
6.636910362364907314e+02 1.234366815003178544e+03
6.637873450750163329e+02 1.235624266144814101e+03
6.644102902374670521e+02 1.235930079155672729e+03
6.653194993412384974e+02 1.236352437417654755e+03
6.662425708362128489e+02 1.238172080165860507e+03
6.664286680189317167e+02 1.238090601757944569e+03
6.660943894389439492e+02 1.237212541254125426e+03
6.657072346179851365e+02 1.238892494929006034e+03
6.653911022576361347e+02 1.238695883134130099e+03
6.648915187376725271e+02 1.238825115055884226e+03
6.640226683937823964e+02 1.238001943005181374e+03
6.634132791327913310e+02 1.239869241192411891e+03
6.635935228023794252e+02 1.238800396563119648e+03
6.646133333333333439e+02 1.237837333333333390e+03
6.662342158859470373e+02 1.237745417515274994e+03
6.675092226613966204e+02 1.236067852437417741e+03
6.686398416886543146e+02 1.235675461741424897e+03
6.686368421052632129e+02 1.234871052631579005e+03
6.671565789473684163e+02 1.234023684210526426e+03
6.653300907911802824e+02 1.233561608300907892e+03
6.633437500000000000e+02 1.233845703125000000e+03
6.615751978891820499e+02 1.234287598944591082e+03
6.600850066934403912e+02 1.235186077643908902e+03
6.585657633840053222e+02 1.234890945142101828e+03
6.578623376623376089e+02 1.234662337662337677e+03
6.573012987012987196e+02 1.234879870129870142e+03
6.570565669700910121e+02 1.235267880364109260e+03
6.568582941571524998e+02 1.237005372733378181e+03
6.567825216811207838e+02 1.236845230153435523e+03
6.568957765667574904e+02 1.238061307901907412e+03
6.566222664015904229e+02 1.237267064280980776e+03
6.564358465608465849e+02 1.236940476190476147e+03
6.565319426336375273e+02 1.236728813559322134e+03
6.573271152564956310e+02 1.237222518321119196e+03
6.578711615487316067e+02 1.236964619492656766e+03
6.590807817589576416e+02 1.235481433224755619e+03
6.607426132632961071e+02 1.235368351936966519e+03
6.624157014157013919e+02 1.234783783783783747e+03
6.637890211640211646e+02 1.235037698412698319e+03
6.643911882510013811e+02 1.235162216288384570e+03
6.640390775144138615e+02 1.234401024983984598e+03
6.630538961038961361e+02 1.235303246753246640e+03
6.620215404699738428e+02 1.235651436031331514e+03
6.614946380697050472e+02 1.237134718498659595e+03
6.607259646827992583e+02 1.236610202746893492e+03
6.610040053404538867e+02 1.237466622162883823e+03
6.617849604221636355e+02 1.237396437994722874e+03
6.624236292428198567e+02 1.237352480417754578e+03
6.627351962741183797e+02 1.238254158349966701e+03
6.626029023746701796e+02 1.238491424802110714e+03
6.624687500000000000e+02 1.238397786458333258e+03
6.620620555914673560e+02 1.237963154492566218e+03
6.615375000000000227e+02 1.238802631578947285e+03
6.607695364238410320e+02 1.238829801324503251e+03
6.606569885212694544e+02 1.239767724510465996e+03
6.602869623655914211e+02 1.239525537634408693e+03
6.605235816814764576e+02 1.239447710184552307e+03
6.609047306176083794e+02 1.237921156373193071e+03
6.617339142091152553e+02 1.238278150134048246e+03
6.619312668463611544e+02 1.237756738544474501e+03
6.621086956521738784e+02 1.237669157608695741e+03
6.620229960578186592e+02 1.236155716162943463e+03
6.617446808510637766e+02 1.236668218085106446e+03
6.607660857908847447e+02 1.236272117962466382e+03
6.596319534282017685e+02 1.235239974126778861e+03
6.590130890052356563e+02 1.235074607329842820e+03
6.586355987055015930e+02 1.234457605177993628e+03
6.585380611581001631e+02 1.234267404033832236e+03
6.586567460317460245e+02 1.234270502645502575e+03
6.595583388266314842e+02 1.234164139749505694e+03
6.601984282907661736e+02 1.233347085789129096e+03
6.611292246520874869e+02 1.233644797879390353e+03
6.612667997338655823e+02 1.233989354624085081e+03
6.605542710340398571e+02 1.233807321772639625e+03
6.587638352638352899e+02 1.234140926640926637e+03
6.572222946544980005e+02 1.235174706649282825e+03
6.557368762151652390e+02 1.235872974724562482e+03
6.554461641991924807e+02 1.238089502018842495e+03
6.561612903225806122e+02 1.238437500000000000e+03
6.574068136272545644e+02 1.238402137608550447e+03
6.584847664184156883e+02 1.239203114421123928e+03
6.590360860513532089e+02 1.239747397640527424e+03
6.591035665294924684e+02 1.239048010973936925e+03
6.591195945945945596e+02 1.238712162162162258e+03
6.591419009370816866e+02 1.238065595716198231e+03
6.592016075016745162e+02 1.238111855324849330e+03
6.590091563113145412e+02 1.236708306082406807e+03
6.590490261920751891e+02 1.237247817327065150e+03
6.586460852959897920e+02 1.235631444939529047e+03
6.584015544041450312e+02 1.235420984455958660e+03
6.582367399741267491e+02 1.235501293661060799e+03
6.582819324950363580e+02 1.236148246194573176e+03
6.581583387410772730e+02 1.235275794938351737e+03
6.577926593689633137e+02 1.235139085640695384e+03
6.573602756892230445e+02 1.234496867167919845e+03
6.564408460013219155e+02 1.236154659616655636e+03
6.546181698485845573e+02 1.236530612244898066e+03
6.528284574468085566e+02 1.236942154255319110e+03
6.509131853785901285e+02 1.236593994778067781e+03
6.502037159920371323e+02 1.237508294625082954e+03
6.499637919684003009e+02 1.237238314680711028e+03
6.503581993569131328e+02 1.235740192926044983e+03
6.514983585029547157e+02 1.236069599474720917e+03
6.522971938775509670e+02 1.234948979591836633e+03
6.526464709556527168e+02 1.234133041848844414e+03
6.524207616707616353e+02 1.233661547911547814e+03
6.518490099009901542e+02 1.233527846534653463e+03
6.513280557314756152e+02 1.233949335022165997e+03
6.512302295918367463e+02 1.233788265306122412e+03
6.513455790784557848e+02 1.232884184308841895e+03
6.516726308813783817e+02 1.234724983432736963e+03
6.514152595372107726e+02 1.232450906816760380e+03
6.517746297488731670e+02 1.233083708950418441e+03
6.526610608020698692e+02 1.233060802069857800e+03
6.534196891191710392e+02 1.232969559585492334e+03
6.536347607052896365e+02 1.232037153652393044e+03
6.536447368421053170e+02 1.231857142857142890e+03
6.535841209829867466e+02 1.232504095778197780e+03
6.532845052083333712e+02 1.233456380208333258e+03
6.525361781076067018e+02 1.232652442795299976e+03
6.523096107055961284e+02 1.232212895377128916e+03
6.522417982989064740e+02 1.232494532199270907e+03
6.525803848541278285e+02 1.233642458100558770e+03
6.529903556359253116e+02 1.232236889692585919e+03
6.535838396111786324e+02 1.233462332928311071e+03
6.546536458333333712e+02 1.235735677083333258e+03
6.552539585870889596e+02 1.234250913520097356e+03
6.555200246457178537e+02 1.235067775723967998e+03
6.553273291925465855e+02 1.235695652173913004e+03
6.543047375160051615e+02 1.237161971830985976e+03
6.526938382541719648e+02 1.237630937098844697e+03
6.516257585974376525e+02 1.239538772757923198e+03
6.503406593406593856e+02 1.237400775694893355e+03
6.501119592875318176e+02 1.236877226463104307e+03
6.502885225110969714e+02 1.236082435003170531e+03
6.508333333333333712e+02 1.235261723700887160e+03
6.513986444855206628e+02 1.233945163277880511e+03
6.513044569993722916e+02 1.233558694287507933e+03
6.502364563416189185e+02 1.234082855321860961e+03
6.488706182281707697e+02 1.233277246653919747e+03
6.479100496277915227e+02 1.232346153846153811e+03
6.474789704959196115e+02 1.232341494036409358e+03
6.466695760598503284e+02 1.232135910224438931e+03
6.462855361596009516e+02 1.232634039900249263e+03
6.456733542319749404e+02 1.232944200626959173e+03
6.455917859365276854e+02 1.232977598008711993e+03
6.456414368184733803e+02 1.234273252084669593e+03
6.458176691729323693e+02 1.233589598997493795e+03
6.461175757575757643e+02 1.232778787878787853e+03
6.464429987608426700e+02 1.234140644361833893e+03
6.465223692501575670e+02 1.235031505986137290e+03
6.466484730344379841e+02 1.236358674463937632e+03
6.464861913937058944e+02 1.235970456005137976e+03
6.464917491749174587e+02 1.237034983498349902e+03
6.467106834771068407e+02 1.237550763105507713e+03
6.476644780039396210e+02 1.236707156927117467e+03
6.495558493060145793e+02 1.236569729015201574e+03
6.516860927152317799e+02 1.236676821192053012e+03
6.536619446233097506e+02 1.235253058596265191e+03
6.547573248407643405e+02 1.234349681528662359e+03
6.552188679245283538e+02 1.234067295597484190e+03
6.551423149905123182e+02 1.234282099936748864e+03
6.544162468513853810e+02 1.234499370277078015e+03
6.535850253807107038e+02 1.234596446700507613e+03
6.532711864406779796e+02 1.234786566227244293e+03
