6.517786975717439191e+02 1.231319536423841100e+03
6.523202467750980986e+02 1.231238923163208028e+03
6.530615471485036778e+02 1.230833427442123138e+03
6.537924107142856656e+02 1.230352120535714221e+03
6.539020821609453833e+02 1.230072594259988819e+03
6.535320334261838298e+02 1.230368245125348267e+03
6.531034097261040188e+02 1.230242593627725000e+03
6.526440111420612311e+02 1.230308077994428913e+03
6.516672194582641851e+02 1.230353786622443295e+03
6.505363836824697046e+02 1.230506063947078246e+03
6.499313616071428896e+02 1.230428571428571331e+03
6.502239554317549164e+02 1.230227298050139325e+03
6.514977728285077774e+02 1.230030623608017777e+03
6.530173766816143370e+02 1.229579596412556157e+03
6.545540540540540633e+02 1.229251126126126110e+03
6.546627516778523841e+02 1.229133668903803027e+03
6.531225407532321015e+02 1.229560427206295572e+03
6.509291689905186331e+02 1.229958170663692044e+03
6.495931072818232224e+02 1.230325180655919894e+03
6.501829882484611289e+02 1.230269725797425963e+03
6.522084033613444944e+02 1.229973109243697536e+03
6.543174425126192091e+02 1.229240605720695385e+03
6.552364751812604027e+02 1.228508087005019433e+03
6.552399553571428896e+02 1.228401227678571331e+03
6.546883977900552054e+02 1.228662983425414268e+03
6.544368391764051012e+02 1.229034501947690615e+03
6.550762331838565160e+02 1.229447309417040287e+03
6.562689075630252091e+02 1.229722689075630342e+03
6.572303811659193116e+02 1.229728139013452846e+03
6.573484764542936318e+02 1.229362326869806111e+03
6.571403018446059150e+02 1.229291224147568528e+03
6.567800111669458829e+02 1.229004466778336109e+03
6.566226203807391357e+02 1.228428331466965346e+03
6.574513574660633140e+02 1.228361425339366406e+03
6.583015160022458758e+02 1.228529477821448609e+03
6.584535734383792942e+02 1.229109735509285201e+03
6.579253318584070485e+02 1.229489491150442518e+03
6.573376044568244652e+02 1.229796657381615660e+03
6.570110680686220803e+02 1.229684006640841062e+03
6.579171796306659417e+02 1.229278679350867378e+03
6.597198421645997541e+02 1.229023675310033923e+03
6.613849607182939963e+02 1.228792929292929330e+03
6.622276836158191600e+02 1.228849152542372849e+03
6.616730123180291230e+02 1.229219484882418783e+03
6.601325098259404740e+02 1.229251544076361597e+03
6.585535813436979424e+02 1.229672959466962766e+03
6.577743902439024168e+02 1.229939024390243958e+03
6.579837443946188387e+02 1.229602017937219671e+03
6.587568627450980330e+02 1.229112044817927199e+03
6.597350620067643376e+02 1.229098647125140815e+03
6.609633802816900925e+02 1.228970140845070318e+03
6.613116515837103861e+02 1.228707013574660550e+03
6.605302609661299584e+02 1.228392559689061727e+03
6.590382882882882996e+02 1.228980855855855907e+03
6.570925925925926094e+02 1.229549943883277138e+03
6.562721695482431414e+02 1.230262688232013488e+03
6.565534034311012874e+02 1.230351411178749231e+03
6.578003337041157010e+02 1.230167964404894292e+03
6.589666851749028638e+02 1.229585785674625185e+03
6.589676700111482432e+02 1.229196209587513977e+03
6.575641741071428896e+02 1.229151227678571331e+03
6.561110491071428896e+02 1.229224888392857110e+03
6.548485187255449773e+02 1.229309670206819419e+03
6.541765030336458722e+02 1.229854384997242050e+03
6.541926298157453630e+02 1.230146845337800187e+03
6.546504961411245631e+02 1.229710584343991286e+03
6.551812080536913072e+02 1.229477069351230512e+03
6.555524239007892220e+02 1.229051296505073196e+03
6.554236619718309385e+02 1.228817464788732423e+03
6.550830061693774269e+02 1.229176668536174930e+03
6.542117647058823877e+02 1.229141176470588334e+03
6.532877017250973495e+02 1.229143016138007852e+03
6.518685236768802724e+02 1.229325348189415081e+03
6.505664644236072718e+02 1.229355763927192584e+03
6.497115171650054890e+02 1.229375415282391941e+03
6.508438724118634582e+02 1.229097369893676614e+03
