6.499858517260894359e+02 1.232157328805885754e+03
6.539818799546999344e+02 1.231220271800679484e+03
6.581502857142857010e+02 1.230768000000000029e+03
6.626994350282485584e+02 1.230187570621468922e+03
6.666737022247575624e+02 1.229161437535653249e+03
6.691871444823663069e+02 1.228521046643913451e+03
6.706997716894977657e+02 1.227956050228310460e+03
6.709703534777651157e+02 1.227997719498289598e+03
6.697539682539683099e+02 1.228240929705215422e+03
6.672514188422247798e+02 1.228724744608399533e+03
6.637288231949971760e+02 1.229533826037521294e+03
6.604761634506243126e+02 1.230418842224744594e+03
6.573329538986909029e+02 1.231297097324985771e+03
6.543357664233576543e+02 1.231938798427849633e+03
6.529077777777778238e+02 1.232156666666666752e+03
6.524510686164229583e+02 1.232610236220472416e+03
6.532860373092142936e+02 1.233018654607122699e+03
6.552811791383220452e+02 1.232896258503401441e+03
6.584034285714285488e+02 1.232762857142857229e+03
6.623978310502283193e+02 1.231680365296803757e+03
6.663329532497149330e+02 1.230611174458380901e+03
6.703684510250569701e+02 1.229204441913439723e+03
6.740707710011507743e+02 1.228310701956271487e+03
6.756297558205565110e+02 1.227652470187393419e+03
6.759982905982906232e+02 1.227182905982906050e+03
6.748600566572238222e+02 1.227278753541076412e+03
6.722487223168653827e+02 1.227603634298694033e+03
6.686541095890411270e+02 1.228168949771689540e+03
6.645101465614430936e+02 1.228550169109357284e+03
6.611035267349260494e+02 1.229194539249146828e+03
6.574143583945732416e+02 1.229518937252685191e+03
6.543395165823496882e+02 1.230201798763350098e+03
6.524604598990465547e+02 1.230684240044868147e+03
6.523010692177828105e+02 1.230987619583567721e+03
6.534559408754973902e+02 1.231009096077316599e+03
6.561505131128848234e+02 1.230492588369441364e+03
6.595549263873159589e+02 1.229462627406568572e+03
6.638467695826186628e+02 1.228870211549456826e+03
6.677700626067160101e+02 1.228347751849743872e+03
6.714623287671232674e+02 1.227515410958904113e+03
6.748645235361652794e+02 1.226859931113662469e+03
6.764078116025273175e+02 1.226967834577828853e+03
6.768279202279202309e+02 1.227076353276353302e+03
6.753656338028168875e+02 1.227419718309859263e+03
6.729846416382252983e+02 1.227530147895335631e+03
6.694877353108955731e+02 1.228487735310895687e+03
6.646226628895184376e+02 1.228990934844192680e+03
6.606584130557118897e+02 1.229552616769836732e+03
6.573214285714285552e+02 1.230114512471655416e+03
6.550771830985916040e+02 1.231107042253521058e+03
6.545298050139275574e+02 1.231244568245125265e+03
6.547352776219854604e+02 1.231153112731351712e+03
6.565875354107648718e+02 1.230955807365439114e+03
6.591398521887435891e+02 1.230472996020466098e+03
6.626142616507579532e+02 1.229534531162268422e+03
6.666799999999999500e+02 1.228610857142857185e+03
6.700609048723897558e+02 1.227946055684454677e+03
6.731955403087478089e+02 1.227144082332761627e+03
6.750421172453045529e+02 1.226663631189527678e+03
6.748033802816901243e+02 1.226314366197183062e+03
6.729932088285229383e+02 1.226308998302207101e+03
6.698587830080367667e+02 1.226850746268656621e+03
6.664257028112449461e+02 1.227838783706253480e+03
6.620211549456832927e+02 1.228188107489994309e+03
6.572647727272727707e+02 1.229341477272727161e+03
6.537000562746201240e+02 1.230410804727068125e+03
6.508534777651083232e+02 1.231377993158494974e+03
6.487726757369614461e+02 1.232260204081632764e+03
6.482868260144524584e+02 1.232148415786548185e+03
6.488766816143497635e+02 1.232015695067264687e+03
6.513405466970386897e+02 1.231833143507972636e+03
6.542318259874069781e+02 1.231096737263880868e+03
6.572129735935706094e+02 1.230051090700344503e+03
6.602218410520297311e+02 1.228955403087478544e+03
6.620590257879656519e+02 1.228038968481375377e+03
6.631447368421053170e+02 1.227100686498855794e+03
6.630493119266054691e+02 1.226811353211009191e+03
6.621493728620296224e+02 1.226717217787913341e+03
6.603072082379862877e+02 1.226822654462242554e+03
6.570263308528906236e+02 1.227135661133371514e+03
6.530387906446092074e+02 1.227601825442099198e+03
6.483413677130045016e+02 1.228480381165919198e+03
6.433125707814269845e+02 1.230184031710079353e+03
6.394392998306042273e+02 1.231156408808582682e+03
6.372031602708804030e+02 1.232328442437923286e+03
6.362915254237287854e+02 1.232828248587570670e+03
6.373356047700170848e+02 1.232804088586030730e+03
6.395639013452914696e+02 1.232621636771300473e+03
6.432719546742209786e+02 1.232089518413597716e+03
6.464223602484471485e+02 1.231900056465273792e+03
6.496552498596294072e+02 1.231364402021336218e+03
6.533043968432920110e+02 1.230498872604284088e+03
6.556359525155454548e+02 1.229723007348784677e+03
6.571621930325528638e+02 1.229234723015419831e+03
6.556174801362088829e+02 1.228182179341657275e+03
6.530949656750572103e+02 1.228168192219679668e+03
6.491619318181818699e+02 1.228605681818181893e+03
6.454870931537598153e+02 1.229087542087542033e+03
6.418598078010174959e+02 1.230293386093838308e+03
6.381615255187886078e+02 1.231149747616376999e+03
6.356258389261745378e+02 1.231970917225950870e+03
6.347512465373961277e+02 1.232564542936288035e+03
6.348454596728707884e+02 1.232816130851663956e+03
6.365163841807909648e+02 1.231984180790960409e+03
6.394878873239437098e+02 1.231315492957746528e+03
6.438577120091064216e+02 1.230598178713716607e+03
6.477694475760991963e+02 1.229450394588500558e+03
6.513733031674207723e+02 1.228586538461538566e+03
6.548263849229011839e+02 1.228093089663049795e+03
6.570461538461538566e+02 1.227317948717948639e+03
6.580933940774486928e+02 1.226818337129840529e+03
6.578471051152332620e+02 1.226486790331646944e+03
6.561551918735891604e+02 1.226255079006772121e+03
6.532247838616714262e+02 1.227304322766570522e+03
6.495138967668746091e+02 1.228043108338060165e+03
6.459157239819004417e+02 1.228397058823529505e+03
6.423789237668161149e+02 1.229468049327354265e+03
6.387558922558922632e+02 1.230640291806958430e+03
6.373535973229224965e+02 1.230833798103736854e+03
6.372873949579832242e+02 1.230997759103641556e+03
6.385857063093244506e+02 1.230862646566164130e+03
6.411203861442362495e+02 1.230134014764338417e+03
6.443285876993165857e+02 1.229891230068337109e+03
6.486702367531003119e+02 1.229156708004509483e+03
6.522585616438356055e+02 1.228311073059360751e+03
6.556372382569326192e+02 1.227438596491228054e+03
6.589317660550458413e+02 1.227028669724770680e+03
6.606888131743327222e+02 1.226138557637705844e+03
6.613312392918331852e+02 1.226066818960593992e+03
6.600790960451977298e+02 1.226115254237288127e+03
6.577818696883853136e+02 1.226934844192634500e+03
6.548176171654432665e+02 1.227618859401468171e+03
6.509460839954597304e+02 1.229099318955732087e+03
6.474295377677565284e+02 1.230204622322435171e+03
6.444705552439708072e+02 1.230777902411665764e+03
6.417045964125560431e+02 1.231303811659192888e+03
6.401621773288439954e+02 1.231880471380471363e+03
6.400055928411633204e+02 1.232164429530201232e+03
6.412631281761716764e+02 1.232222473178994960e+03
6.435808080808080831e+02 1.231491582491582449e+03
6.464991549295774576e+02 1.230762816901408542e+03
6.505905245346870061e+02 1.229707839819514902e+03
6.547142042213348532e+02 1.228581859669138566e+03
6.579142045454545951e+02 1.227369886363636397e+03
6.602723112128146568e+02 1.226802059496567608e+03
6.609914236706689508e+02 1.226224128073184602e+03
6.605394588500563486e+02 1.226579481397970767e+03
6.591554169030061985e+02 1.227375496313102758e+03
6.571413969335604861e+02 1.228496308915388909e+03
6.544282511210761868e+02 1.229397421524663741e+03
6.510847936687393940e+02 1.230623516110797027e+03
6.481323111868256319e+02 1.231211243611584223e+03
6.457997743936830375e+02 1.232158488437676169e+03
6.439581706636921581e+02 1.232209704406023320e+03
6.437522123893804746e+02 1.232645464601769845e+03
6.450727476217123240e+02 1.232355903749300523e+03
6.485418326693227300e+02 1.232203756402959698e+03
6.526777905638665516e+02 1.231386651323360184e+03
6.573272311212814429e+02 1.230619565217391255e+03
6.623041997729852710e+02 1.229309875141884277e+03
6.664133790737564595e+02 1.228867352773013181e+03
6.693988571428571959e+02 1.227873142857142966e+03
6.713293103448276042e+02 1.227180459770115021e+03
6.718660149511213149e+02 1.226985048878665793e+03
6.710028620492272466e+02 1.227469948483113967e+03
6.683230769230768828e+02 1.228215384615384664e+03
6.649249713631156737e+02 1.229162657502863794e+03
6.614504555808656505e+02 1.229760820045558148e+03
6.577729606389046921e+02 1.231050199657729536e+03
6.550521300448430111e+02 1.231391816143497863e+03
6.533662691652469903e+02 1.232082339579784275e+03
6.526849162011172893e+02 1.232417318435754169e+03
6.534706546275394885e+02 1.232599322799097081e+03
6.555259887005649944e+02 1.232533333333333303e+03
6.592888762769580353e+02 1.232424517593643486e+03
6.633413932066781626e+02 1.231299366724237188e+03
6.674054209919262348e+02 1.230337370242214547e+03
6.722280600461893982e+02 1.228995958429561142e+03
6.756658999424956846e+02 1.227813686026451933e+03
6.773991958644456872e+02 1.227123492245835678e+03
6.777569562748437875e+02 1.227004542873367427e+03
6.767053469852104399e+02 1.227075654152445850e+03
6.741728465487735775e+02 1.227433542498573843e+03
6.700508862206975209e+02 1.227895940537449860e+03
6.660679999999999836e+02 1.228393714285714395e+03
6.624020270270269748e+02 1.228966216216216253e+03
6.584850367024280331e+02 1.229480519480519433e+03
6.535157303370787076e+02 1.230557303370786485e+03
