6.575211654755360087e+02 1.229384826827927327e+03
6.576454794520548148e+02 1.229296986301369770e+03
6.575811032222828771e+02 1.229528672856362618e+03
6.578156732891832235e+02 1.229505518763796999e+03
6.577318281938325981e+02 1.229555066079295102e+03
6.578767876787678688e+02 1.229449394939493914e+03
6.580110192837465775e+02 1.229750964187327781e+03
6.582984409799554442e+02 1.230217706013363113e+03
6.584416299559471781e+02 1.230079845814977944e+03
6.588699501936912384e+02 1.230295517432208044e+03
6.592894444444444844e+02 1.230132777777777846e+03
6.591106828193832143e+02 1.230229625550660785e+03
6.581227297743532745e+02 1.230295542102366426e+03
6.572483516483516723e+02 1.230440659340659295e+03
6.569253731343283107e+02 1.230532338308457611e+03
6.566762942779291734e+02 1.229877384196185176e+03
6.564784506273867919e+02 1.229538461538461434e+03
6.564207084468664561e+02 1.229678474114441315e+03
6.559282218597063547e+02 1.229827623708537203e+03
6.552406300923411209e+02 1.229521998913633979e+03
6.546397178513293511e+02 1.229357569180683640e+03
6.545509536784741158e+02 1.229329700272479613e+03
6.546950819672131274e+02 1.229295628415300598e+03
6.549751381215469337e+02 1.229425966850828672e+03
6.550032804811372671e+02 1.229010388190267804e+03
6.553034330011074644e+02 1.229338316722037689e+03
6.556455142231947093e+02 1.229291575492341281e+03
6.557494517543859729e+02 1.229299342105263122e+03
6.557515051997810360e+02 1.229591680350300976e+03
6.561514648977336037e+02 1.229552238805970092e+03
6.566195175438596152e+02 1.229470942982456108e+03
6.564388766519823548e+02 1.229536894273127700e+03
6.566527929901424159e+02 1.229407447973713033e+03
6.571477777777778329e+02 1.229325000000000045e+03
6.572314507198227602e+02 1.229254706533776243e+03
6.573151214128034781e+02 1.229370860927152307e+03
