6.543759647188533108e+02 1.230222712238147778e+03
6.546210121012101126e+02 1.228806380638063729e+03
6.538343390016456169e+02 1.228103126714207292e+03
6.515598243688255025e+02 1.227410537870471899e+03
6.496113561190738892e+02 1.227618522601984523e+03
6.488563535911602003e+02 1.227598342541436523e+03
6.500089285714285552e+02 1.227681361607142890e+03
6.535937846836848166e+02 1.228460044395116483e+03
6.562300000000000182e+02 1.228483333333333348e+03
6.575027808676306904e+02 1.228803114571746391e+03
6.574508060033351740e+02 1.229197887715397428e+03
6.555000000000000000e+02 1.229406873614190772e+03
6.524930824571111998e+02 1.229408411732152672e+03
6.509146005509642237e+02 1.229226446280991695e+03
6.511753031973539692e+02 1.229475192943770708e+03
6.529741331865712937e+02 1.229133736929003817e+03
6.563126398210290517e+02 1.229149888143176668e+03
6.583247624371157372e+02 1.229067635550586829e+03
6.577578772802653475e+02 1.228556108347153213e+03
6.551753897550111105e+02 1.228609131403117999e+03
6.520765815760266833e+02 1.228514983351831233e+03
6.496392719249862466e+02 1.228487589630446791e+03
6.494121546961325748e+02 1.228535911602210035e+03
6.508021122846025719e+02 1.228883824346859456e+03
6.538307436182019501e+02 1.229087125416204117e+03
6.567898510755653660e+02 1.229455046883618252e+03
6.577388429752065804e+02 1.230186225895316738e+03
6.575310421286030760e+02 1.230886917960088795e+03
6.561279199110122136e+02 1.231324249165739730e+03
6.552737306843266651e+02 1.231341059602649011e+03
6.555669988925802727e+02 1.231206533776301285e+03
6.576483027267668149e+02 1.230231496939343288e+03
6.600350974930362327e+02 1.229173816155988789e+03
6.615773081201334662e+02 1.228158509454950035e+03
6.605374037403740886e+02 1.227381738173817439e+03
6.579157488986784301e+02 1.227149779735682841e+03
6.545947748749305219e+02 1.228083935519733132e+03
6.513642347778387602e+02 1.229221064179923133e+03
