6.514128233970753854e+02 1.231180539932508509e+03
6.492460585585585022e+02 1.231534346846846802e+03
6.467365470852017779e+02 1.232070627802690524e+03
6.445267605633803214e+02 1.232131267605633866e+03
6.425542922114838120e+02 1.232732802728823117e+03
6.417389107243121771e+02 1.231950028074115608e+03
6.417492909812818880e+02 1.231677821894498038e+03
6.427245883021010968e+02 1.230532651902328325e+03
6.443618233618233262e+02 1.229477492877492978e+03
6.461744386873920121e+02 1.229438687392055272e+03
6.487067415730336961e+02 1.228677528089887574e+03
6.511431844215348974e+02 1.228750286368843035e+03
6.530699658703072146e+02 1.228805460750853172e+03
6.546847457627118274e+02 1.229244067796610125e+03
6.557703995498030736e+02 1.229621834552616747e+03
6.562419080068143558e+02 1.230796706416808547e+03
6.558423728813559137e+02 1.230888700564971714e+03
6.547621468926553234e+02 1.231235028248587469e+03
6.533024307518371643e+02 1.231336348219332876e+03
6.509318051575930895e+02 1.231881948424068696e+03
6.492121384004537958e+02 1.231365286443562127e+03
6.481231113598208822e+02 1.231382764409624997e+03
6.477884722999440328e+02 1.230982092893116942e+03
6.483008595988538900e+02 1.230957593123209108e+03
6.493871151653363540e+02 1.230415621436716037e+03
6.512253121452894220e+02 1.229448354143019287e+03
6.533646188850966610e+02 1.229199089874857691e+03
6.556103526734925708e+02 1.229158703071672335e+03
6.580075014425850668e+02 1.229583381419503667e+03
6.600366552119129437e+02 1.229470790378006768e+03
6.614518851997748925e+02 1.229537422622397344e+03
6.619880068532266932e+02 1.229934894346087958e+03
6.615701509223030143e+02 1.230486305198434820e+03
6.606012304250559737e+02 1.230555928411633204e+03
6.588513356562136778e+02 1.231333914053426270e+03
6.568035107587769517e+02 1.230918459796149591e+03
6.550864127345082579e+02 1.231038658328595830e+03
6.532599663110612482e+02 1.230672094329028596e+03
6.515276836158192282e+02 1.231251412429378433e+03
6.506592844974446734e+02 1.231402044293015251e+03
6.505841414717626776e+02 1.231387335995436388e+03
6.515117613310384286e+02 1.231351118760757345e+03
6.532566473988439384e+02 1.230930635838150238e+03
6.561084057971014545e+02 1.230554782608695632e+03
6.591549132947976659e+02 1.230428901734104102e+03
6.616283084004603552e+02 1.230390678941311762e+03
6.639047890535917986e+02 1.229901368301026196e+03
6.654694700460829608e+02 1.230417626728110690e+03
6.664744105807935739e+02 1.230648073605520494e+03
6.668023917995444663e+02 1.230199316628701581e+03
6.658001129305476979e+02 1.229808582721626181e+03
6.640991926182238103e+02 1.230292387543252516e+03
6.624968979131415381e+02 1.229617597292724213e+03
6.603516732841746943e+02 1.229298355076574126e+03
6.586738270209157236e+02 1.229451667608818525e+03
6.572570942111236718e+02 1.229435300794551722e+03
6.563032694475760991e+02 1.229651634723787993e+03
6.560626057529610762e+02 1.229945290468133180e+03
6.568247887323943814e+02 1.230513239436619642e+03
6.588913412563666725e+02 1.231005093378607853e+03
6.614537142857143408e+02 1.231403999999999996e+03
6.645471590909090764e+02 1.231492045454545405e+03
6.677438955139125483e+02 1.231415672913117533e+03
6.700960322024151310e+02 1.231307073030477341e+03
6.718198403648802923e+02 1.231119726339794852e+03
6.725513698630137469e+02 1.230976027397260168e+03
6.722435083669936375e+02 1.231137911136757111e+03
6.713061926605504368e+02 1.230100917431192556e+03
6.695485519591140928e+02 1.229503691084611091e+03
6.675392045454545951e+02 1.229246590909090855e+03
6.649624927870744386e+02 1.229487593768032411e+03
6.623801270941652319e+02 1.229593876372039176e+03
6.604426512968299221e+02 1.229754466858789556e+03
6.591250723798494846e+02 1.230109438332368200e+03
6.581424485125858155e+02 1.230557208237986288e+03
6.581708164447018135e+02 1.231478286045165078e+03
6.590456852791878646e+02 1.231485617597292730e+03
6.603464203233256740e+02 1.232433025404156979e+03
6.621801957397811975e+02 1.232463442717328689e+03
6.645440677966101930e+02 1.231941807909604449e+03
6.663785020011434881e+02 1.231905088622069798e+03
6.672347174163783166e+02 1.231456170703575481e+03
6.670654692931633463e+02 1.230628621089223543e+03
6.656121387283236572e+02 1.230279768786127079e+03
6.638648806057076399e+02 1.230093768200349359e+03
6.624075993091537384e+02 1.229746689694876295e+03
6.605619977037887338e+02 1.229394948335246909e+03
6.592866205305651874e+02 1.229514417531718664e+03
6.577045324153757520e+02 1.229676419965576542e+03
6.566552706552706695e+02 1.230228490028490114e+03
6.561563926940639249e+02 1.230507420091324093e+03
6.567368125701459576e+02 1.231138608305275056e+03
6.584107954545454504e+02 1.231646022727272793e+03
6.602390552995391317e+02 1.233049539170506932e+03
6.628879504504504894e+02 1.233112612612612565e+03
6.654460924130062267e+02 1.233148887621220865e+03
6.669335243553008468e+02 1.232979942693409839e+03
6.679860708067324140e+02 1.232560650029019143e+03
6.693860651056538700e+02 1.231261564820102876e+03
6.694730504587156474e+02 1.230732224770642233e+03
6.691906659077974382e+02 1.229577689243027862e+03
6.676098931984261071e+02 1.228893198426082108e+03
6.658035107587769517e+02 1.228552661381653479e+03
6.632166189111748054e+02 1.228976504297994325e+03
6.604611016467915761e+02 1.229016467915956810e+03
6.585000000000000000e+02 1.229537372593431428e+03
6.568639954853273366e+02 1.230546275395033945e+03
6.559486893474623912e+02 1.231136084774121628e+03
6.553329538986909029e+02 1.232541263517359084e+03
6.554232954545454959e+02 1.233272159090909099e+03
6.560044918585064124e+02 1.233707467714767063e+03
6.567294250281848917e+02 1.234255355129650525e+03
6.578228990411731729e+02 1.234462492949802481e+03
6.593162975582055196e+02 1.234010221465076711e+03
6.605459183673469852e+02 1.233386621315192770e+03
6.610688448074679400e+02 1.233271295215869259e+03
6.614100964265456923e+02 1.231174134997163947e+03
6.612800912721049826e+02 1.229904164289788923e+03
6.604792731402611707e+02 1.228735377626348736e+03
6.591350724637680969e+02 1.228604057971014527e+03
6.573956296722253683e+02 1.228472110408280514e+03
6.553354394026421232e+02 1.228717978173463507e+03
6.533811684628474268e+02 1.229211003970504862e+03
6.518738687782805528e+02 1.229941742081447956e+03
6.509860335195530752e+02 1.231193854748603371e+03
6.507375767727526181e+02 1.232072585147961945e+03
6.509757882882882996e+02 1.232940315315315274e+03
6.512908885116015654e+02 1.233302207130730039e+03
6.519729425028184551e+02 1.233595264937993306e+03
6.526203028603476923e+02 1.233577678070667389e+03
6.535118510158013123e+02 1.233310383747178321e+03
6.548214894826605814e+02 1.232343376918703825e+03
6.559219898247597484e+02 1.231098360655737679e+03
6.565399774774774642e+02 1.229473536036035966e+03
6.571422879908935784e+02 1.228280591918042091e+03
6.568506787330317138e+02 1.227643665158371050e+03
6.563705583756345732e+02 1.227364918217710056e+03
6.546722689075630797e+02 1.227579271708683564e+03
6.534010095344924594e+02 1.227899607403252958e+03
6.518443557582668291e+02 1.229526795895096939e+03
6.502748735244518912e+02 1.230242270938729689e+03
6.493258046301524473e+02 1.231105590062111787e+03
6.488949152542372758e+02 1.232105084745762724e+03
6.489988726042840881e+02 1.232885569334836418e+03
6.495371203599549972e+02 1.233068053993250942e+03
6.495629213483146032e+02 1.232907865168539274e+03
6.495938202247191384e+02 1.232662359550561860e+03
6.498431703204047380e+02 1.231884204609331164e+03
6.499795686719636478e+02 1.231009080590238455e+03
6.502061971830985385e+02 1.229694647887323981e+03
6.505039548022598410e+02 1.228856497175141158e+03
6.504768361581920999e+02 1.227404519774011305e+03
6.498453666856167956e+02 1.227182490051165360e+03
6.486877470355731248e+02 1.227178994918125454e+03
6.474428251121075846e+02 1.227240470852018007e+03
6.461574803149605941e+02 1.228353205849268761e+03
6.454363128491620500e+02 1.229150279329609020e+03
6.446213483146067347e+02 1.230856179775280907e+03
6.438105677346824223e+02 1.231630691399662737e+03
6.432832402234637357e+02 1.232783798882681594e+03
6.431897435897435571e+02 1.233626780626780601e+03
6.432607449856733410e+02 1.233771346704871121e+03
6.436813501144164320e+02 1.233470823798626952e+03
6.446028735632183952e+02 1.232900000000000091e+03
6.456264991433466776e+02 1.231569388920616802e+03
6.463473502304146905e+02 1.230580069124423972e+03
6.473043725156161372e+02 1.229169222032935750e+03
6.482502870264064541e+02 1.228584385763490218e+03
6.495534308211473444e+02 1.227625984251968475e+03
6.507067498581963036e+02 1.227221213840045266e+03
6.517035755478661940e+02 1.227803921568627402e+03
6.523279999999999745e+02 1.227876571428571424e+03
6.526923076923077360e+02 1.228239253393665194e+03
6.525434173669467555e+02 1.229146218487394890e+03
6.516947250280583148e+02 1.230287317620651038e+03
6.510707762557077558e+02 1.231303652968036431e+03
6.501620553359683754e+02 1.232281761716544224e+03
6.493021420518601872e+02 1.232919954904171391e+03
6.485727119595733257e+02 1.233326221224031542e+03
6.479390862944162564e+02 1.233134799774393741e+03
6.480852017937219216e+02 1.232185538116591943e+03
6.484173410404624747e+02 1.232016763005780376e+03
6.493104631217838687e+02 1.230666094911377968e+03
6.501661971830985749e+02 1.229381971830986004e+03
6.507650028042625081e+02 1.228986539540100921e+03
6.514895065229721922e+02 1.229284174702212113e+03
6.521464932126697249e+02 1.228846153846153811e+03
6.526056257175659994e+02 1.229819173363949403e+03
6.530259815242494597e+02 1.229789838337182346e+03
6.531115515288788629e+02 1.229342582106455211e+03
6.522440000000000282e+02 1.230631428571428614e+03
6.508219332956472272e+02 1.231010175240248827e+03
6.494902070509233454e+02 1.231323447118074910e+03
6.479720319634702719e+02 1.232181506849315156e+03
6.462665910380034120e+02 1.232808848553601820e+03
6.452494279176200962e+02 1.232723684210526244e+03
6.446242253521127168e+02 1.232037183098591640e+03
6.446025857223158937e+02 1.231134345137717901e+03
6.451455874086565245e+02 1.230218662169758318e+03
6.456591422121896358e+02 1.229632054176072188e+03
6.469892229154850156e+02 1.228978445830970031e+03
6.487131564088085725e+02 1.228688311688311614e+03
6.506936936936937173e+02 1.228702702702702709e+03
6.522104357798165211e+02 1.229066513761467832e+03
6.537235726399095483e+02 1.229370265686828816e+03
6.545898748577928927e+02 1.229972696245733687e+03
6.557160775370581405e+02 1.231021094640821048e+03
6.557625493513818355e+02 1.231076142131979623e+03
6.555053460889139387e+02 1.231709622960044953e+03
6.541612903225806122e+02 1.232248443689869873e+03
6.523603147835863183e+02 1.232470489038785900e+03
6.511992031872509870e+02 1.232327262379055128e+03
6.502558139534884276e+02 1.232279069767441797e+03
6.501962774957698912e+02 1.231742244782853959e+03
6.505017064846416588e+02 1.231412969283276425e+03
6.515377626348665672e+02 1.230243043725156213e+03
6.526331460674157370e+02 1.229472471910112290e+03
6.541579247434435729e+02 1.229083808437856305e+03
6.559810017271157676e+02 1.229218767990788820e+03
6.577511337868480723e+02 1.228921201814059032e+03
6.594262948207170894e+02 1.229331815594763839e+03
6.609589275527666814e+02 1.229598402738163259e+03
6.616082532504240135e+02 1.230410401356698685e+03
6.615034090909091447e+02 1.230948863636363740e+03
6.605677966101694665e+02 1.231206779661016981e+03
6.591930917327293855e+02 1.231310305775764391e+03
6.572688598979012795e+02 1.231493477027793460e+03
6.551133786848072305e+02 1.231940476190476147e+03
6.522267573696144609e+02 1.231765306122448919e+03
